1460.0,0.5,1
370.0,0.5533333333333333,1
1040.0,0.6427471377927587,1
1615.0,0.7069267020237284,1
1278.0,0.7539230260294818,1
1344.0,0.7891395701234396,1
1020.0,0.8161598108732064,1
950.0,0.8373657153368328,1
1375.0,0.8543581729166373,1
944.0,0.8682306611757036,1
1760.0,0.8797442934995822,1
2220.0,0.8894394854070263,1
1596.0,0.8001634991845944,1
1890.0,0.8692472301716783,1
1305.0,0.8980231556012721,1
2112.0,0.9117107258236462,1
1840.0,0.8391144390043763,1
1995.0,0.89485799252824,1
957.0,0.9179683733750791,1
1064.0,0.9286447943482565,1
986.0,0.934494463885668,1
1008.0,0.938378698886696,1
1935.0,0.9413854275871398,1
1824.0,0.9439386243648061,1
864.0,0.9462116891112207,1
2700.0,0.9482820205771803,1
2208.0,0.8969454366734982,1
1610.0,0.8610900407496473,1
1625.0,0.9184055783590348,1
1651.0,0.9415505835581626,1
1452.0,0.9513322032556497,1
490.0,0.955899149384761,1
660.0,0.9584085127006785,1
1400.0,0.9600815742482272,1
1320.0,0.9613926334279254,1
1316.0,0.9625278285898597,1
2394.0,0.9635618863352211,1
2535.0,0.925404528240035,1
1976.0,0.8968719734387651,1
2286.0,0.9394123925388991,1
468.0,0.9095670095153854,1
372.0,0.9453133254479563,1
924.0,0.9597992576897849,1
1781.0,0.96589021434687,1
1976.0,0.9686736428108321,1
1166.0,0.9701461743867277,1
451.0,0.9710900003129739,1
868.0,0.971811945856874,1
1728.0,0.9724329136616326,1
1680.0,0.9730010451573621,1
1590.0,0.9735359570874998,1
1950.0,0.9740460440651441,1
832.0,0.974535253167028,1
1704.0,0.9750057408115174,1
1944.0,0.9754589178006341,1
793.0,0.9758958627643406,1
506.0,0.9763174877353092,1
1520.0,0.9767246061945332,1
756.0,0.9771179625493001,1
1250.0,0.9774982462009981,1
910.0,0.9778660993201429,1
2329.0,0.9782221219349384,1
2235.0,0.9541942962626246,1
1820.0,0.9349924295302552,1
1768.0,0.9618051895894429,1
1377.0,0.9726428666078067,1
944.0,0.9771152914021839,1
2340.0,0.9790598590842504,1
2964.0,0.9571840934383188,0
1428.0,0.9168574926052651,1
2771.0,0.9560252109081961,0
1870.0,0.9065546274556205,1
2470.0,0.9496221767339148,1
352.0,0.9112734251852526,1
2470.0,0.9513041744157269,1
744.0,0.9136008730701874,1
770.0,0.9525325940447487,1
1482.0,0.9596845113209443,1
451.0,0.9613276283864234,1
2006.0,0.962007439761197,1
1573.0,0.9213471086164335,1
924.0,0.9557749125427887,1
765.0,0.9621610469232681,1
1710.0,0.9636354762911771,1
1232.0,0.9642426846397459,1
876.0,0.964689926453813,1
1105.0,0.9651012962807566,1
656.0,0.9654988235578208,1
840.0,0.9658866320502594,1
341.0,0.9662656893813366,1
2040.0,0.966636397254798,1
2682.0,0.9304076543224656,1
250.0,0.917984287693194,1
1250.0,0.958885066278953,1
1120.0,0.9664672945517252,1
297.0,0.9680928412336637,1
2144.0,0.9686498628278857,1
374.0,0.9344985247223818,1
819.0,0.9631289689137696,1
2873.0,0.9685243698151457,0
2352.0,0.9197456009680411,1
1815.0,0.9095571845757124,1
966.0,0.9555629473962632,1
2088.0,0.9619340758011922,1
1683.0,0.9224929686560265,1
1540.0,0.9581538291112421,1
2254.0,0.9631750389416814,1
2755.0,0.9246074136411707,0
1260.0,0.9006457946393268,1
990.0,0.9517906244627854,1
2448.0,0.9571780567969863,1
2295.0,0.9124371995783528,1
2106.0,0.90428532348065,1
260.0,0.903298379132051,1
720.0,0.9536368083253801,1
1350.0,0.9589985997351901,1
1331.0,0.9598488186353596,1
768.0,0.9602409512233665,1
1078.0,0.9605818063845162,1
1843.0,0.9609124473124765,1
2752.0,0.961237143482348,0
1162.0,0.9060934882906801,1
728.0,0.9514226936969364,1
2052.0,0.9552004403102325,1
490.0,0.9080109368735049,1
1677.0,0.9525137581357948,1
2366.0,0.9562571563743768,1
658.0,0.9100743392456447,1
1600.0,0.9535738236984577,1
495.0,0.9572664008155517,1
2352.0,0.9578552784301252,1
364.0,0.9127271808212462,1
605.0,0.9549191322694995,1
2358.0,0.9585419715962855,1
504.0,0.9145474710757253,1
2400.0,0.955872651546972,1
1476.0,0.9152206698071719,1
2040.0,0.9564460539827252,1
868.0,0.91637787836762,1
2740.0,0.9570439096478167,0
336.0,0.9059970404847417,1
1008.0,0.952335461694563,1
1938.0,0.9554420026054288,1
2502.0,0.9559229149603475,1
3360.0,0.9088433482842084,0
1296.0,0.893161830280878,1
2032.0,0.9485948676358549,1
2130.0,0.8992851463438768,1
1360.0,0.8955355871840294,1
1245.0,0.9495886247720818,1
1140.0,0.9523572463274783,1
465.0,0.9527854946078134,1
517.0,0.9531024818682999,1
1027.0,0.9534104388087223,1
1400.0,0.9537141578638023,1
760.0,0.954013935632373,1
1100.0,0.9543098580910017,1
2076.0,0.9546019995355457,1
2720.0,0.906175704036467,0
770.0,0.8925171188048158,1
360.0,0.9483131410779622,1
240.0,0.9505123239255414,1
2880.0,0.9508839973932519,0
2033.0,0.8890878394428596,1
585.0,0.8871502257254273,1
1376.0,0.9454022978673793,1
1950.0,0.947030701169212,1
605.0,0.9473799507011493,1
1416.0,0.9476962378992285,1
1152.0,0.9480080907023771,1
2595.0,0.9483162350629388,1
1680.0,0.8938876709990701,1
1212.0,0.9475662856186742,1
1848.0,0.9491851904651271,1
2700.0,0.9495123040783513,1
1716.0,0.8961930261541516,1
1771.0,0.948699837807279,1
560.0,0.9503386423670989,1
1512.0,0.9506549939649613,1
1785.0,0.9509336038239614,1
1391.0,0.9512081925373842,1
913.0,0.951479703747408,1
2052.0,0.9517482119262108,1
1122.0,0.9005161246123049,1
544.0,0.9508262631976275,1
2432.0,0.9524950100773656,1
1104.0,0.9020436287915733,1
520.0,0.9515789323486566,1
2184.0,0.9532560597505408,1
912.0,0.9035269951716909,1
840.0,0.9523090032912521,1
510.0,0.9539930716208921,1
1656.0,0.9542771970937338,1
570.0,0.9545170204566391,1
1860.0,0.9547531101447865,1
870.0,0.954986725933513,1
2055.0,0.9552179424048931,1
1200.0,0.9072745556205912,1
2170.0,0.9541526414347138,1
900.0,0.908070260336465,1
1482.0,0.9545884475865172,1
2093.0,0.9562899779119571,1
890.0,0.9094680066530115,1
2322.0,0.95523419983209,1
1998.0,0.9102207368217826,1
1050.0,0.9556495138905206,1
520.0,0.9573544332332804,1
1620.0,0.9576113108942956,1
1780.0,0.9578180791438773,1
486.0,0.9580212630637568,1
1240.0,0.9582224470766224,1
666.0,0.9584217113802471,1
1950.0,0.9586190850261427,1
1232.0,0.9588145948371005,1
1340.0,0.9590082670750992,1
1275.0,0.9592001275094271,1
1156.0,0.9593902014300141,1
720.0,0.9595785136585835,1
1296.0,0.9597650885594321,1
2040.0,0.9599499500499135,1
1524.0,0.9165855026959625,1
1292.0,0.9587392626215792,1
900.0,0.9604372379538098,1
984.0,0.9606706347208857,1
630.0,0.9608492867324474,1
1547.0,0.9610244201167478,1
550.0,0.9611979246726522,1
1152.0,0.961369889612649,1
2340.0,0.9615403377834792,1
1136.0,0.9197394374778693,1
2360.0,0.960293908870541,1
1150.0,0.9202879862517565,1
1736.0,0.9606190511424355,1
1560.0,0.9623098653487079,1
1921.0,0.9625299452280972,1
1824.0,0.9626925527113324,1
3040.0,0.962851643975043,0
696.0,0.9154258802693136,1
1807.0,0.9584058785676031,1
2535.0,0.9598193244501195,1
420.0,0.9163677962371076,1
3306.0,0.9589018379935969,0
1974.0,0.9102137241368693,1
1050.0,0.9561286552213245,1
680.0,0.9572638444986048,1
1653.0,0.9574598997745781,1
1600.0,0.9576347153924342,1
624.0,0.9578076864402627,1
2780.0,0.9579792427823698,0
1938.0,0.9060884709102514,1
676.0,0.9543075421719286,1
1590.0,0.9551634172119812,1
2565.0,0.9553526188252908,1
648.0,0.9074408278554612,1
816.0,0.9549966905667405,1
1000.0,0.9558723887846042,1
890.0,0.9560568345764575,1
1250.0,0.9562295968571299,1
2040.0,0.9564008532428259,1
480.0,0.9094986947316228,1
1539.0,0.9559937654759905,1
1443.0,0.9568947374994511,1
608.0,0.9570724901406564,1
490.0,0.9572374168872158,1
620.0,0.9574008980548464,1
1848.0,0.9575631317781679,1
1905.0,0.9577241352051917,1
2197.0,0.9578839223177557,1
3140.0,0.9124195615592406,0
338.0,0.9053938873696531,1
3180.0,0.9547662739423581,0
2368.0,0.901263306680422,1
3249.0,0.9011712057578459,0
1190.0,0.8958919368980156,1
1837.0,0.9499616645326938,1
2380.0,0.9500254682121555,1
1805.0,0.8969842520196297,1
420.0,0.9504796384760147,1
2250.0,0.9505716557850825,1
2640.0,0.8980436517267714,1
2720.0,0.8985050091461577,0
594.0,0.8934031742366147,1
2760.0,0.9486803394545655,0
2016.0,0.8879621522617448,1
1010.0,0.8896164205676601,1
627.0,0.9465845781321246,1
2048.0,0.9461050737679222,1
924.0,0.889389511494419,1
792.0,0.9471306552584959,1
3400.0,0.9466732718868331,0
1904.0,0.8849507513038692,1
924.0,0.9451105044926733,1
341.0,0.9443436790384339,1
684.0,0.944551735148009,1
1599.0,0.9447430197668265,1
1540.0,0.9449332281311065,1
2280.0,0.9451221290681986,1
2520.0,0.8874679318907802,1
1012.0,0.8894603259632904,1
1089.0,0.946487487275309,1
1596.0,0.9458535146919926,1
2672.0,0.9460476993133795,1
741.0,0.8892453026932643,1
2960.0,0.9471842853646902,0
1246.0,0.8846398263090997,1
1490.0,0.9450914020366447,1
2366.0,0.9441754002904472,1
2856.0,0.8856738368511451,0
2052.0,0.8831524656844425,1
900.0,0.883655392499572,1
578.0,0.9435028155723156,1
759.0,0.9423704051073153,1
1824.0,0.9425871480405963,1
2900.0,0.9427730382645074,0
1530.0,0.8778562342817732,1
2736.0,0.9420757647390441,0
1272.0,0.8734069400852147,1
688.0,0.9401142844605602,1
425.0,0.9383214210328862,1
1560.0,0.9385773932847671,1
1320.0,0.9387711809295878,1
1116.0,0.938965526730847,1
2664.0,0.9391585920591887,1
672.0,0.8760324650831273,1
748.0,0.9413413520920956,1
1428.0,0.9396797111187788,1
552.0,0.9399202352693918,1
790.0,0.9401058697630963,1
2040.0,0.9402918487197394,1
1236.0,0.8781819273256157,1
1397.0,0.9423543630868766,1
1170.0,0.9407970597160367,1
2565.0,0.9410254355405451,1
1924.0,0.8795739483039758,1
540.0,0.9430105334633029,1
1836.0,0.9415191700116086,1
2640.0,0.9417399503556771,1
2737.0,0.8809346166371377,0
2898.0,0.8798461699297506,0
1450.0,0.8726094373093563,1
476.0,0.9378512177327203,1
1152.0,0.9381026436352216,1
408.0,0.9382874343465593,1
456.0,0.9384710481556688,1
460.0,0.9386535737266037,1
2394.0,0.9388350208030898,1
1330.0,0.8753940358638579,1
2106.0,0.9390441157828225,1
506.0,0.8760747042380304,1
1064.0,0.9393765037945422,1
1482.0,0.9397258989592858,1
804.0,0.9399015786851851,1
559.0,0.9400757383020044,1
528.0,0.9402488909716846,1
1720.0,0.9404210469364992,1
1760.0,0.9405922147734878,1
912.0,0.9407624029566166,1
816.0,0.9409316198633209,1
2028.0,0.9410998737758893,1
1278.0,0.8796939733567283,1
710.0,0.9411418840282775,1
1507.0,0.9415975068202698,1
728.0,0.9417634145939816,1
2528.0,0.9419269817759471,1
860.0,0.8812698949999912,1
2318.0,0.9419108579128389,1
513.0,0.8818850068470218,1
1666.0,0.9422128404937024,1
1130.0,0.9427290120695475,1
500.0,0.9428893728764747,1
1261.0,0.9430466976746322,1
1368.0,0.9432031455011557,1
670.0,0.9433587369219341,1
2610.0,0.9435134790282868,1
2490.0,0.8843011644376418,1
494.0,0.8837678290636264,1
1620.0,0.9435278583684473,1
732.0,0.9441207266689613,1
1782.0,0.9442746637543465,1
864.0,0.944424478666164,1
1572.0,0.9445734656415194,1
1260.0,0.9447216564826523,1
1888.0,0.9448690577447341,1
1070.0,0.9450156757172417,1
1572.0,0.9451615166215331,1
935.0,0.9453065866133032,1
2544.0,0.945450891783458,1
2793.0,0.8880180656939238,0
2860.0,0.8833787696745917,0
364.0,0.8769784303389344,1
1520.0,0.9400253316069764,1
2034.0,0.9421940831999536,1
1919.0,0.8818834867913871,1
2800.0,0.9405916643572342,0
2120.0,0.8782842930146748,1
3340.0,0.8753747704319836,0
1620.0,0.871748298662563,1
1160.0,0.937373216244579,1
1512.0,0.9390007942323105,1
1830.0,0.9391902436399268,1
2499.0,0.9393463933626034,1
1292.0,0.8763195305169503,1
2002.0,0.9381848100215063,1
720.0,0.8768391735035571,1
1220.0,0.9384752826276155,1
2380.0,0.9400763893210033,1
2040.0,0.8777709276896551,1
1222.0,0.8751927261436845,1
608.0,0.9389833076320667,1
780.0,0.940671623912358,1
484.0,0.9408568448272032,1
1564.0,0.9410047720922476,1
1875.0,0.9411510758699966,1
275.0,0.9412966347167824,1
1331.0,0.9414414754810457,1
1452.0,0.9415856039830183,1
1500.0,0.9417290254714015,1
2790.0,0.9418717451308066,0
1860.0,0.8772984441475787,1
740.0,0.938820003051731,1
1411.0,0.9402484646982375,1
1632.0,0.9404204376076806,1
2006.0,0.9405652859348813,1
1378.0,0.8786258562816022,1
976.0,0.9395078171198145,1
1635.0,0.9409646879627461,1
506.0,0.9411348476139527,1
1905.0,0.9412763199250563,1
1870.0,0.9414165063688437,1
1496.0,0.9415560123525605,1
480.0,0.9416948558739215,1
1387.0,0.9418330419257985,1
592.0,0.9419705751689332,1
1566.0,0.9421074602138539,1
416.0,0.942243701627676,1
2060.0,0.9423793039347487,1
846.0,0.8820846986113663,1
3135.0,0.9412288447989865,0
1696.0,0.8788838034372337,1
885.0,0.9397996704547461,1
740.0,0.9410982702461979,1
2159.0,0.9412570525790962,1
3021.0,0.8799354256615471,0
312.0,0.8745146310197968,1
396.0,0.9387538543873024,1
2610.0,0.9398744564809672,1
1188.0,0.877323931405336,1
1692.0,0.9391769538845538,1
1834.0,0.9402856710801797,1
1716.0,0.9404370343200354,1
1221.0,0.9405725796902509,1
512.0,0.9407072687606977,1
600.0,0.9408413454059142,1
1344.0,0.9409748176117834,1
1460.0,0.9411076895146295,1
846.0,0.9412399651521294,1
3460.0,0.9413716485248629,0
1630.0,0.8766461303538655,1
1280.0,0.9389616999324821,1
1320.0,0.9399034561036241,1
1200.0,0.9400476146455493,1
1027.0,0.9401807217993273,1
1098.0,0.9403131023419732,1
1660.0,0.9404448970259041,1
1350.0,0.9405761115371307,1
864.0,0.9407067497187407,1
2964.0,0.9408368153559341,0
1328.0,0.8756965573218465,1
1360.0,0.938631274949054,1
286.0,0.9394065034976911,1
1665.0,0.9395450152057261,1
2793.0,0.9396763572820561,0
2030.0,0.873523780218518,1
1020.0,0.8728798931216896,1
1616.0,0.9378125227005176,1
804.0,0.9384034859126202,1
2144.0,0.9385391905964846,1
1370.0,0.8747383731192868,1
2091.0,0.9383147661013735,1
3120.0,0.875229958328147,0
1008.0,0.87143468949884,1
2072.0,0.9371498471504168,1
1656.0,0.8726194269330315,1
440.0,0.9374006530639274,1
1188.0,0.9378203671303548,1
3078.0,0.9379529108711425,0
920.0,0.8703469111137123,1
2014.0,0.936382891380668,1
1248.0,0.8708039873158434,1
2030.0,0.9366305779560129,1
2244.0,0.8713060946599542,1
1463.0,0.8713293455666447,1
1903.0,0.9369981676312469,1
1550.0,0.9372574131341651,1
1220.0,0.9373877208836585,1
442.0,0.9375172214622852,1
450.0,0.9376461874539863,1
1860.0,0.9377746227541304,1
1050.0,0.9379025306294434,1
1536.0,0.9380299143185166,1
