1531.0723272478235,0.5,1
1113.647199670987,0.5263157894736842,1
1429.6390259565392,0.6129917657822508,1
3099.5540015668957,0.6715980549960266,1
1869.2066917293805,0.6349154494779309,1
2519.9990211687377,0.6944241128233649,1
2493.45364309788,0.7009617490186832,1
2882.6014699669254,0.7072250514569075,1
2659.1558549641095,0.7226048903070474,1
3078.9768239626687,0.7186804365056663,1
2168.3767188285756,0.663388432096284,1
2930.1041839166796,0.6981295371035761,1
2177.4874371156557,0.7131374820430771,1
2362.2352028234386,0.7215738340945527,1
4232.5895323481745,0.7278012220681053,0
2959.6837077841524,0.5191209119251987,1
755.6182976992309,0.6503675655034425,1
4513.23388172477,0.6849075533027195,0
1481.3841068139532,0.5399897950238557,1
1826.20971501967,0.6537922921234907,1
903.0101541356917,0.6740635366414143,1
2830.750133527235,0.7029938956078636,1
1516.0061399665701,0.7260003042387531,1
1684.9056921076915,0.7412249259579687,1
3574.3480224935306,0.7544864836201699,1
653.2082058286362,0.7134687983459281,1
2041.4185477319884,0.7815335268238409,1
1409.401228189178,0.7857045992240661,1
3123.820887835543,0.7883581130681664,1
1502.703012940943,0.7444705329172047,1
3433.6450147872565,0.7946103594848873,1
1273.14919250941,0.7210606127257916,1
2604.9791434374292,0.7690219212442956,1
2478.9957084509556,0.7870938399524489,1
1072.3247902815522,0.7834796663274488,1
1781.8902727464506,0.7792015337573445,1
3562.6653299900686,0.7781513362293767,1
2905.4078039963883,0.7386366013197572,1
2113.4860338738804,0.7913475650698312,1
4271.359260869795,0.7972667705927445,0
602.0554693842442,0.568962396083902,1
1263.6311888280584,0.6865236449012324,1
2622.584516046202,0.7131434377031705,1
3116.0254732977733,0.7439801004268717,1
2204.5106385641925,0.7047804627456011,1
2184.9964946871905,0.779210621126547,1
1513.979393389291,0.7931473963694154,1
2947.89673700692,0.7849936565542321,1
3844.019949958142,0.7964194977816437,0
3819.8552036451697,0.578092536376501,0
2685.808501114564,0.5268652662636245,1
2618.7402302339283,0.6337369768701604,1
1155.4377161445059,0.6714261172209696,1
603.5678091473861,0.7028624932390523,1
4744.682850155398,0.7277642064014882,0
1512.1444445281545,0.5503131933081745,1
3378.391258019303,0.6538746252041551,1
2984.4528201564153,0.6174868058567449,1
3080.6251574224157,0.7118910936748241,1
1553.4494265301303,0.6747832826515949,1
4176.016578412427,0.7514462211927581,0
2411.002884251334,0.5910642255342943,1
796.1525977897793,0.68496855700666,1
1702.5538053527293,0.7084653145548278,1
2393.835125017319,0.7307884911520501,1
3112.7460860420033,0.7533077487695125,1
758.0047553909819,0.7144121523157003,1
2123.023093660976,0.768016087536321,1
1506.526852527765,0.7689993615852975,1
1325.3213089284202,0.7863490537417013,1
3857.5336048449926,0.7689684160515723,0
2166.2550282279713,0.5159154754907471,1
1435.1824074792778,0.648477525610788,1
4429.776970414404,0.6781989634236231,0
2577.9222391776793,0.5310322540990409,1
3065.476840276465,0.6433841054679672,1
875.7226782875975,0.594378435907932,1
3293.925488840867,0.7025569342536682,1
3803.846800099418,0.6567423522729702,0
4150.025788628211,0.5910591929597936,0
2136.5298923924834,0.531045224545316,1
3279.9845155645507,0.6330196870180484,1
2708.583117697133,0.5892219905953975,1
2477.6268648450946,0.6814854491488254,1
1289.2214621798585,0.7037385832703511,1
873.8905251081255,0.7245495120794833,1
685.6071255036493,0.7336786962582517,1
1354.1928298099729,0.7405263035227087,1
1427.174898597646,0.7531351188454379,1
2716.758698619729,0.758967283606917,1
2870.2794220869696,0.7731962782605855,1
3667.796570492259,0.7680852838904704,0
1203.0315978692627,0.5533243491545314,1
776.6385298062559,0.6571631132552554,1
3780.9189013855025,0.6910913118100481,0
1301.2187498693108,0.5470780514540119,1
1510.8653238214476,0.6535551564175514,1
1317.9919322280311,0.6737854614232368,1
3660.587439249232,0.7024833827783433,0
2470.8212616436367,0.5572782397322819,1
3190.50120951852,0.6638340979194587,1
4042.0340649745767,0.6133456924361955,0
2161.919209676467,0.5750140074054085,1
2732.0770466061804,0.6548241085372434,1
3897.69098311322,0.6682391065350864,0
1785.6254886083361,0.5588098585773678,1
2738.397071360951,0.658765504795594,1
1440.633148379426,0.661745691046222,1
759.7508136204635,0.684600130454331,1
3412.6570778708324,0.7022010048578345,1
1076.6642711035402,0.658236858499518,1
2896.0001897437955,0.7405296514433574,1
2118.8002016528426,0.7504646048726251,1
4044.4415354589582,0.7652596985341007,0
2960.7605035191264,0.608414672393494,1
1906.3839053224335,0.7033828565300423,1
2903.0037471538617,0.71946509717437,1
3264.9642944809334,0.7428877989716164,1
2502.100629811599,0.7041415527521944,1
2649.348746698716,0.7795994253650838,1
2243.386339782813,0.7897664398390106,1
2275.312821479539,0.7870404288902673,1
3999.2154050074387,0.7774787879580071,0
3941.813050667345,0.5570698416397705,0
4221.814653047786,0.4950869228953638,0
3322.5085091009587,0.44416925910844035,1
3576.7989346583045,0.48924703809355174,1
3609.9468447156873,0.5301962831302843,0
2519.681329086615,0.4713770458803807,1
946.2161720305866,0.5784733483992288,1
1505.419877404574,0.6110172303541974,1
2535.469296304818,0.6428975104721963,1
4380.0804693541895,0.6700177935724183,0
2332.5875433795763,0.536775311575485,1
4793.003892508229,0.631740888874532,0
2965.58357542779,0.5115367279436778,1
3039.9676709108594,0.617673510842812,1
1559.3748124501749,0.5623846187575056,1
1101.6665792833082,0.6613425915292624,1
3250.3015128054794,0.676991217959845,1
2554.813120695422,0.6327328524924463,1
2567.4177742650954,0.7141285742684783,1
723.8253140864166,0.7346109202983773,1
976.8939902663444,0.7439203132339476,1
2889.8890621514884,0.7601941320209188,1
2677.2089726247355,0.7550231435014971,1
2459.3564835425254,0.7531059965511004,1
670.0471240333435,0.7547231516979219,1
4045.023724175736,0.7712017393307425,0
3483.5116405185813,0.52995906385169,1
1543.007160767119,0.5782131355813757,1
4056.7091779286534,0.6857854394430452,0
2248.6877247841408,0.5291451250655721,1
1369.9203645731,0.6396783994247423,1
2671.1784933166987,0.6608097344421143,1
4151.026765570093,0.6921935607418637,0
2871.3165127987577,0.5653218374244335,1
2568.919092614335,0.6646394273688921,1
685.2068532438204,0.6779467377490496,1
3755.079989480306,0.7030730176189592,0
4078.5788485890203,0.5825096707459427,0
3847.741794419983,0.5313042658411999,0
1290.9834566413313,0.48680537918140576,1
1807.2018593999235,0.5906725378819727,1
1491.3058126427215,0.6174693654088339,1
3342.1127123129404,0.6415381490499853,1
4206.966248468013,0.5980669394170749,0
4356.143924199499,0.5421662922580022,0
2336.1296907061496,0.5071328831887822,1
1145.2478615824919,0.6016106834266253,1
2616.627404277053,0.630399648190016,1
3153.226040229093,0.6532670543897546,1
3258.6885369226375,0.6077066493499177,1
2590.8382085233015,0.6164832976565392,1
3586.1237910387104,0.6881152012334011,1
716.8991300605733,0.6479932442843683,1
3064.769472173579,0.7133204239663051,1
2977.5365719549764,0.6698546743613389,1
1617.3835286439985,0.7223833028146032,1
2171.529669513308,0.7301762575636789,1
1908.8581721276214,0.7335268834029902,1
3567.374921175257,0.7454594695910143,1
903.8073161670397,0.6611982497819464,1
3089.420268936511,0.6995395149219248,1
1108.89884654132,0.6535333595569753,1
1231.007586077722,0.706066224095777,1
2514.4961812283045,0.726496953391349,1
2047.112237282208,0.7283051998731764,1
749.3186523818209,0.7348689883967028,1
3363.7052940407702,0.7438634755956658,1
3619.1979881396205,0.6718319168953675,0
3899.7356601220827,0.5084106223346647,0
3835.2655924076876,0.4789167484399264,0
1785.171069702769,0.4536403916631047,1
4627.0942671764205,0.5484502857257474,0
2812.3460049619353,0.4268314600865736,1
1039.1830463529104,0.5256503230185182,1
1700.8377221215605,0.5625690015071219,1
2778.8678305969747,0.5974406087553451,1
3036.7464822550046,0.6279750935944174,1
4067.294272336215,0.5874246902400279,0
607.1763771164401,0.5054974307910824,1
3294.227850114703,0.5909305004124967,1
2975.393744828238,0.5541091702960602,1
677.2333928060042,0.6454408262174789,1
2671.740266148084,0.6738626990888325,1
868.5593775037372,0.6970125887688696,1
664.9121926599729,0.7146750350132423,1
1275.051195735963,0.7325745378772127,1
3491.4639185322767,0.7399431565241184,1
2555.953585518185,0.6898795670165484,1
944.7593861491991,0.7173854046771195,1
2701.1559189325653,0.739838170850505,1
872.0660656905075,0.7301812236037997,1
821.8562725181627,0.7346429334337358,1
1851.9222241897253,0.7477663562173261,1
3690.709531080094,0.7527478133242694,0
4194.561293217802,0.5349957177665097,0
2026.1091927238904,0.5113999454800452,1
3757.037105293514,0.5966545330315022,0
6420.0,0.4444444444444444,0
824.0641226980904,0.3542625605884755,1
2147.0380315371217,0.5744114517081566,1
1291.0664614570765,0.5955748055400569,1
3234.7623832244726,0.6286867957805585,1
2110.693020865128,0.5896120137347668,1
3057.779623858271,0.6745749631064019,1
2304.534756630891,0.6341284819074987,1
919.744247100538,0.7083638135145188,1
2640.861377275383,0.7211292507857455,1
889.1393363877979,0.7406246822649053,1
1239.8673855861182,0.7535600443433076,1
2016.7829128612052,0.7622206843724169,1
2542.4344290548274,0.7486454646754123,1
3021.5476131844757,0.7452328294803733,1
4098.793509343524,0.6991214130042616,0
1931.0145335954785,0.5408860368230566,1
3049.4696148897747,0.6228043443250765,1
2084.636972500552,0.5968558353111191,1
3097.6847876564,0.6911573515317669,1
1179.8052687834358,0.6516730696150393,1
659.9798455473098,0.7294010368253276,1
3435.06743142243,0.7514750530023913,1
3283.624771558704,0.698246609652107,1
1324.2813776679975,0.6775587014631913,1
2374.760180715056,0.7442080062440813,1
4040.0884225845703,0.7427966954505227,0
1775.109761712258,0.5052582613099883,1
1680.4545219104348,0.6078039878547816,1
1526.5232346032665,0.6501802795176315,1
1541.1300439556353,0.6872122733413313,1
1852.7123180900164,0.7174277965750927,1
4182.772252857372,0.7279974974398301,0
3781.1767329819486,0.5340680724664354,0
2731.0744011159177,0.5260638534704141,1
3279.688462793477,0.6102267259160239,1
2454.34703353275,0.5811192032702893,1
1413.026475554267,0.6777105333149849,1
2184.647110465639,0.7082948336010623,1
2504.968375412586,0.7290041664244257,1
2927.2727677568155,0.7441232435242388,1
3192.7445306194577,0.7533619762056906,1
1438.7807906818712,0.7009135417736274,1
3853.3894332916752,0.7349274246696396,0
2264.626748267719,0.4980425984337497,1
1178.6160312017764,0.6049694853110796,1
1724.7085249268987,0.6466705381011388,1
3738.918069375522,0.6845403770780594,0
2405.2364430305024,0.5289730852064873,1
3601.8897606547707,0.6254809006600683,0
4311.330845941013,0.4938114502323844,0
3931.5145066930227,0.4829931303764903,0
1481.0632272795453,0.4550231085420149,1
3110.5909477773557,0.5505053264048849,1
1741.206776012659,0.5064358651626525,1
891.4583760024011,0.6061359112975805,1
4192.81573903048,0.6332649489013052,0
2340.0895479524993,0.521625293236387,1
3259.31488013834,0.6099180100918642,1
1401.1388745053723,0.5620460599834158,1
684.9536750574403,0.6509054318968416,1
1966.8893588189367,0.6729786091862902,1
2543.7871940247433,0.6912035016475356,1
2130.869535193772,0.7082892736940621,1
1323.827204228534,0.7233363514853822,1
3571.6193506342024,0.7373051383352371,1
3884.9166263286243,0.6886091253003597,0
490.2156598952975,0.5307337597023348,1
2724.7643029714955,0.622569028126755,1
2917.9360265103833,0.6598252532013087,1
2392.8964726827335,0.6925119531071962,1
1374.9023250617852,0.7150032804337911,1
2980.413996909073,0.7300916090695756,1
2545.5864874537538,0.7349967568337902,1
1907.3743230322843,0.7509023693864294,1
2231.1758317652957,0.7604966027065068,1
3213.231255806674,0.7722410285294402,1
3807.6801305688678,0.7237433046310383,0
2066.9983117598213,0.5118096450788205,1
822.7735440985026,0.6195550527673801,1
1841.0154213949465,0.6593532166115806,1
3859.9132416483762,0.696260889880602,0
787.2940102992604,0.5518066689452248,1
2212.4982977355407,0.6464299511897134,1
1618.3823633042487,0.6718379034905925,1
1141.1584788956143,0.6995036441724889,1
2816.509386816895,0.721319153621824,1
2742.5105052315907,0.7363912516113202,1
650.2541961727951,0.7537564052612034,1
1022.8422108209771,0.7701250990710891,1
2264.4606646150633,0.7734995298774155,1
1624.2852854976954,0.7772994568403568,1
768.6662508365719,0.7810901098518007,1
2418.504013206621,0.7883911417739738,1
855.6456035906815,0.7753619254464124,1
1248.6827135360265,0.785986992031444,1
1535.0658227473245,0.7760151616518401,1
468.4826857207381,0.7849119919116252,1
2554.299584642929,0.7768424469441392,1
1724.7362789819301,0.7572136363142853,1
1978.7985255003089,0.7618921252539416,1
2062.93238248273,0.7711737576821687,1
2577.9139066410903,0.7706217394532604,1
3861.24612351215,0.776749623256891,0
3319.622037753652,0.501334099298421,1
3216.077612528458,0.5640848849438078,1
1601.7895870789148,0.6081663464727943,1
656.9315733739388,0.7079949448570371,1
3658.122611014789,0.734423296579848,0
1755.8068398737666,0.5801724090742435,1
3297.719893758691,0.6750164154225593,1
4142.297671803909,0.6338779882520745,0
3687.5552842697734,0.5714441313756345,0
1759.0308278714767,0.5393206680366581,1
527.1497352204452,0.6296568150478276,1
2283.4898341226326,0.65297960719728,1
1016.3144204547165,0.679462159991525,1
1272.7332256745872,0.7025966134627634,1
3712.1077086618566,0.7222018426939242,0
2032.870655833304,0.5581953540150647,1
1367.6170664225397,0.6560772833433072,1
619.7913134037524,0.6798008844816503,1
1056.945582984523,0.7063453924579056,1
1334.3922266541995,0.7280353808358749,1
2810.678201855737,0.7497709922195048,1
2017.424542988408,0.7603467107457054,1
3671.5417360349775,0.7726024390316127,0
1991.3598620096031,0.553904272704462,1
1930.9321673415582,0.6603057076258239,1
2146.9783611112503,0.6900209142201608,1
2313.9405533592485,0.721014268158489,1
3079.8868542876903,0.740822575877208,1
3130.9786624403378,0.7027201211422471,1
3118.5885911423366,0.7098282167474744,1
3560.7360491502145,0.7023908501329967,1
3056.3961298994905,0.7183831879591597,1
801.4268030759628,0.7150871223874844,1
1795.1742368061343,0.781449576176509,1
3043.330328184742,0.7847937256466802,1
1889.6064612414789,0.7411727434610426,1
960.7395579200554,0.7809371007132249,1
819.0088244740791,0.7826482707242515,1
1659.357344199592,0.7898901519518209,1
4361.038663900505,0.7799082881816592,0
3334.6540874587154,0.5308265389221978,1
3403.2218175528124,0.592681259644391,1
4827.492836004631,0.6334783990354315,0
2846.2991603207493,0.549590998078728,1
3036.070299889232,0.6381150734200959,1
2619.106495887542,0.5965903702470379,1
1299.3970014991373,0.7021962905764062,1
4813.264754702473,0.719427217661464,0
1619.2537398425948,0.58997029807153,1
630.1760535665258,0.6837040769452246,1
1057.1605050523474,0.6976516173095985,1
1786.5797008232396,0.7203356258114946,1
769.8505287342543,0.7391532645034526,1
1694.5588869965077,0.7598218936346055,1
2528.644646721293,0.7690103792607992,1
1721.1763062173127,0.7840072072081424,1
4475.310505663626,0.7926180681061,0
1922.4259967708294,0.5813899299011347,1
2285.2910246798897,0.6897310391075633,1
1808.9540878246567,0.7139125137902496,1
2223.0335645987257,0.7428978726000585,1
1261.1181707463084,0.7634613366625682,1
2387.2286776807314,0.7706819589315718,1
1330.0762888829054,0.7829094879797762,1
2996.512953774629,0.7760963533567035,1
2000.305957204818,0.7906221321849425,1
1656.3207963702473,0.7830463948729368,1
2621.6950988101657,0.800085153751704,1
3662.2778340902246,0.8068456433497049,0
3262.1844610887506,0.551299787650051,1
591.1040707557919,0.6090465489992044,1
2399.342278092605,0.7107365911109612,1
3169.5485355704513,0.7339559853212614,1
2108.2727575485806,0.7042637577066473,1
2666.675313229651,0.7784134325786886,1
1084.7128172784628,0.7781579076528914,1
3384.682019899188,0.7861379014258418,1
3465.872397976092,0.7387972317037232,1
2799.4390395903242,0.725926974409111,1
3961.377299565287,0.7953026588161776,0
2516.851119857877,0.5736068283267715,1
2528.141663235218,0.6891377472912119,1
2483.3979412651342,0.7148607373268835,1
4851.027659263783,0.7464830654496649,0
1795.7362316689996,0.5690379477436359,1
1974.7572959964093,0.6775810902407728,1
4328.8807183902845,0.6973704874357589,0
3039.6735815950587,0.5652082742055664,1
3426.258290159363,0.6009213942729272,1
3449.766863584441,0.6274863085841649,1
4277.8683433980505,0.6520051062736058,0
2091.4046777280287,0.5992062798237433,1
1572.7884787680046,0.6766022850065447,1
2130.178673438056,0.6885714645849612,1
2668.0058752824134,0.7113621789346356,1
2443.3340266025098,0.7304737318717068,1
4123.384117509284,0.7493352717821897,0
4911.124676598364,0.6101587495962182,0
2704.327924965688,0.5496886839951185,1
852.4379515620573,0.650385365145126,1
3522.5370285823888,0.6742616342213558,1
910.7843026524334,0.632558563425599,1
3270.4521832779233,0.713458525148144,1
1194.2443288550298,0.6719924650320759,1
1058.5163862107502,0.7421172339383357,1
2932.991706609544,0.755895848143728,1
2180.365342618513,0.752203717762301,1
3140.4348477394738,0.7517538778931169,1
2801.978231829856,0.7139426178797468,1
2003.25067686719,0.753183043274852,1
2240.7678876953864,0.7453747595762026,1
3197.243855140802,0.7511615882265631,1
2050.5182518043543,0.7043084164434043,1
550.4704638226523,0.7664447526245081,1
3400.398075268846,0.7811625510105052,1
2981.3099261209018,0.7330493716019383,1
4799.188814757019,0.7711149264837935,0
4898.6433264942,0.550730250859239,0
4356.667350572679,0.5135710194201832,0
1788.074140778836,0.474559621509019,1
3663.5830672676952,0.57728402288012,0
1157.8339112692795,0.45205800888196324,1
1024.0414327388382,0.5589233009692247,1
1756.5672386117337,0.5914486594800733,1
3570.58851730682,0.6245245213830771,1
3651.767229408246,0.5854439476677409,0
2441.064969453366,0.5276854031324076,1
4276.3271776332,0.6188850939417507,0
1841.3068363799941,0.5032780070068621,1
4438.395820329779,0.6058100622875275,0
2881.667884261575,0.48790670621018417,1
2788.338909654127,0.6000756686713395,1
3114.1005101262094,0.6045463883019511,1
3553.6635104132956,0.5599008285563895,1
2778.876073292882,0.5877079331541785,1
895.5249968052464,0.6709116386613383,1
3793.7522252647896,0.6840122156429673,0
3183.1382063831256,0.5773703074728,1
715.2907376710972,0.6002649685160212,1
3394.5134398708174,0.682748019173514,1
656.8652691216714,0.6294987989440706,1
668.0221168091617,0.7125035533271326,1
1710.725390136253,0.7250251802163273,1
2841.0758668090184,0.7383702092208151,1
4560.298579235893,0.7519790948442515,0
981.5697065932487,0.6016106027429701,1
2989.139840639138,0.691488819195757,1
3250.1869758113025,0.7098098009848459,1
1697.3607051135866,0.671801302474107,1
1265.0065221726502,0.7512640530744678,1
3978.233562762236,0.76660515843056,0
3079.0889848097004,0.6120991098197669,1
1239.5310385232146,0.6375724942657647,1
1536.0211470744193,0.7251697305954542,1
3073.135853585833,0.7426650150657587,1
3780.1075183353128,0.7019156016367623,0
797.4816744303826,0.6005311099364361,1
4303.552312255669,0.6884103661092273,0
3043.542701227159,0.5446269538494959,1
3173.503827223703,0.5789360507351613,1
3414.3736813822334,0.6074087724398063,1
2950.091594970666,0.6327775097388562,1
2129.449960873746,0.717315901727056,1
1070.5976672572801,0.7310207374039261,1
3530.8437063776846,0.7511931881755228,1
2998.364830900485,0.7130106027266273,1
4316.97209348087,0.7834998513908658,0
805.9147576615651,0.615274284002027,1
2570.2912182821574,0.705676202359014,1
2557.660644183329,0.7262400522468521,1
3438.4780566427708,0.7472543975031949,1
2130.3150132932888,0.7083131452713194,1
2806.401879491947,0.770997262218462,1
4628.184078611835,0.7809323240546969,0
3270.6330409668053,0.5795352418386379,1
3364.9292969976395,0.6231058660630786,1
