Timestep: 0 State: 0 Beliefs: [0.125, 0.125, 0.125, 0.125, 0.125, 0.125, 0.125, 0.125]
Timestep: 1 State: 2 Beliefs: [0.07295173961840629, 0.12906846240179573, 0.09118967452300786, 0.16133557800224466, 0.08754208754208755, 0.15488215488215487, 0.10942760942760943, 0.19360269360269358]
Timestep: 2 State: 2 Beliefs: [0.09958255021886062, 0.06311290771114685, 0.2684399179812764, 0.17013044687352627, 0.06603895435566545, 0.04185382300844474, 0.17801805087179381, 0.11282334897928582]
Timestep: 3 State: 2 Beliefs: [0.083712410918999, 0.04285976632367804, 0.334849643675996, 0.17143906529471217, 0.04856375394225174, 0.024864068815071187, 0.19425501576900697, 0.09945627526028475]
Timestep: 4 State: 2 Beliefs: [0.08529760540652298, 0.04122022058833252, 0.34920421646860866, 0.16875356306439868, 0.04705434814284264, 0.02273909801856925, 0.19263819536727492, 0.09309275294345044]
Timestep: 5 State: 2 Beliefs: [0.08173149326259203, 0.04163989157277509, 0.3456809951630713, 0.17611472129981728, 0.04495118026202742, 0.0229013590411884, 0.190119721376047, 0.0968606380224815]
Timestep: 6 State: 2 Beliefs: [0.08466746365393124, 0.04314371054668843, 0.34525018924377243, 0.1759279608493517, 0.04579302388347128, 0.02333459492257202, 0.1867311181829523, 0.09515193871726066]
Timestep: 7 State: 0 Beliefs: [0.08484296646677975, 0.042817056422423734, 0.34192604250286823, 0.17255722264112203, 0.04728169799345836, 0.02386129593342995, 0.19055019586154084, 0.09616352217837719]
Timestep: 8 State: 2 Beliefs: [0.1853207369580495, 0.09418047279826683, 0.18936381763501176, 0.09623517674542431, 0.1426224058711867, 0.07248107166558099, 0.14573395130719577, 0.07406236701928423]
Timestep: 9 State: 2 Beliefs: [0.12497770566205715, 0.061935036872830966, 0.2917500315012864, 0.14458217858105252, 0.07554971960987061, 0.037440074971627206, 0.17636452005043388, 0.08740073275084126]
Timestep: 10 State: 0 Beliefs: [0.12187093915135642, 0.05921769864169156, 0.26170459522321204, 0.12716357124176278, 0.09195393010344546, 0.04468087437171766, 0.19746107008348177, 0.09594732118333245]
Timestep: 11 State: 2 Beliefs: [0.13959651724617725, 0.1455771144251693, 0.16403570630832204, 0.1710633277830862, 0.08546017951235906, 0.08912146647417087, 0.10042170953895842, 0.10472397871175684]
Timestep: 12 State: 2 Beliefs: [0.12477351626331844, 0.07170834602419757, 0.2753364424528284, 0.15823807390994707, 0.07326196197532527, 0.04210424036340695, 0.16166642234262824, 0.09291099666834803]
Timestep: 13 State: 2 Beliefs: [0.0937104003982323, 0.0484352508361381, 0.3216331254158501, 0.1662396173799896, 0.05503192408973935, 0.028443855067896144, 0.188880739676837, 0.09762508713531734]
Timestep: 14 State: 0 Beliefs: [0.08304458983745418, 0.04045712846176448, 0.3495879733890074, 0.1703100174950608, 0.04602694788964336, 0.022423112054849374, 0.19375696195882539, 0.0943932689133951]
Timestep: 15 State: 2 Beliefs: [0.14068349508196537, 0.15610051721338528, 0.12976629914434673, 0.143986943184042, 0.10589723902757844, 0.1175021545636421, 0.09767949531113652, 0.10838385647390353]
Timestep: 16 State: 2 Beliefs: [0.12231312015613097, 0.06866918865378818, 0.27510997414066857, 0.15445259421629934, 0.07479288241785616, 0.04199031588889543, 0.16822617166185572, 0.09444575286450564]
Timestep: 17 State: 2 Beliefs: [0.08910808474473243, 0.04619232207678301, 0.32559032473640936, 0.16878124121276955, 0.052407003425124284, 0.027167020683109406, 0.19148894640176872, 0.09926505671930323]
Timestep: 18 State: 2 Beliefs: [0.0800977204068478, 0.04019346294799634, 0.34439651318603837, 0.17282000563624925, 0.045544244597353255, 0.022854344648261644, 0.19582678452456348, 0.09826692405268987]
Timestep: 19 State: 2 Beliefs: [0.08111908235611831, 0.040316243318708325, 0.34614742090971556, 0.17203552160852162, 0.04570512888050189, 0.0227154825145807, 0.1950307131789025, 0.0969304072329511]
Timestep: 20 State: 2 Beliefs: [0.0797293272137766, 0.03836348862975391, 0.3503398499023852, 0.16857358914170645, 0.04543322276438976, 0.0218611768823953, 0.1996388154785232, 0.09606052998706949]
Timestep: 21 State: 0 Beliefs: [0.08314537555123905, 0.04162087602822327, 0.34405971725950774, 0.17222926402609917, 0.04655542289577975, 0.023304693399245575, 0.192648665451606, 0.09643598538829933]
Timestep: 22 State: 2 Beliefs: [0.1315307054970892, 0.1452004755503988, 0.14285533937159692, 0.15770206001159567, 0.09631150367836684, 0.10632099996895647, 0.1046038070834067, 0.1154751088385894]
Timestep: 23 State: 4 Beliefs: [0.11667965168303475, 0.06815273993627759, 0.2797846125042459, 0.16342256476710565, 0.06910426618241372, 0.040363893906808154, 0.16570421712227393, 0.09678805389784038]
Timestep: 24 State: 2 Beliefs: [0.13179762076323048, 0.06663445126785478, 0.12764815424433967, 0.06453655736856094, 0.20561138540828333, 0.10395333209935056, 0.1991379941989903, 0.10068050464938998]
Timestep: 25 State: 2 Beliefs: [0.12849814061830278, 0.06541123605927064, 0.26032719220188205, 0.13251805310044276, 0.0904999478581184, 0.04606847557649314, 0.18334582280301834, 0.09333113178247199]
Timestep: 26 State: 2 Beliefs: [0.09103744760781611, 0.043752378198534655, 0.3564014180060001, 0.1712856636564332, 0.046382357643442125, 0.022291249443831537, 0.18158173882244188, 0.08726774662150043]
Timestep: 27 State: 2 Beliefs: [0.09194669807627061, 0.04569124842727227, 0.3725703465467603, 0.18514209446196794, 0.04028404447817715, 0.020018427223790675, 0.16323196727619038, 0.08111517350957057]
Timestep: 28 State: 2 Beliefs: [0.08985455765564114, 0.045094745839722554, 0.3730351414047304, 0.18721281735534961, 0.039395890431746364, 0.01977136956099218, 0.16355376890611334, 0.08208170884570444]
Timestep: 29 State: 2 Beliefs: [0.08665860473827842, 0.044382895819236164, 0.3776935825146877, 0.19343878169941175, 0.036756134952246285, 0.018824947773279133, 0.16019824380319247, 0.08204680869966814]
Timestep: 30 State: 0 Beliefs: [0.0879588225221272, 0.04327699077952921, 0.3848606172289911, 0.18935689343764273, 0.036725291272027824, 0.018069365257308304, 0.16069017139595612, 0.07906184810641757]
Timestep: 31 State: 2 Beliefs: [0.15805038864959192, 0.17456035428737118, 0.13907626665149594, 0.1536041928594949, 0.09471246493101203, 0.10460614222494899, 0.08334212994040553, 0.09204806045567972]
Timestep: 32 State: 2 Beliefs: [0.13592199802923577, 0.07835535187602878, 0.30959310198264794, 0.1784720412881502, 0.05760466360643283, 0.03320752896533691, 0.1312076540454219, 0.07563766020674563]
Timestep: 33 State: 2 Beliefs: [0.09032091191144943, 0.044951119875488, 0.3722099968935473, 0.18524233021052947, 0.0400641550378991, 0.019939221136123692, 0.16510328235856397, 0.08216898257639894]
Timestep: 34 State: 2 Beliefs: [0.08100997826652469, 0.04084198496008568, 0.34300119866494666, 0.17292746025774344, 0.04600858494024636, 0.023195684956020392, 0.19480316031517322, 0.09821194763925936]
Timestep: 35 State: 2 Beliefs: [0.09101202237455715, 0.04668060898982819, 0.37260763777677236, 0.19111267931283207, 0.038743241732214946, 0.019871639714331958, 0.15861671244095696, 0.08135545765850644]
Timestep: 36 State: 4 Beliefs: [0.08725437495124556, 0.0440332699480939, 0.37887374782892996, 0.19120015499187495, 0.037152751779433994, 0.018749285056851916, 0.16132374241059375, 0.0814126730329759]
Timestep: 37 State: 2 Beliefs: [0.13123241053027992, 0.06414967602634034, 0.13740797585469144, 0.0671684464142323, 0.19688265049351647, 0.09624115104897878, 0.20614760009287955, 0.1007700895390812]
Timestep: 38 State: 2 Beliefs: [0.11825924684236168, 0.057150345900921315, 0.2703747379336944, 0.1306621698375852, 0.08689291686545528, 0.041992151884920566, 0.19866226323180058, 0.09600616750326112]
Timestep: 39 State: 2 Beliefs: [0.09324188925140882, 0.044719065518650195, 0.35657758762185054, 0.17101558785825252, 0.0468547385260523, 0.022471660954404102, 0.17918287334595018, 0.08593659692343135]
Timestep: 40 State: 2 Beliefs: [0.0930718135608162, 0.04381475562376732, 0.3836005173480813, 0.18058488689246838, 0.03968461814491544, 0.018682045396115773, 0.1635623017188053, 0.07699906131503026]
Timestep: 41 State: 4 Beliefs: [0.0904008299039739, 0.042988268658935, 0.3864071573155519, 0.18374803315479402, 0.03809261580104965, 0.018114165585830865, 0.16282217101360946, 0.07742675856625528]
Timestep: 42 State: 2 Beliefs: [0.0956733935131487, 0.10561080130821451, 0.1063354331190586, 0.11738028606267047, 0.12944051912743734, 0.14288525205203653, 0.1438656366117106, 0.15880867820572322]
Timestep: 43 State: 2 Beliefs: [0.10696369701742528, 0.062241569433786045, 0.2567947133461039, 0.1494273891669703, 0.07892196429539994, 0.04592424399600431, 0.18947309940724136, 0.11025332333706882]
Timestep: 44 State: 2 Beliefs: [0.06357086871691608, 0.06931703007242883, 0.2555011348847559, 0.27859584441440166, 0.031739940876102685, 0.034608909404764424, 0.1275677221139081, 0.13909854951672235]
Timestep: 45 State: 5 Beliefs: [0.099626400996264, 0.07845579078455792, 0.199252801992528, 0.15691158156911583, 0.08685378548392246, 0.06839735606858895, 0.17370757096784492, 0.1367947121371779]
Timestep: 46 State: 2 Beliefs: [0.08385439915598873, 0.09530433209347824, 0.15577594730010022, 0.17704643719463856, 0.07992976509799868, 0.0908438072865177, 0.14848517192822783, 0.16876013994305006]
Timestep: 47 State: 0 Beliefs: [0.09608355543269263, 0.03654303972551358, 0.4094466291591723, 0.15572305133236425, 0.04161215717802005, 0.015826170315751058, 0.1773243861746686, 0.06744101068181747]
Timestep: 48 State: 2 Beliefs: [0.2728519048931626, 0.10729837034242493, 0.22690514073582993, 0.0892299133216835, 0.1190160455204612, 0.04680278018929587, 0.09897439627264598, 0.038921448724496]
Timestep: 49 State: 0 Beliefs: [0.15899383708294695, 0.06280127542272558, 0.3434649768148897, 0.13566587864508778, 0.06784015730365954, 0.026796311616314267, 0.14655107696573122, 0.057886486148645055]
Timestep: 50 State: 2 Beliefs: [0.19006253052710304, 0.16651846272652077, 0.18460730808257877, 0.16173900802403873, 0.08032464606457836, 0.07037440017572585, 0.07801914791697022, 0.0683544964824842]
Timestep: 51 State: 2 Beliefs: [0.16978424618608817, 0.06584295611967207, 0.3405096282443873, 0.13205088819753, 0.06996044535745599, 0.0271309184288803, 0.14030869044451463, 0.054412227021471436]
Timestep: 52 State: 2 Beliefs: [0.11725848726629697, 0.04424451239903147, 0.3861391395069154, 0.14569979831707738, 0.051862232145116094, 0.019568896262279922, 0.17078540036034554, 0.06444153374293728]
Timestep: 53 State: 4 Beliefs: [0.09980513862607959, 0.03739667700240579, 0.41154129048144616, 0.15420324970388188, 0.04217602081891591, 0.01580322465881129, 0.17391062498512952, 0.06516377372332978]
Timestep: 54 State: 0 Beliefs: [0.15232578840034494, 0.05979610349847347, 0.16708399908900107, 0.06558949871446804, 0.1901368178382232, 0.0746389758275431, 0.2085583815589515, 0.08187043507299478]
Timestep: 55 State: 4 Beliefs: [0.2037663792592401, 0.07722800365236174, 0.16891547326538375, 0.06401941691118271, 0.19272082224773163, 0.0730417079527071, 0.1597590780992066, 0.06054911861218629]
Timestep: 56 State: 4 Beliefs: [0.14374441775563107, 0.11909485600755244, 0.10444116970859812, 0.08653140248445285, 0.17300451472925116, 0.1433373767972253, 0.12570083878950178, 0.10414542372778737]
Timestep: 57 State: 2 Beliefs: [0.12808003124167416, 0.049096209025544596, 0.09123128382641052, 0.034971182759618524, 0.2940986792227681, 0.11273521788898083, 0.2094862080921686, 0.08030118794283489]
Timestep: 58 State: 2 Beliefs: [0.12804777081450278, 0.0485638966736188, 0.27433775935554844, 0.10404640794813419, 0.10267066486986125, 0.038939276556206597, 0.21996821946042025, 0.08342600432170774]
Timestep: 59 State: 2 Beliefs: [0.10144674741167371, 0.0390291935640408, 0.3608437916452137, 0.13882596090885455, 0.057027719318381596, 0.021940041968627793, 0.20284631092426567, 0.07804023425894235]
Timestep: 60 State: 1 Beliefs: [0.09948990072491946, 0.038082312133086896, 0.3920107389234942, 0.1500521682143695, 0.04689732647652951, 0.017951154962195518, 0.1847851437346538, 0.07073125483075114]
Timestep: 61 State: 2 Beliefs: [0.09735897622249326, 0.20884927858105204, 0.10155187800904468, 0.2178436676683128, 0.05826504036380825, 0.12498705428730528, 0.06077430660009866, 0.13036979826788514]
Timestep: 62 State: 2 Beliefs: [0.1276150372214151, 0.0766013918334543, 0.30263613012984625, 0.18165844160523725, 0.057734270305985144, 0.03465520645701139, 0.13691549618058477, 0.0821840262664658]
Timestep: 63 State: 2 Beliefs: [0.10190856220544578, 0.04361218361711389, 0.37037102253075976, 0.1585017852426001, 0.049202849910019004, 0.02105655970727036, 0.17882020350619196, 0.07652683328059914]
Timestep: 64 State: 2 Beliefs: [0.0929958393548082, 0.03605122728966373, 0.3927763445420099, 0.15226562144422595, 0.044961959768375165, 0.017430175825544625, 0.18990090657592673, 0.07361792519944563]
Timestep: 65 State: 1 Beliefs: [0.09211636653542953, 0.03686160849429844, 0.3937561268776218, 0.15756683352910666, 0.04328895445877283, 0.017322659928983034, 0.18504085305744492, 0.07404659711834273]
Timestep: 66 State: 1 Beliefs: [0.09978986124372263, 0.19490275093094045, 0.11158486755557856, 0.21793995279470324, 0.060074083664183923, 0.11733260293055525, 0.06717474686951114, 0.13120113401080502]
Timestep: 67 State: 2 Beliefs: [0.09104824221081052, 0.2365805119577177, 0.07849299864178277, 0.20395686234966684, 0.05819193757640493, 0.1512064159543193, 0.050167466897072306, 0.1303555644122255]
Timestep: 68 State: 0 Beliefs: [0.13686693671438557, 0.07667262235308243, 0.30207179768295556, 0.16922010109420127, 0.06298798400603213, 0.035285760216542436, 0.13901745752396552, 0.07787734040883501]
Timestep: 69 State: 2 Beliefs: [0.24820481668438074, 0.11437877370552132, 0.22367339976868575, 0.10307410435398313, 0.11186136727310848, 0.05154841950545528, 0.10080550673827547, 0.04645361197058987]
Timestep: 70 State: 2 Beliefs: [0.1579212325613791, 0.06260459904354032, 0.329924217099553, 0.13079161675263384, 0.07389258706959662, 0.029293184398013095, 0.1543741366691896, 0.06119842640609459]
Timestep: 71 State: 1 Beliefs: [0.10502691512387173, 0.04128221782849607, 0.3796693082477817, 0.1492340422204486, 0.050519550178146654, 0.019857377250318355, 0.18262673569440505, 0.07178385345653177]
Timestep: 72 State: 2 Beliefs: [0.1019245315256821, 0.21827939589582696, 0.09181384152592684, 0.19662655852487035, 0.06553703334090202, 0.14035270834531358, 0.05903590336076061, 0.1264300274807176]
Timestep: 73 State: 4 Beliefs: [0.1314060934053457, 0.07643717549669353, 0.29228318741185216, 0.1700172397791096, 0.06468034920607516, 0.03762369822685154, 0.14386683401771572, 0.08368542245635674]
Timestep: 74 State: 2 Beliefs: [0.11428707990329302, 0.10405804448829419, 0.11220480007146437, 0.10216213492825599, 0.1498310037573743, 0.13642068086701892, 0.14710112320070398, 0.13393513278359517]
Timestep: 75 State: 2 Beliefs: [0.14049278217918892, 0.05382094624273002, 0.28326465538367535, 0.10851498243109427, 0.09921780025120866, 0.0380090408262499, 0.2000451237433614, 0.07663466894249162]
Timestep: 76 State: 0 Beliefs: [0.1089090104865699, 0.04079119987604304, 0.3893033622675407, 0.1458111793663675, 0.05012525413616876, 0.01877410556914436, 0.17917645089734618, 0.06710943740081954]
Timestep: 77 State: 2 Beliefs: [0.22418594043181259, 0.08609970969194844, 0.23093520821013827, 0.08869179907644674, 0.13171410030315306, 0.05058544606586045, 0.1356794414454876, 0.05210835477515297]
Timestep: 78 State: 2 Beliefs: [0.1526569263570535, 0.0590851043549368, 0.35735799055835155, 0.1383136335054025, 0.06313891717306175, 0.02443760397286221, 0.14780329399677453, 0.057206530081557086]
Timestep: 79 State: 2 Beliefs: [0.10848376911335968, 0.04282736620505224, 0.3961971376367279, 0.15641123129885823, 0.0456301152977974, 0.01801391741648904, 0.16664724335057093, 0.06578921968114435]
Timestep: 80 State: 2 Beliefs: [0.09813021594540307, 0.03716440127532535, 0.4138976887977113, 0.1567535508325605, 0.040875084522157885, 0.015480431065080912, 0.1724046243059836, 0.06529400325577736]
Timestep: 81 State: 4 Beliefs: [0.0957490991524991, 0.03526289136290284, 0.41046336186757165, 0.1511672179279221, 0.04248828800307482, 0.015647770029270817, 0.1821415103442726, 0.06707986131248617]
Timestep: 82 State: 2 Beliefs: [0.1597196217749256, 0.05957959967159618, 0.16541267918361255, 0.061703259103966755, 0.19806307957880898, 0.0738827130936864, 0.20512285388864593, 0.07651619370475765]
Timestep: 83 State: 2 Beliefs: [0.12675131959715438, 0.04806630695789303, 0.30253309875715007, 0.11472581773507791, 0.08732795965413273, 0.03311628256086634, 0.20843647487278136, 0.0790427398649441]
Timestep: 84 State: 2 Beliefs: [0.10438472474465967, 0.04124824968019641, 0.37867653218864256, 0.14963630153699445, 0.050501207450871395, 0.019955854835853364, 0.18320326231270329, 0.07239386725007878]
Timestep: 85 State: 4 Beliefs: [0.09561604256491858, 0.03682394316318536, 0.40938817125725985, 0.15766482637913357, 0.0410773122490413, 0.015819820303984187, 0.17587598577279373, 0.0677338983096834]
Timestep: 86 State: 2 Beliefs: [0.1566230162264381, 0.05799242887823961, 0.167232147264723, 0.06192064640348611, 0.19631575347806784, 0.07268936357856388, 0.2096135407618814, 0.07761310340860007]
Timestep: 87 State: 2 Beliefs: [0.1284961298130374, 0.048813652692883146, 0.2975144730581971, 0.11302105503177165, 0.09009220881431841, 0.03422460892631993, 0.20859566798658133, 0.07924220367689105]
Timestep: 88 State: 4 Beliefs: [0.09849979258010075, 0.03700252151081411, 0.3887618505472804, 0.146042629742205, 0.0484475357267073, 0.01819984525770042, 0.19121414523034466, 0.07183167940484737]
Timestep: 89 State: 2 Beliefs: [0.15735345954559585, 0.06022690287591041, 0.14418215299327578, 0.05518559648985311, 0.22003992599295272, 0.08422009461927331, 0.2016214347352935, 0.0771704327478455]
Timestep: 90 State: 2 Beliefs: [0.1293072800149732, 0.04732353607118884, 0.291889513948898, 0.10682495170080868, 0.09543998761680686, 0.03492887404401965, 0.21543977719995955, 0.07884607940334526]
Timestep: 91 State: 2 Beliefs: [0.09912647555467308, 0.03603802173358672, 0.4078441021747111, 0.1482741571900314, 0.044268502261084586, 0.016094078173074827, 0.18213749110179137, 0.0662171718110468]
Timestep: 92 State: 0 Beliefs: [0.10009845345264672, 0.03613406397886665, 0.4148474649396236, 0.1497538105989852, 0.042729210476672545, 0.015424614186081815, 0.17708669848235814, 0.06392568388476538]
Timestep: 93 State: 2 Beliefs: [0.26167603094587005, 0.09989286811222164, 0.2490626025282127, 0.09507778613160021, 0.10912259038454766, 0.04165673290727374, 0.1038626130851764, 0.03964877590509778]
Timestep: 94 State: 4 Beliefs: [0.15459776279792903, 0.06121409885262473, 0.3462291146166892, 0.1370919142957136, 0.06653010128159328, 0.02634307329433839, 0.14899735704579853, 0.058996577815313055]
Timestep: 95 State: 2 Beliefs: [0.11733205156559172, 0.10089175124805996, 0.11317609687602771, 0.09731811948126778, 0.15634912421630764, 0.13444184038208412, 0.15081116704837438, 0.1296798491822866]
Timestep: 96 State: 0 Beliefs: [0.13559139353483746, 0.053036654711861385, 0.2762517199117469, 0.10805602553788023, 0.10106931963175023, 0.0395333248484879, 0.20591700292104065, 0.08054455890239537]
Timestep: 97 State: 2 Beliefs: [0.16754324925776504, 0.13826406438226846, 0.16696261236154036, 0.13778489725641896, 0.10686822515125602, 0.08819236363262306, 0.10649786326062918, 0.08788672469749899]
Timestep: 98 State: 2 Beliefs: [0.16638683877375002, 0.06483082459673514, 0.33329398253341275, 0.12986438038018613, 0.07323381700286177, 0.028534761400917766, 0.1466966420234539, 0.057158753288682584]
Timestep: 99 State: 2 Beliefs: [0.10235453213562622, 0.03880967817483424, 0.4055059015713592, 0.1537553170300969, 0.04377741555026802, 0.016599044257079105, 0.17343638811863207, 0.06576172316210424]
Timestep: 100 State: 2 Beliefs: [0.09927043894015744, 0.03851154744570343, 0.4023118816402955, 0.1560751950245774, 0.04332486471372387, 0.016807698251511467, 0.175582056762102, 0.0681163172219289]
Timestep: 101 State: 2 Beliefs: [0.09959960231830577, 0.03715952697524288, 0.41610121364020025, 0.1552428314249653, 0.04105730464798065, 0.015318033245972045, 0.171526731986562, 0.0639947557607711]
Timestep: 102 State: 2 Beliefs: [0.09764856476830037, 0.03710485712916444, 0.40427195425599677, 0.15361672892571232, 0.04333126312873235, 0.01646517111063351, 0.17939448948378375, 0.06816697119767658]
Timestep: 103 State: 2 Beliefs: [0.09721502676059253, 0.0381365722783574, 0.402301731909693, 0.15781931649790612, 0.04256764782412443, 0.016698901723930258, 0.1761562899647218, 0.06910451304067464]
Timestep: 104 State: 2 Beliefs: [0.09749912579781286, 0.03647154870909071, 0.417508482497748, 0.156177615248082, 0.040278296281307566, 0.015066923243898966, 0.17247878091621455, 0.06451922730584539]
Timestep: 105 State: 2 Beliefs: [0.09260422489542651, 0.035769664682782566, 0.4116319105412865, 0.1589985276527285, 0.03987596330392656, 0.015402643215199989, 0.17725129688203, 0.0684657688266195]
Timestep: 106 State: 5 Beliefs: [0.09309820938991419, 0.03539704978927542, 0.41207834218958994, 0.15667710143034394, 0.040423648696667924, 0.015369553452820196, 0.17892621404146902, 0.06802988100991947]
Timestep: 107 State: 0 Beliefs: [0.08522739087689209, 0.15880094940502057, 0.07059820034548081, 0.1315429362062976, 0.10579282745297021, 0.19711974362843268, 0.08763360171881902, 0.16328435036608716]
Timestep: 108 State: 2 Beliefs: [0.140157432637256, 0.17198264758371273, 0.09362289764906016, 0.11488162639092392, 0.12904238522354242, 0.15834373278440714, 0.08619822578687068, 0.10577105194422688]
Timestep: 109 State: 2 Beliefs: [0.1498153227886325, 0.059389872455761696, 0.3417829960724736, 0.135489802821641, 0.06842229599569907, 0.027124004118377638, 0.15609603135562633, 0.06187967439178821]
Timestep: 110 State: 0 Beliefs: [0.11768291844569952, 0.04623959918983599, 0.3887814568548686, 0.1527587773556493, 0.04913371097626089, 0.01930546193328683, 0.16231986754178615, 0.06377820770261278]
Timestep: 111 State: 2 Beliefs: [0.19133595988545865, 0.1542145857507869, 0.19883291160117425, 0.16025704271457367, 0.08020102939984956, 0.06464110840998503, 0.08334347708883233, 0.06717388514933972]
Timestep: 112 State: 2 Beliefs: [0.15379041830381376, 0.058984082947704124, 0.3555860421431101, 0.13637986576888647, 0.0644323716825785, 0.024712101038275584, 0.1489771097913304, 0.05713800832430108]
Timestep: 113 State: 4 Beliefs: [0.10444023175276901, 0.04061977380118181, 0.40010476504476156, 0.15561211211561984, 0.04459469552428201, 0.017344144249094737, 0.17083981790870045, 0.0664444596035906]
Timestep: 114 State: 2 Beliefs: [0.11175106749143449, 0.09095138767750578, 0.11985647742528242, 0.09754817728969456, 0.15425506490254776, 0.12554432386290873, 0.16544332970819078, 0.1346501716424356]
Timestep: 115 State: 2 Beliefs: [0.17256893870919013, 0.06354647210801116, 0.24458005968020954, 0.0900637163147625, 0.1297808835915755, 0.047790276517855744, 0.18393701955639052, 0.06773263352200475]
Timestep: 116 State: 4 Beliefs: [0.09813789845099673, 0.03740313348428456, 0.3875205531355887, 0.1476950618019577, 0.048171346352660356, 0.01835946485695262, 0.19021588069964807, 0.0724966612179112]
Timestep: 117 State: 2 Beliefs: [0.11924508225768504, 0.10150173250559427, 0.11209146786193824, 0.09541255682557612, 0.15920173272254898, 0.13551294010021833, 0.1496510847170337, 0.12738340300940534]
Timestep: 118 State: 5 Beliefs: [0.1298144989720142, 0.048065891905031334, 0.2849886475877071, 0.10552159918642762, 0.0985750809627647, 0.0364989983677202, 0.21640709806601321, 0.08012818495232159]
Timestep: 119 State: 2 Beliefs: [0.07459954559567715, 0.14745015960129773, 0.07011650800220547, 0.1385891859401617, 0.09858353172553236, 0.19485584491055777, 0.0926591835905167, 0.18314604063405115]
Timestep: 120 State: 4 Beliefs: [0.1138755431166248, 0.06512485719572246, 0.23659914273585742, 0.13530987393423513, 0.09282911577334038, 0.05308850998982757, 0.19287099417305473, 0.11030196308133745]
Timestep: 121 State: 1 Beliefs: [0.1517794856025649, 0.06654539230097144, 0.1538279752944306, 0.0674435212518538, 0.19349061766551906, 0.08483299971660763, 0.19610206106438802, 0.08597794710366462]
Timestep: 122 State: 4 Beliefs: [0.09044832849261564, 0.19090215582571604, 0.06364245799591522, 0.13432511839574457, 0.09825377957866956, 0.20737650603597466, 0.06913463348618878, 0.14591702018917543]
Timestep: 123 State: 5 Beliefs: [0.1770292006751418, 0.10623839272667118, 0.10962316279211205, 0.06578682260459162, 0.20892644411321057, 0.12538049957880712, 0.12937513984841495, 0.07764033766105068]
Timestep: 124 State: 2 Beliefs: [0.0659229472763627, 0.13743355328895165, 0.04056194616556378, 0.0845619411777637, 0.134767717076778, 0.2809584066206159, 0.08292167008261547, 0.1728718183113489]
Timestep: 125 State: 2 Beliefs: [0.11106994051223278, 0.07127371864637044, 0.23543363847311624, 0.1510780579429236, 0.08418169845675041, 0.0540195003554469, 0.17843894999058418, 0.11450449562257531]
Timestep: 126 State: 2 Beliefs: [0.09844739042844894, 0.046348126999983336, 0.354894914762113, 0.16708126553133482, 0.04920043380405586, 0.02316311224178155, 0.17736360187058417, 0.0835011543616985]
Timestep: 127 State: 2 Beliefs: [0.10137090306487852, 0.03958345256278166, 0.3968454749004167, 0.1549607782464123, 0.044958004469581626, 0.017555264710427308, 0.17600100319603043, 0.06872511884947169]
Timestep: 128 State: 2 Beliefs: [0.10035173601979124, 0.038535997864915676, 0.4031555019727179, 0.15481545391686757, 0.04365412555925355, 0.016763589311642617, 0.17537714444272262, 0.06734645091208877]
Timestep: 129 State: 2 Beliefs: [0.1029942061570277, 0.04096042049463726, 0.39765760488741464, 0.1581469804645647, 0.044191003255394226, 0.017574600969894667, 0.1706201656170824, 0.06785501815398454]
Timestep: 130 State: 5 Beliefs: [0.09483104033968695, 0.038053407983842616, 0.39970879628184225, 0.1603934939990112, 0.042012906386723295, 0.01685876545901284, 0.17708261113646148, 0.07105897841341936]
Timestep: 131 State: 4 Beliefs: [0.08238278418901906, 0.1611808311613802, 0.06715292250941877, 0.13138380757015722, 0.10396130045288668, 0.20339891374838673, 0.08474228228646893, 0.16579715808228257]
Timestep: 132 State: 2 Beliefs: [0.12384138103746305, 0.07248247157257504, 0.08850763253389894, 0.05180216746091984, 0.24404038027541744, 0.14283311262914916, 0.17441210781003474, 0.1020807466805419]
Timestep: 133 State: 4 Beliefs: [0.1358603500732909, 0.05507615210124708, 0.2758309214960594, 0.11181853850920327, 0.0989541095818348, 0.04011480603010779, 0.20090190564837535, 0.08144321655988128]
Timestep: 134 State: 2 Beliefs: [0.11670297724162844, 0.09936429313954667, 0.10433087484416473, 0.08883032701091255, 0.16847507159719832, 0.14344455297168507, 0.15061442325311256, 0.12823747994175166]
Timestep: 135 State: 2 Beliefs: [0.13121390216150466, 0.05005475242262288, 0.2714291946344826, 0.10354330535020763, 0.10468001018882821, 0.039932750320542346, 0.21654116211642474, 0.08260492280538692]
Timestep: 136 State: 2 Beliefs: [0.10175812885604735, 0.03727185135170596, 0.3709283466058811, 0.13586321163969445, 0.05580572245146217, 0.020440456356345896, 0.20342280850457475, 0.07450947423428837]
Timestep: 137 State: 4 Beliefs: [0.09658741040157363, 0.03816690941967867, 0.398340638935889, 0.15740592921202598, 0.043292801317844916, 0.017107327130445684, 0.17854585878817464, 0.07055312479436736]
Timestep: 138 State: 0 Beliefs: [0.11023482126241892, 0.09168222512260714, 0.11804449911135251, 0.09817752882502326, 0.1533971328698733, 0.12758029003792476, 0.1642646806823011, 0.13661882208849907]
Timestep: 139 State: 0 Beliefs: [0.20899052413256017, 0.07865235954835986, 0.15766344463057005, 0.05933571383768084, 0.20514564899029494, 0.07720536331078795, 0.154762852550522, 0.058244092999224284]
Timestep: 140 State: 4 Beliefs: [0.19656020599922297, 0.16430621787955338, 0.13406136243610126, 0.11206294434664416, 0.12726715423905302, 0.10638361242557524, 0.08680092699292517, 0.07255757568092468]
Timestep: 141 State: 2 Beliefs: [0.20165018081303893, 0.07524054728673982, 0.1342387136711048, 0.0500877025894975, 0.23556292645921725, 0.08789421083480377, 0.15681446011597966, 0.05851125822961831]
Timestep: 142 State: 2 Beliefs: [0.11811350744110896, 0.04559953625954915, 0.29595212074000954, 0.11425686827142303, 0.08768710781486758, 0.03385295669331204, 0.21971395212615388, 0.08482395065357592]
Timestep: 143 State: 2 Beliefs: [0.1462513655552602, 0.05438251455643899, 0.3107935411529855, 0.11556633479373048, 0.08700672376713867, 0.032352822168943515, 0.18489487384301612, 0.06875182416248642]
Timestep: 144 State: 2 Beliefs: [0.10187942783560504, 0.03741789813140313, 0.40718221878994143, 0.149548374066114, 0.04449318895234842, 0.016341293302575964, 0.17782623816744506, 0.06531136075456714]
Timestep: 145 State: 2 Beliefs: [0.09764218031433411, 0.03898219999434107, 0.40469343455804174, 0.16156788338351374, 0.04127397711695996, 0.016478026456963408, 0.17106651555260755, 0.0682957826232383]
Timestep: 146 State: 2 Beliefs: [0.09615503826694405, 0.03724122982418629, 0.4127492495023532, 0.1598594305355485, 0.04004094523396817, 0.015508017787857282, 0.1718773180538244, 0.0665687707953181]
Timestep: 147 State: 2 Beliefs: [0.09520072345920325, 0.03779442850760853, 0.4022664899598489, 0.159698703364469, 0.0417865508568905, 0.016589147136230328, 0.17656724161275356, 0.0700967151029958]
Timestep: 148 State: 0 Beliefs: [0.09875414254064538, 0.038882517444757944, 0.4090097410188672, 0.1610396078695788, 0.04079099654977446, 0.01606065927090475, 0.16894395015234887, 0.0665183851531226]
Timestep: 149 State: 2 Beliefs: [0.16963301675388506, 0.14557334139842434, 0.17934455225533347, 0.15390745406180054, 0.0919612906812201, 0.07891808222216495, 0.09722609912653253, 0.08343616350063886]
Timestep: 150 State: 2 Beliefs: [0.14916102515569665, 0.05907674033264547, 0.3541868252469732, 0.14027929268063483, 0.06310623090471149, 0.024993864266071815, 0.14984742531845321, 0.05934859609481339]
Timestep: 151 State: 0 Beliefs: [0.10590441824714264, 0.04112513293625642, 0.3939604946216721, 0.15298396404143155, 0.04670132309836859, 0.01813520297366148, 0.17372718392526754, 0.0674622801561998]
Timestep: 152 State: 2 Beliefs: [0.19920847150489043, 0.1647527876551498, 0.18834514333186006, 0.15576841271266367, 0.08212969676104172, 0.06792430255819497, 0.07765096228792084, 0.06422022318827837]
Timestep: 153 State: 2 Beliefs: [0.1594645098523031, 0.06159991109294734, 0.34956789613305683, 0.1350353840029312, 0.06651226307916068, 0.025693174588263097, 0.14580392774019368, 0.05632293351114411]
Timestep: 154 State: 4 Beliefs: [0.1125955919817772, 0.04325176485271308, 0.38970290575621364, 0.14969803120636088, 0.04935459615438035, 0.018958765167426436, 0.17082044860956283, 0.06561789627156554]
Timestep: 155 State: 2 Beliefs: [0.11779691077621379, 0.09511195758608039, 0.1231154955024843, 0.09940630623724353, 0.15273274839688453, 0.123319963077192, 0.15962870226759512, 0.12888791615630651]
Timestep: 156 State: 0 Beliefs: [0.13201485918781827, 0.04878611789258727, 0.295958736931271, 0.10937161104514931, 0.09321599530544626, 0.03444798990374561, 0.20897714395272307, 0.07722754578125929]
Timestep: 157 State: 2 Beliefs: [0.19094681590195034, 0.16328673621496756, 0.1805317080271871, 0.1543803349002152, 0.08613079625295315, 0.07365410384723478, 0.08143283085313004, 0.06963667400236179]
Timestep: 158 State: 2 Beliefs: [0.1657428559706053, 0.06483772289325038, 0.34389060842890734, 0.13452817525274915, 0.06802724979583805, 0.02661189796460801, 0.1411459467440632, 0.05521554294997843]
Timestep: 159 State: 4 Beliefs: [0.10376941170066234, 0.04068754617284553, 0.4044888722195015, 0.15859837109135433, 0.04289197217749247, 0.016817760357457922, 0.1671911324253312, 0.0655549338553547]
Timestep: 160 State: 2 Beliefs: [0.12760899902925896, 0.10751269893542931, 0.11659765033279025, 0.0982354549613971, 0.15599503876526774, 0.13142840838635048, 0.14253426578036504, 0.12008748380914118]
Timestep: 161 State: 2 Beliefs: [0.1335297493849459, 0.05132515921198304, 0.2965542705586692, 0.11398729662510074, 0.09074055589332823, 0.03487817134129945, 0.20152437555662683, 0.07746042142804647]
Timestep: 162 State: 2 Beliefs: [0.10367116092811426, 0.038569117907878044, 0.38850631278408226, 0.14453726235509592, 0.049851184257301846, 0.018546297603442903, 0.18681665769281475, 0.06950200647126996]
Timestep: 163 State: 2 Beliefs: [0.10052741941311859, 0.03826788553938669, 0.4119129626868107, 0.1568033696708173, 0.041558468806770874, 0.015820108949122617, 0.17028659554639358, 0.06482318938757953]
Timestep: 164 State: 2 Beliefs: [0.10189408006524162, 0.038178132405919225, 0.4160710188332473, 0.15589536150785757, 0.04120782633957981, 0.01543993379345765, 0.16826671655541228, 0.06304693049928442]
Timestep: 165 State: 2 Beliefs: [0.10105446933244008, 0.03684658326947461, 0.41357363640284134, 0.15079763945566357, 0.04284194412013064, 0.0156210731883169, 0.17533414145238505, 0.06393051277874787]
Timestep: 166 State: 2 Beliefs: [0.09978913432774639, 0.03703346083992479, 0.41765674184124724, 0.15499958685589793, 0.040862167594169704, 0.015164651879461807, 0.17102422921015953, 0.06347002745139252]
Timestep: 167 State: 2 Beliefs: [0.1404772685069925, 0.055033521191375626, 0.3661912670183193, 0.1434594726088813, 0.05873562480179013, 0.023010329618254954, 0.15310998778574278, 0.05998252846864337]
Timestep: 168 State: 2 Beliefs: [0.09981167237412691, 0.0395268043819241, 0.408237407690459, 0.1616676664296371, 0.040918084351650785, 0.016204128008078755, 0.16735810838600404, 0.06627612837811944]
Timestep: 169 State: 4 Beliefs: [0.09704609544314372, 0.03856900747040942, 0.4066852421373729, 0.1616288225762901, 0.04081734296254682, 0.016222027258861283, 0.17105078705462037, 0.06798067509675534]
Timestep: 170 State: 0 Beliefs: [0.14511052515185668, 0.05359030256609508, 0.14768727832356587, 0.05454191501436878, 0.2168242702762698, 0.08007467573849796, 0.22067445706012456, 0.08149657586922132]
Timestep: 171 State: 4 Beliefs: [0.1975848634862536, 0.07530218141150309, 0.16381708023030062, 0.062432836585496226, 0.19826813607510588, 0.07556258555143275, 0.16438357970061537, 0.06264873695929248]
Timestep: 172 State: 0 Beliefs: [0.14932361676140932, 0.12154467782878325, 0.10476323699562867, 0.08527394504031952, 0.17465521259524816, 0.14216379167888782, 0.12253550929504821, 0.09974000980467507]
Timestep: 173 State: 2 Beliefs: [0.15738012478717836, 0.12783306658818205, 0.10744326123798843, 0.08727151275842791, 0.17054434751412556, 0.13852579518215885, 0.11643046355060015, 0.09457142838133861]
Timestep: 174 State: 2 Beliefs: [0.15475613343340083, 0.06156165646378315, 0.3406170316944715, 0.13549672136201676, 0.06874052122976625, 0.027344831246442363, 0.15129734621141888, 0.060185758358700256]
Timestep: 175 State: 2 Beliefs: [0.11796471640956153, 0.0451923907077731, 0.39334798114175573, 0.15069197120056102, 0.04884128883556055, 0.01871114240689126, 0.16285905603441891, 0.06239145326347781]
Timestep: 176 State: 2 Beliefs: [0.10322375441683088, 0.039807227190844875, 0.41014845036479836, 0.1581697220555887, 0.04188607502813207, 0.016152953496000322, 0.16642979963002472, 0.06418201781777998]
Timestep: 177 State: 2 Beliefs: [0.10056099501133119, 0.036962150596726404, 0.41481580892624487, 0.15246949771834586, 0.042117479813888, 0.015480680471191624, 0.17373531812174406, 0.06385806934052797]
Timestep: 178 State: 2 Beliefs: [0.10022197513249761, 0.03679643310522003, 0.41781828014025113, 0.1534017103034885, 0.041286837887359866, 0.01515843572669411, 0.17212188819588034, 0.06319443950860834]
Timestep: 179 State: 2 Beliefs: [0.10372185285692706, 0.0385020752570349, 0.4088702906329296, 0.1517747154211528, 0.043847413352993185, 0.016276381131293233, 0.1728459736047148, 0.06416129774295436]
Timestep: 180 State: 2 Beliefs: [0.10364954757589924, 0.039225171836215475, 0.4095678841299217, 0.15499701647831318, 0.042864083612749404, 0.016221499125028047, 0.16937606039800898, 0.06409873684386384]
Timestep: 181 State: 0 Beliefs: [0.10112342065141595, 0.036978283577720025, 0.4224011762563674, 0.15446145293100047, 0.04031499232254471, 0.014742175540872477, 0.16839917071744004, 0.06157932800263899]
Timestep: 182 State: 0 Beliefs: [0.25007378235992594, 0.09308129198406354, 0.27111366515172897, 0.1009126586110359, 0.09959104815989378, 0.037069313485360855, 0.1079701111733092, 0.04018812907468179]
Timestep: 183 State: 2 Beliefs: [0.2505935135681621, 0.09909673024483745, 0.20947941985781227, 0.0828382397689166, 0.13973425689313687, 0.05525764719179582, 0.11680849456733804, 0.046191697908000866]
Timestep: 184 State: 2 Beliefs: [0.1494455329274788, 0.05785338579501939, 0.35592991665482226, 0.13778766337708498, 0.0637385122312581, 0.024674466114052114, 0.15180409144235224, 0.05876643145793198]
Timestep: 185 State: 2 Beliefs: [0.115289417012242, 0.04345200924327462, 0.39275701896133625, 0.14802817171377322, 0.049521205231279494, 0.01866429654353415, 0.16870413127290412, 0.06358375002165595]
Timestep: 186 State: 2 Beliefs: [0.10077817095413219, 0.037172589716821525, 0.41094079255140986, 0.1515778003787304, 0.04309417754481976, 0.0158955274330841, 0.17572412067966062, 0.0648168207413415]
Timestep: 187 State: 2 Beliefs: [0.07710256224440894, 0.06292071959693957, 0.3111581311809855, 0.2539253294888554, 0.032246218012341205, 0.026315017070180847, 0.13013410504528738, 0.10619791736100138]
Timestep: 188 State: 5 Beliefs: [0.0880556114007755, 0.032645039943526015, 0.37584465780351795, 0.139337671630188, 0.050422086638946914, 0.01869308504227651, 0.21521481251548513, 0.07978703502528393]
Timestep: 189 State: 2 Beliefs: [0.082592512276881, 0.15502395797731422, 0.07593162397247083, 0.1425216470519265, 0.09850372104334038, 0.184888875403616, 0.09055963185957877, 0.16997803041487217]
Timestep: 190 State: 4 Beliefs: [0.11361604814004783, 0.06429867547851388, 0.25737443653905534, 0.14565579108235932, 0.08195506044355252, 0.04638078793927461, 0.18565280036129475, 0.10506640001590174]
Timestep: 191 State: 2 Beliefs: [0.15350293652295458, 0.06558595646206146, 0.14949096503674206, 0.06387179389825656, 0.20145682797656034, 0.08607482728305901, 0.19619152772985185, 0.08382516509051414]
Timestep: 192 State: 2 Beliefs: [0.1295287137128544, 0.04845706266867852, 0.2751210177082143, 0.10292356045557281, 0.10342388078852542, 0.0386911699279089, 0.21967394350067085, 0.08218065123757474]
Timestep: 193 State: 2 Beliefs: [0.11232727232644975, 0.04131877975096721, 0.38738887552324136, 0.1424982134276451, 0.05200605049892966, 0.01913005187233561, 0.1793559569810842, 0.06597479961934719]
Timestep: 194 State: 4 Beliefs: [0.09903924136648824, 0.036911482372960366, 0.4155405179952759, 0.15487009284002268, 0.04117120974223945, 0.01534432576124661, 0.1727426986185624, 0.06438043130320437]
Timestep: 195 State: 2 Beliefs: [0.11052578780588761, 0.08914871810366831, 0.11099938159054494, 0.08953071292715885, 0.1656474188186488, 0.1336091362750491, 0.16635720419592934, 0.134181640283113]
Timestep: 196 State: 2 Beliefs: [0.12380916236217573, 0.04712766010431666, 0.29109672639078926, 0.11080526931192215, 0.09232347117315372, 0.035142707422341095, 0.21706842785126454, 0.08262657538403693]
Timestep: 197 State: 0 Beliefs: [0.1073817479851551, 0.041145682347445006, 0.37420107769993, 0.143383386525254, 0.05382502352347151, 0.020624243521782493, 0.18756801959017802, 0.07187081880678386]
Timestep: 198 State: 2 Beliefs: [0.19573637171240343, 0.1604595732043156, 0.1871434412942763, 0.1534153129301292, 0.08518942893692655, 0.0698360723106854, 0.0814495678737483, 0.06677023173751517]
Timestep: 199 State: 2 Beliefs: [0.15596579799924867, 0.06087537152137203, 0.3440842020478313, 0.13430030111087213, 0.06837257747841957, 0.026686658929495767, 0.15084027437687866, 0.05887481653588184]
Timestep: 200 State: 2 Beliefs: [0.10109716725809863, 0.03903032975098289, 0.40175289265267655, 0.15510373142912234, 0.04395228824436967, 0.016968549663794602, 0.1746632415110049, 0.06743179948995034]
Timestep: 201 State: 0 Beliefs: [0.09920594938127629, 0.036554007280197316, 0.4193533400241364, 0.15451739678739948, 0.04059345655443885, 0.014957303626181386, 0.17159254757801298, 0.06322599876835727]
Timestep: 202 State: 2 Beliefs: [0.17887448043477064, 0.14331838376199688, 0.17127618626205957, 0.13723045418403645, 0.10473836390392774, 0.08391880717753233, 0.10028925021159915, 0.08035407406407721]
Timestep: 203 State: 2 Beliefs: [0.15925428075734477, 0.06091358170230572, 0.35143362335260864, 0.13442075545613974, 0.06631124883735706, 0.025363561058624702, 0.14633203162342048, 0.05597091721219878]
Timestep: 204 State: 0 Beliefs: [0.07930333903508419, 0.06645273433864522, 0.30141780493195913, 0.25257495535238034, 0.034027809543629474, 0.028513818147410427, 0.1293336167692258, 0.10837592188166541]
Timestep: 205 State: 0 Beliefs: [0.2515176626518128, 0.09302428561743828, 0.21470954072428566, 0.07941073175753363, 0.14230187838198533, 0.05263062020749244, 0.12147684035174858, 0.04492844030770322]
Timestep: 206 State: 2 Beliefs: [0.2721104878667322, 0.1021341408152068, 0.19065595452107906, 0.07156093930436933, 0.15542594323554826, 0.05833768223050027, 0.1089001816770304, 0.040874670349533536]
Timestep: 207 State: 0 Beliefs: [0.17412866453714143, 0.0668331245791026, 0.33994240750276294, 0.13047486082055257, 0.070647538411363, 0.027115557041709513, 0.1379215441383004, 0.052936302969067435]
Timestep: 208 State: 2 Beliefs: [0.1855821768904051, 0.15087880992453548, 0.16920227054751386, 0.13756190192668263, 0.10293604135762177, 0.08368727901899996, 0.09385067149615318, 0.07630084883808802]
Timestep: 209 State: 0 Beliefs: [0.163882851624821, 0.06427022828527915, 0.33959712095513034, 0.13318040461473216, 0.06992467560193229, 0.02742248392161625, 0.1448975184572706, 0.05682471653921832]
Timestep: 210 State: 2 Beliefs: [0.19465446374702974, 0.16335480698131755, 0.1896417344777739, 0.15914810446617209, 0.08074835026794706, 0.06776433952844083, 0.07866892392939516, 0.06601927660192371]
Timestep: 211 State: 2 Beliefs: [0.16614510971282728, 0.06228907177747202, 0.34670947556343196, 0.12998403291332591, 0.06947903620688466, 0.026048221827296356, 0.1449879581022773, 0.05435709389648441]
Timestep: 212 State: 2 Beliefs: [0.11950420467146146, 0.04605368902281988, 0.38826373662091723, 0.14962634523476206, 0.05037929606366001, 0.01941481841984462, 0.16368004616894696, 0.06307786379758765]
Timestep: 213 State: 5 Beliefs: [0.09773950386573604, 0.037498339934722354, 0.4047991888063458, 0.15530360792512196, 0.04282398137937581, 0.016429674262803375, 0.17736035316531273, 0.06804535066058186]
Timestep: 214 State: 0 Beliefs: [0.07023929729153475, 0.13145336529513005, 0.06876524804947119, 0.1286946712171448, 0.10573174858122657, 0.19787775085295295, 0.10351285104283957, 0.19372506766970007]
Timestep: 215 State: 2 Beliefs: [0.12539767927856563, 0.1531290287952246, 0.10141858383505606, 0.12384702279816255, 0.12350980822745825, 0.15082366028912567, 0.09989171978487547, 0.1219824969915318]
Timestep: 216 State: 0 Beliefs: [0.14501254868149396, 0.06144775439936071, 0.335754957629732, 0.14227312299788883, 0.06684283430664889, 0.028324045768297626, 0.1547646269549649, 0.06558010926161309]
Timestep: 217 State: 2 Beliefs: [0.1817428328041839, 0.15400571830789728, 0.16679155771698898, 0.14133626761267615, 0.10052071879332808, 0.08517951032089478, 0.09225127071962655, 0.07817212372440423]
Timestep: 218 State: 2 Beliefs: [0.1684445111851752, 0.06240981942019452, 0.34899167143083165, 0.12930375136537525, 0.06908572890473232, 0.02559672520713351, 0.14313523090090333, 0.05303256158565423]
Timestep: 219 State: 2 Beliefs: [0.12200407821142577, 0.047792181932482955, 0.38106058502142937, 0.14927137742955382, 0.05225554206104502, 0.020469859776606175, 0.16321198209363547, 0.06393439347382139]
Timestep: 220 State: 2 Beliefs: [0.10006413566503272, 0.0389613298801105, 0.4075657101613725, 0.15869124313005722, 0.04181397300822408, 0.016280838135903183, 0.17031018646694407, 0.06631258355235568]
Timestep: 221 State: 2 Beliefs: [0.1002854181282425, 0.036479747124968445, 0.41568764666507296, 0.15121022095080178, 0.04223367615946368, 0.015362889792061971, 0.1750605200677535, 0.0636798811116352]
Timestep: 222 State: 2 Beliefs: [0.09194264469659447, 0.035329040220837646, 0.41153648049253416, 0.1581332462171521, 0.03998041678706745, 0.015362509501192067, 0.17895286857877174, 0.0687627935058504]
Timestep: 223 State: 4 Beliefs: [0.09608896785018929, 0.0363953272968397, 0.4177729452012015, 0.15823859300963913, 0.03953493186250478, 0.014974526389308934, 0.1718888785263906, 0.06510582986392627]
Timestep: 224 State: 0 Beliefs: [0.17979743153887598, 0.06660479255458435, 0.15018020478757874, 0.05563328296777631, 0.217794750306822, 0.080680652885338, 0.18191839517833075, 0.06739048978069381]
Timestep: 225 State: 2 Beliefs: [0.22442368427815151, 0.08172427556540154, 0.15882151760777377, 0.05783513229649169, 0.20484507137877578, 0.07459468957307018, 0.14496600577382643, 0.052789623526509205]
Timestep: 226 State: 0 Beliefs: [0.12397728269085645, 0.10060653791626882, 0.25832406673826697, 0.20962784028581516, 0.05504204836216535, 0.04466616629552648, 0.11468783204398765, 0.09306822566711319]
Timestep: 227 State: 2 Beliefs: [0.18923983882621245, 0.15456158567575107, 0.1676456208794118, 0.13692451417966736, 0.10262959319256802, 0.08382269166730753, 0.09091849780727208, 0.07425765777180952]
Timestep: 228 State: 2 Beliefs: [0.1701717213383733, 0.06396956172881585, 0.3422217577477973, 0.12864520429726092, 0.0712037838676396, 0.026766344088329567, 0.14319349820188412, 0.0538281287298993]
Timestep: 229 State: 2 Beliefs: [0.11601910346636142, 0.04475001980039733, 0.3974476458514409, 0.15330052974103614, 0.04703962139159069, 0.01814377051523422, 0.16114403770799227, 0.062155271525946965]
Timestep: 230 State: 4 Beliefs: [0.10168177426059771, 0.038193599551032326, 0.4139161152180314, 0.15547472954041983, 0.041680156137826746, 0.01565585577482919, 0.16966745944101327, 0.06373031007624934]
Timestep: 231 State: 0 Beliefs: [0.11410105474516376, 0.09506267107417565, 0.11922341980453956, 0.09933034156897384, 0.15266628154968584, 0.1271930793233128, 0.15951996426192278, 0.13290318767222592]
Timestep: 232 State: 2 Beliefs: [0.2125402273578827, 0.07796112069820631, 0.15899341495185637, 0.05831980593683107, 0.20599882283032872, 0.0755616914972122, 0.15410003426178073, 0.05652488246590202]
Timestep: 233 State: 0 Beliefs: [0.15466583752308508, 0.05834532782844644, 0.336413814116291, 0.126906979491857, 0.07401748207190936, 0.02792196599896941, 0.16099549747938768, 0.06073309549005394]
Timestep: 234 State: 2 Beliefs: [0.24372126341683237, 0.09321753691114913, 0.21677004449225984, 0.08290934217392996, 0.1391161552996766, 0.05320859230655512, 0.12373239310813586, 0.04732467229146114]
Timestep: 235 State: 2 Beliefs: [0.19591662953491112, 0.07639353041736625, 0.2576185102566341, 0.10045286888655784, 0.11487392726983083, 0.044792649189008105, 0.15105226177499823, 0.05889962267069343]
Timestep: 236 State: 2 Beliefs: [0.10924344217068041, 0.04070551278941579, 0.4015180353634874, 0.14961078851885604, 0.046578701202703875, 0.017355823652633908, 0.1711973572516374, 0.06379033905058532]
Timestep: 237 State: 2 Beliefs: [0.10023633791803394, 0.039263745612224385, 0.40891480103474065, 0.16017670894990652, 0.04122221004585103, 0.016147221680599493, 0.16816627751200747, 0.0658726972466364]
Timestep: 238 State: 2 Beliefs: [0.09248132507782304, 0.03604403223450225, 0.4111603286069024, 0.160247229647551, 0.039647516159676446, 0.015452377539733303, 0.17626786552790352, 0.06869932520590803]
Timestep: 239 State: 4 Beliefs: [0.09667993432349467, 0.03781999453961327, 0.4058870642961795, 0.15877799941420448, 0.04159920629485128, 0.016273094990520594, 0.1746440958841769, 0.0683186102569594]
Timestep: 240 State: 4 Beliefs: [0.11110391910124953, 0.08847319489902822, 0.12227938110130088, 0.09737233037161397, 0.1539158322859414, 0.12256476223373006, 0.16939755920279564, 0.13489302080434035]
Timestep: 241 State: 2 Beliefs: [0.0985162564268221, 0.08293058200687321, 0.07589110341415377, 0.06388482067377917, 0.20817513634204782, 0.17524097892442728, 0.1603658256353371, 0.13499529657655962]
Timestep: 242 State: 4 Beliefs: [0.12307454722693205, 0.045542758797712767, 0.29945668863245645, 0.11081156947588058, 0.08953145791894743, 0.03313040498367092, 0.21784190574683807, 0.08061066721756183]
Timestep: 243 State: 2 Beliefs: [0.1189819179464157, 0.09361894265861247, 0.10947580370928994, 0.08613921482238368, 0.17248620964832562, 0.13571790444444135, 0.15870534578643825, 0.12487466098409299]
Timestep: 244 State: 5 Beliefs: [0.13289602626372374, 0.048856223481464026, 0.2756936022396477, 0.10135252815385924, 0.10492861852271732, 0.03857463748369809, 0.2176750474175329, 0.08002331643735695]
Timestep: 245 State: 2 Beliefs: [0.06828450977449467, 0.15719737118266452, 0.06509335873658119, 0.14985104101402938, 0.08675735027245969, 0.19972358941497884, 0.08270290499222142, 0.19038987461257023]
Timestep: 246 State: 2 Beliefs: [0.11433913009990673, 0.0696070260175456, 0.23329237085533458, 0.1420230162118001, 0.09010748614484462, 0.05485535990154388, 0.18385122447736874, 0.11192438629165563]
Timestep: 247 State: 0 Beliefs: [0.11785844064462382, 0.048097596685584866, 0.37585380644349964, 0.15338455774729393, 0.051674628647596664, 0.02108822612937606, 0.16479181098549056, 0.0672509327165344]
Timestep: 248 State: 5 Beliefs: [0.18499437194679236, 0.15117894817058936, 0.17266419191366003, 0.1411026219097068, 0.09963856928292597, 0.08142547226111072, 0.09299749428927395, 0.07599833022594067]
Timestep: 249 State: 0 Beliefs: [0.09410399187266345, 0.15556130431117074, 0.07432985283839978, 0.12287309631290753, 0.11648155063346718, 0.19255316999993885, 0.09200519919165435, 0.15209183483979805]
Timestep: 250 State: 2 Beliefs: [0.19048663913694172, 0.11665539563092742, 0.12215322061767325, 0.07480751586205667, 0.18738598922712818, 0.11475653519860983, 0.1201648692340398, 0.07358983509262323]
Timestep: 251 State: 4 Beliefs: [0.14344484709222677, 0.05781231384692809, 0.3376644866672915, 0.1360882992584623, 0.0690629059541661, 0.027834296422206528, 0.16257182575384843, 0.06552102500487036]
Timestep: 252 State: 2 Beliefs: [0.11797771117918775, 0.10038358792411396, 0.11087040239866552, 0.0943361985592723, 0.16055546180708083, 0.13661167991747764, 0.15088314970628827, 0.12838180850791375]
Timestep: 253 State: 2 Beliefs: [0.13330856162108495, 0.04991207818001513, 0.28242759493250363, 0.10574375739296227, 0.09999635594513198, 0.03743965034921385, 0.2118523369254574, 0.07931966465363081]
Timestep: 254 State: 4 Beliefs: [0.09870415436009086, 0.03750559356307996, 0.37698483066652233, 0.14324665390317098, 0.05165836017187653, 0.019629137935504967, 0.1973008966862614, 0.07497037271349288]
Timestep: 255 State: 4 Beliefs: [0.10987018508012986, 0.09485373040981622, 0.1112801035463184, 0.0960709489481679, 0.1567565057318212, 0.13533188575068703, 0.15876809688337232, 0.137068543649687]
Timestep: 256 State: 2 Beliefs: [0.09839060889324291, 0.08113055262437083, 0.0837954367709779, 0.06909572132037944, 0.19759904939915565, 0.1629354697174235, 0.16828738876794785, 0.13876577250650185]
Timestep: 257 State: 4 Beliefs: [0.12207317637048436, 0.04738674136817375, 0.2783878115942678, 0.10806543763580706, 0.0975171906577359, 0.03785452324615944, 0.22238789967778697, 0.08632721944958476]
Timestep: 258 State: 5 Beliefs: [0.11570322177372092, 0.09473196363628372, 0.10811420585364953, 0.08851846007817743, 0.16853249321169103, 0.1379859071658824, 0.15747838638194214, 0.1289353618986528]
Timestep: 259 State: 2 Beliefs: [0.06984115745106548, 0.10820219660602134, 0.04490017628778546, 0.06956210176986216, 0.16892743290438608, 0.26171272032651616, 0.10860174421599995, 0.16825247043836336]
Timestep: 260 State: 2 Beliefs: [0.11165891497255534, 0.06758423837499913, 0.24150199064720088, 0.14617487647940117, 0.08529817057747845, 0.05162876510735014, 0.18448753508028212, 0.11166550876073289]
Timestep: 261 State: 2 Beliefs: [0.10255944842362236, 0.043268842265952956, 0.34523858504975374, 0.14565282975135346, 0.05851527180132465, 0.024687028885558203, 0.19697580233707698, 0.08310219148535751]
Timestep: 262 State: 2 Beliefs: [0.09860532695894862, 0.03890044640380486, 0.3883127683558797, 0.15319192683808777, 0.046613828746471374, 0.0183894603136721, 0.18356761690719686, 0.07241862547593879]
Timestep: 263 State: 2 Beliefs: [0.09490313007542517, 0.03607632117915261, 0.3990997744086246, 0.1517131377294923, 0.0442933983268201, 0.01683762024376355, 0.18626872755383217, 0.07080789048288956]
Timestep: 264 State: 2 Beliefs: [0.09928339905403988, 0.037510059503371496, 0.3941829150851823, 0.14892544716372685, 0.046742682971003174, 0.017659758190140408, 0.18558154946310548, 0.07011418856943048]
Timestep: 265 State: 4 Beliefs: [0.10703012222550667, 0.08915627756094358, 0.26926740186096215, 0.2243002130544977, 0.048141315626524836, 0.040101799464492945, 0.12111438080590789, 0.10088848940116418]
Timestep: 266 State: 4 Beliefs: [0.10309601131386703, 0.0868537247034237, 0.10854155990199453, 0.09144135299189785, 0.16129839526312553, 0.1358865996729709, 0.1698182035214514, 0.14306415263126912]
Timestep: 267 State: 0 Beliefs: [0.09807466756362986, 0.08436278017380328, 0.07158200975773496, 0.061574079256224684, 0.2126879309774413, 0.18295188362509326, 0.15523508698820795, 0.13353156165786456]
Timestep: 268 State: 2 Beliefs: [0.16759423396711853, 0.13893254314257922, 0.11342882123700264, 0.09403041039713594, 0.1584734626550385, 0.13137159117058134, 0.10725582641365757, 0.08891311101688651]
Timestep: 269 State: 2 Beliefs: [0.15649699585594445, 0.058956083620923465, 0.3273621406539033, 0.12332498546158464, 0.07843402098124182, 0.029547932689723326, 0.16406914949439377, 0.06180869124228529]
Timestep: 270 State: 2 Beliefs: [0.11620039260233248, 0.04640689004165948, 0.37937756711409115, 0.15151182063202875, 0.05135685397675553, 0.020510359922286666, 0.16767274085736658, 0.0669633748534795]
Timestep: 271 State: 4 Beliefs: [0.10610533739719874, 0.03997497743644603, 0.39764806289153376, 0.14981312657467866, 0.04688527201746641, 0.01766393413352771, 0.17571064805247347, 0.06619864149667526]
Timestep: 272 State: 2 Beliefs: [0.12635139939448073, 0.10869160790516287, 0.11072590873699127, 0.09525004958441011, 0.16014738919288116, 0.13776402411533956, 0.14034245196506273, 0.12072716910567169]
Timestep: 273 State: 2 Beliefs: [0.1317637596053076, 0.05146915939212735, 0.2934800443639065, 0.1146382831441769, 0.09105433773352677, 0.03556736872255052, 0.20280713875809245, 0.07921990828031202]
Timestep: 274 State: 2 Beliefs: [0.10865723874921396, 0.04272568186453085, 0.371481606973423, 0.14607222805195733, 0.053775514172845325, 0.0211453515393808, 0.1838498258441633, 0.07229255280448536]
Timestep: 275 State: 2 Beliefs: [0.10064621166408713, 0.03918769880145011, 0.4047011309271633, 0.1575747935382932, 0.04270203195363555, 0.01662650127353052, 0.17170602190375947, 0.06685560993808069]
Timestep: 276 State: 0 Beliefs: [0.09580831811438939, 0.03802646033942341, 0.41263642215469293, 0.16377599409409077, 0.03908600998571306, 0.015513294020812146, 0.1683393637862529, 0.06681413750462549]
Timestep: 277 State: 2 Beliefs: [0.17486054976127932, 0.14239605288245133, 0.1749422956290321, 0.14246262186512548, 0.1006572565227516, 0.0819692952034291, 0.10070431296167567, 0.0820076151742552]
Timestep: 278 State: 2 Beliefs: [0.15521866290335873, 0.059104593615502035, 0.35184406495847137, 0.13397616038185026, 0.06647684226821893, 0.02531323665345069, 0.1506873076455753, 0.057379131573572766]
Timestep: 279 State: 2 Beliefs: [0.11452958160457345, 0.0417637553206745, 0.40054858548001876, 0.14606194210842877, 0.04840817900058529, 0.017652272146422694, 0.1692997333325952, 0.061735951006701296]
Timestep: 280 State: 0 Beliefs: [0.10231391188362828, 0.038021028086534285, 0.4179717494537453, 0.15532311620959177, 0.04105721846427347, 0.015257335269915575, 0.1677265301783752, 0.062329110453936035]
Timestep: 281 State: 2 Beliefs: [0.17611651012468807, 0.15095389299860906, 0.1646757835387784, 0.14114775832302953, 0.10215524696856858, 0.08755983302884043, 0.09551912722570044, 0.08187184779178545]
Timestep: 282 State: 0 Beliefs: [0.15815315637423602, 0.05968390175690888, 0.3589404055831786, 0.13545707461391754, 0.06389891757524357, 0.024114199212750796, 0.14502336795929038, 0.05472897692447427]
Timestep: 283 State: 2 Beliefs: [0.23315787488449655, 0.0910484339150911, 0.2250161636052755, 0.08786908575140957, 0.13281444400676254, 0.05186420203096197, 0.12817665573840994, 0.050053140067592865]
Timestep: 284 State: 4 Beliefs: [0.17039157787945186, 0.06262402959776735, 0.3443286756579548, 0.12655114439411616, 0.0716778705292915, 0.026343773215757062, 0.14484721921405266, 0.05323570951160859]
Timestep: 285 State: 2 Beliefs: [0.12538077987554003, 0.10211319343925054, 0.12424862403222375, 0.10119113785188948, 0.1514384767437083, 0.12333522319151333, 0.15007102667266475, 0.12222153819320981]
Timestep: 286 State: 2 Beliefs: [0.13802635092357443, 0.05493710318092773, 0.2816471845613437, 0.11210091649406655, 0.09722783779945894, 0.038698521851127834, 0.1983965133756755, 0.07896557181382549]
Timestep: 287 State: 2 Beliefs: [0.10152906243835726, 0.03978156036977759, 0.3885102725146827, 0.15222779063586175, 0.04732990397933954, 0.018545009549290743, 0.18111222000371777, 0.0709641805089726]
Timestep: 288 State: 5 Beliefs: [0.09784386577260054, 0.03895410080461523, 0.40096075994209146, 0.15963255067803345, 0.04245594721877084, 0.01690277908233007, 0.17398299552537433, 0.06926700097618416]
Timestep: 289 State: 2 Beliefs: [0.07391217507516248, 0.14778200917888604, 0.07517558863027543, 0.150308112536128, 0.09137367085987912, 0.18269499784022522, 0.09293556149870014, 0.18581788438074356]
Timestep: 290 State: 2 Beliefs: [0.11407923858726961, 0.06548385344124795, 0.2614274801816015, 0.15006480591672827, 0.0789301524258122, 0.04530754760949142, 0.18087875685850227, 0.10382816497934673]
Timestep: 291 State: 2 Beliefs: [0.0975968700134919, 0.043990749705937936, 0.37214798622677736, 0.16774174124034766, 0.04561679719997557, 0.020561285497508734, 0.17394204561826004, 0.07840252449770081]
Timestep: 292 State: 2 Beliefs: [0.09823095142751692, 0.03824482982144564, 0.40697630217488756, 0.15845045977717914, 0.04171860763738445, 0.01624254907738261, 0.1728425147207894, 0.06729378536341435]
Timestep: 293 State: 0 Beliefs: [0.09722203230113169, 0.035536038726024934, 0.42255762126922797, 0.1544508342192459, 0.03975545067261725, 0.014531183942924587, 0.17278972956124602, 0.06315710930758171]
Timestep: 294 State: 2 Beliefs: [0.19220566472075581, 0.15371795739557872, 0.16957227009169884, 0.13561672611105144, 0.10299006534657847, 0.08236709620454605, 0.09086235415113544, 0.0726678659786552]
Timestep: 295 State: 2 Beliefs: [0.1573204935645969, 0.058090475368345114, 0.35568454916098347, 0.13133625552384337, 0.06664502091425623, 0.024608624459042935, 0.15067715388255037, 0.05563742712638157]
Timestep: 296 State: 2 Beliefs: [0.11197671924277783, 0.040880063170591494, 0.40866039821796973, 0.14919228753477853, 0.045579531600084114, 0.016640013600126853, 0.16634305470134825, 0.06072793193232314]
Timestep: 297 State: 2 Beliefs: [0.1471665841379749, 0.0530181666924917, 0.37588390973505975, 0.13541576642612646, 0.059677836561765146, 0.02149951026730732, 0.152425488861896, 0.054912737317378744]
Timestep: 298 State: 5 Beliefs: [0.09605160837920429, 0.03728777083360191, 0.41442296132960443, 0.1608813081945913, 0.03949128197251863, 0.015330736225706373, 0.17038854734364797, 0.06614578572112513]
Timestep: 299 State: 2 Beliefs: [0.06978401309659209, 0.14196203408615124, 0.06915770486677675, 0.1406879315184698, 0.09574110472831404, 0.19476670041996258, 0.09488183282401765, 0.1930186784597157]
Timestep: 300 State: 0 Beliefs: [0.1108522044577554, 0.06195475248024557, 0.26131241703894853, 0.14604622611571455, 0.08021773219490043, 0.044833296432599576, 0.1890976331212328, 0.10568573815860301]
Timestep: 301 State: 0 Beliefs: [0.15899881356665688, 0.14602522635491047, 0.1530651504874345, 0.14057572346353217, 0.10659018268527727, 0.09789290375618828, 0.10261235280454015, 0.09423964688146044]
Timestep: 302 State: 2 Beliefs: [0.2696564482268219, 0.09999790160965828, 0.1947538228846384, 0.0722214274755317, 0.15391237129323648, 0.057076010094682265, 0.11116004418104679, 0.041221974234384104]
Timestep: 303 State: 0 Beliefs: [0.16609546782000947, 0.06309314188883532, 0.34072888645352256, 0.12942951581275564, 0.07140532216823428, 0.02712407618527244, 0.1464811546550007, 0.05564243501636963]
Timestep: 304 State: 1 Beliefs: [0.20216038388585614, 0.16012471909436646, 0.19120444457966637, 0.15144687296992948, 0.0846177963845231, 0.0670230270442419, 0.08003199463844114, 0.06339076140297545]
Timestep: 305 State: 4 Beliefs: [0.15178945363338636, 0.23085032958164117, 0.10539893990134785, 0.16029690753449027, 0.08233226736628252, 0.12521575512496352, 0.05716954302398143, 0.08694680383390671]
Timestep: 306 State: 2 Beliefs: [0.17659155234794208, 0.10539879181765785, 0.10844891169305257, 0.06472780897166634, 0.21137929614429982, 0.1261618810903201, 0.12981286090132685, 0.07747889703373441]
Timestep: 307 State: 2 Beliefs: [0.13503009510417815, 0.06025457452346296, 0.2704833027079748, 0.12069795483589024, 0.09521362213174225, 0.04248724172163002, 0.19072559311398934, 0.08510761586113226]
Timestep: 308 State: 2 Beliefs: [0.10940775726643157, 0.04299019336195969, 0.3730568913628667, 0.14658730144377005, 0.05339119564924809, 0.02097929691765684, 0.18205247939184582, 0.07153488460622112]
Timestep: 309 State: 4 Beliefs: [0.10731584489569973, 0.03908076798704252, 0.4070762710415132, 0.14824328427051586, 0.04561756288337353, 0.01661235946017213, 0.17303900845782316, 0.06301490100385962]
Timestep: 310 State: 2 Beliefs: [0.1198161930279064, 0.1033398210850105, 0.11697951573428476, 0.10089322587454098, 0.15185813993441358, 0.13097556026896745, 0.14826286181283915, 0.12787468226203716]
Timestep: 311 State: 5 Beliefs: [0.12823169131850934, 0.049590500684103915, 0.2951689539519955, 0.11414944357651031, 0.09016862643317783, 0.03487053227515049, 0.2075538337668924, 0.0802664179936601]
Timestep: 312 State: 0 Beliefs: [0.07150481133882054, 0.1506575947379715, 0.06812251712811557, 0.14353124476319254, 0.09332263544291973, 0.19662682170878898, 0.08890832256415891, 0.18732605231603214]
Timestep: 313 State: 2 Beliefs: [0.1267389513702595, 0.15782619754441607, 0.08909741685278272, 0.11095173473404828, 0.13478645396570102, 0.16784763705165032, 0.09475480698910477, 0.11799680149203723]
Timestep: 314 State: 0 Beliefs: [0.15141060406131834, 0.06150006221973546, 0.33131666869713494, 0.13457443001189934, 0.07164509772155667, 0.029100854559898255, 0.15677379568457273, 0.06367848704388406]
Timestep: 315 State: 2 Beliefs: [0.23627825645840075, 0.09197089872298793, 0.22244843569736178, 0.08658766514222663, 0.13447919356272978, 0.05234579125855558, 0.12660786773301222, 0.04928189142472537]
Timestep: 316 State: 2 Beliefs: [0.16699306689043492, 0.06482698715705064, 0.34394871696346424, 0.13352146572590243, 0.06844379413094358, 0.02656999506463127, 0.14097085354384806, 0.05472512052372487]
Timestep: 317 State: 2 Beliefs: [0.10459243321434644, 0.03929179663767882, 0.4046620819512561, 0.1520176913603684, 0.044705036741320044, 0.016794151912692755, 0.17296120460622935, 0.06497560357610792]
Timestep: 318 State: 2 Beliefs: [0.09561144708225061, 0.03672839978857816, 0.40961732030044656, 0.15735133354250602, 0.041111396962488424, 0.015792625983437523, 0.17612891313208262, 0.06765856320821007]
Timestep: 319 State: 4 Beliefs: [0.10113572167809563, 0.03656284346143381, 0.40960322579188135, 0.14808080050681552, 0.0443032394395842, 0.01601661986078231, 0.17942967614591204, 0.06486787311549526]
Timestep: 320 State: 2 Beliefs: [0.17067932151601767, 0.06309771697251862, 0.15567174034994846, 0.05754962772276221, 0.21115497366425273, 0.07806098973949975, 0.19258842806436235, 0.07119720197063814]
Timestep: 321 State: 2 Beliefs: [0.12944801079347112, 0.05060722000115048, 0.28809114445600326, 0.11262816507183838, 0.09344056610867359, 0.03653024296864815, 0.2079552977589851, 0.08129935284122965]
Timestep: 322 State: 2 Beliefs: [0.10993873992759046, 0.04048582526736146, 0.3802139314533664, 0.14001683849729477, 0.05398859228951705, 0.019881733366271342, 0.18671502821980776, 0.06875931097879076]
Timestep: 323 State: 2 Beliefs: [0.09625657508976676, 0.0375955792888245, 0.40536951273519156, 0.15832790272348118, 0.04173587627426045, 0.016301062490476474, 0.17576411598995118, 0.06864937540804798]
Timestep: 324 State: 2 Beliefs: [0.09418995422129615, 0.03598100244578444, 0.4146382333031136, 0.1583937417735987, 0.039754245908423455, 0.015186307617271251, 0.17500412253135292, 0.06685239219915948]
Timestep: 325 State: 4 Beliefs: [0.0922990828584303, 0.035842694241656814, 0.40941757486479335, 0.15898997583266977, 0.040209957312887956, 0.015614816104364758, 0.17836215375736847, 0.06926374502782853]
Timestep: 326 State: 2 Beliefs: [0.1645338762667744, 0.061064048914339614, 0.14075928083912803, 0.05224049785572032, 0.22852579592753028, 0.08481360007638185, 0.1955045819001607, 0.07255831821996475]
Timestep: 327 State: 2 Beliefs: [0.13224238713277175, 0.04826479494220379, 0.2902032803883604, 0.10591612964031283, 0.09709560897026112, 0.03543719799940543, 0.21307437687271216, 0.07776622405397252]
Timestep: 328 State: 2 Beliefs: [0.1388823610639386, 0.05204063563684657, 0.30772185529732715, 0.11530651427829691, 0.08732832709896042, 0.032722813872959, 0.19349350507176533, 0.072503987679906]
Timestep: 329 State: 2 Beliefs: [0.09953761676448106, 0.035599461399751696, 0.4136805422377422, 0.14795215089453453, 0.04331820285477014, 0.015492682470827319, 0.18003141152280772, 0.06438793185508535]
Timestep: 330 State: 2 Beliefs: [0.09822562544828892, 0.03563850348829484, 0.4166431628875843, 0.15116766878476554, 0.041761734743452704, 0.015152112521954015, 0.17714054934009651, 0.06427064278556313]
Timestep: 331 State: 0 Beliefs: [0.09491908289146786, 0.035726238665217666, 0.41747330628030094, 0.15713121663408125, 0.039670217107111314, 0.014931324672512784, 0.17447763075734254, 0.06567098299196546]
Timestep: 332 State: 0 Beliefs: [0.26093990738121375, 0.09350136994385533, 0.2635221998924851, 0.09442667067620705, 0.10534801525879411, 0.03774885890939266, 0.10639055180910666, 0.038122426128945446]
Timestep: 333 State: 2 Beliefs: [0.2632328639919953, 0.09893217382805633, 0.2034174165764656, 0.07645142369840645, 0.1467655379195574, 0.05515965403874255, 0.11341542280586783, 0.04262550714090859]
Timestep: 334 State: 2 Beliefs: [0.16169423847319922, 0.059128084544021554, 0.3468895758253537, 0.1268500124711677, 0.07110608621975668, 0.026001957257698653, 0.15254693253316381, 0.05578311267563867]
Timestep: 335 State: 2 Beliefs: [0.10955532350862521, 0.04083819186824624, 0.40219476272348004, 0.14992340273827148, 0.046392721907279666, 0.017293499009114935, 0.17031495304859118, 0.0634871451963913]
Timestep: 336 State: 2 Beliefs: [0.10148749569751424, 0.03908904273634645, 0.4008762707461929, 0.15440197407067285, 0.044358301644582675, 0.017085095427567126, 0.17521558116790303, 0.06748623850922056]
Timestep: 337 State: 2 Beliefs: [0.09839398089270382, 0.03811334873828295, 0.4022676816465611, 0.15582018633289046, 0.04326260013636311, 0.016757961730607892, 0.17687205762956865, 0.06851218289302194]
Timestep: 338 State: 2 Beliefs: [0.10446966284263273, 0.039758051921401964, 0.40876913984301133, 0.15556539806418415, 0.04296927064385967, 0.016352828627931405, 0.1681302621530451, 0.06398538590393363]
Timestep: 339 State: 4 Beliefs: [0.1035312208115571, 0.037806680489209536, 0.4088856721065444, 0.14931350988398845, 0.044468396770467336, 0.01623860373122138, 0.1756232579744035, 0.0641326582326083]
Timestep: 340 State: 2 Beliefs: [0.11900104151342658, 0.09597122316473854, 0.10882413007139576, 0.08776381063532192, 0.17014509058683128, 0.1372175592030518, 0.15559436483538375, 0.1254827799898503]
Timestep: 341 State: 2 Beliefs: [0.12748591679965826, 0.04710448174965535, 0.2874101951861994, 0.1061945400219258, 0.09688403856515079, 0.03579746328840994, 0.2184198940044168, 0.08070347038458359]
Timestep: 342 State: 4 Beliefs: [0.10257570558759774, 0.03937052000606605, 0.3775532188596347, 0.14491215508894462, 0.05181007825222215, 0.019885700133966105, 0.1906987790280541, 0.07319384304351442]
Timestep: 343 State: 0 Beliefs: [0.11360506361373718, 0.09520024444008765, 0.10828652806478964, 0.09074334904989068, 0.16495124478029946, 0.1382279831924884, 0.15722888601123944, 0.1317567008474674]
Timestep: 344 State: 5 Beliefs: [0.15267510070041945, 0.12713956293234094, 0.12042455966834441, 0.10028305737027661, 0.15235647650654716, 0.12687422994377404, 0.12017324050712737, 0.10007377237117021]
Timestep: 345 State: 2 Beliefs: [0.10450521881977685, 0.16991775781208238, 0.06909660215496734, 0.11234596552400787, 0.12474048777944662, 0.202818808775681, 0.08247572661014203, 0.13409943252389575]
Timestep: 346 State: 2 Beliefs: [0.09927619120098603, 0.06182221379885629, 0.2316541446079102, 0.14425787172220952, 0.08559208557308151, 0.05330071742051775, 0.19972322798421688, 0.12437354769222186]
Timestep: 347 State: 2 Beliefs: [0.11377597052989327, 0.046537444129756536, 0.36800527697308344, 0.15052409517430385, 0.053826857018798684, 0.022016637955503855, 0.17410150257157417, 0.07121221564708631]
Timestep: 348 State: 5 Beliefs: [0.10235055415592172, 0.038385211880585815, 0.40559520493765133, 0.15211307850432965, 0.044190252129627496, 0.01657296538393113, 0.1751173163308735, 0.06567541667707946]
Timestep: 349 State: 2 Beliefs: [0.061266626276077187, 0.14041976592696043, 0.062213513482092586, 0.14258997975967205, 0.08945453178923624, 0.2050249079873877, 0.09083706836452667, 0.20819360641404713]
Timestep: 350 State: 2 Beliefs: [0.10950589661143914, 0.0646627684346435, 0.2551504120720818, 0.15066523833290452, 0.07930247922588599, 0.04682777831290702, 0.18477598813349036, 0.10910943887664762]
Timestep: 351 State: 2 Beliefs: [0.10071239102723627, 0.042418621258661186, 0.37131530246903877, 0.15639270423755333, 0.049416608890646856, 0.02081357015794466, 0.18219350062161133, 0.07673730133730759]
Timestep: 352 State: 2 Beliefs: [0.09669319882369302, 0.036018391711299766, 0.4124909260738463, 0.15365361714607037, 0.04166603443389697, 0.015520673300228782, 0.17774632899259907, 0.06621082951836584]
Timestep: 353 State: 2 Beliefs: [0.09107841155755406, 0.03414281791521652, 0.3702024694853296, 0.13877883124272342, 0.05253251274562337, 0.0196930094259406, 0.21352662627861044, 0.08004532134900211]
Timestep: 354 State: 4 Beliefs: [0.09549537155637698, 0.03602749413784972, 0.42172056934884194, 0.15910232184453393, 0.03856224110298323, 0.014548358654847294, 0.17029610973047649, 0.06424753362409057]
Timestep: 355 State: 0 Beliefs: [0.12385138692391968, 0.09930978597549973, 0.11067577365755386, 0.08874496820416129, 0.16923116724531626, 0.13569739844609302, 0.15122794202822892, 0.12126157751922725]
Timestep: 356 State: 4 Beliefs: [0.24209244309713154, 0.09466759007737358, 0.16976684585152152, 0.06638545989373318, 0.18047210413116305, 0.07057163352858269, 0.12655570529412333, 0.049488218126371254]
Timestep: 357 State: 0 Beliefs: [0.18563626638829617, 0.07201934094885983, 0.11988861688922588, 0.04651192002306267, 0.25212714986136553, 0.0978151065069835, 0.16283011862496397, 0.06317148075724233]
Timestep: 358 State: 2 Beliefs: [0.15596375764724188, 0.13546335267820575, 0.09790941432267862, 0.08503986902462365, 0.17281263116023735, 0.15009755314472523, 0.1084866366372723, 0.0942267853850152]
Timestep: 359 State: 2 Beliefs: [0.15717385300159908, 0.05830108302234986, 0.3308307240015512, 0.12271627333690363, 0.07775693949374841, 0.028842671337596718, 0.16366834621404794, 0.06071010959220316]
Timestep: 360 State: 4 Beliefs: [0.12027642263816335, 0.04388577380321155, 0.3878772110712702, 0.14152642035009436, 0.05314103509443811, 0.019389797224340276, 0.17137354132888016, 0.06252979848960202]
Timestep: 361 State: 2 Beliefs: [0.17432269099374512, 0.0676214983263016, 0.1466569869967042, 0.056889697745050934, 0.21698204978431573, 0.0841694860989386, 0.18254613597537012, 0.07081145407957379]
Timestep: 362 State: 0 Beliefs: [0.13288493237970536, 0.051643176662433024, 0.2862960634142556, 0.11126346618752976, 0.09540531733129069, 0.037077444140896434, 0.20554750859705356, 0.0798820912868356]
Timestep: 363 State: 2 Beliefs: [0.16728840260552824, 0.14314485039055103, 0.15568609876529158, 0.1332170250211341, 0.11183432227161705, 0.0956940653432378, 0.10407804170133819, 0.08905719390130187]
Timestep: 364 State: 2 Beliefs: [0.16309995187670037, 0.06332425193049718, 0.3364141291019809, 0.13061422041581794, 0.07209992026258535, 0.027993101545046754, 0.14871513819817944, 0.05773928666919199]
Timestep: 365 State: 0 Beliefs: [0.11323049554363968, 0.04342304412935502, 0.38961446219164686, 0.14941421835129576, 0.04953131186390529, 0.018994885878798214, 0.17043213792228432, 0.06535944411907486]
Timestep: 366 State: 4 Beliefs: [0.20178423010463042, 0.1623120542486825, 0.183293425779443, 0.14743834269463604, 0.08862464052678798, 0.07128826397134735, 0.08050338701990496, 0.06475565565456765]
Timestep: 367 State: 2 Beliefs: [0.1795220641502666, 0.06662840716757185, 0.13097980327765513, 0.0486122733983677, 0.24214606602885538, 0.08987088443842602, 0.17667045130658643, 0.06557005023227074]
Timestep: 368 State: 2 Beliefs: [0.1285007234347694, 0.050312706459517104, 0.28339352317146455, 0.11095887060193999, 0.09569394786034136, 0.037467660725612396, 0.21104196385396198, 0.08263060389239327]
Timestep: 369 State: 2 Beliefs: [0.10244414775628044, 0.03836382852831114, 0.3930597537911893, 0.14719510412346534, 0.0479739085699443, 0.01796552406867367, 0.18406725131594734, 0.06893048184618861]
Timestep: 370 State: 2 Beliefs: [0.09449503049042961, 0.03634180361130246, 0.40439024766726345, 0.15552427346470954, 0.04230532433255687, 0.016270186703225074, 0.18104508243128442, 0.06962805129922855]
Timestep: 371 State: 0 Beliefs: [0.09718886098347322, 0.0370028790905897, 0.41075423274549694, 0.1563871523590974, 0.0413884534114734, 0.01575789572831481, 0.17492212845712227, 0.06659839722443243]
Timestep: 372 State: 0 Beliefs: [0.2716462420854965, 0.1000939381291607, 0.23697857063575437, 0.08731988414434456, 0.11862841858408409, 0.04371120873587616, 0.10348898205625925, 0.03813275562902437]
Timestep: 373 State: 0 Beliefs: [0.2651839205417374, 0.0979798092499315, 0.2025772305996004, 0.07484797106845802, 0.14878501884885692, 0.0549728947979862, 0.113658690208432, 0.04199446468499768]
Timestep: 374 State: 4 Beliefs: [0.3162323329075878, 0.11405242327859624, 0.20132308490053144, 0.07260922842300936, 0.13282286129233184, 0.047903922593564206, 0.08455905800278152, 0.030497088601597593]
Timestep: 375 State: 2 Beliefs: [0.20135373852762778, 0.07598153797611813, 0.12251705169809517, 0.04623223827077613, 0.2500264563081151, 0.09434835838621713, 0.1521327813299566, 0.05740783750309419]
Timestep: 376 State: 2 Beliefs: [0.1298109706132199, 0.04846168367732245, 0.2974682681115199, 0.11105234823499055, 0.09140998932091579, 0.034125636427269006, 0.20947051765296773, 0.0782005859617947]
Timestep: 377 State: 2 Beliefs: [0.14045332936768107, 0.053504932304468886, 0.29832274632310735, 0.11364442849991968, 0.09134636232392036, 0.03479790015946377, 0.19401959211490258, 0.0739107089065362]
Timestep: 378 State: 2 Beliefs: [0.09869860870145927, 0.038873600098508945, 0.39954559604964157, 0.15736570075606876, 0.043419393964970465, 0.01710123556674735, 0.17576770199792935, 0.06922816286467445]
Timestep: 379 State: 2 Beliefs: [0.0985845700654185, 0.0386391031769687, 0.4096420565585678, 0.16055455411013017, 0.04077328029247356, 0.015980624382080505, 0.16942256156885832, 0.0664032498455027]
Timestep: 380 State: 2 Beliefs: [0.10193483657288958, 0.03840257824708386, 0.404148626407638, 0.15225755758162987, 0.044366954713172806, 0.01671465327497846, 0.1759049644661667, 0.06626982873644076]
Timestep: 381 State: 0 Beliefs: [0.09725449834191129, 0.036476851831695786, 0.4164932654526407, 0.15621244664081574, 0.040414522065663115, 0.015158111535933938, 0.17307555489782434, 0.06491474923351499]
Timestep: 382 State: 4 Beliefs: [0.22487078562008625, 0.08522688726478682, 0.2358873296540281, 0.08940219956175448, 0.12904063229428184, 0.048906892866474753, 0.13536240416837222, 0.05130286857021539]
Timestep: 383 State: 0 Beliefs: [0.18985566755258224, 0.06885339927466456, 0.15177304521857696, 0.055042286681655964, 0.21797616268350534, 0.07905162882456444, 0.17425292814275842, 0.06319488162169218]
Timestep: 384 State: 0 Beliefs: [0.15911842653165614, 0.13731372958079052, 0.11468259122141576, 0.09896713197744517, 0.15282840589942637, 0.13188565810611594, 0.11014913849275415, 0.09505491819039585]
Timestep: 385 State: 4 Beliefs: [0.22455104724988403, 0.18197603195331827, 0.15559074829030722, 0.1260906476691227, 0.1017324196847825, 0.0824438909636656, 0.07049008899310338, 0.057125125195816036]
Timestep: 386 State: 2 Beliefs: [0.13247220435089346, 0.10673917884280783, 0.09480660667746944, 0.07639020876274788, 0.19030936968159265, 0.15334134391014637, 0.13619902867056194, 0.10974205910378036]
Timestep: 387 State: 0 Beliefs: [0.1192079855261881, 0.04520917907708269, 0.290442132807403, 0.11014908385256722, 0.09177646971262429, 0.03480588012611778, 0.22360711396312258, 0.08480215493489436]
Timestep: 388 State: 2 Beliefs: [0.17015437664568567, 0.14584250217406333, 0.15528201278907552, 0.13309512064412654, 0.11138383180803967, 0.09546916778077137, 0.10164831452632986, 0.08712467363190812]
Timestep: 389 State: 2 Beliefs: [0.16106343211800928, 0.060159416751572874, 0.3424385843361731, 0.12790554153722758, 0.07183292933399273, 0.026830591372992058, 0.15272471414759062, 0.05704479040244173]
Timestep: 390 State: 0 Beliefs: [0.10536446401851479, 0.0416249414557054, 0.393483121856058, 0.15544815857639177, 0.0460385135797761, 0.01818782499694712, 0.17193062402708714, 0.0679223514895196]
Timestep: 391 State: 0 Beliefs: [0.1929582337416914, 0.15443141946218106, 0.1915817586043522, 0.1533297768673475, 0.0857618333303239, 0.06863828197458921, 0.08515004792462906, 0.0681486480948856]
Timestep: 392 State: 2 Beliefs: [0.2553425778351272, 0.09882011422916233, 0.20909310365294928, 0.08092110827226087, 0.14104322279470946, 0.054585128363597794, 0.11549646538934226, 0.04469827946285099]
Timestep: 393 State: 2 Beliefs: [0.15874834427631035, 0.060609026057226664, 0.3432637434614941, 0.13105573646643398, 0.0701022281717595, 0.02676454858978875, 0.1515830188776396, 0.0578733540993469]
Timestep: 394 State: 2 Beliefs: [0.11825351519001279, 0.04577260015300453, 0.3906442859565077, 0.15120738418990645, 0.04927338198811534, 0.019072336313252693, 0.16277203339351737, 0.06300446281568309]
Timestep: 395 State: 0 Beliefs: [0.10275135422455925, 0.04056007914725711, 0.4040844715438218, 0.15950834197450967, 0.04260263774336099, 0.016816969195133313, 0.16754099728239122, 0.06613514888896664]
Timestep: 396 State: 2 Beliefs: [0.1887720641090163, 0.1550425895043029, 0.16682617893916152, 0.13701795814924506, 0.10269632452272821, 0.08434671815307827, 0.09075726057288237, 0.07454090604958519]
Timestep: 397 State: 2 Beliefs: [0.1400005604830224, 0.05346379298869819, 0.3168510268452669, 0.12099992777933263, 0.08175956268773156, 0.031222563104763124, 0.18503926914756336, 0.07066329696362203]
Timestep: 398 State: 2 Beliefs: [0.10596959263475268, 0.04037465783231929, 0.4037317219236414, 0.15382271200101175, 0.04457706270716836, 0.016983963127754104, 0.16983338179938465, 0.06470690797396779]
Timestep: 399 State: 2 Beliefs: [0.0974672666642053, 0.036563540696686415, 0.41231035129533894, 0.15467271038994534, 0.04157030586887834, 0.015594543916441205, 0.17585255032648325, 0.0659687308420212]
Timestep: 400 State: 2 Beliefs: [0.10029922440071123, 0.03657019356664739, 0.4132297547655226, 0.15066808551678335, 0.04282850198769445, 0.015615739974240747, 0.17645212591717893, 0.06433637387122125]
Timestep: 401 State: 0 Beliefs: [0.09520641764287892, 0.037632979136867854, 0.4042990239566046, 0.15981041100282337, 0.041398184168848995, 0.016363781346908336, 0.1757995507805275, 0.06948965196454034]
Timestep: 402 State: 2 Beliefs: [0.16607034716390906, 0.13375857833178004, 0.18421235484895346, 0.14837075442147465, 0.09652798752041793, 0.07774685005755717, 0.10707298559697921, 0.08624014205892849]
Timestep: 403 State: 2 Beliefs: [0.1477664411940686, 0.05665468949765639, 0.35688855707132416, 0.13683357481410408, 0.06388988941148335, 0.024495831512199192, 0.15430817890216625, 0.05916283759699804]
Timestep: 404 State: 4 Beliefs: [0.10198794184274258, 0.03942370305218392, 0.40735843220992113, 0.1574654569655864, 0.042422721346248395, 0.016398612804627857, 0.16944408275570882, 0.06549904902298108]
Timestep: 405 State: 2 Beliefs: [0.16226839478747238, 0.061870243370609174, 0.14897891696686238, 0.05680318623908122, 0.21516953545203535, 0.08204056952553349, 0.1975475532243444, 0.07532160043406157]
Timestep: 406 State: 2 Beliefs: [0.13368850142365207, 0.05180430005301822, 0.2900147356816353, 0.11238072255322747, 0.09371611027798459, 0.03631499676443774, 0.20330135099092508, 0.07877928225511961]
Timestep: 407 State: 2 Beliefs: [0.11676094138709153, 0.09839399078739411, 0.25998346775334114, 0.219087056228763, 0.051427851391424646, 0.04333805017251032, 0.1145108200140311, 0.09649782226544432]
Timestep: 408 State: 2 Beliefs: [0.10087554281746151, 0.039061079798814624, 0.4109574427929273, 0.1591311532855778, 0.041197640164543095, 0.01595257150588054, 0.16783529860910126, 0.0649892710256938]
Timestep: 409 State: 2 Beliefs: [0.13716663982199728, 0.05022020169902815, 0.3764427804502502, 0.1378252932847799, 0.05832353182732541, 0.021353731023585575, 0.16006422928526148, 0.05860359260777199]
Timestep: 410 State: 0 Beliefs: [0.09977809117572808, 0.036153039326589316, 0.4196780467168244, 0.1520638122925969, 0.0412165386243584, 0.014934171662674552, 0.1733614686197474, 0.0628148315814809]
Timestep: 411 State: 4 Beliefs: [0.23043577502647286, 0.09042051314771514, 0.2253239601290604, 0.0884146921067458, 0.13268684123263996, 0.05206488563169674, 0.12974341557911154, 0.050909917146557605]
Timestep: 412 State: 2 Beliefs: [0.17489499457553598, 0.06766250413562376, 0.13756899250992707, 0.05322200642292457, 0.22869471561473523, 0.08847627216909391, 0.17988680405530694, 0.06959371051685256]
Timestep: 413 State: 0 Beliefs: [0.15573549929061697, 0.056736726780929926, 0.20871955844206852, 0.07603959672075522, 0.15746979138111333, 0.057368554828774024, 0.21104388835391777, 0.07688638420182428]
Timestep: 414 State: 2 Beliefs: [0.1668482913121563, 0.13186124728094492, 0.1751055533359803, 0.13838701305909093, 0.10568963358664779, 0.08352717789196826, 0.11092017560097474, 0.08766090793223681]
Timestep: 415 State: 2 Beliefs: [0.17183768244030406, 0.0642471126222771, 0.3414261900455614, 0.12765329799924735, 0.07184692631934689, 0.026862312743347754, 0.1427534518118317, 0.053373026018083726]
Timestep: 416 State: 0 Beliefs: [0.10990734535750694, 0.043030809932786684, 0.4025877041829607, 0.1576207206499569, 0.044208720568965146, 0.017308552453768118, 0.16193537621014034, 0.06340077064391506]
Timestep: 417 State: 0 Beliefs: [0.20238836935098667, 0.16574943734581296, 0.19101002277017742, 0.15643094463922796, 0.08044334208956051, 0.06588045910107733, 0.07592078859822692, 0.06217663610493027]
Timestep: 418 State: 5 Beliefs: [0.26346365728893983, 0.09774506033314055, 0.20461131012388878, 0.0759108298226073, 0.14708798469873818, 0.05456966659690322, 0.11423156257064052, 0.04237992856514144]
Timestep: 419 State: 2 Beliefs: [0.09019693889546267, 0.19405088368515322, 0.05876677408196999, 0.12643161266424868, 0.10193782990968148, 0.21931039142965442, 0.06641641605655302, 0.14288915327727658]
Timestep: 420 State: 2 Beliefs: [0.12174392790245282, 0.07058848358829493, 0.2443614897543629, 0.1416835098581505, 0.08874826208509355, 0.05145722952772501, 0.17813338135106416, 0.10328371593285622]
Timestep: 421 State: 2 Beliefs: [0.10510343199184537, 0.04497223712473801, 0.36227756701575015, 0.15501332677765986, 0.05238637620824046, 0.02241537206059562, 0.18056887922523404, 0.07726280959593643]
Timestep: 422 State: 2 Beliefs: [0.10526194411453206, 0.04143902399155209, 0.3940915105532479, 0.1551440807792233, 0.045990268011601686, 0.018105231055176446, 0.17218354025192897, 0.06778440124273757]
Timestep: 423 State: 4 Beliefs: [0.10230960524043922, 0.038247680311816044, 0.4050580330939722, 0.15142791452573823, 0.044466950892053506, 0.016623636834132146, 0.17605087639319797, 0.06581530270865082]
Timestep: 424 State: 2 Beliefs: [0.12262386677168416, 0.10558584299486527, 0.11344194277551732, 0.09767970521782753, 0.1564908938885399, 0.13474720205167254, 0.14477304864678, 0.12465749765311336]
Timestep: 425 State: 0 Beliefs: [0.1287812490188962, 0.04881418119687645, 0.2943643049219032, 0.11157798691828165, 0.09190928074697026, 0.034837962189657665, 0.2100834690536678, 0.0796315659537468]
Timestep: 426 State: 2 Beliefs: [0.23236682280156631, 0.08570734849066408, 0.21755997025215804, 0.08024591446922573, 0.14492550958146144, 0.05345505440547628, 0.13569058255897054, 0.050048797440477466]
Timestep: 427 State: 4 Beliefs: [0.1670220670921524, 0.0639131600046871, 0.33697044055980624, 0.12894610909387258, 0.07265884162417621, 0.02780384802637487, 0.14659070085125434, 0.05609483274767618]
Timestep: 428 State: 0 Beliefs: [0.16108849916839096, 0.05970955071046744, 0.15100572259582248, 0.05597223822590101, 0.21548357392325215, 0.07987179377091026, 0.20199612607847733, 0.07487249552677847]
Timestep: 429 State: 0 Beliefs: [0.21745729043200507, 0.08528298210564225, 0.1471267552184025, 0.057700564591903473, 0.21097292006679952, 0.08273992438279665, 0.14273957477680044, 0.055979988425649975]
Timestep: 430 State: 2 Beliefs: [0.20613157051534714, 0.17285388021366507, 0.12016712681735184, 0.10076745688482665, 0.13746684041418464, 0.11527432070157037, 0.08013811374906352, 0.06720069070399072]
Timestep: 431 State: 2 Beliefs: [0.16085622745121306, 0.06189472658071551, 0.3440924826923138, 0.1324009052815799, 0.06918671717925445, 0.026621866064377546, 0.1479994257030618, 0.05694764904748389]
Timestep: 432 State: 0 Beliefs: [0.12356832619048701, 0.048007545885118845, 0.3803769403446442, 0.14778029273526277, 0.05302518536421423, 0.020600821407220946, 0.16322595273286283, 0.06341493534018926]
Timestep: 433 State: 2 Beliefs: [0.17604556912824715, 0.14089888324637723, 0.17337713603578675, 0.1387631905129154, 0.10379838040991794, 0.08307551252190777, 0.10222504326430738, 0.08181628488054025]
Timestep: 434 State: 2 Beliefs: [0.15533811937099107, 0.06002296612839273, 0.3472909685128738, 0.1341939385139598, 0.06757787790389717, 0.026112229843383624, 0.151084529427308, 0.05837937029919384]
Timestep: 435 State: 4 Beliefs: [0.09983438585315817, 0.036262416384717285, 0.36512901765782707, 0.13262424924339897, 0.057670347070124105, 0.02094735316531068, 0.21092048590024184, 0.07661174472522193]
Timestep: 436 State: 2 Beliefs: [0.12206253892047829, 0.10584656767440774, 0.12397751238288145, 0.10750713749358051, 0.14364098273391593, 0.12455832177691263, 0.1458944887848441, 0.12651245023297936]
Timestep: 437 State: 2 Beliefs: [0.12829271005772935, 0.049431094941494925, 0.28552700037381024, 0.11001336130078684, 0.09550064301735649, 0.036796333555044025, 0.21254529678456205, 0.08189355996921599]
Timestep: 438 State: 2 Beliefs: [0.10740539819307986, 0.0399521300836685, 0.3920993777840034, 0.14585119193721574, 0.04932031175672204, 0.018345926221784627, 0.1800511322267017, 0.06697453179682411]
Timestep: 439 State: 4 Beliefs: [0.10106834428015593, 0.036883565336356866, 0.41550047979405863, 0.15163144506742227, 0.04227396387952767, 0.015427328110325942, 0.17379182769682705, 0.0634230458353256]
Timestep: 440 State: 2 Beliefs: [0.13293095867286667, 0.10460581901456593, 0.11875697987724129, 0.09345205411725371, 0.16263812773116418, 0.12798293733953656, 0.14529657391378198, 0.11433654933358958]
Timestep: 441 State: 0 Beliefs: [0.12912731113624792, 0.050211213965141555, 0.2954194947536078, 0.11487400558427231, 0.08986912319082145, 0.03494564963590646, 0.20560399448703068, 0.07994920724697172]
Timestep: 442 State: 2 Beliefs: [0.23132511742644538, 0.089351779301661, 0.21838550972556653, 0.0843537186310266, 0.13973541199925196, 0.05397428447238933, 0.1319190475970338, 0.05095513084662524]
Timestep: 443 State: 2 Beliefs: [0.1693922978392758, 0.062045772183198525, 0.340027703157731, 0.12454687536099497, 0.07398301752936247, 0.027098832175993286, 0.14850896908580957, 0.05439653266763433]
Timestep: 444 State: 2 Beliefs: [0.10266040737915251, 0.038557785556468965, 0.4131293172225291, 0.15516548226547902, 0.042030963286907044, 0.015786230646474983, 0.16914235593079588, 0.06352745771219265]
Timestep: 445 State: 2 Beliefs: [0.13898388270830403, 0.051813271511804794, 0.3783329470619131, 0.14104274053936003, 0.05672042267156902, 0.02114540623616311, 0.154400670421405, 0.05756065884948082]
Timestep: 446 State: 2 Beliefs: [0.10034368975522717, 0.037766767899586946, 0.4087083498157139, 0.15382724537802014, 0.04287225979200804, 0.016136009038986092, 0.1746223464096745, 0.06572333191078315]
Timestep: 447 State: 2 Beliefs: [0.09482133349549773, 0.03561447334970623, 0.412166130836057, 0.1548077752250685, 0.0411408301232837, 0.015452313777891007, 0.1788295539220873, 0.06716758927040858]
Timestep: 448 State: 2 Beliefs: [0.09237940734261363, 0.03591535784533776, 0.4071982043304901, 0.158310922782488, 0.040769755364223864, 0.015850506030444418, 0.17970856983022981, 0.06986727647417233]
Timestep: 449 State: 2 Beliefs: [0.09386836657910043, 0.034686605130889614, 0.41281690388003583, 0.15254571330136849, 0.041404709189255484, 0.01530002971764489, 0.1820907775055216, 0.06728689469618374]
Timestep: 450 State: 4 Beliefs: [0.09781789183893641, 0.03742917923924947, 0.41448312957157424, 0.15859842260681653, 0.04027887374031366, 0.015412366351788375, 0.1706734149514567, 0.06530672169986454]
Timestep: 451 State: 0 Beliefs: [0.16401700715689713, 0.06296509568703061, 0.1552376404484984, 0.05959475212054266, 0.20721799952523684, 0.07954968447693044, 0.1961262058268396, 0.07529161475802434]
Timestep: 452 State: 2 Beliefs: [0.2362169437118401, 0.08774536745818472, 0.19303614822206747, 0.07170538866644778, 0.16503224888448714, 0.061303033953758156, 0.1348641175205002, 0.05009675158271443]
Timestep: 453 State: 2 Beliefs: [0.1544746299135885, 0.05910727180272455, 0.3324122313107862, 0.12719227822476512, 0.07499320742187687, 0.02869496367735305, 0.16137704570778733, 0.061748371941118464]
Timestep: 454 State: 2 Beliefs: [0.11272125455525596, 0.042373375397615064, 0.39773905497625317, 0.14951524761942586, 0.04777055988551572, 0.017957570424226833, 0.16855931403103416, 0.0633636231106732]
Timestep: 455 State: 2 Beliefs: [0.10158519186413366, 0.038469158047109805, 0.4043460664347015, 0.15312126157331787, 0.044052133942236504, 0.0166820426465589, 0.17534353925738713, 0.06640060623455468]
Timestep: 456 State: 4 Beliefs: [0.10154058847562689, 0.037713881664519194, 0.41100479050235844, 0.15265408902251051, 0.042916176393069556, 0.01593978942096007, 0.17371136362706527, 0.06451932089389004]
Timestep: 457 State: 2 Beliefs: [0.1481691924008118, 0.05373592122430144, 0.1578813699075975, 0.057258197326133055, 0.2071145438542067, 0.07511339322718615, 0.22069046460774375, 0.08003691745201975]
Timestep: 458 State: 2 Beliefs: [0.12011254300811358, 0.04679699778171685, 0.289181599390358, 0.11266792231906855, 0.09107098078544439, 0.03548212683755545, 0.21926146280829628, 0.08542636706944688]
Timestep: 459 State: 2 Beliefs: [0.10431042582017347, 0.03974234830112685, 0.3783578625334423, 0.14415462152552952, 0.05217901694637828, 0.019880243505748515, 0.18926527397139437, 0.07211020739620679]
Timestep: 460 State: 2 Beliefs: [0.09842553447404007, 0.03691305989377803, 0.40951162389602314, 0.15358135651332597, 0.04249812652373554, 0.015938301967339218, 0.17681871780806832, 0.06631327892368975]
Timestep: 461 State: 0 Beliefs: [0.09507894751930449, 0.03662576343488107, 0.41520736858393403, 0.1599437862423434, 0.039430720041174344, 0.015189274408005545, 0.17219296107944063, 0.0663311786909166]
Timestep: 462 State: 4 Beliefs: [0.23997901973801364, 0.08813813766232917, 0.2176734161500798, 0.07994586167994984, 0.1435355180556222, 0.05271691360199434, 0.13019415858997935, 0.04781697452203159]
Timestep: 463 State: 0 Beliefs: [0.14144226904385904, 0.11768364814513081, 0.10767871404844773, 0.08959149186774054, 0.168468928451706, 0.14017053200093976, 0.12825386424743052, 0.10671055219474561]
Timestep: 464 State: 5 Beliefs: [0.1702429388614403, 0.14251031568190237, 0.1096166620366807, 0.09176007660181444, 0.16088526046387824, 0.13467700575783173, 0.10359140497043397, 0.08671633562601813]
Timestep: 465 State: 4 Beliefs: [0.11035939105561043, 0.17103526584936765, 0.07006050543077108, 0.10857995008195381, 0.12953401724450697, 0.20075215044261083, 0.08223331636593885, 0.12744540352924036]
Timestep: 466 State: 2 Beliefs: [0.1156443996792175, 0.06698913651639367, 0.07227092850810762, 0.04186425896477016, 0.2740341292765503, 0.15873928825934217, 0.17125516687935377, 0.09920269191626474]
Timestep: 467 State: 2 Beliefs: [0.12467400798656814, 0.050500412100407385, 0.26241610628764694, 0.1062941805058373, 0.10455473554927505, 0.04235090631606511, 0.2200686978775184, 0.08914095337668175]
Timestep: 468 State: 2 Beliefs: [0.10803806319928565, 0.039231936949004766, 0.3437029805797923, 0.12480910212559765, 0.06741046998734367, 0.02447881079993047, 0.21445385793520816, 0.07787477842383737]
Timestep: 469 State: 0 Beliefs: [0.10088911173124686, 0.0372006201953016, 0.38419072672907656, 0.14166180138127624, 0.051065535237059645, 0.018829282455019268, 0.19446008352018163, 0.07170283875083827]
Timestep: 470 State: 2 Beliefs: [0.1793338371460735, 0.15081105914884563, 0.15269162681785142, 0.1284062524397094, 0.1140583211235768, 0.09591751610921458, 0.09711357812684354, 0.08166780908788528]
Timestep: 471 State: 2 Beliefs: [0.1530677553825839, 0.055445051982540856, 0.3406779982321099, 0.12340227550914021, 0.07451079052038127, 0.026989712126743635, 0.16583627882782545, 0.06007013741867486]
Timestep: 472 State: 0 Beliefs: [0.10278604241762482, 0.03793574825814884, 0.39506181637554594, 0.1458074001092186, 0.0480170658067992, 0.017721893728922834, 0.18455530331232467, 0.06811472999141509]
Timestep: 473 State: 2 Beliefs: [0.2607991073189911, 0.09669479987091531, 0.2400695035699254, 0.08900901863291594, 0.1190575489549288, 0.04414219813734858, 0.1095942657460949, 0.04063355776887999]
Timestep: 474 State: 2 Beliefs: [0.15079882741477782, 0.05700461980429419, 0.34005387031448087, 0.12854636818187962, 0.07214322715915285, 0.027271413884079904, 0.16268418019570485, 0.06149749304562991]
Timestep: 475 State: 0 Beliefs: [0.11246285700986755, 0.04302254832119653, 0.3795800529649081, 0.1452079522487344, 0.052857226454539254, 0.02022047669538855, 0.1784015571952948, 0.06824732911007089]
Timestep: 476 State: 0 Beliefs: [0.17044366135328273, 0.1433413247896747, 0.16267341626390489, 0.13680663047362573, 0.10748456252198665, 0.09039338549766171, 0.10258451879205714, 0.08627250030780649]
Timestep: 477 State: 2 Beliefs: [0.18614586803134586, 0.14945157178022753, 0.14905062403217492, 0.11966878594737959, 0.12188106865871025, 0.09785507179901907, 0.09759254682048596, 0.07835446293065705]
Timestep: 478 State: 0 Beliefs: [0.16456299511965986, 0.058858207878952434, 0.331561308394245, 0.11858744063266337, 0.07975163712424523, 0.028524264723866974, 0.16068349468402926, 0.05747065144233801]
Timestep: 479 State: 2 Beliefs: [0.181668254700993, 0.1458621199293932, 0.16228698727076163, 0.1303008279527351, 0.11128921320330942, 0.08935452476177834, 0.09941632981626171, 0.07982174236476779]
Timestep: 480 State: 4 Beliefs: [0.16032714408694929, 0.05694346543679935, 0.33074502522489735, 0.11747086258876578, 0.08059005668032788, 0.028623207462843497, 0.1662523241551376, 0.05904791436427925]
Timestep: 481 State: 2 Beliefs: [0.1151104206618854, 0.09843256028985345, 0.10948320595429697, 0.09362064884183934, 0.16116773816599536, 0.1378168285076599, 0.15328899477003152, 0.131079602808438]
Timestep: 482 State: 4 Beliefs: [0.14014381837183706, 0.05150985302156805, 0.28584022807094045, 0.10506056069144783, 0.10042393615940147, 0.036910812417664356, 0.20482673548556166, 0.07528405578157914]
Timestep: 483 State: 2 Beliefs: [0.15485854258384102, 0.05679499210709136, 0.1581633583531286, 0.05800704655627009, 0.2071093798482424, 0.07595819641281398, 0.21152927385647427, 0.077579210282138]
Timestep: 484 State: 2 Beliefs: [0.13195661459393407, 0.04954369986365929, 0.26687751592032694, 0.10020035441045215, 0.10858633489436825, 0.040769224050316605, 0.21961196419503987, 0.08245429207190279]
Timestep: 485 State: 0 Beliefs: [0.09674441718344531, 0.03643695893164769, 0.3847915299093027, 0.14492446779606338, 0.04919735450570886, 0.018529255101833123, 0.1956777027437757, 0.07369831382822337]
Timestep: 486 State: 2 Beliefs: [0.17558538498569776, 0.137405731158747, 0.17784906453093927, 0.13917719148301225, 0.10311389021707056, 0.08069258998437384, 0.1044432537294931, 0.08173289391066621]
Timestep: 487 State: 2 Beliefs: [0.15317035105914897, 0.05812609391380668, 0.3468500572574634, 0.13162494479346762, 0.06888921913620115, 0.02614253472340304, 0.15599774653899043, 0.059199052577518764]
Timestep: 488 State: 4 Beliefs: [0.10577000667848938, 0.04025168856844006, 0.39848143211701686, 0.15164554687640142, 0.04616593831761059, 0.01756884612174457, 0.17392708758870307, 0.06618945373159409]
Timestep: 489 State: 2 Beliefs: [0.11924947767280616, 0.10095883055473809, 0.11611593712669159, 0.09830591672060289, 0.15512052256724318, 0.13132792578260521, 0.15104439195028044, 0.12787699762503252]
Timestep: 490 State: 2 Beliefs: [0.131223108790803, 0.04929111964118738, 0.28789370709484274, 0.10814103774190893, 0.09637786679819875, 0.03620225893814054, 0.211445846772768, 0.07942505422215054]
Timestep: 491 State: 2 Beliefs: [0.09985236741653347, 0.036029766662914305, 0.3853134605356528, 0.13903279846403438, 0.05138676204720831, 0.01854190435365735, 0.19829285596741397, 0.07155008455258548]
Timestep: 492 State: 2 Beliefs: [0.10226399786353232, 0.03678369388584048, 0.4092902543920404, 0.1472190383961443, 0.044760617138389865, 0.01610010241489855, 0.17914500467470287, 0.06443729123445122]
Timestep: 493 State: 0 Beliefs: [0.09886620706337627, 0.03535591906732379, 0.4138339470103352, 0.14799272645737627, 0.04317298202856322, 0.015439253753493575, 0.18071337100687637, 0.0646255936126552]
Timestep: 494 State: 2 Beliefs: [0.2469154689326194, 0.0899082322132636, 0.26117677462921696, 0.09510113806795481, 0.10933167290209958, 0.03981045609673405, 0.11564643485815487, 0.04210982229995655]
Timestep: 495 State: 4 Beliefs: [0.15394397700742576, 0.05887305575367317, 0.35666799912754693, 0.1364011467442747, 0.06414214178521983, 0.024529987875388605, 0.14860892783863994, 0.056832763867831065]
Timestep: 496 State: 0 Beliefs: [0.11264305788652992, 0.0936245773979807, 0.10720958919765279, 0.08910848719814146, 0.16715588832142758, 0.13893354546040923, 0.15909292996077282, 0.13223192457708546]
Timestep: 497 State: 4 Beliefs: [0.21543280421782013, 0.07710829743111852, 0.15198201920798077, 0.05439781923565367, 0.2163646749135375, 0.07744183513459688, 0.15263942879093673, 0.0546331210683559]
Timestep: 498 State: 2 Beliefs: [0.15366745692403308, 0.12587394543420108, 0.09345652781076653, 0.07655324111947685, 0.18815671513540183, 0.15412520365805565, 0.1144319925169791, 0.09373491740108572]
Timestep: 499 State: 2 Beliefs: [0.13753839711483293, 0.05019539997724579, 0.2644423830358928, 0.09650971267565506, 0.11313033506643647, 0.041287542514243825, 0.21751348006215138, 0.07938274955354184]
