4646.32729095736,0.5,0
3124.0,0.4545454545454545,1
2457.0,0.546218487394958,1
2938.0,0.6896551724137931,1
3875.0,0.7446724397605142,0
1029.0,0.5729909642607787,1
3828.0,0.6870403887394662,0
1560.0,0.5331266588251523,1
2398.0,0.6638283771113953,1
4592.0,0.6717883519504732,0
1386.0,0.5538482817395716,1
1100.0,0.6721345360521079,1
1118.0,0.6701534654338267,1
2475.0,0.69941606957729,1
2016.0,0.717282736200556,1
4312.0,0.7347076533876576,0
2784.0,0.6317297807966541,1
2220.0,0.7257011566863399,1
2938.0,0.7230843663583036,1
4740.0,0.7400757492170694,0
1485.0,0.6445901817891677,1
2072.0,0.7346837461441208,1
3874.0,0.7287063653425724,0
4816.0,0.6417352486886617,0
4185.0,0.6288577720492022,0
4872.0,0.6006355675517723,0
3726.0,0.5766735818431528,0
1410.0,0.554035295536325,1
540.0,0.6369691299254077,1
2875.0,0.649444949842808,1
3220.0,0.6612937579146985,1
3416.0,0.6062043729969484,1
3186.0,0.6128170170897481,1
1690.0,0.6222265306694104,1
3912.0,0.6954801774832875,0
1620.0,0.6178295786467946,1
3200.0,0.6883497272641208,1
3549.0,0.6354097858687658,1
1800.0,0.6402624485062769,1
2470.0,0.7103441891244585,1
1386.0,0.7219524793031945,1
2755.0,0.7292400499663765,1
1170.0,0.7358844945995054,1
2380.0,0.7421995846053946,1
3220.0,0.7482278264885044,1
3775.0,0.6968474957434847,0
726.0,0.6734569871858963,1
1752.0,0.7385310176241224,1
3536.0,0.7483819475330977,1
3810.0,0.6968634075875376,0
1480.0,0.6766479838612405,1
4379.0,0.7412496235380698,0
3132.0,0.6706462068895128,1
4770.0,0.6748309449696537,0
1334.0,0.6617514094721239,1
4290.0,0.7282684444877908,0
3410.0,0.6527751170060979,1
3024.0,0.6613976071009217,1
1080.0,0.6663167136267465,1
812.0,0.7313868541394835,1
1647.0,0.7338208764666597,1
1846.0,0.7384009823152663,1
2592.0,0.742767336255752,1
4077.0,0.7469990341215818,0
3657.0,0.6765267376877211,0
3784.0,0.6658243593428252,0
1743.0,0.653767426980207,1
3250.0,0.720296566218819,1
720.0,0.6654401303396066,1
1288.0,0.7281412332315249,1
2592.0,0.7343405330213719,1
1058.0,0.7383535124069419,1
984.0,0.7421741665922007,1
3586.0,0.7458831757780989,1
3444.0,0.6917272802372275,1
1653.0,0.6913995566917279,1
810.0,0.7521125960238428,1
3538.0,0.7594351783798767,1
814.0,0.7071019882526755,1
1740.0,0.7615886346896904,1
3486.0,0.7688532188302377,1
2040.0,0.7177244626794421,1
3570.0,0.7701556895356626,1
3360.0,0.7239031493415975,1
3942.0,0.7215129044201193,0
2616.0,0.7116375115858309,1
1560.0,0.7698711407982037,1
1100.0,0.7767108248998912,1
3013.0,0.7797071998763442,1
3744.0,0.7294334259444124,0
1386.0,0.7154162524691753,1
1215.0,0.7726352887395378,1
3080.0,0.7785150249576491,1
4980.0,0.7281498351302942,0
988.0,0.7155222368368379,1
3140.0,0.7727596181429882,1
4648.0,0.7240633770081428,0
3724.0,0.7129626614096829,0
2376.0,0.7037718349346914,1
4800.0,0.7626966843232996,0
4509.0,0.7018836420356535,0
3264.0,0.6906518019026542,1
2070.0,0.6935225260681875,1
616.0,0.753442306789993,1
3192.0,0.7594214937934679,1
4185.0,0.7061068102377642,0
3074.0,0.694516044473787,1
2808.0,0.6972089834527802,1
3024.0,0.7565544273867738,1
1775.0,0.7057603179502887,1
1485.0,0.7611114917610502,1
3180.0,0.7663734465039606,1
4536.0,0.7137746681521961,0
2200.0,0.7028638462129504,1
4698.0,0.7614378149236222,0
3699.0,0.7008389014943618,0
575.0,0.6911570901161591,1
1530.0,0.7512463422972145,1
4440.0,0.7562410965567302,0
3174.0,0.6925161404133654,1
725.0,0.6924531470566534,1
1736.0,0.7520976198388436,1
3105.0,0.7563640913826254,1
2709.0,0.7020926650704824,1
4228.0,0.7581880665459143,0
3752.0,0.6976145308916518,0
1056.0,0.6884337214636597,1
3567.0,0.7486904840417458,1
594.0,0.6963623960321103,1
1700.0,0.7527552540588407,1
980.0,0.7576654192556265,1
1876.0,0.7598355935600611,1
3952.0,0.7618238216510027,0
4250.0,0.69937466230701,0
1875.0,0.6894569681448612,1
1700.0,0.7493372084312903,1
3956.0,0.7549372950300683,0
1785.0,0.6920256629342239,1
2580.0,0.748511800211693,1
2112.0,0.7531872378917717,1
5040.0,0.7552560563760193,0
676.0,0.6922994463842385,1
1276.0,0.7492580454321278,1
2562.0,0.7533763260309846,1
3740.0,0.7553429826808394,0
1140.0,0.6925515537278626,1
2457.0,0.7499716427434874,1
945.0,0.7535524328780366,1
3423.0,0.7554286763517999,1
1914.0,0.7005352826805615,1
4669.0,0.7567024364223924,0
1836.0,0.6968057101257176,1
1593.0,0.7539567569792054,1
3456.0,0.7572087268706356,1
2925.0,0.7025401576367857,1
792.0,0.7587811533515393,1
1848.0,0.762301682675406,1
1311.0,0.7640298628457355,1
990.0,0.7656747201041689,1
3105.0,0.7672963756089066,1
819.0,0.7138992947095559,1
1066.0,0.7679443628842987,1
1568.0,0.7719085481244353,1
1408.0,0.7735599106753236,1
3780.0,0.7750840790887402,0
2700.0,0.7156574575575377,1
2968.0,0.7695266831525107,1
1421.0,0.773078849223342,1
2800.0,0.7746498289552133,1
630.0,0.7761240680959209,1
2996.0,0.7775765296133295,1
1120.0,0.7790119614532216,1
775.0,0.7804290792307047,1
3920.0,0.7818319068536064,0
2875.0,0.7236403487574058,1
3740.0,0.7763593893093608,0
2310.0,0.7197681862456327,1
988.0,0.7736935977240622,1
1566.0,0.7765688331896298,1
4116.0,0.7779957374654762,0
1720.0,0.7193967001952388,1
2288.0,0.7737008419814182,1
4175.0,0.7761583913333636,0
3612.0,0.7174011738661181,0
3278.0,0.7113535003598114,1
2640.0,0.7129688297495103,1
2525.0,0.7693704106018827,1
3161.0,0.7722759060418318,1
3350.0,0.7193957016271051,1
3366.0,0.718858864752066,1
2240.0,0.7202020107955396,1
2882.0,0.7755819293440199,1
1590.0,0.7788359005308159,1
1110.0,0.780186399790112,1
2240.0,0.781452285458284,1
1296.0,0.7827050233192595,1
620.0,0.7839450507218965,1
1350.0,0.7851730264324909,1
2054.0,0.7863844200514212,1
902.0,0.7875849746188449,1
4648.0,0.7887718799047434,0
1656.0,0.7322705073077321,1
2185.0,0.78368495275018,1
3740.0,0.7868516096669762,0
720.0,0.7302087038134507,1
2987.0,0.7823559653376194,1
4250.0,0.7851049995651549,0
4002.0,0.7282154027112064,0
3140.0,0.7220202516265042,1
2121.0,0.7233549754942312,1
2156.0,0.7782082408872908,1
3718.0,0.7814085402342528,0
1323.0,0.7240807768990041,1
3388.0,0.7771093157893404,1
2415.0,0.7264788524924884,1
4205.0,0.7792851646430053,0
2793.0,0.7235569708575788,1
4056.0,0.7770404975052845,0
2325.0,0.7204715399749225,1
1836.0,0.7748435267982725,1
4843.0,0.776721310358123,0
837.0,0.7187913941623281,1
2600.0,0.7737691482668422,1
2750.0,0.7752431137506346,1
870.0,0.7763797363785923,1
1060.0,0.7775060150132699,1
1960.0,0.7786204315221652,1
1794.0,0.7797261072908652,1
1525.0,0.7808225755100766,1
1200.0,0.7819098834967895,1
1344.0,0.7829893108936902,1
1568.0,0.7840616202569105,1
3753.0,0.7851215789400744,0
4482.0,0.7286173053523066,0
3220.0,0.7236102507347489,1
1160.0,0.7248437252068418,1
975.0,0.7793874503857798,1
1950.0,0.7817939268145135,1
1134.0,0.7828777457438731,1
4560.0,0.7839188614010314,0
3857.0,0.7273286810923375,0
3240.0,0.721877722415763,1
3726.0,0.723046811769211,0
1968.0,0.7194915990591196,1
1400.0,0.7748366953974792,1
2442.0,0.777193644380935,1
3990.0,0.7782675265070311,0
1479.0,0.7209346722319656,1
1260.0,0.7748566701914443,1
3480.0,0.7768634455129586,1
696.0,0.7242891658908476,1
3861.0,0.7777327784456775,0
812.0,0.7217393299666196,1
2100.0,0.7757874668773668,1
4524.0,0.7775496847627131,0
2420.0,0.7202419146817818,1
870.0,0.7748258217125076,1
640.0,0.7762338997853105,1
1771.0,0.7772338114353399,1
2982.0,0.7782219779134971,1
1701.0,0.7792027798969167,1
3124.0,0.7801773606460591,1
1980.0,0.728030763449653,1
2756.0,0.7812364800904084,1
2400.0,0.7830338558517139,1
3792.0,0.7839934657574454,0
1058.0,0.7277708460033053,1
2254.0,0.7811045458414873,1
3591.0,0.7826191824091131,1
696.0,0.7308341484448381,1
4205.0,0.7837231418401505,0
1827.0,0.7283907195414006,1
2626.0,0.7818424678573332,1
2214.0,0.7831342462322683,1
4428.0,0.7840556295871659,0
2508.0,0.7279418649334722,1
2058.0,0.7817041240447111,1
1092.0,0.7827266610543989,1
3090.0,0.7836357451816932,1
3584.0,0.7319674899338461,1
3978.0,0.7326000948762749,0
3640.0,0.7294223519430384,0
2156.0,0.7260067349909963,1
1534.0,0.7803084442604715,1
1247.0,0.7817554005779394,1
2511.0,0.7826526249642919,1
759.0,0.783536746398735,1
1650.0,0.7844146154563528,1
609.0,0.7852876261903674,1
2728.0,0.7861543711242499,1
2490.0,0.7870128561250915,1
3255.0,0.7878665142159157,1
3456.0,0.7368235412630891,1
1782.0,0.7365265349171128,1
1650.0,0.7892212531325113,1
4732.0,0.7912049326955436,0
1036.0,0.7364568684170696,1
1470.0,0.7882234508725134,1
3294.0,0.7898791587684263,1
2511.0,0.7391541962139839,1
3260.0,0.7905418007023896,1
1110.0,0.7410322209812319,1
2755.0,0.7920656759539079,1
1955.0,0.7939368453033345,1
4144.0,0.7947566522837499,0
3384.0,0.7406345173422606,1
3720.0,0.7403856061862819,0
3225.0,0.7373818937860103,1
3675.0,0.7383175671795419,0
1150.0,0.7353603405427787,1
806.0,0.7882668540398906,1
3807.0,0.7892346852063629,0
1876.0,0.7342905817829029,1
1350.0,0.787302523746416,1
1140.0,0.7879863639481143,1
3700.0,0.788781296304441,0
2900.0,0.7338063285414269,1
1566.0,0.7871052810080988,1
3675.0,0.7875541756135488,0
1200.0,0.7324184390975571,1
2046.0,0.786188151606615,1
4134.0,0.7863545212097245,0
1708.0,0.7310574640610515,1
1176.0,0.7852849626732796,1
1782.0,0.7851721048150526,1
2288.0,0.7859673343785422,1
2728.0,0.7867437757260753,1
1872.0,0.7875140140122162,1
3132.0,0.7882801294969357,1
1512.0,0.7372014786192695,1
1600.0,0.7903101691122524,1
600.0,0.7905469760617767,1
4260.0,0.7912985299755199,0
2760.0,0.7368628747389449,1
3762.0,0.7900788673078145,0
2480.0,0.7346196557398059,1
4368.0,0.7884789919247109,0
3483.0,0.7324130375200425,1
3120.0,0.7347187783710786,1
1325.0,0.7354881864542846,1
2496.0,0.7882648011560222,1
1682.0,0.7877797240684751,1
682.0,0.788541643992857,1
1680.0,0.7892722797025279,1
1541.0,0.7899999323648556,1
1210.0,0.7907236825817885,1
1518.0,0.7914425480281979,1
2175.0,0.7921580005141354,1
999.0,0.7928692868872103,1
1204.0,0.7935757204428388,1
1015.0,0.7942768336326219,1
3192.0,0.7949738418709773,1
2997.0,0.7449292757398918,1
1968.0,0.7969468134296568,1
3450.0,0.7970390568857733,1
2814.0,0.7473387253729966,1
2025.0,0.7988610083760667,1
4455.0,0.799081259780314,0
3528.0,0.7461022768533868,1
550.0,0.7475464951235371,1
1014.0,0.7985261965004231,1
2662.0,0.7985515178946564,1
4030.0,0.7992268444185853,0
1040.0,0.7462991030380335,1
2268.0,0.7982145037212699,1
1512.0,0.7980324468111676,1
3440.0,0.798708464303704,1
1794.0,0.74925922407167,1
1134.0,0.8006851549403088,1
3120.0,0.8006642461041715,1
3322.0,0.7515476450605897,1
860.0,0.7529326442241899,1
3538.0,0.8030934689702641,1
4770.0,0.7537971284301028,0
5130.0,0.7517622961486219,0
2184.0,0.7490719437563118,1
2040.0,0.7998421742663675,1
2499.0,0.8002221339875767,1
2480.0,0.8008589035840399,1
3168.0,0.8014918684794603,1
682.0,0.7524873577708996,1
2782.0,0.8028102234734966,1
2639.0,0.8033735558780549,1
3132.0,0.8039943656519047,1
3840.0,0.7554097838405701,0
840.0,0.7528221088484727,1
3096.0,0.8030149903556296,1
1344.0,0.7540177271720595,1
3250.0,0.8041706729531991,1
1215.0,0.7554569952241027,1
924.0,0.8053153839479193,1
4495.0,0.8058632102831228,0
3075.0,0.7542359842200124,1
4200.0,0.7551210900362011,0
2816.0,0.7526540139265792,1
2541.0,0.802860291111266,1
2079.0,0.802935299505027,1
3528.0,0.8035437670165206,1
4031.0,0.7548611488870544,0
4050.0,0.7529052042493387,0
816.0,0.7503553673766183,1
1710.0,0.8009002758822948,1
4088.0,0.8012715853087237,0
4030.0,0.7489294358222333,0
2262.0,0.746794990271783,1
2744.0,0.7978658542165178,1
792.0,0.798452606576526,1
3160.0,0.7990565256805017,1
2349.0,0.7495985200105751,1
1900.0,0.8001252425855995,1
1914.0,0.8008508142943472,1
2408.0,0.8014428550100039,1
2212.0,0.8020325519664697,1
2793.0,0.8026192899097603,1
550.0,0.8032034213549978,1
1958.0,0.8037861293488926,1
4524.0,0.8043659638374853,0
3150.0,0.752606419551584,1
770.0,0.752980836842979,1
3822.0,0.8030847436437304,0
2380.0,0.751321997903531,1
1404.0,0.8016594983239355,1
1479.0,0.8021636200007456,1
620.0,0.8027390829281008,1
4648.0,0.8033115371998256,0
1518.0,0.7514054762097285,1
2996.0,0.8018596444367061,1
3588.0,0.8022220911726802,1
1612.0,0.7532763760647825,1
1064.0,0.8034662186047568,1
783.0,0.8039296130304532,1
2121.0,0.8044956933443249,1
1566.0,0.8050563671444338,1
3657.0,0.8056165441517589,0
4228.0,0.7541427184310253,0
1512.0,0.7518879351950856,1
858.0,0.8021583739720533,1
2574.0,0.8029223419163813,1
1620.0,0.8034839684698235,1
3633.0,0.8040425999852665,0
1863.0,0.7523206606940516,1
2813.0,0.8023443902513234,1
924.0,0.8029687492660077,1
2178.0,0.8035254773539021,1
1078.0,0.8040794960570247,1
2376.0,0.804632535689802,1
1352.0,0.8051824082094423,1
4312.0,0.8057290655746174,0
4004.0,0.7543280868385968,0
3800.0,0.7518612031323878,0
3024.0,0.7495649771046305,1
2675.0,0.7501909938788368,1
775.0,0.8006826184759477,1
2938.0,0.802084266939757,1
2808.0,0.8026488873163945,1
2996.0,0.80319557188359,1
3275.0,0.8037394303053976,1
2226.0,0.7550223975522531,1
1056.0,0.8037828867983199,1
1239.0,0.8053320292965962,1
2440.0,0.8058874753191145,1
2160.0,0.8064195234380673,1
1590.0,0.806949263147828,1
3108.0,0.8074789343418491,1
638.0,0.7594062643048323,1
3024.0,0.8072901360504283,1
4620.0,0.7606007340038241,0
3486.0,0.7569494713850566,1
2520.0,0.7574941724425426,1
3335.0,0.8068723983193522,1
3509.0,0.7599482593467138,1
3648.0,0.7592561428995712,0
3425.0,0.7570353419616195,1
4470.0,0.7576131767104353,0
3052.0,0.7554478554592854,1
1512.0,0.7560308797119409,1
1533.0,0.80562866185665,1
2960.0,0.806864810860886,1
4290.0,0.8073922678729745,0
3575.0,0.75638887017631,1
3264.0,0.7561901441709505,1
3584.0,0.7567514249781339,1
2398.0,0.7573195720551807,1
2415.0,0.8067156569316318,1
3300.0,0.8078726792846074,1
2716.0,0.7598585378032642,1
2070.0,0.8081665106126623,1
500.0,0.8093932980258918,1
4368.0,0.8099065789603466,0
696.0,0.7593712426634052,1
2277.0,0.8077748879222445,1
1920.0,0.8088443865670575,1
1218.0,0.8093540497950016,1
1728.0,0.8098540982660957,1
2820.0,0.8103515168675554,1
3683.0,0.8108476476602992,0
756.0,0.7605021034438582,1
3795.0,0.8087959481256505,0
3197.0,0.7586917670559866,1
1998.0,0.7587805402399665,1
