167.0,0.5,1
107.0,0.4444444444444444,1
116.0,0.5188284518828452,1
67.0,0.5763523216850168,0
127.0,0.3866117951611297,1
105.0,0.5880952042571076,1
44.0,0.6153846153846153,0
70.0,0.43684210526315786,0
86.0,0.3616585615561812,0
27.0,0.30038894224825746,0
27.0,0.253804127969613,0
38.0,0.218197248386973,0
110.0,0.1905717408307984,1
75.0,0.3277936309287003,0
96.0,0.24066831724892254,0
98.0,0.2107517150430177,0
101.0,0.19091951720109648,0
85.0,0.2532648033039584,0
161.0,0.17574847712065736,1
130.0,0.2765880532254592,1
146.0,0.31066920286063576,1
73.0,0.33214858560856536,0
154.0,0.22849115126122008,1
146.0,0.3306926929493102,1
26.0,0.3630079380932468,0
164.0,0.2561208414331832,1
28.0,0.3638260616365173,0
57.0,0.26620605873617537,0
63.0,0.24385003714712336,0
143.0,0.2299933934688085,1
39.0,0.3465819640883809,0
44.0,0.2519336196968575,0
34.0,0.23410492572901426,0
24.0,0.22290300945620253,0
146.0,0.21306191426297288,1
157.0,0.3225920054940835,1
56.0,0.344913271030831,0
96.0,0.242365957108379,0
116.0,0.2244392558248641,1
34.0,0.33352577336948636,0
57.0,0.240821333337342,0
149.0,0.22686163425157785,1
90.0,0.33573780101158124,0
71.0,0.24022264378337754,0
70.0,0.22887519916890398,0
68.0,0.22120520897818133,0
74.0,0.21413542528835383,0
93.0,0.20748664846758869,0
85.0,0.20121795455457603,0
38.0,0.1952990189396022,0
53.0,0.18970283052795442,0
101.0,0.18440495395000725,0
132.0,0.2591236978072538,1
53.0,0.2820732117687832,0
140.0,0.19493370466859097,1
33.0,0.2846782598923828,0
139.0,0.20072519243779097,1
44.0,0.2945103716405473,0
109.0,0.2064602738842035,1
39.0,0.3036809554705083,0
121.0,0.21163642831589738,1
126.0,0.3122392088394866,1
128.0,0.3184507690490924,1
43.0,0.3259402030438295,0
152.0,0.22847772997408228,1
97.0,0.33068157358856,0
116.0,0.23263001286074986,1
46.0,0.3379601473959098,0
156.0,0.23642768580990053,1
140.0,0.3448120638017134,1
75.0,0.34671315004833664,0
173.0,0.24562619099716804,1
101.0,0.3559473936107203,0
163.0,0.34616059717240055,1
154.0,0.3545559403900081,1
130.0,0.3607056487942915,1
28.0,0.36686011991481066,0
84.0,0.2622662733556255,0
59.0,0.2611990744420784,0
44.0,0.2560478336802298,0
163.0,0.25121570285901185,1
100.0,0.3578135017168268,0
104.0,0.350304329608802,0
121.0,0.3455916813419539,1
66.0,0.3527728073396306,0
106.0,0.25095155947028935,1
137.0,0.3626973401697961,1
152.0,0.36091084506363424,1
72.0,0.36662667779204144,0
156.0,0.2625229506660587,1
109.0,0.37515936543389194,1
139.0,0.3742338070311679,1
164.0,0.37951897403640233,1
167.0,0.38444606107728924,1
79.0,0.38928675893056736,0
133.0,0.28166448851646936,1
145.0,0.39381209581697113,1
32.0,0.3961527597070404,0
62.0,0.28759483061976293,0
163.0,0.28458690240419815,1
91.0,0.39566450239166956,0
95.0,0.2853715609952355,0
144.0,0.28352024329205,1
57.0,0.3941823017197892,0
174.0,0.28326975771258817,1
132.0,0.3980239648939375,1
50.0,0.397057694642948,0
124.0,0.28877381341351654,1
64.0,0.4047128833740086,0
131.0,0.2900328075803964,1
127.0,0.4081582355654838,1
105.0,0.40437188128130164,1
76.0,0.40886907547780843,0
121.0,0.2988522962403607,1
103.0,0.4172519675239615,0
109.0,0.406486206776629,1
146.0,0.4118380568689999,1
142.0,0.41557930790289377,1
92.0,0.4193835661860601,0
128.0,0.30811034566754325,1
106.0,0.42876978688670436,1
92.0,0.4237595177965695,0
38.0,0.3124926859727479,0
148.0,0.31506891478136473,1
66.0,0.42880273172763467,0
113.0,0.3094401343915704,1
128.0,0.4319637795968413,1
137.0,0.4252534408533596,1
32.0,0.4295090888173534,0
134.0,0.31712848571569857,1
29.0,0.439535800222234,0
148.0,0.3173101026185706,1
172.0,0.44201397493010086,1
28.0,0.43375783882269386,0
29.0,0.3219166952264239,0
63.0,0.3268797731841622,0
157.0,0.3222216299291723,1
68.0,0.43683793101958274,0
112.0,0.3153147378548284,1
71.0,0.439827122790837,0
110.0,0.31585970232107236,1
59.0,0.44210242386631854,0
173.0,0.3163975215073056,1
122.0,0.4443106418592244,1
152.0,0.43214934328702614,1
82.0,0.43695563874854987,0
154.0,0.32389319820295714,1
164.0,0.4507043256211148,1
56.0,0.4390337458912525,0
86.0,0.32740660272879435,0
141.0,0.3349879701864707,1
162.0,0.4492860327300144,1
47.0,0.43935440739189147,0
28.0,0.3275419502631941,0
129.0,0.33495425550431984,1
63.0,0.44920137290296086,0
117.0,0.32384225712826925,1
135.0,0.4524314749323835,1
166.0,0.43972084383929183,1
26.0,0.4442944621523093,0
87.0,0.3306183792626848,0
173.0,0.3384887813739651,1
74.0,0.4528719777330588,0
167.0,0.32706669558005175,1
38.0,0.4560243360671013,0
48.0,0.32721572041259966,0
97.0,0.3383897381527732,0
74.0,0.33343654452774446,0
164.0,0.33032790414805463,1
55.0,0.44490510133649275,0
76.0,0.3199178202090824,0
37.0,0.3297957111739201,0
95.0,0.3253188912688634,0
26.0,0.3223639479686153,0
149.0,0.3193186087894215,1
166.0,0.43249905523558324,1
49.0,0.4238010530930254,0
132.0,0.31385682271893556,1
105.0,0.4370591210779022,1
173.0,0.4268946514572612,1
54.0,0.4306358913367029,0
134.0,0.3188543611851755,1
155.0,0.442468715663382,1
169.0,0.4325503734590627,1
100.0,0.436153418018744,0
27.0,0.4337791537795844,0
122.0,0.3212687194026639,1
47.0,0.4442717898130263,0
170.0,0.32096979050081403,1
147.0,0.44599831696675635,1
126.0,0.4356893206940775,1
52.0,0.4392419084157419,0
91.0,0.32658733756718067,0
68.0,0.3331472893184918,0
27.0,0.3295083817103543,0
163.0,0.3267461454089013,1
32.0,0.4404179512891654,0
80.0,0.3193217366766908,0
64.0,0.32598922555776366,0
106.0,0.32256246093961155,1
120.0,0.43573741727094084,1
89.0,0.4286672315823872,0
97.0,0.3180744644399512,0
149.0,0.32334299956899953,1
88.0,0.43586950877789427,0
81.0,0.3157340703160675,0
106.0,0.3221524355275742,1
78.0,0.43436742398194483,0
154.0,0.314085676814175,1
52.0,0.436680575805639,0
70.0,0.3144386436763182,0
105.0,0.32238426724818897,1
115.0,0.43430118539066265,1
65.0,0.4256517382738264,0
35.0,0.31575863865892523,0
75.0,0.3225021363729406,0
53.0,0.3192865133992482,0
71.0,0.3169224763975615,0
80.0,0.3145272531012746,0
144.0,0.31216857550465177,1
71.0,0.4236797708875454,0
44.0,0.3055883854022103,0
87.0,0.31170067194288775,0
77.0,0.30883446199294384,0
97.0,0.30662062763855213,0
69.0,0.3043953095973597,0
53.0,0.3022012134424445,0
93.0,0.3000351994073665,0
93.0,0.2978969461605688,0
95.0,0.29578597896708264,0
63.0,0.29370184052086934,0
110.0,0.29164408156377225,1
157.0,0.4000481061960376,1
39.0,0.3969066838219249,0
72.0,0.29025042015977937,0
37.0,0.29245890086678733,0
109.0,0.2902946806169441,1
123.0,0.3984335276170816,1
83.0,0.3957325505656129,0
87.0,0.28923711198105817,0
25.0,0.29109207909106605,0
135.0,0.289007564363649,1
99.0,0.3968831494316508,0
143.0,0.28646677305039253,1
110.0,0.3986250297236825,1
118.0,0.3953353309805913,1
67.0,0.39744118631841435,0
172.0,0.2905822822184619,1
106.0,0.40293863497330606,1
71.0,0.39987612223121705,0
121.0,0.29286580932854184,1
28.0,0.4058180108744106,0
170.0,0.29328687999293446,1
40.0,0.4073260724442502,0
117.0,0.29385050185220335,1
39.0,0.4088016955203627,0
111.0,0.29439244199173203,1
123.0,0.4102535649399254,1
43.0,0.40426034222364743,0
51.0,0.29695036412035947,0
72.0,0.30120490038669434,0
47.0,0.29898923602302585,0
142.0,0.2971542155971641,1
68.0,0.4060579977397303,0
157.0,0.29245661368035436,1
81.0,0.4077994521552912,0
41.0,0.29295834634447765,0
47.0,0.2980723215161172,0
118.0,0.2958709085321459,1
112.0,0.40454953521333953,1
42.0,0.39904268183779096,0
51.0,0.2924755163618199,0
104.0,0.2967267519654526,0
133.0,0.40060490917075425,1
131.0,0.3963298531539859,1
101.0,0.398406658700976,0
117.0,0.39701194882798163,1
30.0,0.3990789004775375,0
100.0,0.2921204445537086,0
34.0,0.40292367237531523,0
84.0,0.2888301453923492,0
130.0,0.2932112306265789,1
74.0,0.4009784160211963,0
40.0,0.28803168757384706,0
137.0,0.2926969586405903,1
63.0,0.40032104082512593,0
132.0,0.2871812169538614,1
71.0,0.40206362792783307,0
164.0,0.2876600489297495,1
58.0,0.40338776045097074,0
33.0,0.28814613790263793,0
72.0,0.2945154284636412,0
69.0,0.29235886515779413,0
25.0,0.2907990195447573,0
92.0,0.2892169205940978,0
63.0,0.28765271935015235,0
100.0,0.28610368332977354,0
134.0,0.38890863992175667,1
128.0,0.3843820141833795,1
154.0,0.38636555478780416,1
27.0,0.3879180761896756,0
102.0,0.28267886175760354,0
52.0,0.391077569414009,0
42.0,0.2798180913351186,0
130.0,0.2833936704533928,1
171.0,0.38950500372896374,1
173.0,0.3853634427093335,1
146.0,0.3871873454998722,1
64.0,0.3887035112064771,0
91.0,0.283373574091485,0
86.0,0.28588111288092594,0
102.0,0.2842582497049928,0
71.0,0.38684046441503,0
128.0,0.27824869728502655,1
98.0,0.38743831658736044,0
66.0,0.27882986055825737,0
150.0,0.2811207164330319,1
140.0,0.38688830961950577,1
162.0,0.3840859151160799,1
45.0,0.38572417997162156,0
110.0,0.2808659747599108,1
129.0,0.3904464030431076,1
30.0,0.38770353922072104,0
114.0,0.2826903591608827,1
171.0,0.3927510710837366,1
140.0,0.3897804843865272,1
168.0,0.39138093013849484,1
152.0,0.3928053722112355,1
35.0,0.3942272841218446,0
98.0,0.28815526523868795,0
80.0,0.28927783755640674,0
138.0,0.2877967102794425,1
32.0,0.3947221905860648,0
25.0,0.28619038439975175,0
92.0,0.28747088540022575,0
165.0,0.28601514791103316,1
48.0,0.39262622009314313,0
86.0,0.2843418984991759,0
134.0,0.28571493336223647,1
127.0,0.3921801342978128,1
107.0,0.39036391032057727,1
100.0,0.39182059408093906,0
62.0,0.3907285051599348,0
162.0,0.28495992040721124,1
157.0,0.3938220658270115,1
26.0,0.3923461198269695,0
111.0,0.2866474258578303,1
57.0,0.39596291344604806,0
164.0,0.28707384124788166,1
174.0,0.39710430236491745,1
28.0,0.3947980727040835,0
55.0,0.28879965615577396,0
85.0,0.2903920029787863,0
59.0,0.288974729611097,0
169.0,0.28764758129962975,1
158.0,0.394414704270513,1
96.0,0.39272477670723144,0
63.0,0.2870090213027212,0
85.0,0.2881740406311799,0
72.0,0.2868130052774018,0
169.0,0.2855181183201858,1
72.0,0.39190699338792306,0
127.0,0.28411928853931695,1
174.0,0.3930662211782692,1
135.0,0.391253526020913,1
64.0,0.3926125180588378,0
106.0,0.2868684519265094,1
146.0,0.39602686744070564,1
56.0,0.39436283584469256,0
71.0,0.2884368850315867,0
64.0,0.28953211481911334,0
48.0,0.2882083777959384,0
117.0,0.28694544005689615,1
68.0,0.39350778777258694,0
98.0,0.2856151333270172,0
114.0,0.28665403287468844,1
25.0,0.39310104199463175,0
133.0,0.28501641173760933,1
172.0,0.39421932569466317,1
144.0,0.3921829809976189,1
40.0,0.3935008921139496,0
91.0,0.28766322026504254,0
125.0,0.2887923133590368,1
38.0,0.39554749058014044,0
136.0,0.2870005243047776,1
116.0,0.39664279231461486,1
60.0,0.3944373756102998,0
66.0,0.28856435852125834,0
166.0,0.29011042687734656,1
47.0,0.3970260287438297,0
88.0,0.28787596335735083,0
111.0,0.2897707404454172,1
100.0,0.396600156519464,0
155.0,0.39206295158482635,1
92.0,0.39366354713064416,0
130.0,0.28782096785493994,1
72.0,0.39869162370832273,0
124.0,0.288076638936722,1
101.0,0.3996812552970916,0
89.0,0.39344558129460266,0
43.0,0.28767500116140027,0
103.0,0.290811344034288,0
166.0,0.3946135791527779,1
48.0,0.39144066055521665,0
78.0,0.2861214565604379,0
24.0,0.2892967591069107,0
46.0,0.28797256488579825,0
141.0,0.28683659009294493,1
78.0,0.3932197475243138,0
109.0,0.28343974656907434,1
89.0,0.3943636246763812,0
49.0,0.28382666853285465,0
106.0,0.28752034224005324,1
86.0,0.39375446809655484,0
163.0,0.28328871605637007,1
102.0,0.3949510799812648,0
163.0,0.38784545965023554,1
125.0,0.38959891196064456,1
52.0,0.3906931992414488,0
130.0,0.28534030349924633,1
80.0,0.3976335865370797,0
122.0,0.2853981777351568,1
81.0,0.3985778907172444,0
83.0,0.28575281838356154,0
29.0,0.29117410245500924,0
60.0,0.2897029746629166,0
167.0,0.28863178185823335,1
73.0,0.39522734077861343,0
43.0,0.2834141197707312,0
126.0,0.2886347174094932,1
141.0,0.3948131453907103,1
160.0,0.38892968197746525,1
141.0,0.39046865436577444,1
163.0,0.3915334106217095,1
89.0,0.39262179404207204,0
144.0,0.28701658367081295,1
79.0,0.3992665763722061,0
56.0,0.287082873277765,0
55.0,0.29183215123589085,0
82.0,0.2904634821163149,0
135.0,0.2894137799042686,1
118.0,0.3960865616113447,1
60.0,0.3911009277400069,0
88.0,0.28601109540679265,0
134.0,0.29001121031442634,1
151.0,0.3964892042724073,1
172.0,0.39157043746288306,1
29.0,0.39294619664815994,0
51.0,0.28730161161245055,0
141.0,0.29103137661605505,1
131.0,0.3976867794379954,1
86.0,0.3931039528540833,0
35.0,0.2877016401001975,0
108.0,0.2913783131662395,1
132.0,0.3980812273541625,1
25.0,0.3935461812560878,0
112.0,0.2880818887424971,1
34.0,0.39992587289331216,0
169.0,0.28816659017079366,1
125.0,0.40078494183153257,1
130.0,0.3953459186570807,1
130.0,0.39672006469219284,1
30.0,0.39771535615690945,0
148.0,0.291435109706163,1
122.0,0.40381846757587136,1
30.0,0.39883658082352247,0
67.0,0.29266881547211004,0
36.0,0.2964620545437411,0
76.0,0.29521463051386515,0
58.0,0.29419801485960995,0
26.0,0.293178219628876,0
167.0,0.29216519845673816,1
105.0,0.3991767867069922,1
172.0,0.3952755843782142,1
93.0,0.39647630870935247,0
24.0,0.2903785496588761,0
107.0,0.29326245339654516,1
74.0,0.40027049228029277,0
114.0,0.28970736770070304,1
77.0,0.40125035122620084,0
84.0,0.29001763085876053,0
88.0,0.29366863069627774,0
113.0,0.2924880924226851,1
52.0,0.3995261877771133,0
149.0,0.2886909479230691,1
133.0,0.4005245776216887,1
109.0,0.3958288984505485,1
97.0,0.39706543463998306,0
101.0,0.29090010359826546,0
143.0,0.4001726289694444,1
117.0,0.39625189166026636,1
166.0,0.3974398090547317,1
55.0,0.39837939605284156,0
67.0,0.2920490296968631,0
67.0,0.29516326188638004,0
56.0,0.2940357494743783,0
145.0,0.2930730144728859,1
86.0,0.4001553018329941,0
65.0,0.28975397110250495,0
170.0,0.29291254447710524,1
171.0,0.3997881519386434,1
161.0,0.39608373402056807,1
40.0,0.397207227521862,0
56.0,0.29104623096769233,0
73.0,0.2937942744507033,0
136.0,0.29271840777873914,1
129.0,0.39972645525549977,1
158.0,0.39647867007107745,1
72.0,0.397552007692589,0
34.0,0.2913523043121928,0
28.0,0.29371107722011797,0
174.0,0.292670713912825,1
59.0,0.3996549676635265,0
131.0,0.28996973491147987,1
75.0,0.40052189874399824,0
78.0,0.29026870548896977,0
40.0,0.29314490932964066,0
153.0,0.2920916010838425,1
90.0,0.3989704654500748,0
87.0,0.28902597281732645,0
113.0,0.29193624784221917,1
57.0,0.3986277262445898,0
107.0,0.28856156872744,1
138.0,0.3995279988293553,1
110.0,0.3955314468564682,1
155.0,0.39662922766226694,1
94.0,0.39750998611880417,0
34.0,0.2913429100721395,0
162.0,0.2939944206482529,1
109.0,0.4010038430927054,1
74.0,0.3977058069582735,0
137.0,0.29164976128658987,1
120.0,0.40251094038814256,1
91.0,0.39892433307458486,0
57.0,0.29271669684235324,0
142.0,0.29545648263687346,1
173.0,0.4026683448815531,1
24.0,0.3992621908023752,0
170.0,0.2930050200420252,1
45.0,0.4041583425591872,0
171.0,0.293138060048124,1
164.0,0.40487371579912174,1
106.0,0.4007673862849765,1
128.0,0.4018359058718384,1
52.0,0.4026818014308249,0
115.0,0.29582544940261785,1
46.0,0.4074421344306584,0
32.0,0.29594882815407114,0
46.0,0.2992002419112796,0
105.0,0.29815287039611715,1
139.0,0.40588848720358683,1
121.0,0.402261563733215,1
37.0,0.4032800573625312,0
95.0,0.2963457074516446,0
111.0,0.29906095437542557,1
54.0,0.40677954785426357,0
118.0,0.29573347333780703,1
97.0,0.40760328300419296,0
45.0,0.29598583958250535,0
47.0,0.29936186110332463,0
160.0,0.298323893909866,1
168.0,0.406061526865899,1
139.0,0.4023025935313136,1
48.0,0.40331463011585444,0
81.0,0.2963869030913359,0
106.0,0.299223354546103,1
120.0,0.4069342333657631,1
82.0,0.40343170222731833,0
162.0,0.2966423911834998,1
56.0,0.4083432327963248,0
168.0,0.2967457679864415,1
105.0,0.40901044861593816,1
26.0,0.40482557837731975,0
71.0,0.2978964206585245,0
93.0,0.30112215662858843,0
34.0,0.30010536094242213,0
25.0,0.29925156129041225,0
168.0,0.2983964784636024,1
134.0,0.4061035815290217,1
36.0,0.40262650900954317,0
26.0,0.29595513271136825,0
125.0,0.29874107291107116,1
171.0,0.40635285180053343,1
152.0,0.4029085808782756,1
160.0,0.40386275781913733,1
129.0,0.4046491387282218,1
120.0,0.4054388948748912,1
100.0,0.4062259695831217,0
33.0,0.4055607592542385,0
92.0,0.2982164747882858,0
168.0,0.3001268456299652,1
43.0,0.4079892057449525,0
129.0,0.2976854184688003,1
167.0,0.4087104370214926,1
44.0,0.40584284373042706,0
89.0,0.2987128646143038,0
83.0,0.3008951061759073,0
36.0,0.2999767276560508,0
94.0,0.29914696501650695,0
37.0,0.29831916024737254,0
29.0,0.29749553021007186,0
63.0,0.29667599253438454,0
78.0,0.2958605216758509,0
111.0,0.2950490909599142,1
120.0,0.40219985967515104,1
86.0,0.4005144336292311,0
26.0,0.2940582253838884,0
41.0,0.29532385148923435,0
129.0,0.2944824562061176,1
132.0,0.40153761488138384,1
93.0,0.4000133399403499,0
99.0,0.293624021951341,0
54.0,0.2947540773929152,0
104.0,0.293926052831327,0
171.0,0.3988640118390285,1
36.0,0.3979940281069557,0
26.0,0.2918748205160604,0
147.0,0.2929258937125659,1
54.0,0.39968744450470767,0
89.0,0.29144104656482894,0
139.0,0.2926948170898682,1
44.0,0.39940735249070675,0
48.0,0.2910450890782325,0
39.0,0.29246543642872747,0
37.0,0.29165175988964304,0
169.0,0.29088489967391745,1
165.0,0.39734523009061334,1
73.0,0.39584225567810294,0
135.0,0.2900442819932419,1
63.0,0.398558172205335,0
35.0,0.29026659510262787,0
163.0,0.2917148344503041,1
157.0,0.39824597068861645,1
30.0,0.3964405958092766,0
75.0,0.2905749427110756,0
150.0,0.2919586389696548,1
151.0,0.39852349798470776,1
87.0,0.3967349077589408,0
150.0,0.2908305655914389,1
131.0,0.39972525350850713,1
165.0,0.39776247341900006,1
161.0,0.39855077651368936,1
91.0,0.39927377878226467,0
148.0,0.2929741294349841,1
120.0,0.40192896939370787,1
51.0,0.40024268542970065,0
152.0,0.2938550584828824,1
157.0,0.4030592701772031,1
114.0,0.40124600551522904,1
148.0,0.40201456870088204,1
153.0,0.40272568356420174,1
97.0,0.40343586300670925,0
49.0,0.29657764021940275,0
173.0,0.29743398733147713,1
173.0,0.40483732546426426,1
79.0,0.40365084900680065,0
31.0,0.2967931198694698,0
61.0,0.2976399436818222,0
143.0,0.29686474280998343,1
120.0,0.40420088388179687,1
140.0,0.40316049870613285,1
167.0,0.40388435120635174,1
28.0,0.40458058452109097,0
43.0,0.29757759796398103,0
77.0,0.2979806573830511,0
164.0,0.29722144339042084,1
150.0,0.40460132992487974,1
65.0,0.40407109107670486,0
96.0,0.29715025042966975,0
165.0,0.2974339536049649,1
64.0,0.4048296196917308,0
34.0,0.2967476402224143,0
135.0,0.2971970867181747,1
43.0,0.40454866153669294,0
71.0,0.296358211820203,0
93.0,0.2969622838528617,0
138.0,0.29621557056504594,1
28.0,0.4034258218183708,0
25.0,0.2953563372235603,0
139.0,0.2959998860892284,1
101.0,0.4031538186645578,0
24.0,0.40099327399686463,0
53.0,0.2943854672723376,0
83.0,0.295051371412999,0
169.0,0.29431877426174724,1
71.0,0.4012256057010929,0
150.0,0.2933933318115368,1
168.0,0.4018143785106715,1
85.0,0.40067104686869504,0
137.0,0.29423818037081534,1
45.0,0.40287553434438905,0
89.0,0.2944444866235554,0
42.0,0.29553338058830236,0
78.0,0.2947983453554885,0
92.0,0.2940949785732224,0
27.0,0.2933942266434419,0
61.0,0.29269649661928243,0
156.0,0.2920017655281562,1
49.0,0.39852792461835645,0
53.0,0.291126149674364,0
169.0,0.2918145475419766,1
27.0,0.39828769916702306,0
118.0,0.29077937979809365,1
51.0,0.39887230151302294,0
142.0,0.2910128584150263,1
78.0,0.39943401338687967,0
112.0,0.29124341796345876,1
149.0,0.3999922204803744,1
141.0,0.39814099672402536,1
173.0,0.39885160375152917,1
140.0,0.39950541881887247,1
150.0,0.40015861690728044,1
114.0,0.40081009464154804,1
100.0,0.4014598796945722,0
147.0,0.4009187421468334,1
76.0,0.40172573107399756,0
37.0,0.2951417060460888,0
78.0,0.2960348170324225,0
91.0,0.29532811016941646,0
138.0,0.2946465767693981,1
126.0,0.40155563287247875,1
107.0,0.40059244087769086,1
114.0,0.4012557662550832,1
63.0,0.40189552417063945,0
149.0,0.2952957557557044,1
96.0,0.4035269615618936,0
124.0,0.2955045591370787,1
99.0,0.4040636235730714,0
141.0,0.2957212894276239,1
134.0,0.40459684136438245,1
86.0,0.4032694855821563,0
104.0,0.2965172202679738,0
100.0,0.4038798038066267,0
56.0,0.40141724054142913,0
102.0,0.29479862945361046,0
101.0,0.4015435773545384,0
156.0,0.399458687565855,1
102.0,0.4002624971381012,0
140.0,0.39973836330933776,1
93.0,0.40052033743088195,0
171.0,0.2941151682821408,1
59.0,0.4027527339412089,0
127.0,0.29430320736022714,1
136.0,0.40327821841581774,1
86.0,0.4016067694893965,0
63.0,0.29509818354760314,0
125.0,0.29635218729886437,1
139.0,0.40345049727317006,1
56.0,0.40183179569992744,0
30.0,0.29529390444329723,0
78.0,0.2965377844500382,0
68.0,0.2958502942393175,0
103.0,0.29519829445181633,0
33.0,0.4004977997250124,0
137.0,0.2925022685981754,1
71.0,0.4006738116759206,0
71.0,0.29272152097274395,0
37.0,0.293726416450209,0
64.0,0.29306145505592957,0
60.0,0.2924231548514991,0
74.0,0.29178704548019924,0
58.0,0.2911534435548909,0
150.0,0.29052233185177473,1
60.0,0.39673098246796246,0
56.0,0.2897107824250915,0
149.0,0.2903571057355624,1
150.0,0.3965193173227076,1
54.0,0.3956401807589195,0
34.0,0.2899433231115465,0
44.0,0.29056546710408343,0
101.0,0.2899291464454142,0
148.0,0.39442762423487876,1
100.0,0.39405952662028826,0
105.0,0.39358196746084284,1
43.0,0.3943342958587845,0
129.0,0.28880672796203,1
166.0,0.396361306519565,1
97.0,0.39516576214012644,0
162.0,0.2895483990304444,1
90.0,0.39731413617794265,0
27.0,0.2897388861517598,0
150.0,0.29086639649904206,1
84.0,0.39707620251996256,0
85.0,0.2894329439898675,0
62.0,0.2906922600492646,0
61.0,0.2900520048485097,0
168.0,0.2894456279947072,1
41.0,0.39545394205830764,0
105.0,0.28810401118749346,1
64.0,0.3959908997773254,0
120.0,0.28831547647980676,1
61.0,0.39649632041892446,0
83.0,0.2885249001805944,0
136.0,0.2901778266323005,1
57.0,0.3962424104182494,0
121.0,0.28822750223782356,1
42.0,0.39679633414153676,0
138.0,0.28843224573670617,1
126.0,0.39729445246289247,1
84.0,0.39471355374801553,0
119.0,0.2892233907914344,1
38.0,0.39821492715658197,0
127.0,0.2893492670219967,1
29.0,0.3987088499806887,0
45.0,0.28954751071874835,0
51.0,0.29209294999499497,0
78.0,0.2914110873215598,0
40.0,0.2908221135327036,0
140.0,0.2902328467108314,1
56.0,0.3963424601370621,0
127.0,0.28776334371785084,1
42.0,0.39691458514132155,0
44.0,0.2879603904606768,0
127.0,0.2905596614803874,1
41.0,0.3966101680535466,0
154.0,0.28767134864331373,1
25.0,0.39720191547656397,0
159.0,0.2878642005790915,1
149.0,0.39768522302485027,1
174.0,0.39401918251998064,1
25.0,0.3947504186611519,0
145.0,0.28918503676119517,1
144.0,0.3989953865430473,1
57.0,0.3954075579201039,0
124.0,0.2898873847434756,1
62.0,0.39988592775625226,0
127.0,0.28994565088690066,1
123.0,0.4003636342335387,1
44.0,0.39641974138637587,0
35.0,0.29078360215262516,0
158.0,0.29389584624116516,1
64.0,0.4004129027724885,0
105.0,0.2903366213547215,1
76.0,0.40103374050136464,0
167.0,0.29051382933756403,1
137.0,0.401499277482244,1
115.0,0.397065136469908,1
65.0,0.3978439268029715,0
54.0,0.291852653217355,0
81.0,0.2952326788900244,0
140.0,0.2945115359583158,1
139.0,0.40126728036035325,1
126.0,0.3973080162955204,1
137.0,0.39804921917401737,1
138.0,0.398596526764205,1
156.0,0.39915023184539633,1
68.0,0.39970243073225653,0
166.0,0.29346784218006944,1
89.0,0.4039030693211206,0
141.0,0.29352653846655813,1
168.0,0.4043605262407,1
43.0,0.40052963290524973,0
79.0,0.2943296996326691,0
147.0,0.2973605513698478,1
43.0,0.4043959134683098,0
113.0,0.29388480901941044,1
169.0,0.4049887021318243,1
38.0,0.40092861129692586,0
54.0,0.294692490596055,0
85.0,0.2979071529077545,0
138.0,0.29720417602579463,1
169.0,0.4043533176397536,1
105.0,0.40058396781715305,1
113.0,0.4012927465733598,1
90.0,0.4018258817493309,0
84.0,0.2953111483508083,0
33.0,0.29817392943076526,0
91.0,0.29749796369831494,0
85.0,0.29693578729202663,0
130.0,0.2963721131510319,1
73.0,0.40338186599975157,0
52.0,0.2934722812616697,0
74.0,0.29628376172588866,0
161.0,0.2956234580882591,1
96.0,0.4025184303902572,0
164.0,0.29271132508560216,1
98.0,0.40306829141596984,0
43.0,0.2928805856405074,0
27.0,0.29592691923531717,0
158.0,0.29525782850622023,1
59.0,0.4020918255800512,0
27.0,0.29213219072190194,0
154.0,0.29519344801183095,1
168.0,0.4018758713389614,1
24.0,0.3983418888829265,0
55.0,0.29244021084785693,0
59.0,0.2953509780135659,0
136.0,0.2946929799068687,1
120.0,0.40143271782171225,1
139.0,0.3980155308516581,1
96.0,0.3986820185928483,0
93.0,0.2926023142478521,0
65.0,0.2952936768490736,0
26.0,0.2946529800996757,0
112.0,0.29411377730121385,1
105.0,0.40075399899929776,1
55.0,0.39769835993417874,0
64.0,0.2918607679106821,0
114.0,0.2943613603659334,1
100.0,0.40093777236243466,0
61.0,0.39694969807158653,0
100.0,0.2911302471798599,0
104.0,0.39946425476340164,0
157.0,0.39537577428128273,1
97.0,0.39613338985398394,0
118.0,0.2904093811308058,1
154.0,0.4000257515898653,1
138.0,0.396733206715465,1
127.0,0.39737671385998175,1
116.0,0.3978872549420308,1
118.0,0.3984009879338106,1
82.0,0.3989135415796221,0
39.0,0.29281468152645257,0
119.0,0.29495614077630544,1
66.0,0.4016354788382735,0
158.0,0.29246369239644454,1
44.0,0.4021394575843257,0
36.0,0.29263012567705005,0
45.0,0.29516140737121543,0
147.0,0.2945487035342982,1
136.0,0.4012386675683733,1
171.0,0.3983808005329839,1
161.0,0.398989510039453,1
164.0,0.39949204000530275,1
170.0,0.39999660573739354,1
88.0,0.40050007356083317,0
165.0,0.2941899891917974,1
106.0,0.40359369927029515,1
44.0,0.4011289294363157,0
48.0,0.29480134887061604,0
64.0,0.29674525582601374,0
54.0,0.29616166457723303,0
86.0,0.2956369626441501,0
120.0,0.29511269803877044,1
127.0,0.4018768807150205,1
97.0,0.3997794914488658,0
172.0,0.29362335140117063,1
34.0,0.4027091107084273,0
115.0,0.29373697172776375,1
108.0,0.40312473234208607,1
88.0,0.4006617183590674,0
146.0,0.29440172984290675,1
45.0,0.40389716696246203,0
113.0,0.2944983552939968,1
100.0,0.40430869657794594,0
87.0,0.40062557401487364,0
40.0,0.29430356962992815,0
96.0,0.29653488235753794,0
79.0,0.29594854012328975,0
28.0,0.29543500621664087,0
140.0,0.29492134979181645,1
164.0,0.40164274508502046,1
164.0,0.39921245333907335,1
174.0,0.3997781527343654,1
146.0,0.4002644206990468,1
61.0,0.4007516961946151,0
73.0,0.2944186585379127,0
42.0,0.2960577345857666,0
101.0,0.295503553410995,0
174.0,0.4010126029948201,1
92.0,0.39939728919950074,0
99.0,0.2932903197701151,0
149.0,0.2948716352665762,1
137.0,0.4015308137126524,1
68.0,0.39957277556830534,0
165.0,0.29344943430280984,1
60.0,0.40233552866206745,0
49.0,0.2935652746027853,0
157.0,0.29537307233706406,1
130.0,0.40209587787048345,1
69.0,0.39994056836485087,0
108.0,0.29377700473890495,1
25.0,0.4029024875348155,0
161.0,0.29388230152554085,1
39.0,0.403302938682893,0
90.0,0.29404031443357376,0
30.0,0.29621427345610224,0
108.0,0.29564911303641583,1
143.0,0.40246461030607067,1
156.0,0.3999977284172882,1
112.0,0.4005508290204185,1
43.0,0.40102324825155394,0
76.0,0.2946626646569503,0
57.0,0.29645492096759807,0
43.0,0.2959078327072175,0
77.0,0.2954112748318204,0
62.0,0.2949152373832761,0
147.0,0.29442072357800747,1
139.0,0.4010384712067042,1
37.0,0.39919913446299593,0
164.0,0.29313066224588896,1
92.0,0.4018194909086486,0
80.0,0.2932485605601524,0
160.0,0.2949465941175963,1
68.0,0.40159183695906,0
135.0,0.292994421512398,1
125.0,0.40203413737411703,1
130.0,0.3997402213980538,1
54.0,0.4002737587505916,0
169.0,0.29401929529625265,1
