2652.0,0.5,1
1040.0,0.5263157894736843,1
1421.0,0.6129917657822507,1
3213.0,0.6764784344587688,1
3429.0,0.66329792326595,1
528.0,0.6825390239846116,1
598.0,0.7620788185789259,1
874.0,0.800932838539897,1
1428.0,0.8239779369175264,1
1428.0,0.8406103130909091,1
3248.0,0.8541576234681678,1
2070.0,0.8284232155398243,1
3278.0,0.8595931399655841,1
3510.0,0.8415312315473322,1
2958.0,0.8365835896927185,1
2755.0,0.8726522480296719,1
4500.0,0.8886452891590872,0
3294.0,0.8038597402137608,1
2940.0,0.8051028488661008,1
3336.0,0.8521254433274784,1
3640.0,0.8294975162497019,0
1269.0,0.7766042358165582,1
4230.0,0.8315262939699968,0
3144.0,0.751328502023048,1
1475.0,0.7614557202820678,1
2783.0,0.8168973678040714,1
460.0,0.8242096932744039,1
2392.0,0.8309854983227886,1
2352.0,0.8373796378190106,1
650.0,0.843149761648461,1
3450.0,0.8483344080432312,1
3059.0,0.8139170009198751,1
2047.0,0.8172991228906806,1
1584.0,0.8607562294676263,1
2150.0,0.8672336538341308,1
702.0,0.8715834412926834,1
2500.0,0.875105613881684,1
800.0,0.878970995277642,1
1533.0,0.882073744032335,1
1900.0,0.8853631338710455,1
2646.0,0.8887844974178531,1
3240.0,0.8913842930724803,1
2574.0,0.8635780583152468,1
925.0,0.8938882922831342,1
2680.0,0.8991194618487621,1
1566.0,0.9021688246575091,1
1260.0,0.9045243039418847,1
1488.0,0.9070645330898395,1
896.0,0.9094674018633001,1
462.0,0.9111059273044325,1
1440.0,0.9130148996458062,1
2080.0,0.9144339816989198,1
1080.0,0.9165722515135211,1
1856.0,0.9184354918274822,1
2070.0,0.9200198860023392,1
1008.0,0.9216953261044465,1
616.0,0.9236029925556463,1
1653.0,0.9246964672187789,1
2492.0,0.9263505015464961,1
918.0,0.9275056383239866,1
3725.0,0.9291514000570036,0
1690.0,0.880091603618768,1
638.0,0.9060536996165564,1
1449.0,0.9097363674956843,1
1584.0,0.9119125343407772,1
2877.0,0.9136628249477006,1
2520.0,0.9155465219292687,1
2967.0,0.9174238672703655,1
2507.0,0.9185433600262094,1
1708.0,0.9200118544074589,1
2323.0,0.9215386289387213,1
2952.0,0.9230807045050776,1
792.0,0.9240232568318486,1
1596.0,0.9254608282323429,1
4379.0,0.9269380980798654,0
1080.0,0.880976783777933,1
1360.0,0.9075105770812073,1
2332.0,0.9100928147437606,1
3000.0,0.9116931064387528,1
2808.0,0.8877840208679273,1
1728.0,0.9136755155944625,1
2552.0,0.9163944409591864,1
3120.0,0.917632994526402,1
3103.0,0.89503349874105,1
2898.0,0.8954055147438822,1
1036.0,0.9203547171027254,1
3266.0,0.923202025562546,1
520.0,0.9021391444512714,1
3699.0,0.9243763341302568,0
2277.0,0.8807168168490925,1
1224.0,0.9079114215550852,1
690.0,0.9101102614377529,1
1060.0,0.9116138118355617,1
1440.0,0.9130329734420886,1
1365.0,0.9145929225464287,1
880.0,0.9159310616915115,1
3696.0,0.9170304958710072,0
3848.0,0.8703942756716337,0
3472.0,0.8542001441411861,1
1848.0,0.8557950293327866,1
960.0,0.8893660151441115,1
2886.0,0.8941899246839546,1
3450.0,0.8962805633263384,1
1518.0,0.8682727943543254,1
1200.0,0.8966030740272317,1
780.0,0.9012071526001304,1
2970.0,0.9031164314403033,1
3542.0,0.9050253470346427,1
825.0,0.8795061010088618,1
2376.0,0.9052336843111873,1
1430.0,0.909292543619399,1
1620.0,0.9111674656076493,1
1380.0,0.912917882385959,1
3220.0,0.9146021818419988,1
1392.0,0.8907453195035828,1
2596.0,0.9140773867033348,1
3556.0,0.9178807977893393,1
2016.0,0.8949570985610389,1
1700.0,0.9174179291920526,1
1743.0,0.9208186195961473,1
2940.0,0.922333442661101,1
3683.0,0.9236216536442423,0
3796.0,0.8767695546973457,0
588.0,0.860204717763646,1
782.0,0.8916344699141955,1
1452.0,0.8976098215658175,1
3210.0,0.9002680557776523,1
4104.0,0.873699876682061,0
3087.0,0.8471453778709707,1
891.0,0.8463402442739846,1
2625.0,0.8815571496385528,1
2310.0,0.8874513959087996,1
2961.0,0.8901327948741489,1
480.0,0.8923913915742128,1
1650.0,0.8943107183908356,1
1128.0,0.8959935585923016,1
3537.0,0.8978692451169319,1
1092.0,0.8701313488359326,1
1015.0,0.8971062278839881,1
2496.0,0.9022231832778788,1
702.0,0.9043936910842594,1
3744.0,0.9057354952800947,0
2266.0,0.8561346987329637,1
1740.0,0.884624662843281,1
2619.0,0.8891799901502875,1
1890.0,0.8913409511229324,1
880.0,0.8934705732502561,1
3600.0,0.8951955311987533,1
1560.0,0.867103762635845,1
4284.0,0.895231217645921,0
1440.0,0.848382461117551,1
3942.0,0.8795812543721655,0
3120.0,0.829499106815757,1
928.0,0.828250471024021,1
1350.0,0.8672859367899575,1
930.0,0.8714804343563856,1
1566.0,0.8738221351839814,1
3650.0,0.8759381684525783,0
3192.0,0.8220940357919528,1
1127.0,0.8217662229080762,1
1196.0,0.8622814002175969,1
1900.0,0.8659844096732686,1
2178.0,0.868388124084133,1
2047.0,0.8706834486435137,1
2266.0,0.872939041093888,1
2522.0,0.8748674059443441,1
1215.0,0.8768334064480916,1
3000.0,0.8789676941654924,1
1533.0,0.8470990428198799,1
1280.0,0.8810040138419097,1
1053.0,0.8846401055734331,1
2178.0,0.8866584205070243,1
920.0,0.8885468123262107,1
1360.0,0.8903479355114631,1
2075.0,0.8919787276418276,1
1880.0,0.8935155148220916,1
3060.0,0.8953135450421729,1
1170.0,0.8673175430755629,1
1584.0,0.8963598369225769,1
2950.0,0.8996567510191477,1
2370.0,0.901269702333134,1
952.0,0.9028670182876034,1
550.0,0.9042427761814785,1
4080.0,0.9058492203605992,0
2961.0,0.8586323301325609,1
4290.0,0.8885310912534818,0
3596.0,0.8398985682014907,1
1944.0,0.8395648598320686,1
3024.0,0.876681307008457,1
4380.0,0.845912624635098,0
3144.0,0.827583927374641,1
1827.0,0.8287952811532342,1
780.0,0.8680173934719356,1
2001.0,0.8705531998376543,1
2352.0,0.8726364664146331,1
3132.0,0.8745378556370994,1
1470.0,0.8419199133915252,1
4408.0,0.8777625702573973,0
966.0,0.827516512319769,1
3225.0,0.8657361743201484,1
2156.0,0.8312561895264297,1
2684.0,0.869728996689902,1
1456.0,0.8718012523456515,1
1764.0,0.873650624468785,1
800.0,0.8756983714969369,1
780.0,0.8775958924475417,1
1218.0,0.8793171129643043,1
2418.0,0.8809378200013748,1
2158.0,0.8826272172040337,1
1824.0,0.8844437240976846,1
580.0,0.8863360441401944,1
3364.0,0.8881644396148937,1
2030.0,0.8580860071797836,1
2500.0,0.89037946419966,1
1311.0,0.8928600667058252,1
3625.0,0.8942759381850978,0
1029.0,0.8460017687471026,1
2814.0,0.8801264550846045,1
2575.0,0.882097610620783,1
1275.0,0.8839509866161412,1
1176.0,0.8858851213196635,1
2360.0,0.8874706725162947,1
1334.0,0.8892502449079035,1
2664.0,0.8910617538276606,1
3796.0,0.8927112897990106,0
2625.0,0.844925783069325,1
2950.0,0.8796400868801103,1
2187.0,0.8815875398100773,1
575.0,0.8833236128087959,1
740.0,0.8849887323346771,1
1100.0,0.8866187303686419,1
2205.0,0.8883600395177178,1
4650.0,0.8899130535096934,0
2850.0,0.8420342437279066,1
728.0,0.8776628789119918,1
2475.0,0.8790738341704623,1
2139.0,0.8808140517541019,1
4205.0,0.8824844706855595,0
3696.0,0.8332741587275125,0
2475.0,0.8268456369187909,1
1580.0,0.8652308000736362,1
3528.0,0.8675657618851886,1
1518.0,0.8334488793078729,1
1247.0,0.8707562756363411,1
1020.0,0.873421878798927,1
2352.0,0.8752521310557599,1
3267.0,0.8769293261571296,1
1776.0,0.8447219703446975,1
1450.0,0.8796871923823136,1
3250.0,0.8822270404254402,1
1020.0,0.8511308074960139,1
3375.0,0.8844318281275606,1
660.0,0.8552022991272895,1
2756.0,0.8875476213011785,1
2059.0,0.8901198000876549,1
1100.0,0.8917309585776468,1
1898.0,0.8934190987036876,1
3016.0,0.8947286314934098,1
3096.0,0.8664434606008795,1
1407.0,0.8663816343036074,1
1344.0,0.8975867831977523,1
2486.0,0.9004968178943646,1
2120.0,0.9017662394668686,1
2880.0,0.9029185200444022,1
580.0,0.9043187241445535,1
3140.0,0.9057216096885438,1
3475.0,0.8799776149639976,1
3900.0,0.8797892048811404,0
946.0,0.8632451203897044,1
900.0,0.8938222709740201,1
1012.0,0.8963263150876579,1
2856.0,0.8977760862011921,1
1863.0,0.899399304336472,1
2496.0,0.9008697899195104,1
3726.0,0.9024401305813932,0
4284.0,0.8567304191012427,0
2975.0,0.8492304374041089,1
1672.0,0.8830102387259596,1
2970.0,0.8866309964197807,1
2832.0,0.8883160633509398,1
1176.0,0.8897662039447229,1
3429.0,0.8912624785040493,1
1080.0,0.8621297540917863,1
1560.0,0.8924740420851551,1
1650.0,0.8957061879773355,1
3150.0,0.897445584747821,1
680.0,0.869787203044498,1
1210.0,0.8982627231857799,1
3640.0,0.9017469918358892,0
924.0,0.8568192092224723,1
2352.0,0.8868256775862821,1
2016.0,0.8898846407342592,1
572.0,0.8916128809179825,1
1380.0,0.8932654407530153,1
3144.0,0.8947714675578009,1
1640.0,0.86626907037091,1
3408.0,0.8955695887181725,1
1944.0,0.8692795360802485,1
1610.0,0.898123883251569,1
1898.0,0.9013073144182222,1
4350.0,0.902720797134459,0
2472.0,0.8575037216928425,1
2436.0,0.8875470412514341,1
2987.0,0.8905257198008715,1
1170.0,0.8920647330494811,1
2860.0,0.8936566302787317,1
1176.0,0.8951156655492963,1
1700.0,0.8964116542622431,1
4710.0,0.897936367597483,0
3750.0,0.8519476753418369,0
1512.0,0.8443118331761144,1
2163.0,0.8789583158527129,1
2392.0,0.8827336718809755,1
2820.0,0.8844218258488523,1
1150.0,0.8862094538320495,1
1520.0,0.8876956572566983,1
3625.0,0.889334720748703,0
2780.0,0.8413229965517719,1
3900.0,0.8742313988472268,0
2728.0,0.8258740457582637,1
2002.0,0.8625909716017861,1
888.0,0.8656415573881197,1
1364.0,0.8675914435381498,1
3422.0,0.8696113334222957,1
1682.0,0.8355588562084266,1
1587.0,0.8717322813303648,1
2430.0,0.87489555151878,1
1617.0,0.8768035500527478,1
780.0,0.8785686483984259,1
1976.0,0.8800702170745366,1
3304.0,0.8817519171253351,1
2880.0,0.8503913400617948,1
2576.0,0.8830839304636341,1
2407.0,0.886250647226719,1
3100.0,0.8878388966116049,1
3550.0,0.8576251808103925,1
2175.0,0.8571718260982741,1
3780.0,0.8904328260801968,0
1456.0,0.8457523102918756,1
754.0,0.8783210493608677,1
3190.0,0.8812631899145992,1
3990.0,0.8498077368592555,0
1152.0,0.8328512660025524,1
1344.0,0.869420781647913,1
1100.0,0.8723594002575823,1
3750.0,0.8740516176286571,0
2740.0,0.8234754016381676,1
1660.0,0.861446887620676,1
1344.0,0.8638294460591414,1
1073.0,0.8658403347225372,1
1260.0,0.8677717404845263,1
1400.0,0.8695561023780638,1
2975.0,0.8714874527805232,1
440.0,0.873313817438109,1
3640.0,0.8751880392937126,0
3224.0,0.8253757921184293,1
1274.0,0.8254478687435288,1
1932.0,0.8648646542840448,1
2442.0,0.8671613277284955,1
3234.0,0.8690602935804306,1
1560.0,0.8349552699519666,1
1610.0,0.871864102577695,1
2992.0,0.8743974411425309,1
2904.0,0.8761801086586178,1
2760.0,0.8777603397274454,1
1344.0,0.879429695665148,1
1485.0,0.8811597047009498,1
1525.0,0.8828196683822989,1
870.0,0.8844043369701557,1
840.0,0.8860350883158957,1
2442.0,0.8874646385609098,1
3996.0,0.8889573017539382,0
2684.0,0.8431735785416723,1
1430.0,0.877108731741814,1
1066.0,0.8793279557608005,1
1092.0,0.8807316051835402,1
3151.0,0.8822897171973461,1
3168.0,0.850915538245856,1
2910.0,0.8515224184866447,1
3537.0,0.8856556258637671,1
609.0,0.8559867084210568,1
748.0,0.8882616452897987,1
1449.0,0.8907054334403016,1
1302.0,0.8919905866105312,1
2704.0,0.8932612599597359,1
1580.0,0.8945097805827235,1
1750.0,0.8959982881962876,1
1764.0,0.8972756001331605,1
2604.0,0.8986573390534216,1
1704.0,0.8998493753957001,1
1674.0,0.9012546597406041,1
696.0,0.9028468835138096,1
1125.0,0.9042435964219369,1
2001.0,0.9053696734280207,1
3388.0,0.9065338654769957,1
3132.0,0.8810341519014891,1
2236.0,0.8810002418875928,1
3562.0,0.9093526033309205,1
3780.0,0.8859867394018247,0
3475.0,0.867618191820065,1
4176.0,0.8673307318964195,0
1840.0,0.8514513875848918,1
2640.0,0.8844783443023692,1
4470.0,0.8867059925557116,0
2862.0,0.838526024187023,1
1764.0,0.8740495362253206,1
1092.0,0.8759987339063663,1
2835.0,0.8778030758029817,1
704.0,0.8793789452737099,1
1260.0,0.8811973271398699,1
2394.0,0.882855557522418,1
1659.0,0.8846142512109465,1
1118.0,0.8862656172788872,1
2616.0,0.8877706395215545,1
3150.0,0.8893748173480216,1
3875.0,0.859529396003851,0
4470.0,0.8431783392167423,0
1541.0,0.8384446444507374,1
2880.0,0.874272247847716,1
888.0,0.8769173917235316,1
1092.0,0.8785800356247956,1
3825.0,0.8802116435687082,0
3696.0,0.8305735054370504,0
2492.0,0.8249493159425535,1
810.0,0.8632945151295535,1
840.0,0.8664184292229914,1
3840.0,0.8684759967685567,0
1482.0,0.8171168828827693,1
2090.0,0.8557630343793071,1
3105.0,0.8585436613933616,1
2730.0,0.8224805016295921,1
3192.0,0.861596384110486,1
1100.0,0.8270972480994918,1
2106.0,0.8652089689645842,1
3050.0,0.8683321925402487,1
825.0,0.834110508293184,1
735.0,0.8707389697769461,1
660.0,0.8737326758643296,1
3570.0,0.8755769878922739,1
700.0,0.8428959656082555,1
1875.0,0.8775352333837173,1
1034.0,0.8806913943948236,1
2331.0,0.8824926256203749,1
1392.0,0.8839045923200084,1
1960.0,0.8854924362429561,1
690.0,0.8868862140411219,1
2472.0,0.8884981566170665,1
3105.0,0.8901135473884696,1
2592.0,0.8602968802733908,1
1925.0,0.8907852019501408,1
3192.0,0.8940876279305148,1
2291.0,0.8653213716081211,1
832.0,0.895060344033821,1
3161.0,0.8983108545689118,1
672.0,0.8704369317192315,1
3058.0,0.8987134080934664,1
2254.0,0.8731322875432482,1
2668.0,0.9012910859787531,1
3718.0,0.9045285590522313,0
1150.0,0.8606823238853717,1
2574.0,0.889735613169871,1
1320.0,0.8926496678780602,1
3075.0,0.8940113627490999,1
3297.0,0.8651488649418285,1
4321.0,0.8646690228564452,0
1500.0,0.8486430058097846,1
2300.0,0.8819136489893162,1
1219.0,0.8848965444741217,1
2375.0,0.8865613345324277,1
1656.0,0.8880985883637974,1
2244.0,0.889647034249439,1
621.0,0.891124015317981,1
2750.0,0.8928097465070249,1
2418.0,0.8943664280034048,1
1260.0,0.8957130936483821,1
1638.0,0.8969757577966662,1
2976.0,0.8982242480983034,1
864.0,0.8995117979574051,1
918.0,0.9008271230058963,1
644.0,0.9023741419115898,1
3275.0,0.9039498390020865,1
594.0,0.8776989260024879,1
2678.0,0.9051148544367491,1
4284.0,0.9081891550774681,0
1568.0,0.8633239037099614,1
550.0,0.8920807580018437,1
3105.0,0.8948688678100436,1
1380.0,0.8666439322684807,1
3102.0,0.8962936069804954,1
2424.0,0.8702136594122569,1
2142.0,0.8992488695130112,1
3570.0,0.90238620507874,1
1742.0,0.8759299484474958,1
2112.0,0.9034259358581198,1
3857.0,0.9064352576761996,0
2240.0,0.8610368839741127,1
2415.0,0.890459122689842,1
3240.0,0.8931165380306547,1
2438.0,0.8645295687516372,1
1830.0,0.894863297225492,1
1560.0,0.8976330341761806,1
1400.0,0.8993569014406193,1
3080.0,0.9008469844243894,1
1365.0,0.8736516629264562,1
1800.0,0.9022725951407602,1
1302.0,0.9053873569090596,1
1885.0,0.9067428337273837,1
2295.0,0.9081680086857433,1
3140.0,0.9096643701351179,1
3150.0,0.8845679808881948,1
2352.0,0.8840084021435684,1
2128.0,0.9114235977122542,1
3250.0,0.9143812405897398,1
2744.0,0.8903437153865915,1
1320.0,0.9151481418509502,1
2916.0,0.9181086968165123,1
1357.0,0.9192307416692873,1
936.0,0.9205610261781507,1
1020.0,0.9214453865275058,1
960.0,0.9223734298400117,1
1071.0,0.9231664316093202,1
567.0,0.9239449734279415,1
2040.0,0.9247254536048896,1
2964.0,0.9260462805895926,1
936.0,0.9272251857778062,1
2117.0,0.9282401520974687,1
4158.0,0.9295402692437166,0
2484.0,0.8870771818671173,1
2070.0,0.9105557561505104,1
2525.0,0.9133661408686009,1
1541.0,0.9148134405989524,1
2862.0,0.9162416191903902,1
840.0,0.9176926508682861,1
3100.0,0.9186573893154357,1
2929.0,0.8956876249668262,1
900.0,0.9191178446418616,1
2024.0,0.9219940774831744,1
2288.0,0.9228867073340584,1
2938.0,0.924248994103678,1
864.0,0.9254616087586254,1
3100.0,0.9268124654932666,1
3030.0,0.9063397176947934,1
3108.0,0.9057859369550856,1
2158.0,0.906800290805438,1
3400.0,0.9292982125456287,1
2415.0,0.910877432625536,1
3072.0,0.9308795496860285,1
3864.0,0.9128610620465883,0
1222.0,0.8911957411596481,1
3197.0,0.9151116860887276,1
783.0,0.89292794603881,1
3926.0,0.9172293399072082,0
870.0,0.8745477654120359,1
2820.0,0.9013217343526164,1
3335.0,0.904033600541802,1
3648.0,0.8777203593969862,0
3925.0,0.8573872425225636,0
748.0,0.8531912541249511,1
1725.0,0.8860474144173957,1
3302.0,0.8891582051887202,1
1449.0,0.8597397436555076,1
2100.0,0.8912809231051606,1
1316.0,0.8943720547617147,1
3192.0,0.8960715679540101,1
725.0,0.8683703662929951,1
1104.0,0.8978987929932408,1
2044.0,0.9009635228240996,1
2574.0,0.9027065109683396,1
1716.0,0.9040663409255572,1
1728.0,0.9052664663004515,1
2520.0,0.9064431140473188,1
3473.0,0.9080349106441277,1
1152.0,0.8829288560990856,1
1026.0,0.9091081134823409,1
3925.0,0.9120599985714651,0
3510.0,0.8667297868784187,1
3120.0,0.8642971361184117,1
3348.0,0.8662309446567997,1
3000.0,0.8683308303728264,1
1392.0,0.8702449777701011,1
860.0,0.901032055246924,1
1817.0,0.9040373411660378,1
3696.0,0.9056724454296876,0
1260.0,0.8596613886202826,1
528.0,0.8893807462403193,1
2816.0,0.8921449659978915,1
1474.0,0.8938548074852377,1
3432.0,0.8955545255878665,1
1100.0,0.8672412063450549,1
1924.0,0.8970257289836845,1
3213.0,0.9000164433847282,1
3690.0,0.8727633210980774,0
837.0,0.8527894759418452,1
2640.0,0.8851596430818938,1
550.0,0.8877657089259894,1
620.0,0.8894176514942403,1
3013.0,0.8910592727248026,1
2975.0,0.8618858765180291,1
3360.0,0.893323816727224,1
4080.0,0.8661546529135945,0
2231.0,0.8464920026699365,1
3350.0,0.8802860079980392,1
3256.0,0.8495918808233724,1
675.0,0.8508364782092298,1
2730.0,0.8856707297286897,1
2675.0,0.8885586380364252,1
1624.0,0.8902065629936042,1
740.0,0.8917899855802257,1
1276.0,0.893524768016106,1
2499.0,0.895109007379659,1
1404.0,0.8967259253414248,1
2001.0,0.89813482012822,1
903.0,0.8997343945058593,1
1410.0,0.9014970541651709,1
2340.0,0.9029108203984021,1
1904.0,0.9043476418036962,1
800.0,0.905934227568088,1
3024.0,0.9074506205177882,1
3404.0,0.882215338272164,1
2354.0,0.8820766033012987,1
3724.0,0.9099826065185463,0
3870.0,0.8661534285051322,0
594.0,0.8609687702210349,1
2740.0,0.8921452338714594,1
1992.0,0.8954590356118858,1
984.0,0.8971866905853453,1
3750.0,0.8986577241326374,0
2100.0,0.8511522734086674,1
3267.0,0.8825494567441902,1
3666.0,0.8530551657779196,0
2280.0,0.8349377685260665,1
1219.0,0.8709662494375409,1
783.0,0.873670124525507,1
1550.0,0.8757967485805072,1
2310.0,0.8778127782736272,1
4500.0,0.8796760806597291,0
2226.0,0.8294263954416327,1
3496.0,0.8661304130379992,1
2816.0,0.8319885675267497,1
3288.0,0.8698396381760587,1
2001.0,0.8368713366326924,1
625.0,0.8735119417041852,1
2002.0,0.8760412032884345,1
2938.0,0.8780578072095762,1
3780.0,0.879959173002714,0
2369.0,0.8299589227903792,1
3024.0,0.8667273438369048,1
3276.0,0.8325093295921671,1
1953.0,0.8342463886366666,1
2058.0,0.8721395269298049,1
2000.0,0.8745810627104509,1
1456.0,0.8765566923164758,1
1700.0,0.8783571423294246,1
4590.0,0.8801407975520186,0
1680.0,0.8305537093277994,1
1334.0,0.8673533921802374,1
1368.0,0.8694116325594354,1
1568.0,0.8712546154825154,1
3900.0,0.873117450170907,0
1846.0,0.8220492606955483,1
1925.0,0.860946098457936,1
3926.0,0.8626856886368794,0
4205.0,0.8096958855555858,0
2808.0,0.8068670240777285,1
2352.0,0.8484228001056536,1
1218.0,0.850556604522549,1
2079.0,0.8526452708306804,1
3780.0,0.8548773329038166,0
1593.0,0.8004254262834454,1
1300.0,0.8436033214369832,1
3538.0,0.8453846999557059,1
2430.0,0.8067499204619731,1
3087.0,0.8501693626216354,1
1350.0,0.8121037734746122,1
920.0,0.8541609214604864,1
1420.0,0.8562277659043629,1
1044.0,0.8581719406199563,1
576.0,0.8601786620380323,1
2834.0,0.8621920570396373,1
3450.0,0.8640372866552495,1
1512.0,0.8289208916859876,1
660.0,0.8672285805476565,1
810.0,0.8695842359167294,1
3960.0,0.8713537103399537,0
1750.0,0.8197933979663553,1
2256.0,0.8587100739520845,1
2200.0,0.8609228409279732,1
2640.0,0.8630324155481739,1
609.0,0.8649409048458533,1
925.0,0.8669270229390775,1
2511.0,0.8687865830774965,1
3096.0,0.8708117104532729,1
3402.0,0.8372315127551224,1
1350.0,0.8385489163188178,1
748.0,0.8755764620494746,1
1653.0,0.8780010290659472,1
3536.0,0.8797306296972138,1
2400.0,0.847977859599556,1
1508.0,0.8821257554462095,1
1870.0,0.884611771098438,1
1679.0,0.8863134499483369,1
616.0,0.8879374639190257,1
3192.0,0.8895533443740078,1
3848.0,0.8597970376520461,0
3960.0,0.8430858793810166,0
2349.0,0.8393532078122654,1
2880.0,0.8748288226471823,1
3690.0,0.8777511948651631,0
3360.0,0.8281504912957072,1
2856.0,0.8272787418567944,1
3575.0,0.8662855743196507,1
1848.0,0.8328651648580272,1
2622.0,0.8699278625019496,1
1650.0,0.872850577849752,1
480.0,0.8745730291658285,1
2852.0,0.8761809236613516,1
1495.0,0.8779561275598525,1
2472.0,0.8797253203017573,1
1200.0,0.8815243826605099,1
4050.0,0.8832110282955544,0
2340.0,0.8348217874963528,1
2394.0,0.8699689729878373,1
1036.0,0.8725943953981068,1
1554.0,0.8742927396741418,1
2898.0,0.8759854025045808,1
690.0,0.8778137000537162,1
1152.0,0.8793765264637775,1
2700.0,0.8809693433694603,1
1392.0,0.8825987798401419,1
4110.0,0.8840627360809679,0
1960.0,0.8354696567525222,1
1281.0,0.8706023756198287,1
3366.0,0.8729924361078095,1
621.0,0.8397175549564893,1
2900.0,0.875630984147074,1
2360.0,0.878272979787879,1
1827.0,0.8799143821527111,1
648.0,0.881482590258565,1
609.0,0.8832293558741309,1
2500.0,0.885003447775753,1
1040.0,0.8867749360617019,1
1566.0,0.888461611205324,1
1920.0,0.8901891409869892,1
2236.0,0.8915746562615213,1
1188.0,0.8929161971701285,1
3302.0,0.8944824169464118,1
2619.0,0.8659224266910563,1
2639.0,0.8961294784702009,1
3120.0,0.8991735996216427,1
3780.0,0.8716604970332256,0
1700.0,0.8528751610318243,1
1508.0,0.8851469580766654,1
2106.0,0.8877792816101444,1
1196.0,0.8895504222326438,1
2780.0,0.8910205855171847,1
3926.0,0.8926211809359437,0
1350.0,0.8449687533521713,1
2380.0,0.8781946236858861,1
2349.0,0.8808008211102543,1
2280.0,0.8824457067199726,1
1890.0,0.8842296905970993,1
2324.0,0.8858859301910836,1
2755.0,0.887511668842236,1
3948.0,0.8890310009224334,0
860.0,0.8401145587362344,1
648.0,0.8745658709026733,1
1170.0,0.8770958316169979,1
2668.0,0.8790285111744507,1
2920.0,0.8807025017132815,1
1064.0,0.8825763307653458,1
1475.0,0.8844019747534622,1
1968.0,0.8859188212867687,1
3712.0,0.8876444745820166,0
3692.0,0.8387181907896744,0
2574.0,0.8345656381463123,1
3402.0,0.8709448279226246,1
4234.0,0.8386452444314476,0
3321.0,0.8222144139895882,1
3472.0,0.8225187483289379,1
836.0,0.8249526002992614,1
3175.0,0.8646400407132171,1
2200.0,0.830625848496688,1
3312.0,0.8684549560989836,1
3420.0,0.8350749551130642,1
3799.0,0.8361222339719699,0
1702.0,0.8208366039076802,1
2340.0,0.8596583381570327,1
1850.0,0.8619761113642921,1
812.0,0.8641282191134988,1
2175.0,0.8661092301241671,1
840.0,0.8679160035209292,1
960.0,0.869736537701832,1
3406.0,0.8717224203160391,1
936.0,0.8383888618387157,1
1508.0,0.8745272068177111,1
3874.0,0.8770785087373255,0
2088.0,0.8264934698323216,1
550.0,0.8638093492468812,1
806.0,0.8660604734865095,1
2575.0,0.8679196207829591,1
4172.0,0.8700258600415287,0
3780.0,0.8181487469563531,0
2106.0,0.8144379654610774,1
1170.0,0.8545848385098391,1
3328.0,0.8571858429163814,1
1495.0,0.8209333980625348,1
2010.0,0.8605428455415427,1
1368.0,0.8633567823769492,1
4256.0,0.8654679931068789,0
2700.0,0.8129398183423566,1
2596.0,0.8527569336583413,1
2236.0,0.8552374822796924,1
980.0,0.8573300766834708,1
2548.0,0.8593658167426224,1
1449.0,0.8615229533047416,1
2254.0,0.8635847641316523,1
2619.0,0.8655221922301566,1
3276.0,0.8675742830878279,1
2744.0,0.8333336537209661,1
2684.0,0.8702263066812421,1
3390.0,0.8730329493982466,1
912.0,0.8397993134304722,1
3172.0,0.8753744004094933,1
1672.0,0.844017147733541,1
651.0,0.8789111450904417,1
1080.0,0.8819346358394388,1
940.0,0.8836606571263095,1
1281.0,0.8852630693964341,1
2332.0,0.8871193317686344,1
3920.0,0.8888473953563719,0
1260.0,0.840346090540558,1
1050.0,0.8741365611394766,1
1260.0,0.8770023834005373,1
2500.0,0.8789357689236081,1
1302.0,0.8807372953945751,1
1590.0,0.8824597573177202,1
2750.0,0.8841906348160442,1
1540.0,0.8859421597176163,1
2507.0,0.8876824255139594,1
952.0,0.8893097207351531,1
2190.0,0.8907827004271318,1
3120.0,0.8923222455701162,1
750.0,0.8631581010601288,1
2997.0,0.893698723104436,1
783.0,0.8965693163763608,1
990.0,0.8979103139866207,1
1564.0,0.8992500530443507,1
2121.0,0.9005668023485714,1
3596.0,0.9019777450916217,1
980.0,0.8750115118086237,1
1230.0,0.9027065793460334,1
1925.0,0.9053640689374081,1
3276.0,0.9066036948966787,1
1025.0,0.8808513394640717,1
667.0,0.9073516812236866,1
2072.0,0.9101429474092608,1
2920.0,0.9116673851397561,1
2600.0,0.9130726374488431,1
2088.0,0.9143776401160721,1
2484.0,0.9153685207948,1
3322.0,0.9165765732306803,1
2240.0,0.8929376471480793,1
882.0,0.9168713198252741,1
2538.0,0.9193855908470515,1
1363.0,0.920514829013263,1
2680.0,0.9217622733510031,1
2599.0,0.9230654812878671,1
616.0,0.9241067365685369,1
1975.0,0.9247827664084379,1
1484.0,0.9254813413879301,1
3930.0,0.9265239997199959,0
3078.0,0.8853318247864056,1
3634.0,0.882258019584197,0
3625.0,0.8647758416147036,0
2684.0,0.8611671776825651,1
2508.0,0.8923311871690499,1
1230.0,0.8957667987331762,1
2332.0,0.897207539506344,1
3718.0,0.898890430942832,0
2465.0,0.8522361239099581,1
3276.0,0.8829872174508676,1
3864.0,0.8537698302244967,0
2461.0,0.8358335396380834,1
2599.0,0.8714626369430675,1
3161.0,0.8745001426392283,1
1220.0,0.8417335482721233,1
2208.0,0.8768068212614737,1
667.0,0.8798873554816138,1
2484.0,0.8816139028163988,1
2420.0,0.8833883436105714,1
2296.0,0.8851810482808622,1
672.0,0.8866921126406957,1
2360.0,0.8884215954365282,1
2106.0,0.8898563051424584,1
2185.0,0.8914312693938531,1
1508.0,0.8928772227727685,1
1012.0,0.8945361768862359,1
2496.0,0.896122869382701,1
2240.0,0.8977052000148784,1
3124.0,0.8991009451787741,1
1869.0,0.8716297843994747,1
1430.0,0.8998779987213177,1
1624.0,0.9029886097577026,1
3267.0,0.904667946212473,1
3348.0,0.8786507468634448,1
672.0,0.8778891431096081,1
3400.0,0.9065404178295657,1
2880.0,0.8832938838778377,1
2044.0,0.9092881439659211,1
1860.0,0.9123028379138733,1
2376.0,0.9136147260336884,1
1740.0,0.9147973907309999,1
2814.0,0.9158545614525001,1
2100.0,0.9171488749519602,1
2208.0,0.9183981777946514,1
2784.0,0.9196603066977533,1
1675.0,0.9209163176204901,1
713.0,0.9218033825627283,1
1876.0,0.9229367979426654,1
2660.0,0.9238398611598776,1
3328.0,0.9248072252411704,1
1612.0,0.9036200515067843,1
3500.0,0.9246526001299655,1
1700.0,0.9050670972701559,1
1050.0,0.9262802807133,1
2880.0,0.9288129685942099,1
728.0,0.9299919938749157,1
3892.0,0.9306133385510471,0
1075.0,0.8909149861308819,1
2523.0,0.9131884278798672,1
1656.0,0.9160293820300167,1
3048.0,0.9173460754920127,1
1909.0,0.8941203531776288,1
1647.0,0.9178169256253836,1
1890.0,0.9206090090935289,1
1484.0,0.9218069915222223,1
3146.0,0.9229370160254092,1
1525.0,0.9013830980400356,1
750.0,0.923146805040588,1
1826.0,0.9257196075035387,1
1980.0,0.9269772034742128,1
1073.0,0.927763405872646,1
2544.0,0.9286634322720537,1
2814.0,0.9293933048944377,1
1800.0,0.9304757338413521,1
2580.0,0.9311248988600693,1
700.0,0.9319127767251185,1
2706.0,0.9330118724860701,1
2828.0,0.9335016074949984,1
2200.0,0.9341976797983005,1
1025.0,0.9348672171421155,1
4256.0,0.9352974285445042,0
1272.0,0.8951894556566238,1
3672.0,0.9165341543796817,0
1909.0,0.8736663840171289,1
624.0,0.9001048347274556,1
2163.0,0.9028637224801537,1
1508.0,0.9042620604447045,1
1700.0,0.9057712614961057,1
3900.0,0.9074674342931256,0
1711.0,0.8615485599680428,1
1060.0,0.8908399002005861,1
4031.0,0.8936523351369008,0
2968.0,0.8451150056398222,1
3660.0,0.8782913093993217,0
550.0,0.8275406191518807,1
2912.0,0.8648993117937996,1
1628.0,0.8671719362178687,1
3834.0,0.8693314634554812,0
3390.0,0.8168531407745074,1
2882.0,0.8177532418004796,1
2464.0,0.8590208081006183,1
3036.0,0.8610413864124179,1
525.0,0.8254993803152328,1
3243.0,0.8650383215442073,1
713.0,0.8304393532778339,1
1541.0,0.8688501341508316,1
1350.0,0.8710603737772143,1
1066.0,0.8728447324478912,1
2600.0,0.8749227582302728,1
2544.0,0.8768952927602849,1
1798.0,0.8787990209436789,1
1920.0,0.8805343639208665,1
2208.0,0.8821481406171694,1
546.0,0.8838379733048185,1
1650.0,0.8856152877196497,1
891.0,0.8871724816503541,1
891.0,0.8887761081167644,1
1500.0,0.8902492451579088,1
4077.0,0.8917665911293551,0
728.0,0.8436365896501903,1
1420.0,0.8775689198677726,1
1280.0,0.8798814322355878,1
864.0,0.8817478282089973,1
1176.0,0.8834167303553417,1
2970.0,0.8852144705722953,1
3388.0,0.8867307119308796,1
2834.0,0.8565426512721884,1
1440.0,0.889042958066769,1
858.0,0.8913105929275726,1
