208.0,0.5,1
118.0,0.9298928120047874,1
68.0,0.8966455364705188,0
69.0,0.8387485623172591,0
174.0,0.835505859629302,1
136.0,0.8904931799278567,1
92.0,0.8944583077668391,0
115.0,0.8404806236847839,1
89.0,0.8905463698341302,0
47.0,0.8371275817868187,0
168.0,0.8353574769612725,1
105.0,0.8904840799620204,1
43.0,0.8942155496440564,0
119.0,0.8375219202983366,1
137.0,0.890595405771449,1
39.0,0.8945413223110729,0
63.0,0.8414467040842555,0
102.0,0.8357581212252877,0
48.0,0.890265144648823,0
67.0,0.8370980649390904,0
147.0,0.8353549394065467,1
60.0,0.8904839257505828,0
44.0,0.8408464393067179,0
74.0,0.8357052880508713,0
155.0,0.8352657303684262,1
86.0,0.8904787241556035,0
24.0,0.8408457051432041,0
24.0,0.8357052235217332,0
84.0,0.8352657249164783,0
87.0,0.8352287483392201,0
38.0,0.8352256395633023,0
51.0,0.8352253781248532,0
125.0,0.8352253561356133,1
32.0,0.8902941087612302,0
168.0,0.8380184591003627,1
108.0,0.8904488762222597,1
82.0,0.8922268238458437,0
117.0,0.8372862467564931,1
57.0,0.8903367274670135,0
94.0,0.8371053128291623,0
42.0,0.8353555610104744,0
150.0,0.8352360269261879,1
170.0,0.8904769220920022,1
65.0,0.8945294884688787,0
41.0,0.8414449221105953,0
143.0,0.8357579640484587,1
129.0,0.8905085953358735,1
119.0,0.8942180171046107,1
105.0,0.8920313394946854,1
151.0,0.8937476369532994,1
160.0,0.8925506518620258,1
72.0,0.8926256658571656,0
65.0,0.841118999085013,0
77.0,0.835729106015946,0
160.0,0.8352677424101945,1
128.0,0.8904788462061659,1
158.0,0.8942150274611049,1
121.0,0.8919188353373179,1
93.0,0.8923240026733342,0
74.0,0.837296628523951,0
70.0,0.8353719108267236,0
172.0,0.8352374053640246,1
72.0,0.8904770056996146,0
79.0,0.8408454610783951,0
54.0,0.8357052020622975,0
122.0,0.8352657231033784,1
85.0,0.8904787237149548,0
60.0,0.8408457050806574,0
144.0,0.8357052235162334,1
139.0,0.8903228809736977,1
94.0,0.8922794750964732,0
30.0,0.838228587018862,0
27.0,0.8354606999705726,0
147.0,0.8352450033057578,1
41.0,0.8902952862192512,0
146.0,0.838018594502449,1
70.0,0.8904488846032683,0
71.0,0.8380361352601263,0
162.0,0.8354440948938758,1
63.0,0.8904894222350377,0
117.0,0.8408472182343812,1
64.0,0.8906360607423951,0
161.0,0.8380576065107375,1
80.0,0.8906347450121387,0
118.0,0.8408674800270546,1
103.0,0.8906373293805739,0
116.0,0.8923050973303255,1
90.0,0.8926047764371581,0
156.0,0.8411159179365153,1
34.0,0.8908394798309086,0
73.0,0.8408972862320948,0
48.0,0.8357097588300378,0
40.0,0.8352661080489294,0
60.0,0.8352287805755862,0
83.0,0.8352256422747736,0
134.0,0.8352253783529229,1
49.0,0.890233309869637,0
123.0,0.8370947133446069,1
58.0,0.8903861158873825,0
74.0,0.8380287000474727,0
44.0,0.8354434469779435,0
87.0,0.8352435465999759,0
42.0,0.8352268834914174,0
113.0,0.8352254827667368,1
123.0,0.8902941163540993,1
140.0,0.8922143025058854,1
113.0,0.8917501749109672,1
133.0,0.8923099405204634,1
124.0,0.8917574482648101,1
51.0,0.8923105514174352,0
49.0,0.837295155930964,0
108.0,0.8353717836497276,1
107.0,0.8903026894152423,1
134.0,0.8922149982615348,1
94.0,0.891916407780713,0
99.0,0.8410086144597401,0
46.0,0.8357193066342941,0
52.0,0.8352669125384563,0
103.0,0.8352288482485929,0
169.0,0.8904764889037836,1
24.0,0.894529444192309,0
31.0,0.8414449154337826,0
125.0,0.8357579634594701,1
31.0,0.8903260556024484,0
174.0,0.8380221248680897,1
134.0,0.8906325258442555,1
43.0,0.894230183376644,0
68.0,0.8375235455267298,0
65.0,0.835391562900913,0
114.0,0.8352390616873053,1
57.0,0.8904156736077958,0
51.0,0.8399158501153025,0
140.0,0.8356168494717192,1
170.0,0.8904999363779552,1
97.0,0.8945318485514937,0
120.0,0.8414452784868962,1
116.0,0.8908605326321817,1
107.0,0.8945690404077993,1
90.0,0.8946426993020394,0
136.0,0.8375694596047095,1
160.0,0.8904152508407095,1
129.0,0.8924612666429504,1
83.0,0.8947088609839752,0
38.0,0.841471534695289,0
84.0,0.8357603106131329,0
162.0,0.8352703774488361,1
26.0,0.8902968069447742,0
81.0,0.8380187690580504,0
162.0,0.8354425872227403,1
62.0,0.8904893304510967,0
133.0,0.8408472052085203,1
120.0,0.8906360599262332,1
62.0,0.8924160082536925,0
81.0,0.840148106124382,0
62.0,0.8356369826213419,0
30.0,0.8352598643182664,0
45.0,0.8352282535043718,0
108.0,0.8352255979041053,1
66.0,0.8904148625533211,0
146.0,0.8399157428881777,1
162.0,0.8907587278295499,1
92.0,0.8945585656857824,0
146.0,0.8414493252536457,1
109.0,0.8908607901281801,1
28.0,0.8943257169795232,0
90.0,0.8384840585944724,0
28.0,0.8354829270161516,0
97.0,0.8352468782410117,0
172.0,0.8352271638190808,1
146.0,0.8904763868176967,1
143.0,0.8945294337470684,1
111.0,0.8949617541747609,1
80.0,0.8947588525081739,0
160.0,0.8385361900776532,1
134.0,0.8904808810699146,1
154.0,0.8924668730718635,1
53.0,0.8947094532152601,0
49.0,0.841471623959819,0
25.0,0.8357603184893685,0
98.0,0.8352703781145066,0
99.0,0.8352291398003324,0
138.0,0.8352256724882977,1
108.0,0.8904762963940814,1
70.0,0.8942147715720882,0
121.0,0.8375218338407977,1
105.0,0.8904123181028746,1
130.0,0.8922236934181224,1
150.0,0.8918606709403273,1
166.0,0.8937305093187788,1
168.0,0.8927277471900157,1
65.0,0.8947372715932275,0
117.0,0.8414758436213031,1
47.0,0.8907996621489042,0
102.0,0.8399672379220421,0
25.0,0.8905144309978613,0
177.0,0.9071517395924358,1
162.0,0.8984875102525591,1
159.0,0.895403408772123,1
50.0,0.8950572726126571,0
115.0,0.8415252351484516,1
34.0,0.8906785884406966,0
73.0,0.8380625054765451,0
173.0,0.8354463814019053,1
24.0,0.8904895613542232,0
158.0,0.8408472379870555,1
80.0,0.8908225571357398,0
134.0,0.8408948722566114,1
65.0,0.8907629051032235,0
140.0,0.839962314197583,1
172.0,0.8907616664347437,1
108.0,0.8945588689784305,1
85.0,0.8948903120422501,0
31.0,0.8405424705326651,0
146.0,0.8356717718129113,1
28.0,0.8903207942189186,0
114.0,0.8380215158302401,1
72.0,0.8905704876024417,0
169.0,0.8399359051692714,1
154.0,0.8905741383339685,1
119.0,0.8922997673391929,1
145.0,0.8923648681827938,1
41.0,0.8917618309417761,0
170.0,0.8381548504208212,1
45.0,0.8904571474079085,0
82.0,0.8380370876457001,0
55.0,0.8354441776092356,0
66.0,0.8352436083431874,0
98.0,0.8352268886887966,0
139.0,0.8352254832039788,1
110.0,0.8904762849192777,1
113.0,0.8944565913292748,1
96.0,0.8941955583855796,0
161.0,0.8404450777106773,1
103.0,0.8907921801504444,0
34.0,0.8942467356743208,0
93.0,0.8375253854533744,0
155.0,0.8353917218199124,1
117.0,0.8904861609572943,1
78.0,0.8944575941301464,0
102.0,0.8404805231734803,0
74.0,0.8905463635725488,0
156.0,0.8371275811241757,1
136.0,0.8905709204556181,1
129.0,0.8942959186294179,1
164.0,0.8927199852369258,1
57.0,0.8940519977960053,0
134.0,0.8413691921270693,1
167.0,0.8906066153764515,1
32.0,0.8918079581321242,0
127.0,0.8409931139549502,1
70.0,0.8907689315833214,0
27.0,0.8399631153181356,0
59.0,0.8356209833357977,0
102.0,0.8352585145033774,0
71.0,0.8902352864485422,0
95.0,0.8370949214363422,0
117.0,0.8353546688714575,1
88.0,0.8903016608441083,0
105.0,0.8380193237132436,1
76.0,0.8903875725228035,0
24.0,0.837110798249094,0
144.0,0.8353560348764555,1
174.0,0.8902409148696194,1
154.0,0.9422354231414408,1
124.0,0.9007478720710528,1
45.0,0.8953698461842621,0
101.0,0.8386108521883625,0
40.0,0.8904240211952652,0
77.0,0.837114653449014,0
31.0,0.8353563668425067,0
83.0,0.835236094924175,0
147.0,0.8352262547695485,1
89.0,0.8902941626201633,0
150.0,0.8380184652908337,1
119.0,0.8906322968262412,1
42.0,0.8944722005356983,0
104.0,0.8404825749690762,0
108.0,0.890608271719733,1
101.0,0.8922396183680216,0
139.0,0.8917521438718075,1
160.0,0.8923732735204393,1
62.0,0.892610466161454,0
122.0,0.8411167524477179,1
93.0,0.8906528438046593,0
164.0,0.8380595458302283,1
137.0,0.890634866463615,1
137.0,0.894302391943331,1
173.0,0.8925421068498115,1
76.0,0.8919422212367462,0
48.0,0.8410124001784296,0
81.0,0.8357196401830549,0
34.0,0.8352669407263589,0
108.0,0.8352288506205034,1
35.0,0.8902335172083355,0
130.0,0.8370947351813168,1
75.0,0.8903251104248998,0
119.0,0.8371040859258937,1
122.0,0.8903256801807444,1
170.0,0.9422819526428003,1
26.0,0.9026602201596627,0
43.0,0.8427182731098289,0
40.0,0.8358704291756871,0
98.0,0.8352796811576475,0
59.0,0.8352299224706027,0
92.0,0.8352257383173445,0
114.0,0.8352253864312011,1
171.0,0.8902333103521015,1
249.0,0.9422329611165684,1
149.0,0.9291611528954233,1
101.0,0.8978625676619295,0
99.0,0.8928529313511586,0
121.0,0.8373549964542443,1
146.0,0.8904020176257327,1
140.0,0.8922857215650764,1
111.0,0.8923636833995352,1
115.0,0.8918715899468301,1
86.0,0.8939659209604851,0
104.0,0.8413563163564834,0
137.0,0.8907920508703907,1
106.0,0.8935931332623905,1
129.0,0.8920333336771441,1
154.0,0.8946592854510549,1
138.0,0.8949756312338893,1
25.0,0.89501071290291,0
169.0,0.8415181794989559,1
62.0,0.890865171914421,0
65.0,0.8409009800378712,0
152.0,0.8357100836992812,1
29.0,0.8905056799576943,0
49.0,0.840849537504277,0
39.0,0.8357055604713393,0
52.0,0.8352657533841727,0
40.0,0.8352287507345725,0
55.0,0.8352256397647837,0
104.0,0.8352253781418005,0
53.0,0.8902333098570278,0
224.0,0.9071200817504548,1
159.0,0.9271163939453468,1
123.0,0.897551318833994,1
53.0,0.8928908818610273,0
107.0,0.838302068257847,1
40.0,0.8904049437217354,0
69.0,0.8371126365415793,0
148.0,0.8353561932203976,1
105.0,0.8904840019845085,1
150.0,0.8942155418138673,1
69.0,0.8920882658664545,0
28.0,0.841034383700267,0
134.0,0.8357215772436146,1
141.0,0.8904448343215017,1
161.0,0.8936244175713419,1
112.0,0.8925403622991959,1
150.0,0.8925603701939545,1
33.0,0.8940356659047587,0
78.0,0.8413667086958455,0
165.0,0.8357510033958072,1
138.0,0.8905081701590177,1
111.0,0.8944598433898394,1
31.0,0.8939570711962143,0
91.0,0.8374861200219403,0
95.0,0.8353882415478652,0
152.0,0.8352387797809356,1
164.0,0.8902949115646387,1
35.0,0.8924515308255285,0
120.0,0.8410937336690943,1
40.0,0.8906513983911218,0
122.0,0.8380593787695184,1
107.0,0.8904514065884368,1
35.0,0.8922270309377925,0
137.0,0.8372862694275364,1
162.0,0.890580677738512,1
25.0,0.8942969017763297,0
30.0,0.8384805825576752,0
163.0,0.8354826243120433,1
71.0,0.8904917660285298,0
25.0,0.8408475510792294,0
36.0,0.8357053858241331,0
143.0,0.8352657386303023,1
148.0,0.8902357192587248,1
171.0,0.9423880722591546,1
32.0,0.9049431799853807,0
90.0,0.8430750816429744,0
121.0,0.8359020789612364,1
151.0,0.8903347379608765,1
109.0,0.8922804451744719,1
84.0,0.8923632375089903,0
138.0,0.8373010589896411,1
96.0,0.8905815989737592,0
136.0,0.8408599010613792,1
147.0,0.8908233584258655,1
33.0,0.8943219072362251,0
143.0,0.8384835988010015,1
157.0,0.8906613795331529,1
107.0,0.8943050772696282,1
57.0,0.8926066494906162,0
162.0,0.8382675339116163,1
51.0,0.8906478128106963,0
87.0,0.8408693360167675,0
32.0,0.8357073001224266,0
168.0,0.8352659003867953,1
68.0,0.8904787344683427,0
154.0,0.8408457066069683,1
25.0,0.8908224600280884,0
141.0,0.8408948583702699,1
24.0,0.890825577290892,0
37.0,0.8408953045117173,0
126.0,0.8357095845252693,1
36.0,0.8903231435575379,0
54.0,0.8380217903936819,0
57.0,0.8354428494512149,0
49.0,0.8352434961631929,0
67.0,0.8352268792467867,0
154.0,0.8352254824096683,1
94.0,0.8902941163326895,0
114.0,0.8380184599707314,1
41.0,0.8903875193038776,0
219.0,0.9071373433388714,1
68.0,0.9271303297831972,0
133.0,0.8454517154237724,1
173.0,0.8910493941420649,1
170.0,0.8939154632781212,1
123.0,0.8946439972339622,1
37.0,0.8925710379170937,0
155.0,0.8373238600760732,1
80.0,0.890583018343208,0
161.0,0.8408601034189847,1
162.0,0.8908233712616193,1
51.0,0.8945652006977486,0
71.0,0.8414503215987824,0
69.0,0.8357584403493461,0
158.0,0.8352702193691411,1
77.0,0.8904789963771571,0
60.0,0.8408457437893156,0
41.0,0.8357052269197238,0
133.0,0.8352657252035771,1
108.0,0.8904787238423385,1
146.0,0.8944568397400767,1
98.0,0.8942622179037348,0
150.0,0.8414019095659268,1
135.0,0.8908577342999981,1
160.0,0.8943254096039956,1
116.0,0.8927876438951082,1
113.0,0.8944982572589942,1
34.0,0.8927374811624026,0
139.0,0.8401924416953794,1
47.0,0.8907760534492444,0
99.0,0.8408882525354416,0
73.0,0.8357089633731136,0
61.0,0.8352660408014594,0
154.0,0.8352287749159698,1
113.0,0.8902943136992186,1
60.0,0.8922771415979703,0
122.0,0.8382283076699711,1
159.0,0.890400379449516,1
164.0,0.8917921273715376,1
45.0,0.8943897903909767,0
111.0,0.8384915137339128,1
100.0,0.8904781086725465,0
60.0,0.8922292125934392,0
142.0,0.8372865081831348,1
75.0,0.8903977978946778,0
121.0,0.838030048368337,1
39.0,0.8904495917636367,0
162.0,0.8380362169828692,1
77.0,0.8906334078705728,0
123.0,0.8408672894228616,1
107.0,0.8906373174354718,1
161.0,0.8922421383741617,1
45.0,0.8919185501140563,0
59.0,0.8410089282155067,0
29.0,0.8357193342797847,0
159.0,0.8352669148748701,1
30.0,0.8904787959831112,0
141.0,0.840845715338414,1
133.0,0.8905739682637558,1
165.0,0.8916403231989737,1
41.0,0.892363909082586,0
32.0,0.838238413100181,0
156.0,0.8354615541996214,1
120.0,0.8904904846772905,1
155.0,0.8942161912925383,1
42.0,0.8920883180310307,0
93.0,0.8410343913700999,0
61.0,0.8357215779194388,0
54.0,0.8352671044003336,0
119.0,0.835228864390077,1
133.0,0.8904764898823833,1
132.0,0.8944566121980145,1
130.0,0.8940224994896372,1
95.0,0.8925101356602649,0
122.0,0.8373170549548344,1
88.0,0.8903996761721837,0
135.0,0.8380302648707999,1
70.0,0.8904496051655132,0
138.0,0.83803621853217,1
80.0,0.8906334079676127,0
29.0,0.8408672894366765,0
96.0,0.8357071201160523,0
62.0,0.8352658851759732,0
103.0,0.8352287618250093,0
