5027.61464415443,0.5,0
1364.0,0.8533035893224216,1
1400.0,0.9006851257628465,1
2910.0,0.905920107582822,1
2832.0,0.9064065902380005,1
2460.0,0.9063429348046097,1
2460.0,0.9054186411311324,1
1496.0,0.9063542284333039,1
4800.0,0.9064443317544544,0
3792.0,0.8789084476858855,0
2496.0,0.8758208652325724,1
3440.0,0.9024431973612143,1
3270.0,0.8781941454611719,1
3510.0,0.8740768895321771,1
3171.0,0.8755722392334567,1
1541.0,0.8757705271743252,1
3950.0,0.9039678080289754,0
3549.0,0.8786618075528025,1
968.0,0.8757990070403422,1
2948.0,0.9024415082704509,1
2523.0,0.90577621555517,1
3344.0,0.9038624032584723,1
3936.0,0.8785498954774801,0
1596.0,0.8757863344489304,1
3552.0,0.9024404327383414,1
1050.0,0.8784285597684952,1
3250.0,0.9041429543151308,1
3700.0,0.8784483278442935,0
3000.0,0.8738061188737665,1
2877.0,0.8735534037199282,1
2808.0,0.9034501323533392,1
2814.0,0.9035609258679136,1
1640.0,0.9048728308835097,1
2360.0,0.9037708716005526,1
1040.0,0.9060518921424148,1
3744.0,0.9053945620898879,0
3320.0,0.8785533414279907,1
3000.0,0.8738160549997008,1
2520.0,0.8735544140865676,1
5046.0,0.9037557804099227,0
2500.0,0.878406564593365,1
3874.0,0.9025074997050799,0
850.0,0.8769836849713741,1
2156.0,0.9025065790002375,1
3260.0,0.9060763141393453,1
3864.0,0.8786390009046947,0
5220.0,0.8738250353465402,0
3000.0,0.8732472181275531,1
3024.0,0.873491231811751,1
3074.0,0.8752747994063406,1
640.0,0.8738059091853586,1
1200.0,0.9037763096154706,1
3586.0,0.9062391435564263,1
650.0,0.8786585725696923,1
1342.0,0.9026531577749394,1
1260.0,0.9060890875124469,1
2461.0,0.9064209690518366,1
3504.0,0.906344156712226,1
3429.0,0.87741418727277,1
3129.0,0.8739877373564425,1
3444.0,0.8755640217146343,1
2475.0,0.8755325460442451,1
3354.0,0.9024213051416253,1
1180.0,0.8784265360824055,1
759.0,0.9041428102525297,1
675.0,0.9062700630771977,1
2280.0,0.9064378039792951,1
1914.0,0.9064515160956073,1
2640.0,0.9064526581027195,1
2688.0,0.9064527538564948,1
2921.0,0.906452761902767,1
4004.0,0.9063468791900525,0
2175.0,0.877625791370709,1
2574.0,0.9040786669481728,1
2725.0,0.9062647760036038,1
2688.0,0.9061490700405886,1
2580.0,0.9035644525766743,1
4320.0,0.9035740957901435,0
1269.0,0.878514685981412,1
1892.0,0.9041484847031399,1
1659.0,0.9062705043601726,1
1269.0,0.9064378402554797,1
924.0,0.9064515191260463,1
4260.0,0.906452658357091,0
1518.0,0.8789093338621612,1
1230.0,0.9041781526973101,1
3390.0,0.9062729571729118,1
3552.0,0.8788907807196665,1
2709.0,0.8758192759913851,1
880.0,0.9023160225576313,1
2475.0,0.905067956148017,1
2875.0,0.9063238699147362,1
1850.0,0.9063358025015836,1
962.0,0.9054180879898797,1
3484.0,0.90635418240162,1
1566.0,0.8788987080623775,1
3277.0,0.904177396738783,1
2244.0,0.8786826006209358,1
4082.0,0.904052711750426,0
3300.0,0.8774163891613737,1
2620.0,0.8759115089952666,1
1425.0,0.9036769082245717,1
3800.0,0.9036965645037156,0
2790.0,0.8785322803436899,1
2436.0,0.9041498247657233,1
3136.0,0.9061637324442784,1
1260.0,0.8776083896187372,1
1980.0,0.9040774517816457,1
1936.0,0.9062646781559066,1
2212.0,0.9064373541823125,1
1320.0,0.9064514783450797,1
2618.0,0.9064526549295426,1
1450.0,0.9063468701454064,1
1596.0,0.9054189463256069,1
3652.0,0.9063542538383401,0
1232.0,0.8788987156317268,1
1056.0,0.9041773972760013,1
2740.0,0.906272896003111,1
4814.0,0.9061497612799447,0
3633.0,0.8754238742486631,0
2775.0,0.8733751267825897,1
1500.0,0.9020292315148055,1
3828.0,0.905042818394312,0
740.0,0.8785143696326513,1
1254.0,0.9026412784645599,1
3942.0,0.9060880620961108,0
1311.0,0.8788691319797853,1
3381.0,0.9041752707159194,1
3510.0,0.8786823824886504,1
630.0,0.8760349652895236,1
2889.0,0.9039856411576624,1
3675.0,0.9059666748354358,0
550.0,0.8754036082946232,1
841.0,0.9022980329585683,1
1092.0,0.9060558697824146,1
748.0,0.9064180760993112,1
1575.0,0.9064498105167429,1
3381.0,0.9064525134232146,1
1743.0,0.8786809761257871,1
2982.0,0.9026549572498316,1
3240.0,0.9059812385269508,1
2054.0,0.8775887643892093,1
540.0,0.9040760307908039,1
3058.0,0.9062645620961661,1
2352.0,0.8786613192373578,1
672.0,0.9026533808874659,1
1276.0,0.9060891067085624,1
2475.0,0.9064209706838218,1
2880.0,0.906450056676273,1
3280.0,0.906346649418047,1
1680.0,0.8774144348501364,1
1900.0,0.9025428691829417,1
2400.0,0.9060794794336928,1
3108.0,0.9064201505070183,1
3380.0,0.8789058441074975,1
851.0,0.875820628116432,1
1679.0,0.9024431788056422,1
2475.0,0.906071727579641,1
1421.0,0.9064195123779147,1
3525.0,0.9064499340609604,1
1134.0,0.8789090437348521,1
2398.0,0.904178132083461,1
2958.0,0.906166086997271,1
4890.0,0.9053091273932485,0
3420.0,0.8773013921006747,1
3520.0,0.8739761729323473,1
3948.0,0.8755629628909715,0
2288.0,0.8757697127956406,1
1624.0,0.9039677521520142,1
2660.0,0.9062564108910526,1
3584.0,0.9064366815943137,1
2360.0,0.8786792912254741,1
756.0,0.9022899108081429,1
2280.0,0.9034892455615077,1
1620.0,0.9061328969649945,1
756.0,0.9064240012774631,1
2880.0,0.906450295015046,1
3213.0,0.9061645399348622,1
1782.0,0.8757022204465195,1
2548.0,0.9038910195113137,1
3950.0,0.9062478477035645,0
1512.0,0.8788880787826432,1
728.0,0.9041766536477294,1
4408.0,0.90627283618047,0
756.0,0.8786622022507236,1
2232.0,0.902653452283205,1
1275.0,0.9060891128414231,1
1672.0,0.9064209712049591,1
2068.0,0.9064500567202645,1
3696.0,0.9064525342032902,0
725.0,0.8786809783605541,1
3772.0,0.9026549574309821,0
3486.0,0.8782165143181694,1
2400.0,0.8737792005388713,1
989.0,0.9020669392493301,1
2640.0,0.9050459362865675,1
3741.0,0.9062154978782182,0
2576.0,0.8776127988160948,1
1092.0,0.9039676282563929,1
861.0,0.905246421031006,1
2133.0,0.9063403308821834,1
840.0,0.9064431767911436,1
1081.0,0.9064519545622111,1
2442.0,0.90645269463982,1
3666.0,0.906346873497057,0
3618.0,0.8776257908151701,0
667.0,0.8759296223743647,1
1197.0,0.9039782707762545,1
1610.0,0.906257238026119,1
4002.0,0.9064367498592784,0
3828.0,0.8786792985181721,0
2349.0,0.8738292664004781,1
1820.0,0.9022000379520947,1
1750.0,0.9060482680294095,1
546.0,0.9064174508578182,1
4410.0,0.9064497582685355,0
3300.0,0.8789090250024627,1
1485.0,0.8758209176230649,1
4401.0,0.9024432014545641,0
2185.0,0.87842885927488,1
1160.0,0.9041429757603715,1
3703.0,0.9062700764941204,0
1460.0,0.8788904768731144,1
750.0,0.9041768246385316,1
3422.0,0.9062728500417037,1
1804.0,0.8788907694744696,1
3220.0,0.9041768453831343,1
2968.0,0.878682544803007,1
2760.0,0.9038656937041296,1
980.0,0.9037121914126908,1
672.0,0.9061549640600689,1
1736.0,0.9064259529167202,1
2047.0,0.9064504617464016,1
3538.0,0.9064525679130951,1
3132.0,0.8789093242160277,1
1254.0,0.8758209447939634,1
1725.0,0.9024432035781631,1
3796.0,0.9060717296869203,0
780.0,0.8788674046856418,1
2900.0,0.9041751481704018,1
2150.0,0.90616584310198,1
3060.0,0.9054053182079789,1
4408.0,0.8787839585000113,0
1272.0,0.8760434520986855,1
3270.0,0.9039862130142975,1
3350.0,0.878663651217632,1
546.0,0.8757991721541624,1
952.0,0.9024415211027782,1
2070.0,0.906071587203848,1
960.0,0.9064195004996172,1
5010.0,0.906449933059536,0
1612.0,0.8789090436285111,1
1826.0,0.9041781320759108,1
3562.0,0.9062729555035789,1
4988.0,0.8786622149337348,0
2522.0,0.8738275173792076,1
1275.0,0.9021998923004169,1
4872.0,0.9060482553588026,0
4116.0,0.878635896130831,0
820.0,0.8741240066719854,1
4564.0,0.9037987709256884,0
1998.0,0.8786423154830704,1
2808.0,0.9041595638391516,1
4128.0,0.9059805653308662,0
2840.0,0.8754051646830456,1
2185.0,0.901925088557343,1
3614.0,0.9034516078666343,0
2380.0,0.8782679142073706,1
4930.0,0.9026189369791374,0
980.0,0.8782124613892914,1
2079.0,0.9026153264573966,1
4732.0,0.9060857855078469,0
4988.0,0.8786400314448556,0
4617.0,0.8738251425847032,0
1960.0,0.8732472296156024,1
2295.0,0.9021487569487759,1
2806.0,0.9060437254417439,1
2016.0,0.9063109629648817,1
3375.0,0.9054161389881079,1
620.0,0.8787850778958873,1
806.0,0.9041692247260669,1
2457.0,0.9062722326770773,1
1590.0,0.9061497049510819,1
1525.0,0.9038976373626929,1
4264.0,0.9061707440122221,0
1674.0,0.8786484632470734,1
3000.0,0.9026522605824059,1
2070.0,0.8784506537706075,1
1539.0,0.9041445200840432,1
1196.0,0.9062702014133608,1
1596.0,0.9064378155010656,1
4553.0,0.9064515170620712,0
3140.0,0.8786808695194305,1
3624.0,0.8738294285488302,0
1220.0,0.873247690219166,1
2900.0,0.9021487961460748,1
4410.0,0.9057477990045146,0
3537.0,0.87537532746645,1
1360.0,0.8733696830761396,1
2002.0,0.9021578676098854,1
3800.0,0.9060444870399151,0
2944.0,0.8788643935654623,1
1974.0,0.9040653004216888,1
864.0,0.9052538168754911,1
3775.0,0.9063409416065009,0
3816.0,0.8786688345907163,0
4228.0,0.8738281797485293,0
4582.0,0.873555695151743,0
1806.0,0.8755225264456744,1
3402.0,0.9039490799754802,1
4640.0,0.8784288967910203,0
3366.0,0.8738041509526274,1
1624.0,0.8732450223589446,1
2884.0,0.9021485706197153,1
805.0,0.9059354263902096,1
1860.0,0.9053859737117427,1
2678.0,0.9063514776825307,1
4350.0,0.9063381662987937,0
990.0,0.8776249389834557,1
1914.0,0.904078606878235,1
3052.0,0.9062647711488566,1
3450.0,0.8788899178128097,1
1675.0,0.876053081667185,1
4727.0,0.9039868785136369,0
3132.0,0.8784328187209232,1
2241.0,0.8738045536960448,1
2560.0,0.9021979978904389,1
882.0,0.9059398353992397,1
792.0,0.905386321364364,1
2214.0,0.9063515068009367,1
1988.0,0.9064441023076174,1
3570.0,0.9064520320427097,1
3948.0,0.8789092673441962,0
1738.0,0.8758209396343567,1
3799.0,0.9024432031750644,0
3726.0,0.878428859459439,0
4380.0,0.8760104543758163,0
1540.0,0.8758100252965846,1
4440.0,0.903970541353524,0
4582.0,0.8784311640706209,0
3024.0,0.8738043852794769,1
3969.0,0.8735532227980817,0
2610.0,0.8752807028725499,1
500.0,0.9023990821983597,1
2024.0,0.9060679194986831,1
1890.0,0.9064191882006942,1
2262.0,0.9064499066800542,1
1960.0,0.9064525215805146,1
3105.0,0.9064527423430581,1
759.0,0.8786810007479314,1
3795.0,0.902654959245792,0
3030.0,0.8782165145175511,1
3612.0,0.874079168822402,0
3048.0,0.8755724476199261,1
1485.0,0.8757705454587016,1
3650.0,0.9039678092834967,0
736.0,0.878661807679452,1
2730.0,0.9041609802678693,1
2737.0,0.9062715809330605,1
4082.0,0.9063319582036637,0
3458.0,0.8774129946715984,1
4740.0,0.873987617156315,0
1464.0,0.8755640107480022,1
682.0,0.9039520119987631,1
2856.0,0.9062550978594333,1
4234.0,0.9061482639850907,0
4440.0,0.8754237032276898,0
3703.0,0.8736815086980118,0
4564.0,0.8752916693840798,0
812.0,0.8735042248216509,1
1210.0,0.9021738051465942,1
3332.0,0.9060460108826495,1
2100.0,0.8786356523375125,1
2632.0,0.9026512377769604,1
2842.0,0.9060889206070184,1
1827.0,0.9064209548177756,1
2295.0,0.9064500553356069,1
2400.0,0.906452534086652,1
3020.0,0.9063468598886648,1
1222.0,0.8776257894866546,1
4320.0,0.9040786668154561,0
2420.0,0.8784415658925544,1
4131.0,0.9025103770509858,0
880.0,0.8769839773838771,1
2650.0,0.9025066028590972,1
1125.0,0.9059682348597404,1
3072.0,0.905388581014942,1
2025.0,0.8785527235269946,1
504.0,0.9026444285961347,1
2680.0,0.9060883341827065,1
3900.0,0.9063148300922275,0
2162.0,0.8776226284815762,1
2373.0,0.9040784434352407,1
3480.0,0.9061578395242293,1
3942.0,0.8773962400845451,0
1960.0,0.8736851539042145,1
1056.0,0.9021878538091481,1
4732.0,0.9060472041041303,0
4116.0,0.8786357814405766,0
900.0,0.873824698373913,1
2793.0,0.902199653899774,1
2262.0,0.905752393280085,1
2323.0,0.9038601393505925,1
2150.0,0.906059966089379,1
3404.0,0.9053951994858225,1
2880.0,0.8785534096498508,1
3654.0,0.902644483646716,0
704.0,0.8782153607057934,1
3335.0,0.9026155669451689,1
1800.0,0.8782121241576538,1
800.0,0.902615299692571,1
1272.0,0.9060857832228262,1
2622.0,0.9064206869128217,1
4160.0,0.9063441327151746,0
2525.0,0.8776255224397829,1
748.0,0.9039685332252613,1
1728.0,0.9052464885731952,1
1058.0,0.9063403364414393,1
2080.0,0.9064431772565904,1
2852.0,0.9064519546013158,1
2678.0,0.9063468108392777,1
3360.0,0.9053228273477398,1
1326.0,0.8773027219283513,1
2678.0,0.9025337737616238,1
1914.0,0.9059706298777511,1
2190.0,0.90538876921113,1
1580.0,0.906351712397965,1
3944.0,0.9064441196270844,0
2304.0,0.8786800717772277,1
648.0,0.9026548839219204,1
3304.0,0.9060892354197186,1
3800.0,0.8788692578845718,0
2400.0,0.8758172735968774,1
3540.0,0.9024429155468229,1
675.0,0.8781941147943396,1
3058.0,0.9026138498295372,1
3690.0,0.8782119356546209,0
1458.0,0.8740786933414282,1
2100.0,0.9037954410182799,1
2800.0,0.9061336176365714,1
1410.0,0.9053065902231593,1
1296.0,0.9053298672030158,1
1484.0,0.9063467274657628,1
4704.0,0.9064437000352037,0
3045.0,0.8786800266977789,1
2470.0,0.8738293411774012,1
504.0,0.9022000441871124,1
3348.0,0.9060482685720408,1
1300.0,0.8788648042032701,1
1364.0,0.9041749614481756,1
3136.0,0.9062726979736601,1
1320.0,0.8788907534519713,1
4293.0,0.9041768442475576,0
3630.0,0.8784518757696589,0
1943.0,0.873806484257088,1
1900.0,0.9021981580532571,1
2780.0,0.9060481049991441,1
4816.0,0.9063113410367771,0
572.0,0.8774109021069942,1
2728.0,0.9025425839729327,1
4872.0,0.9057842371056763,0
2548.0,0.875379667034001,1
2184.0,0.9022958792257236,1
1980.0,0.9059474720417753,1
2960.0,0.9053868994293813,1
598.0,0.9062452856290634,1
2970.0,0.9054109779699031,1
2736.0,0.906064356222136,1
1410.0,0.9035565142514369,1
4368.0,0.9035733276211406,0
2472.0,0.8782809047103233,1
946.0,0.9024940973037248,1
1320.0,0.9050813625077917,1
713.0,0.906324977089306,1
1620.0,0.9064418431823151,1
1025.0,0.9064518412538746,1
2808.0,0.9064526850791657,1
1025.0,0.9063468726871763,1
1782.0,0.9054189465219493,1
4172.0,0.9063542538546615,0
1242.0,0.8786702470534515,1
2184.0,0.9026540855429283,1
2080.0,0.9060891667371404,1
3486.0,0.9064209757717995,1
696.0,0.8786775473505296,1
1540.0,0.9026546782810523,1
3250.0,0.9060892177102191,1
4676.0,0.8788692559847832,0
2184.0,0.8758172734239662,1
3058.0,0.9024429155332945,1
1534.0,0.8781941147928689,1
2990.0,0.9026138498294166,1
1400.0,0.905977633381941,1
3984.0,0.9053893168910763,0
609.0,0.8785528020721811,1
2996.0,0.9026444349626108,1
1518.0,0.905980325899026,1
1071.0,0.9053895283561763,1
3213.0,0.9063517758141291,1
2781.0,0.8786699801924094,1
