2770.324244125266,0.5,0
1620.0,0.3611111111111111,1
1914.0,0.6562650893288267,1
2000.0,0.7124463519313304,1
1273.0,0.5973995131288867,1
1496.0,0.7825465815260239,1
552.0,0.8260533817858733,1
2054.0,0.8438010131319033,1
1144.0,0.7331006379499225,1
2740.0,0.8439861449265841,0
1962.0,0.6174156882411782,1
1710.0,0.788873513717606,1
1548.0,0.8089439241765393,1
1330.0,0.8241647776980267,1
1520.0,0.8353848756916911,1
1600.0,0.8429569643472222,1
731.0,0.8513848977397984,1
325.0,0.8580768789195741,1
1521.0,0.8685717254512162,1
418.0,0.8721028406107615,1
948.0,0.8774478803658543,1
325.0,0.8822104052501577,1
1356.0,0.8873971942486754,1
2288.0,0.8945529500479089,1
686.0,0.7970913376095738,1
962.0,0.8851765706646157,1
2736.0,0.8959165511343022,0
374.0,0.6879362327747651,1
1260.0,0.8298285191702873,1
779.0,0.8409261452401933,1
840.0,0.8513986690096211,1
1974.0,0.8578958560314891,1
3024.0,0.8624070375653956,0
1830.0,0.6468226273747865,1
2420.0,0.8165947509416905,1
820.0,0.6748194685670519,1
1442.0,0.8338720000153779,1
1632.0,0.8386479788808816,1
1683.0,0.8494386271546852,1
2034.0,0.856196003057326,1
2679.0,0.7397317937338204,1
1845.0,0.7488414348810168,1
970.0,0.8702460770679348,1
750.0,0.8771909413119977,1
2755.0,0.8812679155374847,0
1568.0,0.6853935207180891,1
620.0,0.8377471253485677,1
1290.0,0.8418334969195111,1
1843.0,0.8502142907441828,1
240.0,0.8574311782436506,1
1904.0,0.8642228181376687,1
2448.0,0.8701751846162299,1
960.0,0.762912264112361,1
2360.0,0.8791445799020612,1
1488.0,0.7747066278860097,1
1875.0,0.8867246270816367,1
1159.0,0.8936972769503112,1
2185.0,0.8984785476839008,1
2170.0,0.8076215533946988,1
2002.0,0.8064888961848202,1
517.0,0.8143298084862525,1
1342.0,0.9068438238584553,1
1122.0,0.9093004951939124,1
930.0,0.9118417004620409,1
2058.0,0.9146621168947884,1
756.0,0.8325745923882376,1
2484.0,0.9130700135017629,1
3260.0,0.8378664095076859,0
2464.0,0.7491213154656293,1
2145.0,0.7562441544336141,1
450.0,0.7668129411089568,1
2142.0,0.8802209614643972,1
636.0,0.774349169628431,1
2576.0,0.8873159932396332,1
2363.0,0.7855996589280935,1
3173.0,0.7902039301402646,0
2220.0,0.7023071904239233,1
1430.0,0.7155088261671052,1
1368.0,0.8522115272401483,1
1204.0,0.852376403826119,1
984.0,0.8600550328506347,1
504.0,0.8648837159046127,1
1854.0,0.8699711434164065,1
1290.0,0.8756191967007891,1
836.0,0.8828514425740683,1
2227.0,0.8850353919845214,1
890.0,0.7827437652883185,1
1212.0,0.8937902297991247,1
1242.0,0.8958703915653727,1
2032.0,0.903476419572429,1
1488.0,0.8097350819926659,1
1539.0,0.9073766042571357,1
1888.0,0.911880000815449,1
576.0,0.9118469432599546,1
2385.0,0.9176200380480142,1
988.0,0.8420971548809119,1
1600.0,0.9187338186283185,1
510.0,0.9192376369717643,1
297.0,0.9191307264716699,1
1200.0,0.9224951530498593,1
2296.0,0.9239519170491036,1
918.0,0.8550659358962248,1
1254.0,0.9279739490831715,1
1480.0,0.9348127334012862,1
880.0,0.9381762092773258,1
1616.0,0.9362023381311974,1
1696.0,0.938955303062444,1
1580.0,0.9421323071104336,1
2109.0,0.9409190915186051,1
874.0,0.8796902237938452,1
2400.0,0.9351917336364088,1
1480.0,0.8725108518655437,1
1296.0,0.9327088832925879,1
1314.0,0.9389100791583254,1
2704.0,0.9409058230392074,0
870.0,0.7804346489542822,1
867.0,0.8897252468455981,1
348.0,0.8891773766459199,1
1008.0,0.8958666214207003,1
1512.0,0.8999516573209209,1
1300.0,0.904228317628166,1
1443.0,0.9075254420108677,1
1692.0,0.9111716224887294,1
1330.0,0.9127988129900492,1
364.0,0.9128674428833456,1
1152.0,0.9157998676591789,1
1908.0,0.913833100638763,1
2180.0,0.9188530732130986,1
1804.0,0.8378438476287493,1
833.0,0.9198307081690488,1
2755.0,0.9235665414167082,0
2700.0,0.7425467713959737,1
665.0,0.7586095316117615,1
855.0,0.8769991606290994,1
1236.0,0.8770024048529258,1
1760.0,0.8849918941458407,1
900.0,0.8897173202135458,1
1340.0,0.8938644516276293,1
2983.0,0.8959146559723319,0
3480.0,0.7165422870491404,0
910.0,0.7015195652039004,1
2445.0,0.840656306882355,1
2672.0,0.7198284756855022,1
980.0,0.7265405239236415,1
1010.0,0.8589133785948037,1
612.0,0.8665425091724284,1
1480.0,0.8704974281559594,1
1819.0,0.8766723835879884,1
612.0,0.8811168553406874,1
1088.0,0.8864678996802421,1
708.0,0.8885532203672247,1
480.0,0.889943687580423,1
1480.0,0.8939882888573876,1
2002.0,0.8978688533053212,1
3132.0,0.8008510400503316,0
2041.0,0.7133501857625357,1
1209.0,0.7175108164141767,1
686.0,0.8524356077071689,1
2718.0,0.8577337703225768,0
1170.0,0.6553964796806613,1
512.0,0.8212640244953222,1
1024.0,0.8211852983172668,1
456.0,0.8306715318101751,1
589.0,0.8380695056500864,1
1065.0,0.8468589036071574,1
1340.0,0.8562268855247706,1
1862.0,0.8627212645655753,1
2490.0,0.8668928173236954,1
1694.0,0.7580965971406606,1
726.0,0.8750486325324092,1
825.0,0.8793375787171236,1
2074.0,0.8823534267498993,1
1788.0,0.7779195461622499,1
1416.0,0.8881948985672204,1
1885.0,0.893216201686714,1
1176.0,0.8964754122203318,1
893.0,0.9028753221475402,1
2262.0,0.9077232170171989,1
1320.0,0.8203769880159228,1
1920.0,0.9054050476324107,1
1260.0,0.9108244304475388,1
2052.0,0.914451643436974,1
1818.0,0.8291692389732228,1
1110.0,0.9112420294920144,1
2440.0,0.9142184471698065,1
2240.0,0.8402205825980125,1
814.0,0.8384397791699723,1
1677.0,0.9211532068851818,1
1920.0,0.9233054109897731,1
1008.0,0.9211913377429676,1
2261.0,0.924087022214972,1
972.0,0.8460064024796285,1
1536.0,0.918425277032311,1
840.0,0.925801267390998,1
992.0,0.9260322104878338,1
1320.0,0.9269942253773402,1
1634.0,0.9314519888316097,1
2945.0,0.9354759816075549,0
1377.0,0.7664127981330043,1
1116.0,0.8778729898633237,1
950.0,0.8849302605958038,1
2941.0,0.8872920013800525,0
2656.0,0.7095340350535738,1
720.0,0.7231219419303019,1
1976.0,0.8557724160424101,1
708.0,0.8577351375698268,1
1408.0,0.8654540835120399,1
490.0,0.8712388230716896,1
800.0,0.8766501465346488,1
1232.0,0.8824642996789243,1
516.0,0.8877787620520349,1
1391.0,0.8917709443435475,1
3360.0,0.8948229011559917,0
1728.0,0.7281139319880677,1
2546.0,0.8607631390120731,1
600.0,0.7403080966720264,1
1551.0,0.8696738522125035,1
1309.0,0.8704382445689733,1
864.0,0.8758480720448683,1
2720.0,0.880977080620388,0
660.0,0.692925891272442,1
984.0,0.8442447012170612,1
2736.0,0.8439889556489872,0
2436.0,0.6481845470193102,1
2768.0,0.6811066876299167,0
1280.0,0.6286162429144094,1
2660.0,0.7976480008671897,1
2482.0,0.6230971991473536,1
1406.0,0.6730690995106914,1
1551.0,0.8207766028315173,1
836.0,0.8139759393272644,1
1635.0,0.8239732187764219,1
1177.0,0.8307561847820817,1
1946.0,0.8371176131185363,1
1440.0,0.8443366299252739,1
962.0,0.8519654628618007,1
1260.0,0.8574355408112185,1
680.0,0.8643274889140735,1
1037.0,0.8684964477552852,1
600.0,0.8716144313905163,1
1064.0,0.8746593849007085,1
900.0,0.878195610251718,1
1815.0,0.8806828796747495,1
996.0,0.8840476571745158,1
2394.0,0.887413878524083,1
528.0,0.7913318725808571,1
1120.0,0.8958932131124503,1
946.0,0.9003290698932378,1
750.0,0.904312613568941,1
432.0,0.9097819867542625,1
1370.0,0.9134726910803588,1
1224.0,0.9150700018033475,1
290.0,0.9180930137913329,1
1615.0,0.9218851965318133,1
464.0,0.9233527380764677,1
1375.0,0.9257965407906021,1
1534.0,0.9291013613970124,1
1892.0,0.9324263537604767,1
1972.0,0.9303253667827593,1
990.0,0.929588577690235,1
1560.0,0.9326559818228976,1
1440.0,0.929969716114805,1
532.0,0.9299412349232495,1
2394.0,0.9297125561330573,1
1130.0,0.8536191742067468,1
1054.0,0.9235740297236638,1
1110.0,0.9267194770668136,1
450.0,0.9292131046784066,1
1008.0,0.9312749033972272,1
611.0,0.9275027661340318,1
2052.0,0.9287455619500659,1
2240.0,0.8546205138739202,1
3080.0,0.8496288469072351,0
1288.0,0.7414481589181571,1
852.0,0.8690546574428788,1
1320.0,0.8726546568242313,1
600.0,0.8792465632813843,1
1914.0,0.8833282424992832,1
1111.0,0.8871723448429835,1
1632.0,0.8889960764425607,1
2394.0,0.8962524768588843,1
2282.0,0.7994326671213405,1
1666.0,0.8071564170650567,1
1620.0,0.9017392864211431,1
1932.0,0.9060698939765467,1
1254.0,0.907290708365843,1
2740.0,0.9078513639574745,0
1284.0,0.7170728016490318,1
1248.0,0.8611390258030955,1
754.0,0.8597728762282302,1
512.0,0.8657362825736075,1
770.0,0.8716122682205634,1
1206.0,0.8791172288640451,1
1738.0,0.8857834591643879,1
720.0,0.8889359276154081,1
2394.0,0.8947299307700685,1
325.0,0.8047712104800576,1
1892.0,0.9039275649143956,1
1200.0,0.9056178568046738,1
1720.0,0.9093623157081459,1
1580.0,0.913472043727596,1
1586.0,0.916648852937437,1
1391.0,0.9148926390409703,1
3059.0,0.9161161287152055,0
1560.0,0.7234816082333424,1
1920.0,0.8658121990309614,1
988.0,0.8655386095158273,1
2698.0,0.8736883214141735,1
2482.0,0.7716929569890201,1
517.0,0.7843030093828315,1
800.0,0.8934593272224929,1
1023.0,0.8955499438466974,1
1635.0,0.8985013910474192,1
2041.0,0.9009336851684269,1
1160.0,0.8057647328799884,1
2340.0,0.9025412365871287,1
2466.0,0.8097745272455057,1
1558.0,0.8147517176376268,1
2907.0,0.9062510911121032,0
3200.0,0.7054926160361039,0
1710.0,0.7072067537188695,1
1400.0,0.8430993497566636,1
2820.0,0.8490950249919458,0
720.0,0.6385438159386023,1
1710.0,0.8167060038860439,1
1045.0,0.8125107299778677,1
364.0,0.8240194951987355,1
2760.0,0.8320678933511592,0
430.0,0.6179468221229174,1
1960.0,0.8067445272036147,1
1387.0,0.7983004768667502,1
1005.0,0.8123299381673509,1
1390.0,0.820614674618364,1
1296.0,0.8288473768945821,1
1140.0,0.8390651218180161,1
1548.0,0.8465054882206885,1
1260.0,0.854465586535357,1
689.0,0.8610217830236632,1
741.0,0.8676766139274956,1
1340.0,0.8737226618098437,1
781.0,0.8773420178370096,1
1782.0,0.8837829226327006,1
792.0,0.8899030916998212,1
2160.0,0.8919739165461822,1
1300.0,0.7977074533250204,1
798.0,0.8960611346792474,1
1464.0,0.9037407404355482,1
840.0,0.9057502716774831,1
1666.0,0.9088169447312756,1
1680.0,0.9129277582387368,1
2556.0,0.9152962580950702,1
3060.0,0.8337306860554253,0
1573.0,0.7541138470035557,1
1224.0,0.8730963385893804,1
1230.0,0.8736318879268407,1
2250.0,0.8775608203827497,1
1144.0,0.7768089472043038,1
1960.0,0.8902457556977574,1
1314.0,0.8932020834327348,1
2516.0,0.8965820872120576,1
1510.0,0.8026161792282739,1
714.0,0.9024522963784002,1
1296.0,0.906792664833532,1
2574.0,0.9100330819719062,1
240.0,0.8259123665506338,1
1122.0,0.9138894368148253,1
2054.0,0.9191046607201463,1
2540.0,0.8359276705250316,1
3300.0,0.8323700756978692,0
1118.0,0.7553646562721308,1
2580.0,0.8734561191695862,1
2159.0,0.764001469636886,1
611.0,0.771916703033388,1
2028.0,0.8827851892622641,1
1751.0,0.7778039932462049,1
1463.0,0.8878123286911626,1
975.0,0.8890118030699009,1
1695.0,0.8958743203366124,1
3173.0,0.9021189713265612,0
1539.0,0.7275859775937212,1
1590.0,0.8620169689864332,1
2210.0,0.8613869900158447,1
836.0,0.7522048178923484,1
2100.0,0.8754389772375827,1
1590.0,0.7656702533361294,1
954.0,0.8850395593281735,1
1176.0,0.8864534447648726,1
2550.0,0.8882913271535349,1
297.0,0.7931939347103807,1
680.0,0.8942240722082446,1
1727.0,0.8992677903443396,1
2385.0,0.9006952111587265,1
1980.0,0.8162851254617655,1
1518.0,0.9062224904866765,1
1080.0,0.906536037650701,1
780.0,0.9105882474253401,1
945.0,0.9139536232773899,1
2023.0,0.9124860488899148,1
504.0,0.8235750820789891,1
390.0,0.9138198641233894,1
608.0,0.916490380057065,1
2115.0,0.9178445086850827,1
2920.0,0.8419621370283652,0
2310.0,0.7480156988759248,1
2394.0,0.7550009367947718,1
779.0,0.761728056447729,1
2880.0,0.882242430642002,0
1513.0,0.6840100484450895,1
2072.0,0.8436785190734257,1
2512.0,0.7039479218206128,1
1989.0,0.7344866876688178,1
722.0,0.8643814537784319,1
1617.0,0.8633987142197606,1
2958.0,0.8697353516152675,0
1159.0,0.6890165227149033,1
1102.0,0.8463059649849971,1
1080.0,0.8395898366445954,1
1635.0,0.8484117300567264,1
1176.0,0.8553428739753013,1
915.0,0.8619186238277402,1
2106.0,0.8660445684033258,1
2028.0,0.7533072694321652,1
1717.0,0.768899138143606,1
2052.0,0.8818605417509457,1
924.0,0.7783765096152744,1
430.0,0.8906396390089443,1
377.0,0.8936465729033582,1
459.0,0.8997111465824034,1
1400.0,0.8997660444131539,1
1624.0,0.9055132049240017,1
2430.0,0.9052312874569469,1
1188.0,0.8139071832726061,1
1534.0,0.9098563655551101,1
2130.0,0.9091200490926141,1
532.0,0.8237240642891716,1
2088.0,0.9119116028860823,1
3078.0,0.8237169969881293,0
350.0,0.7323161243722836,1
2256.0,0.8641214458577143,1
2208.0,0.7401428854583084,1
260.0,0.7603422878493481,1
2032.0,0.8784732936825348,1
952.0,0.7656127745148462,1
1615.0,0.8847306223665589,1
765.0,0.8837358050816329,1
1242.0,0.8875745689697788,1
2178.0,0.8911170565077595,1
1691.0,0.7937712282732421,1
2016.0,0.8985475088860394,1
1190.0,0.8045400389691661,1
832.0,0.9038967330484664,1
1443.0,0.9089238221294402,1
1940.0,0.9107842009988724,1
1640.0,0.9128651627825364,1
396.0,0.9111141689201231,1
1700.0,0.9117201175314376,1
737.0,0.909861340779611,1
2180.0,0.9105858263308272,1
522.0,0.8281506780446255,1
882.0,0.9129409241062632,1
2580.0,0.9173783084289995,1
1974.0,0.8299512196724445,1
2052.0,0.9127727542697756,1
2299.0,0.833320543795479,1
1755.0,0.8317825079975334,1
1469.0,0.9174259821473807,1
1397.0,0.9230740555776968,1
1035.0,0.9277637015727057,1
1750.0,0.9280271272023156,1
1628.0,0.9241106005837463,1
1632.0,0.9226887086980625,1
2608.0,0.9251945715000682,1
2420.0,0.8520490040268848,1
1416.0,0.8582115992585928,1
1656.0,0.9264595701218604,1
810.0,0.92863657615721,1
1456.0,0.9296149813526522,1
1804.0,0.9275404700974499,1
1089.0,0.9242154072840446,1
1560.0,0.9241019709669583,1
590.0,0.9211757990986129,1
1089.0,0.9192143600484406,1
2703.0,0.9237808067183868,0
2822.0,0.7146018355770712,0
1030.0,0.7167706965590327,1
979.0,0.8490131571133159,1
2208.0,0.8523993612724791,1
1859.0,0.7431723301339219,1
780.0,0.8721770696138352,1
2508.0,0.8771920923268529,1
1752.0,0.7785708526389082,1
1230.0,0.8899568189364644,1
2115.0,0.8956733850669685,1
2363.0,0.8062882304242387,1
1887.0,0.8007733943104376,1
297.0,0.9010389316642086,1
1391.0,0.9055374556490046,1
2800.0,0.9114164278274609,0
2054.0,0.724185810287772,1
800.0,0.7318490860646784,1
