Timestep: 0, Trans probs: [0.07407407407407386, 0.14814814814814817, 0.03703703703703704, 0.07407407407407408, 0.14814814814814817, 0.29629629629629634, 0.07407407407407408, 0.14814814814814817]
Timestep: 1, Trans probs: [0.1683162744443805, 0.1683162744443805, 0.0816837255556195, 0.0816837255556195, 0.1683162744443805, 0.1683162744443805, 0.0816837255556195, 0.0816837255556195]
Timestep: 2, Trans probs: [0.2222222222222225, 0.11111111111111108, 0.22222222222222215, 0.11111111111111108, 0.11111111111111108, 0.05555555555555554, 0.11111111111111108, 0.05555555555555554]
Timestep: 3, Trans probs: [0.15610777358707933, 0.07190910790296651, 0.31221554717415867, 0.14381821580593301, 0.0721030684741831, 0.0332133833691044, 0.1442061369483662, 0.0664267667382088]
Timestep: 4, Trans probs: [0.15758989474351293, 0.07793287678359179, 0.29811697299700834, 0.14742768476041251, 0.07379673155436205, 0.036494672432000226, 0.1396032294067183, 0.06903793732239377]
Timestep: 5, Trans probs: [0.2859242443463726, 0.12981565911418924, 0.17375355943250184, 0.07888779383759466, 0.14186190535051096, 0.06440830783122412, 0.0862081879725729, 0.03914034211503356]
Timestep: 6, Trans probs: [0.18250497571258598, 0.08229283971102427, 0.2849964903961578, 0.12850701966235817, 0.08655682448788428, 0.03902911060734166, 0.13516558166464301, 0.0609471577580049]
Timestep: 7, Trans probs: [0.15216344843096266, 0.07132421669929642, 0.3165564900674987, 0.1483808623421595, 0.0688678106809125, 0.032280700150142144, 0.14327062545295613, 0.0671558461760719]
Timestep: 8, Trans probs: [0.15213449158413717, 0.07556950102579182, 0.3047092398833019, 0.15135769000282615, 0.07035887070857495, 0.03494923930017981, 0.14092135050650653, 0.06999961698868155]
Timestep: 9, Trans probs: [0.1459768663258771, 0.06612538737487747, 0.3221929719563348, 0.14594870828720422, 0.06861801507122987, 0.031082958154143574, 0.15145031375170023, 0.06860477907863269]
Timestep: 10, Trans probs: [0.27742740627451434, 0.12820703119891114, 0.19015910073583261, 0.08787788520313683, 0.1283631486236219, 0.05932023234970125, 0.08798489391395907, 0.040660301700323004]
Timestep: 11, Trans probs: [0.17540916367057058, 0.08294653725421308, 0.28614572816751394, 0.13531104535767602, 0.08261664530342865, 0.039067312699517034, 0.1347728911900232, 0.06373067635705744]
Timestep: 12, Trans probs: [0.15012818900265334, 0.06602218601398473, 0.31220040604895155, 0.13729702208984332, 0.07540878158597702, 0.033162676763318154, 0.1568170001063736, 0.06896373838889837]
Timestep: 13, Trans probs: [0.18266669265488775, 0.07969406011626917, 0.10189517200347561, 0.044454956977540094, 0.26426707106528197, 0.11529477838642758, 0.14741351184326654, 0.06431375695285131]
Timestep: 14, Trans probs: [0.27673113943647687, 0.13618699628095446, 0.1611184167732288, 0.07929079925942265, 0.1468408091359974, 0.07226439629605502, 0.08549366267153538, 0.04207378014632945]
Timestep: 15, Trans probs: [0.17483168611425, 0.08344053157763465, 0.27831815163390045, 0.13283069583199833, 0.08633679993128844, 0.041205279438138495, 0.1374413249046821, 0.06559553056810746]
Timestep: 16, Trans probs: [0.3151005179048996, 0.15158454943657287, 0.14678924512385605, 0.07061550305337783, 0.1455122711716003, 0.07000119266607041, 0.06778673860505552, 0.03260998203856747]
Timestep: 17, Trans probs: [0.1521867949229695, 0.06791398135354598, 0.31048807157101466, 0.13855657525244153, 0.07524776514310533, 0.033579623786751736, 0.15351879577421276, 0.06850839219595853]
Timestep: 18, Trans probs: [0.26015497559926737, 0.1727448909290515, 0.1552478531500241, 0.1030857603149599, 0.11620841409329778, 0.07716327458793877, 0.06934753703785897, 0.04604729428760171]
Timestep: 19, Trans probs: [0.16424063730494418, 0.3039452361116388, 0.07834436811866519, 0.1449848092200993, 0.07326776851434026, 0.1355900072350345, 0.034949432259343945, 0.06467774123593376]
Timestep: 20, Trans probs: [0.13893631188728459, 0.09207852021409647, 0.27047584807400377, 0.1792549082813702, 0.06515801386846821, 0.04318276061599713, 0.12684710584652098, 0.08406653121225865]
Timestep: 21, Trans probs: [0.18245050107301786, 0.09076751066795082, 0.2791256111795918, 0.13886252293876927, 0.08150910369321221, 0.040550058210297106, 0.1246983606581786, 0.062036331578982314]
Timestep: 22, Trans probs: [0.281361938438459, 0.13240920347778298, 0.1750711702914205, 0.08238866400645213, 0.13781111585858816, 0.06485404593987502, 0.08574988310939106, 0.04035397887803109]
Timestep: 23, Trans probs: [0.3173675682928761, 0.13981299884136322, 0.15637784559812434, 0.06889064204962812, 0.14767457085150165, 0.06505650440093587, 0.072764307215142, 0.032055562750428666]
Timestep: 24, Trans probs: [0.3149414708697289, 0.14342456242089502, 0.14641873921407414, 0.06667919453098661, 0.15409556809470368, 0.07017522768261883, 0.07164022806077404, 0.032625009126218664]
Timestep: 25, Trans probs: [0.30593721208056673, 0.1507013318258073, 0.14687679059831657, 0.072349904109205, 0.14672286658837155, 0.07227408282175543, 0.0704398906080437, 0.0346979213679337]
Timestep: 26, Trans probs: [0.07881329763174864, 0.13902315674121465, 0.04956273499544767, 0.08742646333605149, 0.1433050780579399, 0.25278379318359323, 0.0901192034937317, 0.15896627256027265]
Timestep: 27, Trans probs: [0.15891274081743478, 0.07946970089308913, 0.252009131910441, 0.1260257058825615, 0.09888785319807694, 0.04945222186205401, 0.1568196603541328, 0.0784229850822097]
Timestep: 28, Trans probs: [0.1489331075678099, 0.07199836860615418, 0.30551291172978606, 0.1476933610792047, 0.07199074336992416, 0.03480230931875848, 0.14767771910300945, 0.07139147922535304]
Timestep: 29, Trans probs: [0.1529971095047687, 0.07458807235297009, 0.30801886768066455, 0.15016318715438987, 0.07010644709355812, 0.03417780090846085, 0.14114063017771633, 0.06880788512747128]
Timestep: 30, Trans probs: [0.17049819751001585, 0.07703505963597816, 0.30467423557502205, 0.13765892103163796, 0.07664848786427254, 0.03463157335305506, 0.13696813097778784, 0.06188539405223049]
Timestep: 31, Trans probs: [0.29755785473709484, 0.13796353223223842, 0.1760465808036583, 0.08162448995520677, 0.13169934709727316, 0.06106277091651005, 0.07791835900629904, 0.036127065251719374]
Timestep: 32, Trans probs: [0.19000216566610306, 0.083296400946219, 0.10575012490810377, 0.046360549489408445, 0.25663168087441146, 0.112506588073226, 0.1428343314546087, 0.06261815858791966]
Timestep: 33, Trans probs: [0.16234065453419058, 0.0746321663793442, 0.3122221525381169, 0.1435365386594159, 0.07200793751912146, 0.03310389741239249, 0.13848948260409594, 0.06366717035332246]
Timestep: 34, Trans probs: [0.17870355600396415, 0.08023390585154395, 0.10367300074586415, 0.04654686211731675, 0.25805645098559554, 0.11586158359547444, 0.14970875361266586, 0.06721588708757519]
Timestep: 35, Trans probs: [0.07962118022019962, 0.14461472953910826, 0.03855478053359674, 0.07002645707946013, 0.15961282814991992, 0.28990233390206543, 0.07728895179207161, 0.14037873878357832]
Timestep: 36, Trans probs: [0.1440850239247886, 0.0870604008300771, 0.22620038671254833, 0.1366769133854781, 0.09847307679513059, 0.05950032351197111, 0.15459377695949988, 0.09341009788050617]
Timestep: 37, Trans probs: [0.1429632336412016, 0.07011679136281658, 0.2800722896833274, 0.13736238193602676, 0.08377729184824374, 0.0410888502159073, 0.16412400135193764, 0.08049515996053892]
Timestep: 38, Trans probs: [0.13940484714440568, 0.06541608967995594, 0.09073699078333013, 0.042578570601803194, 0.2728690359844022, 0.12804450988959107, 0.1776072762916585, 0.0833426796248533]
Timestep: 39, Trans probs: [0.3022577953470288, 0.1470186167364844, 0.15097512435750737, 0.07343451281107762, 0.14640489505985202, 0.07121154685336456, 0.07312796420297939, 0.03556954463170595]
Timestep: 40, Trans probs: [0.1383130746088758, 0.06269628938912887, 0.08164925661045595, 0.0370110015653422, 0.2943619905672441, 0.13343210392764748, 0.17376837129934797, 0.07876791203195767]
Timestep: 41, Trans probs: [0.17772249935893922, 0.07754758383279915, 0.26698702332257346, 0.11649734078723092, 0.10051039609836646, 0.043856790196068536, 0.15099366464050293, 0.06588470176351931]
Timestep: 42, Trans probs: [0.2859644470186286, 0.1357594178574213, 0.16933456342319825, 0.08039027925725473, 0.13992727605772345, 0.06642939616452996, 0.0828582869278446, 0.03933633329339916]
Timestep: 43, Trans probs: [0.310202191033579, 0.15326765623286076, 0.15372000079238618, 0.0759514436666637, 0.1373287737735658, 0.06785270993565859, 0.06805296617329439, 0.03362425839199156]
Timestep: 44, Trans probs: [0.31734187927358204, 0.1410065130320728, 0.15180090122959597, 0.06745064914378393, 0.15099033164559805, 0.06709048366272281, 0.0722264217796401, 0.032092820233004256]
Timestep: 45, Trans probs: [0.19459411731007636, 0.08748738559771146, 0.27797868600477743, 0.12497617516203205, 0.08946980617659854, 0.04022464574225475, 0.12780807303872768, 0.05746111096782183]
Timestep: 46, Trans probs: [0.3176036238950916, 0.15260463407065303, 0.1458415338573803, 0.0700750628524306, 0.14529117102568892, 0.06981062028245509, 0.06671676783297847, 0.03205658618332201]
Timestep: 47, Trans probs: [0.1923089442088958, 0.08826307511926935, 0.2706545769932205, 0.12422097869029662, 0.09240440931164902, 0.04241038997939918, 0.1300494702284153, 0.05968815546885431]
Timestep: 48, Trans probs: [0.159278750845742, 0.07103331086420113, 0.3205615389615219, 0.1429603592899425, 0.07028445885157728, 0.031344657011790636, 0.14145323324615763, 0.06308369092906704]
Timestep: 49, Trans probs: [0.2821598143227413, 0.13481085233457543, 0.17628180920600045, 0.08422425782772623, 0.1343265390690159, 0.06417878912528108, 0.08392167888366142, 0.04009625923099813]
Timestep: 50, Trans probs: [0.18421913665611456, 0.08615433982362779, 0.2822923923844609, 0.1320205660746075, 0.08483707251586635, 0.03967601904908342, 0.13000202149521367, 0.06079845200102585]
Timestep: 51, Trans probs: [0.15502429218426808, 0.07262669150311471, 0.3183068669986198, 0.149122271787916, 0.06800653141705715, 0.03186009952267796, 0.13963583155778092, 0.06541741502856535]
Timestep: 52, Trans probs: [0.1501712184129929, 0.0703157611079181, 0.31014607142374984, 0.1452219493006713, 0.072023214355103, 0.033723953153859655, 0.14874832354435466, 0.06964950870135046]
Timestep: 53, Trans probs: [0.14495659807607375, 0.06929728903022754, 0.313908598151002, 0.15006571031508004, 0.06877175916766948, 0.032876712998315155, 0.1489276569623412, 0.07119567529929084]
Timestep: 54, Trans probs: [0.1577436935724871, 0.07024307096094193, 0.31748451526209653, 0.14137546059366088, 0.07191990428211607, 0.032025844111931885, 0.14475035693399327, 0.06445715428277224]
Timestep: 55, Trans probs: [0.14281225125715646, 0.07004927760946057, 0.3093730092046401, 0.15174717586117503, 0.0690811106916421, 0.033884221121163946, 0.14964984380358748, 0.07340311045117431]
Timestep: 56, Trans probs: [0.15215987719241972, 0.07140212636516068, 0.3170302096702645, 0.14876872609343375, 0.06856611482887347, 0.03217514686337586, 0.14285980089865705, 0.06703799808781503]
Timestep: 57, Trans probs: [0.14690158350553761, 0.06991493752686549, 0.31849784822938404, 0.15158282593025305, 0.06696096322457015, 0.031868761716976834, 0.14517830368784648, 0.06909477617856623]
Timestep: 58, Trans probs: [0.14833246112328446, 0.07287138539495425, 0.30818632914675165, 0.15140289990903272, 0.06954939820411146, 0.034167578439264254, 0.14450089727208157, 0.07098905051051965]
Timestep: 59, Trans probs: [0.1498963305327383, 0.07375057738311012, 0.3031245274998761, 0.14914046823324828, 0.07187270434223443, 0.03536212944297303, 0.14534298115536495, 0.07151028141045486]
Timestep: 60, Trans probs: [0.15422053647590594, 0.07319307858046853, 0.31282268046432316, 0.14846566842643, 0.06970874578144162, 0.03308377615794433, 0.14139800836812355, 0.06710750574536295]
Timestep: 61, Trans probs: [0.15233140680153187, 0.06786361779149454, 0.31359130494396237, 0.13970487707226417, 0.0738503240163906, 0.03290030774386549, 0.15202918403430307, 0.06772897759618784]
Timestep: 62, Trans probs: [0.1541678421629913, 0.06740181891010809, 0.3258866808330686, 0.14247689231781677, 0.06928543493039939, 0.03029142960533636, 0.14645856167378887, 0.06403133956649056]
Timestep: 63, Trans probs: [0.14399138435061237, 0.0714419647728759, 0.30881921547859026, 0.15322202514344258, 0.06854999584299701, 0.03401138484974472, 0.14701960143495868, 0.0729444281267785]
Timestep: 64, Trans probs: [0.14251303891588007, 0.06658991093946381, 0.3182094323833247, 0.1486849057720975, 0.068305911756612, 0.03191626966285138, 0.15251646848487047, 0.07126406208490002]
Timestep: 65, Trans probs: [0.13002787154019083, 0.0638567771956084, 0.09571403653836062, 0.0470052292122096, 0.25626553131165336, 0.12585217878325689, 0.18863808302748744, 0.09264029239123285]
Timestep: 66, Trans probs: [0.2510829481527674, 0.12213236890209306, 0.15256163162389608, 0.07420939418975654, 0.1673981575209865, 0.08142621264525123, 0.10171354219840202, 0.049475744766847234]
Timestep: 67, Trans probs: [0.15925750967053168, 0.07941814659156053, 0.28773349645569585, 0.1434862384078145, 0.07847738413570376, 0.03913491056280641, 0.14178654543058591, 0.07070576874530154]
Timestep: 68, Trans probs: [0.15418485877787677, 0.07268721569695034, 0.3059792514497478, 0.14424749631842876, 0.073529108094955, 0.0346637548100751, 0.14591822850176078, 0.06879008635020549]
Timestep: 69, Trans probs: [0.2831746615803593, 0.13213218867117807, 0.18034097589644363, 0.08414894086677002, 0.1333831617583543, 0.06223794529021354, 0.08494562834615993, 0.039636497590521236]
Timestep: 70, Trans probs: [0.15001373589600075, 0.06625717714657206, 0.33097369358841855, 0.14618249799569008, 0.0663229704356089, 0.029293136223775298, 0.1463276570223338, 0.0646291316916005]
Timestep: 71, Trans probs: [0.3055191983178883, 0.15206082115615568, 0.14735945885848614, 0.07334269153139554, 0.14491162810230251, 0.07212437478768213, 0.06989445906191093, 0.034787368184178664]
Timestep: 72, Trans probs: [0.14314827450058304, 0.06545305787721807, 0.3271464904454467, 0.14958432609935077, 0.06572602787327247, 0.030052541823767702, 0.15020816300215425, 0.06868111837820697]
Timestep: 73, Trans probs: [0.26878954983511827, 0.12688719021690897, 0.19921075393144705, 0.09404120377023231, 0.12136628299855923, 0.05729324910958778, 0.08994943721893714, 0.04246233291920929]
Timestep: 74, Trans probs: [0.30610344991580235, 0.14828791244025927, 0.15290713378788928, 0.07407391087185193, 0.14314199466631589, 0.06934331376350462, 0.07150338271302761, 0.03463890184134906]
Timestep: 75, Trans probs: [0.1569684055574018, 0.07553372211194657, 0.0712656182628423, 0.03429325402705388, 0.30735136388162065, 0.14789850497444512, 0.1395413611622728, 0.06714777002241694]
Timestep: 76, Trans probs: [0.14656659831118793, 0.0694356684254208, 0.2774608361328906, 0.13144658360603292, 0.08797385046600768, 0.0416774570840195, 0.16654066062380007, 0.07889834535064055]
Timestep: 77, Trans probs: [0.16548353689336343, 0.07666018069952604, 0.29527316710004875, 0.1367851737432791, 0.07996741482457619, 0.037044872170434076, 0.14268628942389322, 0.06609936514487916]
Timestep: 78, Trans probs: [0.2726252637177054, 0.13625186556138336, 0.18173590037949258, 0.0908274425066624, 0.12744675262651317, 0.06369496930806562, 0.08495782827744443, 0.04245997762273296]
Timestep: 79, Trans probs: [0.17014504230154934, 0.08047524715426539, 0.2934877360793024, 0.13881390711266467, 0.07899769886342356, 0.03736435252333151, 0.13626524453066324, 0.06445077143479999]
Timestep: 80, Trans probs: [0.1490259183045398, 0.07418238515235406, 0.3077146565479098, 0.1531747459016732, 0.06881711349903881, 0.03425590445432905, 0.14209631912283385, 0.07073295701732148]
Timestep: 81, Trans probs: [0.15677959514169, 0.07405696425429605, 0.31415352332790636, 0.14839466976828128, 0.06932805227655862, 0.03274804405908179, 0.13891891906251416, 0.0656202321096717]
Timestep: 82, Trans probs: [0.14985083624144888, 0.06937745849131849, 0.3192430679173085, 0.147802129428144, 0.06850356323806539, 0.03171555951411981, 0.14594037804467241, 0.06756700712492261]
Timestep: 83, Trans probs: [0.30699344136793283, 0.14113192169376212, 0.1569671116197563, 0.07216137910602761, 0.14629809717570297, 0.0672565886181321, 0.07480286760137683, 0.03438859281730934]
Timestep: 84, Trans probs: [0.27430333719356476, 0.12572864881507606, 0.18445026851140683, 0.08454393326302269, 0.13570054935460543, 0.062199194834361454, 0.09124935562829017, 0.04182471239967266]
Timestep: 85, Trans probs: [0.16201822694889795, 0.0787737430027452, 0.3054039108347932, 0.14848828824500943, 0.07120750953908009, 0.0346213025653357, 0.13422595903916493, 0.06526105982497363]
Timestep: 86, Trans probs: [0.08712815635243444, 0.15700372217851086, 0.05007167834083131, 0.09022846579509866, 0.13951309935777015, 0.2514006586255318, 0.08017678013428459, 0.14447743921553832]
Timestep: 87, Trans probs: [0.28862552207028075, 0.15206000412041673, 0.1433953492442543, 0.0755466711347184, 0.1489327993965078, 0.07846403161943405, 0.07399300876166598, 0.038982613652722056]
Timestep: 88, Trans probs: [0.15437784736576998, 0.07517534678272, 0.2949278889278612, 0.14361714912060308, 0.07669273466244236, 0.037346050760146764, 0.14651601065862493, 0.07134697172183163]
Timestep: 89, Trans probs: [0.1427815919874491, 0.06848322134055503, 0.31324981620840586, 0.1502459539754549, 0.06882174625783893, 0.03300940139701902, 0.15098864682994045, 0.07241962200333671]
Timestep: 90, Trans probs: [0.1412275684664727, 0.06533422491558928, 0.3188403824272022, 0.14750087028947637, 0.06865046565042032, 0.03175884858790362, 0.15498773334033467, 0.07169990632260094]
Timestep: 91, Trans probs: [0.1442808713615819, 0.06363463922720894, 0.33160894746752023, 0.14625511710230063, 0.0661087007224389, 0.029157041266470236, 0.15194139360354986, 0.0670132892489293]
Timestep: 92, Trans probs: [0.1724566216626982, 0.07572896320862159, 0.30853001612112535, 0.13548136345434303, 0.07668723553483738, 0.033674815048546976, 0.13719574109554514, 0.06024524387428246]
Timestep: 93, Trans probs: [0.2616846833519274, 0.12966147299165054, 0.19066759214571627, 0.09447339650420827, 0.12514407649751633, 0.06200731768861568, 0.09118195009140574, 0.045179510728959725]
Timestep: 94, Trans probs: [0.15740341636586905, 0.07613390303537304, 0.2943506374856535, 0.14237342117557952, 0.07743544130615614, 0.03745447536031097, 0.14480734941273088, 0.07004135585832692]
Timestep: 95, Trans probs: [0.15223207063615038, 0.07180815984860967, 0.31082109815027525, 0.146614908455401, 0.07115366513961995, 0.03356332038846314, 0.1452785884320864, 0.06852818894939408]
Timestep: 96, Trans probs: [0.14941720557662927, 0.06772540599280288, 0.3265790802378793, 0.14802646530906632, 0.06658222143954089, 0.030179308744888795, 0.14552782294384695, 0.06596248975534562]
Timestep: 97, Trans probs: [0.28893954757341217, 0.1418902841992378, 0.16364037101639456, 0.08035929641678964, 0.1392271936752256, 0.06837065484717292, 0.07885106009171933, 0.03872159218004793]
Timestep: 98, Trans probs: [0.16030133035173733, 0.07173523764177107, 0.31060326182157494, 0.13899571981211806, 0.07487028069379727, 0.03350463384234433, 0.14507024580497013, 0.06491929003168664]
Timestep: 99, Trans probs: [0.15213359132443344, 0.06821676838692338, 0.31171917513444114, 0.13977501343908497, 0.07430806353874501, 0.03331976794587922, 0.1522559749657015, 0.06827164526479128]
Timestep: 100, Trans probs: [0.1463878326681946, 0.06690962649618885, 0.3205425899954196, 0.1465107077671378, 0.06877740552366117, 0.03143615443365277, 0.15060054717586882, 0.06883513593987638]
Timestep: 101, Trans probs: [0.14276403411852298, 0.07097609993050931, 0.3064419595970695, 0.15234968163764398, 0.06951446240052973, 0.034559582603693656, 0.14921228732350103, 0.07418189238852992]
Timestep: 102, Trans probs: [0.16247890299427126, 0.07639860385149327, 0.0968785938602577, 0.04555292519595912, 0.26362929785392425, 0.12396015679093686, 0.15718985791869688, 0.07391166153446062]
Timestep: 103, Trans probs: [0.12936759936226924, 0.062102682708454066, 0.29047596584808527, 0.1394424634175955, 0.07882350067242855, 0.037839079308579514, 0.17698660717382625, 0.0849621015087617]
Timestep: 104, Trans probs: [0.30962447695952866, 0.1515164870694878, 0.14505196741670207, 0.07098199974793733, 0.14760520284234144, 0.07223143992835566, 0.0691496527776826, 0.03383877325796439]
Timestep: 105, Trans probs: [0.19787369315157086, 0.09394399315155993, 0.2721672106649408, 0.12921613867691328, 0.08757552428570609, 0.04157801030902389, 0.12045656897454632, 0.057188860785738815]
Timestep: 106, Trans probs: [0.1449169741107559, 0.06689452873708562, 0.3266432128566115, 0.1507804308176539, 0.06534069316290182, 0.03016164878757577, 0.14727808164622844, 0.06798442988118697]
Timestep: 107, Trans probs: [0.15616054937574475, 0.06876021416075184, 0.10566658012844352, 0.04652683861776006, 0.2579329976515595, 0.1135723985894268, 0.17453126204454475, 0.07684915943176875]
Timestep: 108, Trans probs: [0.15213586568796633, 0.06755690977928501, 0.07581582234202787, 0.03366650359953754, 0.31003719976215177, 0.13767401288209566, 0.15450482468609877, 0.06860886126083705]
Timestep: 109, Trans probs: [0.11488612199160943, 0.16642958289208265, 0.05811476840208626, 0.0841878592240722, 0.15631583782663794, 0.2264466694316116, 0.07907185441890532, 0.11454730581299465]
Timestep: 110, Trans probs: [0.1435918373727529, 0.07874424356675806, 0.28520730902804103, 0.15640466909566292, 0.07267784730009812, 0.0398557620991381, 0.14435537307460553, 0.0791629584629433]
Timestep: 111, Trans probs: [0.14647751120031038, 0.06784774849817127, 0.08805813941982818, 0.04078814862168919, 0.28035714967107345, 0.12986021693483582, 0.16854279384444312, 0.07806829180964861]
Timestep: 112, Trans probs: [0.15418240607424086, 0.06762556711461101, 0.07691686915292625, 0.03373631939977869, 0.3095782487540565, 0.1357833566837744, 0.1544390845771477, 0.06773814824346464]
Timestep: 113, Trans probs: [0.15641975653883478, 0.07275047489881968, 0.07048071239599296, 0.032780419887321555, 0.31411273109409493, 0.146093120616686, 0.14153512030730142, 0.06582766426094873]
Timestep: 114, Trans probs: [0.2765089010441299, 0.12530694630529624, 0.1309971153422056, 0.05936462962439932, 0.19042687064336705, 0.08629671437226434, 0.09021543481503771, 0.04088338785329989]
Timestep: 115, Trans probs: [0.3062265084346583, 0.1454886509916992, 0.1488419325661685, 0.07071501448631107, 0.14996183229794233, 0.07124708044642211, 0.07288921212107316, 0.034629768655725354]
Timestep: 116, Trans probs: [0.17560886045511523, 0.0849278352039072, 0.2810741534562309, 0.13593288700207576, 0.08357567789135895, 0.040418811332280945, 0.1337686654987918, 0.06469310916023908]
Timestep: 117, Trans probs: [0.1489769950295355, 0.06805217046248403, 0.3112123055441206, 0.1421606930836024, 0.07324334225882427, 0.033457302663752825, 0.15300502876707064, 0.06989216219060979]
Timestep: 118, Trans probs: [0.14349407673177567, 0.0701981115262111, 0.3148122872359568, 0.1540079461992008, 0.06674982824478488, 0.03265439239169117, 0.14644274231352078, 0.07164061535685881]
Timestep: 119, Trans probs: [0.1490616982980836, 0.06819682990753638, 0.3206126147704286, 0.1466826435318462, 0.06868846426911229, 0.0314254806422715, 0.1477400860538054, 0.06759218252691601]
Timestep: 120, Trans probs: [0.1666025615209921, 0.08242241444937619, 0.25707630292787814, 0.12718201564004847, 0.09647489995295429, 0.04772852299082197, 0.14886572198421694, 0.07364756053371199]
Timestep: 121, Trans probs: [0.15962600645297711, 0.07847284991596912, 0.09984657596358097, 0.0490850178133199, 0.2528118427984817, 0.12428341870940056, 0.15813461369722007, 0.07773967464905067]
Timestep: 122, Trans probs: [0.25853315982751046, 0.1281226060779399, 0.16210357704981462, 0.08033450239046797, 0.15242803736148391, 0.07553954548472115, 0.09557431671614156, 0.04736425509192054]
Timestep: 123, Trans probs: [0.17019979979292482, 0.08297282107880226, 0.2833054775248646, 0.1381121172052775, 0.0821012206733632, 0.04002454704159646, 0.1366612978190373, 0.06662271886413375]
Timestep: 124, Trans probs: [0.29328106334153947, 0.13533113585978598, 0.17367083408323084, 0.08013838661935581, 0.13648426170179623, 0.06297907526875862, 0.08082122759279987, 0.037294015532733225]
Timestep: 125, Trans probs: [0.31231804183315365, 0.14619925682899967, 0.1532974184895524, 0.07176008316852095, 0.1445713017863676, 0.06767529905063681, 0.07096102172465513, 0.033217577118113815]
Timestep: 126, Trans probs: [0.15540103367555586, 0.07201596349836727, 0.3092641963287324, 0.14331924664452989, 0.07312975027793608, 0.03388979662552248, 0.14553579800920138, 0.06744421494015464]
Timestep: 127, Trans probs: [0.1776152447200224, 0.08432307983676275, 0.08688214162926351, 0.04124741531359911, 0.27772920465418954, 0.13185231894915048, 0.13585381216226117, 0.06449678273475093]
Timestep: 128, Trans probs: [0.1465992580534466, 0.06522938675007796, 0.29836350582458654, 0.13275693732669294, 0.08141142086325133, 0.03622403774667356, 0.165691131493073, 0.07372432194219813]
Timestep: 129, Trans probs: [0.3081774645977974, 0.15318453361808015, 0.1427848959231936, 0.07097351429718023, 0.14830031439812116, 0.07371504118946279, 0.06871055605687516, 0.034153679919289595]
Timestep: 130, Trans probs: [0.17980803419846503, 0.08294054933815076, 0.28270641557549536, 0.13040477036398906, 0.08623537054190754, 0.03977802792299174, 0.13558511225821224, 0.0625417198007883]
Timestep: 131, Trans probs: [0.14570396991629825, 0.06521064317975958, 0.32515505901934116, 0.14552500212578023, 0.06806526189072956, 0.03046299636614609, 0.1518954099875315, 0.06798165751441357]
Timestep: 132, Trans probs: [0.16466760685155565, 0.08098123780651893, 0.08841843512867519, 0.04348295611103595, 0.27147993377966284, 0.13351005396542695, 0.14577142021182776, 0.07168835614529678]
Timestep: 133, Trans probs: [0.17134929204844468, 0.07917760286967909, 0.10989699359323862, 0.050781537590695265, 0.24535068604454205, 0.11337239244586884, 0.15735870542558497, 0.07271278998194657]
Timestep: 134, Trans probs: [0.14816023459224273, 0.06987855454206182, 0.2878341827795638, 0.13575462198603067, 0.08275289321091932, 0.03902972061071107, 0.1607658860392799, 0.07582390623919073]
Timestep: 135, Trans probs: [0.16513064602252878, 0.0750583622819501, 0.26872467638846115, 0.1221459165836069, 0.09654138256002055, 0.043881848959773095, 0.1571062211129286, 0.07141094609073081]
Timestep: 136, Trans probs: [0.16979281191743056, 0.0793543063435338, 0.08891557373644296, 0.04155554995121929, 0.2774797191544784, 0.12968281983933483, 0.14530808548506474, 0.0679111335724955]
Timestep: 137, Trans probs: [0.14694061461985058, 0.07205010805421842, 0.31174558859010704, 0.15285973453597343, 0.06801179115051416, 0.03334855318274607, 0.14429214086341643, 0.07075146900317378]
Timestep: 138, Trans probs: [0.147406825946063, 0.07014946620131553, 0.06934582826742695, 0.033001001174993626, 0.3133790057566913, 0.14913400265856586, 0.14742551151445485, 0.0701583584804889]
Timestep: 139, Trans probs: [0.14436404368200176, 0.06400253851017719, 0.3104920963320101, 0.13765396040283298, 0.0755312563048265, 0.03348612311678004, 0.16244944039067355, 0.072020541260698]
Timestep: 140, Trans probs: [0.3032179879262132, 0.14827714026329733, 0.1581707544008641, 0.07734734768293394, 0.13813885145457516, 0.06755151299904162, 0.07205880659018173, 0.03523759868289298]
Timestep: 141, Trans probs: [0.3219073570869637, 0.1571982993734318, 0.14564722241591846, 0.07112448711776757, 0.14068472137086846, 0.06870112925487164, 0.06365290650529898, 0.031083876874879506]
Timestep: 142, Trans probs: [0.15682116266041018, 0.07053530943845202, 0.3054821163445088, 0.1374003051548143, 0.07715684750625436, 0.034703748026241495, 0.15029882872199507, 0.06760168214732386]
Timestep: 143, Trans probs: [0.16993760173262762, 0.07645591783713346, 0.29566592747023684, 0.1330218246428511, 0.08179149943026731, 0.036798472477299955, 0.14230493599809482, 0.06402382041148881]
Timestep: 144, Trans probs: [0.28525037421266136, 0.1384566499766112, 0.17681059770353275, 0.08582145809962212, 0.13036106702394815, 0.06327548798956559, 0.08080346341838904, 0.039220901575669896]
Timestep: 145, Trans probs: [0.29295827827730975, 0.13782711139239992, 0.1760303416552316, 0.08281641211992659, 0.13184541027165664, 0.062028873718622396, 0.07922217713822313, 0.03727139542662999]
Timestep: 146, Trans probs: [0.17771228654114563, 0.08276748418152347, 0.278511611718857, 0.12971362794307392, 0.0880435905367544, 0.041005304860270084, 0.13798236902561717, 0.0642637251927583]
Timestep: 147, Trans probs: [0.2885813781590512, 0.12542164406382145, 0.18063307298764425, 0.07850574812184925, 0.14012674779912537, 0.06090111287983519, 0.08771018152380654, 0.03812011446486677]
Timestep: 148, Trans probs: [0.0920790131441256, 0.17133010589037895, 0.04494903955064551, 0.08363603651821107, 0.14281990702954228, 0.26574296312586654, 0.06971857571542582, 0.12972435902580431]
Timestep: 149, Trans probs: [0.14109772711415328, 0.08594202000999919, 0.23732780643610527, 0.1445553483165574, 0.09061917280743528, 0.05519574922993201, 0.15242236670505316, 0.09283980938076454]
Timestep: 150, Trans probs: [0.1477481529739668, 0.07331952892491049, 0.30283959054335646, 0.15028313837780446, 0.07140084499866267, 0.035432431572020515, 0.1463504093188538, 0.07262590329042472]
Timestep: 151, Trans probs: [0.1507250995832975, 0.07118932619177161, 0.30673586585125584, 0.14487513804383198, 0.07306021414585381, 0.03450724153342162, 0.14868252273352625, 0.07022459191704143]
Timestep: 152, Trans probs: [0.17133446109284314, 0.07592781680480373, 0.30578598922844114, 0.1355107572844408, 0.0774960022643419, 0.03434278326438432, 0.13830954708411042, 0.06129264297663444]
Timestep: 153, Trans probs: [0.16345837546580824, 0.07775467446246306, 0.09626980613756905, 0.04579408926254067, 0.26301751216098773, 0.12511344847105965, 0.154905766280667, 0.07368632775890469]
Timestep: 154, Trans probs: [0.1707538162800153, 0.07562882220558387, 0.1092338419271059, 0.0483809204966204, 0.2519068639512911, 0.11157243709795868, 0.16114869439921742, 0.07137460364220737]
Timestep: 155, Trans probs: [0.15060945597375655, 0.06621442140310661, 0.2765603610839286, 0.12158787888721584, 0.09429507176847915, 0.041456185987433704, 0.17315167183971275, 0.07612495305636686]
Timestep: 156, Trans probs: [0.1443213919771233, 0.06554496406646852, 0.31484408616447074, 0.142989504407368, 0.07182568532711804, 0.0326203336824916, 0.1566912011459666, 0.07116283322899314]
Timestep: 157, Trans probs: [0.16637247278926928, 0.07371508168083908, 0.31261295223710295, 0.1385102290198851, 0.07432470419288396, 0.032931238855975105, 0.13965570633380311, 0.06187761489024141]
Timestep: 158, Trans probs: [0.2708539975781936, 0.12511693998810902, 0.20128674995651416, 0.09298139381324846, 0.12155206128175032, 0.056149150807453696, 0.09033213312221891, 0.0417275734525118]
Timestep: 159, Trans probs: [0.1720598978561198, 0.07606382286058193, 0.30905011676560623, 0.136624127002323, 0.07593722329993584, 0.03357014373239285, 0.13639673172028657, 0.06029793676275383]
Timestep: 160, Trans probs: [0.14471361170537334, 0.06712881331623718, 0.31200834462427096, 0.1447324109499313, 0.07173456692875076, 0.033275766494482634, 0.15466260026282963, 0.0717438857181242]
Timestep: 161, Trans probs: [0.1476344425880131, 0.06814240608921338, 0.3161910900971291, 0.14594170090319436, 0.07014449718076779, 0.032376014214745646, 0.15022961200046386, 0.06934023692647279]
Timestep: 162, Trans probs: [0.30451270648648954, 0.147992195881034, 0.15285416846631095, 0.07428663421604216, 0.14353353911458067, 0.06975683833109776, 0.0720485526582102, 0.03501536484623478]
Timestep: 163, Trans probs: [0.15986925169018507, 0.2526623710705296, 0.10715571741992151, 0.16935225098537945, 0.07214826042352243, 0.11402536982250966, 0.04835888405397794, 0.07642789453397451]
Timestep: 164, Trans probs: [0.15013145993732777, 0.09742014355107143, 0.26662980439495887, 0.1730157944910032, 0.06833779374793585, 0.04434432116803885, 0.1213662518662076, 0.07875443084345646]
Timestep: 165, Trans probs: [0.3056905538235614, 0.1512855067905194, 0.14846305471485363, 0.0734740023571971, 0.1445740615743772, 0.07154934917180159, 0.07021449156801202, 0.034748979999677736]
Timestep: 166, Trans probs: [0.17813814144070286, 0.08419597024971419, 0.2870797688494752, 0.13568660524838289, 0.08187939633076359, 0.038699826784845605, 0.13195331433271204, 0.06236697676340354]
Timestep: 167, Trans probs: [0.1455045606230442, 0.06931431027043036, 0.3068443843436486, 0.1461720977683666, 0.07237033918305837, 0.034475209045209385, 0.1526167432572532, 0.07270235550898939]
Timestep: 168, Trans probs: [0.14674336076785388, 0.07329491121794363, 0.2982649991513643, 0.14897646147551155, 0.0731694488019701, 0.03654644561596477, 0.1487214513190175, 0.0742829216503744]
Timestep: 169, Trans probs: [0.14151150120219927, 0.06474293806987653, 0.29844560689543104, 0.1365418731361555, 0.07917198336454505, 0.036221980349964475, 0.16697251052820716, 0.07639160645362103]
Timestep: 170, Trans probs: [0.16769073245901694, 0.0795069729786552, 0.10945419195113956, 0.05189536329317799, 0.2427654095772558, 0.11510202487861566, 0.15845653095623533, 0.07512877390590358]
Timestep: 171, Trans probs: [0.14385542004234514, 0.06889196281578043, 0.3147798469112783, 0.1507471981395306, 0.06823486985084733, 0.032677490463136186, 0.14930936824860794, 0.071503843528474]
Timestep: 172, Trans probs: [0.15260817256165574, 0.06884543903093572, 0.07384549941903924, 0.0333135882739733, 0.3117931512259585, 0.14065784304125456, 0.15087344656076487, 0.06806285988641807]
Timestep: 173, Trans probs: [0.1721109275790558, 0.07900478777610224, 0.25152630386525326, 0.11545915495606185, 0.1063401331366397, 0.04881374918326245, 0.15540756776243655, 0.07133737574118817]
Timestep: 174, Trans probs: [0.1453345304100208, 0.06381746010555835, 0.32326904185846345, 0.14194981140381563, 0.07017675948479393, 0.030815130692777238, 0.1560948642788402, 0.06854240176573052]
Timestep: 175, Trans probs: [0.28908753065028814, 0.13527791983643814, 0.17807362450886466, 0.08332918907676921, 0.1324652675698764, 0.0619868515501888, 0.08159663706228742, 0.038182979745287234]
Timestep: 176, Trans probs: [0.17790949897656075, 0.08750725887455808, 0.27843125671013347, 0.13695028202463863, 0.08341533081333777, 0.041028989399556064, 0.13054634812000135, 0.06421103508121385]
Timestep: 177, Trans probs: [0.14864067640030165, 0.07269480533955382, 0.30480272103228834, 0.1490680411917418, 0.07150046970001776, 0.03496830647171967, 0.14661893532400444, 0.07170604454037255]
Timestep: 178, Trans probs: [0.14009788317210276, 0.06512180377190985, 0.31698835174454926, 0.14734593252155712, 0.0691427295284638, 0.03213966665774332, 0.15644376183344955, 0.07271987077022425]
Timestep: 179, Trans probs: [0.15232415864466814, 0.07012927520262671, 0.07744623708041559, 0.035655857363309, 0.3016220463856986, 0.13886527052813305, 0.15335382595191893, 0.07060332884323]
Timestep: 180, Trans probs: [0.16961309149011022, 0.07709240714276767, 0.26478133447416125, 0.12034820108374478, 0.09883212333932764, 0.0449210979195196, 0.15428585893222707, 0.07012588561814168]
Timestep: 181, Trans probs: [0.15197904840723148, 0.07269390566173464, 0.3043732864211165, 0.14558640286891003, 0.0732977002103992, 0.03505941220292136, 0.14679564146479693, 0.07021460276288988]
Timestep: 182, Trans probs: [0.15299669554213124, 0.0679581895483906, 0.312588301295547, 0.13884571137160587, 0.07454527615364535, 0.03311157792549526, 0.15230382041851812, 0.06765042774466655]
Timestep: 183, Trans probs: [0.15385856719101876, 0.07683127435951985, 0.30856743208819826, 0.15408715592513825, 0.06804927634325224, 0.033981290194936835, 0.13647462627562562, 0.06815037762231028]
Timestep: 184, Trans probs: [0.1487744408045266, 0.06898486991895506, 0.3179762828412631, 0.14744167338486805, 0.06899398915041707, 0.031991660267672174, 0.14746116395937117, 0.06837591967292687]
Timestep: 185, Trans probs: [0.27664726433924325, 0.13615640403513884, 0.17823118435109722, 0.08771934617221129, 0.13093366081528765, 0.06444110866719048, 0.08435457149475681, 0.041516460125074435]
Timestep: 186, Trans probs: [0.1471528871693936, 0.06985588702016086, 0.3193634905121545, 0.15160708254334154, 0.06673854395954028, 0.03168188050133857, 0.14484156417592006, 0.06875866411815064]
Timestep: 187, Trans probs: [0.2875862129216638, 0.1348285741412009, 0.17335547929657066, 0.08127396600715281, 0.13718103148187338, 0.06431435876572546, 0.08269201510510488, 0.03876836228070819]
Timestep: 188, Trans probs: [0.1610919061829229, 0.07214104286579094, 0.0777862945789404, 0.03483467633202081, 0.30468828853542945, 0.13644714625810925, 0.1471245423085233, 0.06588610293826291]
Timestep: 189, Trans probs: [0.1569543955881388, 0.0714267240717259, 0.25687659161271537, 0.11689926466126574, 0.10369922441639326, 0.04719138869024097, 0.1697174725253647, 0.07723493843415521]
Timestep: 190, Trans probs: [0.1479295000624752, 0.07043044596375837, 0.30947237387481463, 0.14734233061195287, 0.07116862506718966, 0.03388396499679079, 0.1488866205567386, 0.07088613886627974]
Timestep: 191, Trans probs: [0.14662961759542084, 0.0646772313844777, 0.3168801961030501, 0.1397734925631809, 0.07288876609853018, 0.03215069143323557, 0.1575193802846886, 0.06948062453741602]
Timestep: 192, Trans probs: [0.1753526931676433, 0.08005114458535922, 0.2893134319796988, 0.13207593767465955, 0.08374076588077, 0.03822892044664187, 0.13816342330375192, 0.06307368296147557]
Timestep: 193, Trans probs: [0.14740947984110075, 0.07009969765587587, 0.080290813806907, 0.03818181692571924, 0.2913329646318577, 0.13854165118754494, 0.15868288012606327, 0.07546069582493123]
Timestep: 194, Trans probs: [0.15358271204397783, 0.07178310431325213, 0.25334149440662035, 0.11840941391019474, 0.10362447324766803, 0.048433096886667706, 0.17093316402790062, 0.07989254116371859]
Timestep: 195, Trans probs: [0.15217975042459153, 0.07523924190812331, 0.30994270517197636, 0.15323887775494796, 0.06817881265273841, 0.03370830983672756, 0.1388589846549542, 0.06865331759594075]
Timestep: 196, Trans probs: [0.14894905764625835, 0.07313752157470366, 0.08141376902393589, 0.03997609238057256, 0.28470239563834593, 0.13979563169054, 0.15561491590036766, 0.076410616145276]
Timestep: 197, Trans probs: [0.31295656868798416, 0.1448792054809715, 0.14949337772618618, 0.06920603034611487, 0.14963070970189551, 0.06926960641231254, 0.07147573319416196, 0.0330887684503734]
Timestep: 198, Trans probs: [0.1368482672914808, 0.06472220979434751, 0.0861436850753585, 0.04074154366916591, 0.2797932002254906, 0.13232782966447837, 0.17612511874274808, 0.0832981455369303]
Timestep: 199, Trans probs: [0.14902950394619602, 0.06961646179950294, 0.28342955999731345, 0.13239903920989024, 0.0858569866686934, 0.04010655255753532, 0.16328584145987904, 0.07627605436098961]
Timestep: 200, Trans probs: [0.14615093195697176, 0.07138020592581422, 0.3088158793075375, 0.15082586722487148, 0.06967420711838762, 0.034028926023492966, 0.147221103883587, 0.07190287855933752]
Timestep: 201, Trans probs: [0.19221553770022176, 0.0869847492909202, 0.28188768668506686, 0.1275647642634339, 0.08690269869175875, 0.0393267347106783, 0.12744443552276352, 0.05767339313515666]
Timestep: 202, Trans probs: [0.09586004632769735, 0.14874881558286016, 0.06891548531175457, 0.10693815836890104, 0.13212709890635477, 0.2050254534775979, 0.09498851182314424, 0.14739643020169005]
Timestep: 203, Trans probs: [0.15330583746599893, 0.08292808741406683, 0.2587440688792729, 0.13996303804576632, 0.08814309997336964, 0.04767945448365319, 0.14876474834691378, 0.0804716653909584]
Timestep: 204, Trans probs: [0.14816374612890443, 0.06866787176375475, 0.30779687634951447, 0.14265133669112517, 0.07387765128853806, 0.03423928739271432, 0.15347418577596705, 0.0711290446094818]
Timestep: 205, Trans probs: [0.1529522408264361, 0.06863227326463096, 0.31652087470778606, 0.14202830275337897, 0.07193331142044868, 0.03227770093175867, 0.1488595036490157, 0.0667957924465449]
Timestep: 206, Trans probs: [0.1442001465279567, 0.06864726632448075, 0.3078366574470644, 0.14654731993708203, 0.07191700359117492, 0.0342364818459105, 0.1535275138907275, 0.07308761043560313]
Timestep: 207, Trans probs: [0.14054586807354522, 0.06546526153152768, 0.3168227514456171, 0.14757377478839956, 0.06909652912974525, 0.03218466976227687, 0.1557594881606389, 0.07255165710824932]
Timestep: 208, Trans probs: [0.1496520959659609, 0.07341043830270401, 0.31417834868257527, 0.15411725531230536, 0.06680893585444356, 0.03277249965631944, 0.1402581167240279, 0.06880230950166362]
Timestep: 209, Trans probs: [0.15393357396581647, 0.0692234832274962, 0.3228009294829162, 0.14516264484863436, 0.06879682496060986, 0.030937733309715294, 0.14426793629627485, 0.06487687390853655]
Timestep: 210, Trans probs: [0.14751565992810053, 0.07157880869430505, 0.31267361255911424, 0.1517181613669664, 0.06831261977225618, 0.033147232941020593, 0.1447951601747178, 0.07025874456351922]
Timestep: 211, Trans probs: [0.1440900687091295, 0.06813552816534528, 0.3097257712416431, 0.14645928896438343, 0.07148110326842282, 0.03380109933091448, 0.15365069943653262, 0.07265644088362874]
Timestep: 212, Trans probs: [0.15381730605916674, 0.06992246249830941, 0.3145862374745778, 0.1430050035061678, 0.0719427193995568, 0.03270381095679136, 0.14713682087820656, 0.06688563922722364]
Timestep: 213, Trans probs: [0.26871457703648644, 0.13067979662115622, 0.18502568741282813, 0.08998067565763256, 0.12973483501512506, 0.06309193212154546, 0.08933001437731465, 0.0434424817579114]
Timestep: 214, Trans probs: [0.1739513456696734, 0.08590282668763251, 0.27913910675115655, 0.1378479609724894, 0.0830533038237121, 0.04101442007670225, 0.13327534175049038, 0.06581569426814349]
Timestep: 215, Trans probs: [0.14617173694605726, 0.06964920598816542, 0.30546844343416213, 0.14555231390239076, 0.0730283174097265, 0.03479718055287407, 0.15261395199810407, 0.07271884976851985]
Timestep: 216, Trans probs: [0.14137874001673578, 0.06691817214100616, 0.31910943996623875, 0.15104265629296895, 0.06700647134442467, 0.03171587597581374, 0.15124195860213516, 0.07158668566067676]
Timestep: 217, Trans probs: [0.14787673545748106, 0.0704096343576345, 0.3073107367251219, 0.14632211442896353, 0.07220438566921962, 0.03437920358641638, 0.1500518853499627, 0.07144530442520046]
Timestep: 218, Trans probs: [0.2888211190010638, 0.13906883323443378, 0.16523633942761123, 0.07956213524691082, 0.14053236390001364, 0.06766704577160708, 0.08039943014645583, 0.03871273327190382]
Timestep: 219, Trans probs: [0.16866163728655612, 0.0830981683929415, 0.28256650511397075, 0.1392181375796315, 0.08174743028715295, 0.04027627050809818, 0.1369551846519988, 0.06747666617965012]
Timestep: 220, Trans probs: [0.1506982676800081, 0.0731343216065598, 0.3058995409170888, 0.14845396532515848, 0.07150957272477225, 0.03470381027010947, 0.1451559185413712, 0.07044460293493182]
Timestep: 221, Trans probs: [0.28553103223870535, 0.13500590598362452, 0.1705761612027116, 0.08065249161123994, 0.13951460279931216, 0.06596584336626589, 0.08334598586584668, 0.039407976932293996]
Timestep: 222, Trans probs: [0.18187154983226686, 0.09024175016190027, 0.2799451370118223, 0.1389042933683617, 0.08134315312824182, 0.04036116978576309, 0.125207159495043, 0.062125787216601065]
Timestep: 223, Trans probs: [0.158678071430971, 0.071588598682288, 0.31857555019160144, 0.14372734056436404, 0.07043692350443827, 0.03177805605841294, 0.14141513982914716, 0.06380031973877706]
Timestep: 224, Trans probs: [0.15274803609341628, 0.07105475806785673, 0.3080997231488908, 0.14332067271705928, 0.07347055110773998, 0.03417675518184668, 0.14819343694898598, 0.06893606673420423]
Timestep: 225, Trans probs: [0.19019757349970348, 0.08595533382138212, 0.09751056814893447, 0.044067614965484087, 0.2651134575787198, 0.11981181109418947, 0.13591847359961037, 0.06142516729197619]
Timestep: 226, Trans probs: [0.07508247059509737, 0.14915018421742474, 0.03581082525479523, 0.07113765891554821, 0.15162872082628953, 0.30120814438637106, 0.07231980490360877, 0.14366219090086504]
Timestep: 227, Trans probs: [0.159227037899464, 0.10956907864009671, 0.0874354404539268, 0.06016704686220913, 0.22316386453171774, 0.15356599824423403, 0.12254470752041088, 0.0843268258479407]
Timestep: 228, Trans probs: [0.14882553111181804, 0.07401504686357271, 0.2626584263530167, 0.13062728948720706, 0.09272483381442943, 0.04611462071676089, 0.16364772060006466, 0.08138653105313064]
Timestep: 229, Trans probs: [0.17685487095166674, 0.08279306467185711, 0.2839538832465552, 0.13293053277498912, 0.08455889665548949, 0.03958550964249166, 0.13576570969839097, 0.06355753235855971]
Timestep: 230, Trans probs: [0.31224441000997766, 0.14729370099328634, 0.15646347868689783, 0.07380783805013807, 0.1404087394734065, 0.06623440556767468, 0.0703578322358101, 0.03318959498280867]
Timestep: 231, Trans probs: [0.13065603409969762, 0.06270038038674981, 0.2689875218094962, 0.1290841257578291, 0.09026015585244293, 0.04331484683973422, 0.18582268938579172, 0.08917424586825846]
Timestep: 232, Trans probs: [0.10830909910316944, 0.14857557988853132, 0.05161303638247883, 0.07080140887359902, 0.17724151828348209, 0.24313526358674586, 0.08446172119793259, 0.11586237268406081]
Timestep: 233, Trans probs: [0.1449820379316408, 0.08088161244292896, 0.25986011829252287, 0.14496902979815662, 0.08489538937440319, 0.04736087366084329, 0.15216316614147715, 0.08488777235802705]
Timestep: 234, Trans probs: [0.15080378909168202, 0.07336830290877021, 0.30707154116807894, 0.14939490567697664, 0.07075843591466845, 0.03442503925668633, 0.1440806102938858, 0.07009737568925155]
Timestep: 235, Trans probs: [0.14218101872959613, 0.0647395802815118, 0.3178910282749103, 0.14474598599490837, 0.0701696676181986, 0.03195050134459167, 0.15688667863099665, 0.07143553912528657]
Timestep: 236, Trans probs: [0.1522213109817683, 0.06959548477933421, 0.11319255706318015, 0.051751563768676234, 0.24135855826332256, 0.11034897649770585, 0.1794754768744581, 0.08205607177155456]
Timestep: 237, Trans probs: [0.14872990164823482, 0.2550735057939693, 0.07427831918423354, 0.12738817863012267, 0.09691385431220773, 0.1662083838251111, 0.048400477134733014, 0.0830073794713878]
Timestep: 238, Trans probs: [0.2808377344477249, 0.1524595052135711, 0.15194586336220237, 0.08248745914791693, 0.1397476788280421, 0.07586538187529145, 0.07560978852841135, 0.0410465885968399]
Timestep: 239, Trans probs: [0.17776994773035915, 0.08207629684459436, 0.2880231013681037, 0.13298012328746392, 0.08333027451299554, 0.03847354648179453, 0.13501181954271105, 0.062334890231977746]
Timestep: 240, Trans probs: [0.1774576748292143, 0.08041748703972212, 0.2901633178289172, 0.13149166342547083, 0.08368993815755564, 0.03792529415037962, 0.13684249017724343, 0.06201213439149672]
Timestep: 241, Trans probs: [0.28538443016568454, 0.1314182398135978, 0.18049346410735928, 0.0831164241758979, 0.13404408669535783, 0.06172669588420809, 0.08477716018602018, 0.03903949897187437]
Timestep: 242, Trans probs: [0.15192396074186573, 0.07198266347272239, 0.31385658359922264, 0.14870750292185775, 0.06938768207979777, 0.032876381999998365, 0.14334658427209515, 0.06791864091244036]
Timestep: 243, Trans probs: [0.10276273212941646, 0.14511044467770226, 0.06796482763800983, 0.09597259781468793, 0.14677608878851164, 0.20726135896554215, 0.09707421522551016, 0.13707773476061966]
Timestep: 244, Trans probs: [0.14696418898411426, 0.07512364063601897, 0.07070381069668794, 0.03614164581923583, 0.2998260726840993, 0.1532620041203633, 0.1442449758102594, 0.07373366124922098]
Timestep: 245, Trans probs: [0.18151617369806, 0.08156237455207749, 0.08783851682442417, 0.03946930933686387, 0.28344926975965995, 0.12736493413037017, 0.13716553706156456, 0.061633884636979684]
Timestep: 246, Trans probs: [0.14965181138055297, 0.06513179305710233, 0.2838142471313003, 0.12352226571990088, 0.09089950213864667, 0.03956148280245487, 0.17239065485472976, 0.07502824291531221]
Timestep: 247, Trans probs: [0.30500926876847856, 0.14767361504218668, 0.14830085188546385, 0.07180149967306707, 0.14834382629625237, 0.0718223062099342, 0.07212736813051585, 0.03492126399410145]
Timestep: 248, Trans probs: [0.1695282216524656, 0.084107246442654, 0.2823027705040071, 0.14005755772569442, 0.08125473080691034, 0.04031253086945199, 0.1353074750608314, 0.06712946693798515]
Timestep: 249, Trans probs: [0.1471145216821988, 0.07351874960969208, 0.304794437746631, 0.1523174306308667, 0.06995014329490874, 0.03495676029297624, 0.1449239296846914, 0.07242402705803504]
Timestep: 250, Trans probs: [0.15820388930391208, 0.07086983537205412, 0.32052796948451234, 0.14358537283409542, 0.07002294416808406, 0.031367841506889815, 0.1418695343728718, 0.06355261295758027]
Timestep: 251, Trans probs: [0.14946903939780964, 0.06569180707849616, 0.3248535352821252, 0.14277348576332347, 0.06944088344590195, 0.0305193445884645, 0.15092166626211573, 0.06633023818176338]
Timestep: 252, Trans probs: [0.15024209933301189, 0.06993314921634387, 0.3140480915182189, 0.14617987995875875, 0.07057122857451498, 0.03284877061883453, 0.1475136446329773, 0.06866313614733957]
Timestep: 253, Trans probs: [0.14956243869136407, 0.0716720214482661, 0.314133704479041, 0.15053644352179948, 0.06848893013795021, 0.03282067417973579, 0.14385083265751025, 0.06893495488433313]
Timestep: 254, Trans probs: [0.14805434324876654, 0.07063637633703516, 0.321302859368104, 0.15329283285095358, 0.06550002725062197, 0.03124990779356645, 0.14214609029707678, 0.06781756285387561]
Timestep: 255, Trans probs: [0.14574264051162347, 0.0709423337888605, 0.31201677244441284, 0.15187866736028505, 0.06840198882397674, 0.03329565531362424, 0.14644010638694224, 0.07128183537027488]
Timestep: 256, Trans probs: [0.1577609242686346, 0.07301395835949355, 0.31677056164222167, 0.14660583857809525, 0.06951075002873718, 0.03217054560033675, 0.13957169323679522, 0.06459572828568579]
Timestep: 257, Trans probs: [0.1275445566623379, 0.05812468545530346, 0.2710712367439649, 0.12353275423141251, 0.09225630504980713, 0.042043101270757686, 0.1960728968895638, 0.08935446369685271]
Timestep: 258, Trans probs: [0.16941345088678691, 0.08305123743243296, 0.09382234445056106, 0.045994351479436056, 0.262453718163372, 0.12866219268963058, 0.14534868995915637, 0.07125401493862411]
Timestep: 259, Trans probs: [0.17379826104999582, 0.0784569343206629, 0.2704488932293907, 0.12208747616347233, 0.09574351112522878, 0.043221044437382894, 0.14898725948854732, 0.06725662018531925]
Timestep: 260, Trans probs: [0.14657573565806215, 0.06988922944904329, 0.31729272836143035, 0.15128932626813815, 0.0673887535450361, 0.03213183981406815, 0.14587654209739867, 0.06955584480682313]
Timestep: 261, Trans probs: [0.2833565809153092, 0.13705767005799552, 0.1719425548238248, 0.08316745590255449, 0.13610515714626212, 0.06583314797590491, 0.08258946507905893, 0.039947968099090056]
Timestep: 262, Trans probs: [0.1663460093394224, 0.07649239284646069, 0.2908246968127843, 0.13373255569157955, 0.08290045813514824, 0.038120868880516696, 0.1449358520744608, 0.06664716621962737]
Timestep: 263, Trans probs: [0.15532163607670574, 0.0705043014253372, 0.31079417861138237, 0.1410771029944314, 0.07386867442977134, 0.033530803688641905, 0.14780911774052274, 0.06709418503320728]
Timestep: 264, Trans probs: [0.14139154224297712, 0.06603554249457122, 0.3138024575470961, 0.14655838101434537, 0.07033966359326804, 0.03285145469511143, 0.15611088858958866, 0.07291006982304202]
Timestep: 265, Trans probs: [0.1680658444187535, 0.07622134094365447, 0.10694608738900177, 0.048502265392821174, 0.25237674419620393, 0.11445807999928062, 0.16059601778758117, 0.07283361987270356]
Timestep: 266, Trans probs: [0.26973240691311434, 0.13143464342655578, 0.16849263126767872, 0.08210273716870456, 0.14411840611726204, 0.07022571568616708, 0.09002585094872698, 0.04386760847179055]
Timestep: 267, Trans probs: [0.18171828368272744, 0.0836389096411961, 0.2811777147003904, 0.1294167928308434, 0.08711495314888748, 0.040096128728236466, 0.13479537086869384, 0.06204184639902485]
Timestep: 268, Trans probs: [0.1522559858936643, 0.06961464793783642, 0.3169708718782229, 0.14492576776431193, 0.07041624748201779, 0.03219579347762255, 0.1465945606523223, 0.0670261249140017]
Timestep: 269, Trans probs: [0.18483866984453778, 0.08389414368583097, 0.28802272863045186, 0.1307270832495785, 0.08402437194389521, 0.038136785656928185, 0.13093000993296136, 0.059426207055816145]
Timestep: 270, Trans probs: [0.274546490512438, 0.12854565540543444, 0.18294820985053398, 0.08565834331589255, 0.13418809671650364, 0.06282832757335621, 0.08941826949495271, 0.04186660713088855]
Timestep: 271, Trans probs: [0.18124804309153653, 0.08453451387017333, 0.28457757381949517, 0.13272765019060073, 0.08408834286120462, 0.03921900101470569, 0.13202711703683429, 0.061577758115449834]
Timestep: 272, Trans probs: [0.14862831615746877, 0.06946347198989991, 0.30678235334943965, 0.1433789197093957, 0.07378490539843854, 0.034484382531735344, 0.1522987510389102, 0.07117889982471194]
Timestep: 273, Trans probs: [0.17803197728636153, 0.0889134454040014, 0.09357051505098053, 0.04673136258003568, 0.2591274026429043, 0.12941444856567091, 0.13619286208409032, 0.06801798638595528]
Timestep: 274, Trans probs: [0.14199481372019063, 0.0665343489484585, 0.309098804429052, 0.1448340765033842, 0.0723492609204021, 0.03390061119927109, 0.15749216091715582, 0.07379592336208572]
Timestep: 275, Trans probs: [0.27374982784854235, 0.12084513152387487, 0.1916585833776011, 0.08460647043314312, 0.1343082207294728, 0.059289515271478424, 0.0940322904430055, 0.04150996037288173]
Timestep: 276, Trans probs: [0.0836645819709168, 0.13970848879959788, 0.0416015658383217, 0.069468964740531, 0.1664959283015431, 0.2780255872476671, 0.08278881170358181, 0.13824607139784054]
Timestep: 277, Trans probs: [0.14225527204342303, 0.09069245531757451, 0.24034151586666813, 0.15322568981515428, 0.08480279878742884, 0.05406459760230541, 0.1432750640277519, 0.09134260653969395]
Timestep: 278, Trans probs: [0.15635079067198504, 0.07461031195703413, 0.30208186292877304, 0.14415291366809965, 0.07452892296524338, 0.035565066018274555, 0.14399566381885762, 0.06871446797173257]
Timestep: 279, Trans probs: [0.28217418872853406, 0.13069765294831845, 0.1739890940315771, 0.08058839942447187, 0.1405907671648567, 0.06511893726866655, 0.08668851080405088, 0.040152449629524474]
Timestep: 280, Trans probs: [0.17350433873965815, 0.08453057743894946, 0.28483712012321827, 0.1387714360053614, 0.08103391445066549, 0.03947937919253598, 0.13303106419184318, 0.064812169857768]
Timestep: 281, Trans probs: [0.1549300868746242, 0.07433120005900345, 0.3132697917781292, 0.15029824119279192, 0.06868932763856203, 0.032955252640839094, 0.13889033305793927, 0.06663576675811082]
Timestep: 282, Trans probs: [0.1737282075890898, 0.08044779678469705, 0.12168261099655793, 0.056347199441762925, 0.22822891939823325, 0.10568527692156492, 0.15985596813953462, 0.07402402072855958]
Timestep: 283, Trans probs: [0.19651028989558264, 0.08637786419264952, 0.09758065920649847, 0.0428924558263431, 0.2676566148936794, 0.11765087082124485, 0.13290962491675756, 0.05842162024724466]
Timestep: 284, Trans probs: [0.2746505235980683, 0.12522083906896753, 0.16637341907845987, 0.07585428515791195, 0.1530880260350907, 0.06979710368067478, 0.09273522576167934, 0.042280577619147434]
Timestep: 285, Trans probs: [0.16913605549482733, 0.08433160644859919, 0.2831692587940935, 0.14118881051766843, 0.08039129009829951, 0.04008327271574748, 0.1345918938693271, 0.06710781206143743]
Timestep: 286, Trans probs: [0.1785305722212832, 0.2819338663955244, 0.08434792116557167, 0.13320147491130685, 0.08478348287014417, 0.13388931001930024, 0.04005650371416322, 0.06325686870270622]
Timestep: 287, Trans probs: [0.15194955927179193, 0.07986554200717896, 0.28581324093801636, 0.15022504513825638, 0.07556977678117796, 0.03971989922784019, 0.1421448204410854, 0.0747121161946529]
Timestep: 288, Trans probs: [0.14507712979108361, 0.07034373771045584, 0.3039222227649095, 0.1473631657404587, 0.0725256427702414, 0.03516560328742885, 0.1519340408093752, 0.07366845712604679]
Timestep: 289, Trans probs: [0.27548163978598494, 0.13014273360002035, 0.19427716608890794, 0.09178020535422252, 0.12279638597575673, 0.058011333748062055, 0.08659936063929091, 0.040911174807754636]
Timestep: 290, Trans probs: [0.2979515675213049, 0.13988153553561983, 0.14856618074397904, 0.0697484683971137, 0.1561406190680758, 0.07330449621871173, 0.07785565831025816, 0.036551474204936776]
Timestep: 291, Trans probs: [0.09800886643458691, 0.1611810856833022, 0.05191800904575202, 0.08538208193740228, 0.1491823761702365, 0.24533879668919423, 0.07902603343180647, 0.12996275060771945]
Timestep: 292, Trans probs: [0.1350068533602393, 0.07295393605823695, 0.2639066509183904, 0.1426077895843612, 0.08470396130929, 0.04577165694506315, 0.16557632588479448, 0.0894728259396245]
Timestep: 293, Trans probs: [0.17875974240114037, 0.08929070125581338, 0.27115011962807334, 0.135439803179275, 0.08621067930367952, 0.04306233555367037, 0.13076789937386396, 0.065318719304484]
Timestep: 294, Trans probs: [0.1463840540195204, 0.06943599275324426, 0.09711723599338948, 0.04606670951846206, 0.261366436686633, 0.1239768779821759, 0.17340130441436039, 0.08225138863221433]
Timestep: 295, Trans probs: [0.14270564604546643, 0.06769772685570641, 0.278655342417132, 0.13219051789883687, 0.08700191480972319, 0.041272591715365986, 0.1698849977843586, 0.08059126247341034]
Timestep: 296, Trans probs: [0.14596001849809098, 0.06938532611605161, 0.3114795192219943, 0.14806868512401364, 0.07031115304145098, 0.03342396317550821, 0.1500444051093461, 0.07132692971354415]
Timestep: 297, Trans probs: [0.1496236334264082, 0.07343679032850309, 0.31459963412782194, 0.15440867755849452, 0.06657401539674777, 0.0326751990849235, 0.1399789619234059, 0.06870308815369505]
Timestep: 298, Trans probs: [0.15975452027177414, 0.0715098371887221, 0.31985228897793017, 0.1431733203563885, 0.07034317364893718, 0.031487239837821715, 0.14083748658447093, 0.0630421331339553]
Timestep: 299, Trans probs: [0.27161210110011114, 0.1318051978174907, 0.17745790783866042, 0.08611499470095987, 0.13560842553836183, 0.06580669742403795, 0.08859983551492281, 0.04299484006545521]
Timestep: 300, Trans probs: [0.15061952474754806, 0.06840540670241939, 0.31812739102315696, 0.1444808274531016, 0.07034907803218733, 0.031949757523121854, 0.1485861059034351, 0.06748190861502966]
Timestep: 301, Trans probs: [0.1585032653457038, 0.07830534387202091, 0.10423651611225782, 0.051495950070110236, 0.24528445338959348, 0.12117784089331642, 0.16130643631893934, 0.07969019399805795]
Timestep: 302, Trans probs: [0.18211186615828423, 0.084968672443625, 0.08782604868369549, 0.04097735595184509, 0.2779014010356675, 0.12966158446644394, 0.13402192010603067, 0.06253115115440805]
Timestep: 303, Trans probs: [0.18050621167066525, 0.08610819496553095, 0.2523619214356304, 0.1203860483898612, 0.1018160179694482, 0.04857003781079312, 0.14234682391193462, 0.06790474384613615]
Timestep: 304, Trans probs: [0.15202639718855854, 0.07111560014562308, 0.30427082820218565, 0.14233319314649068, 0.07496472026151321, 0.03506733810532928, 0.15003695372472087, 0.07018496922557882]
Timestep: 305, Trans probs: [0.15085961584829444, 0.07253821067783199, 0.3099804307197067, 0.1490486745781104, 0.07020378129092349, 0.033756261733971664, 0.14425198049421242, 0.0693610446569488]
Timestep: 306, Trans probs: [0.1381713559406055, 0.06739672318386317, 0.31199023320973485, 0.15218146511310313, 0.06813467603384515, 0.033234485314374444, 0.15384775897116323, 0.07504330223331056]
Timestep: 307, Trans probs: [0.14832149484220697, 0.07411725083121196, 0.3040952416114563, 0.1519584421871711, 0.07028300006368315, 0.035120888920597254, 0.1440972928993284, 0.07200638864434482]
Timestep: 308, Trans probs: [0.1422765215661438, 0.0708533079068334, 0.3196807887750418, 0.15920013442588496, 0.06332219350640755, 0.031534274414769026, 0.1422784908167955, 0.07085428858812387]
Timestep: 309, Trans probs: [0.1534096389301062, 0.06861501072348862, 0.31296766960183947, 0.1399799918414461, 0.07387322350436032, 0.03304102700639116, 0.15070715743401872, 0.06740628095834945]
Timestep: 310, Trans probs: [0.16927149244174475, 0.07777214275178855, 0.26647494705290486, 0.12243247414567544, 0.09689913616300692, 0.044520511643671615, 0.15254306443476254, 0.07008623136644536]
Timestep: 311, Trans probs: [0.1794029286553713, 0.08728812124133907, 0.09627798401954175, 0.04684385257786518, 0.25836497608314035, 0.12570694093953766, 0.1386535840021091, 0.06746161248109561]
Timestep: 312, Trans probs: [0.15329077440059288, 0.07280128433131994, 0.28284220664404225, 0.13432821373176687, 0.08501128638993313, 0.04037379846272642, 0.15685731855813734, 0.07449511748148122]
Timestep: 313, Trans probs: [0.15073992882776538, 0.07387411739892588, 0.30596075827246055, 0.14994421950344505, 0.0707673670905191, 0.03468143328123258, 0.14363836751376136, 0.07039380811189]
Timestep: 314, Trans probs: [0.1471789003573616, 0.06823460857551593, 0.3215373977213694, 0.14907013452767814, 0.0673610211934286, 0.03122970006719943, 0.14716163396926552, 0.06822660358818154]
Timestep: 315, Trans probs: [0.14630188880846612, 0.06749617299354951, 0.3252337192177158, 0.1500461241781597, 0.06601356595343168, 0.030455266871825037, 0.14675024190539449, 0.06770302007145755]
Timestep: 316, Trans probs: [0.1420174896669768, 0.06634640405186507, 0.31964126200183224, 0.14932701859574446, 0.06765435976244775, 0.0316061317461333, 0.15227085751976374, 0.07113647665523663]
Timestep: 317, Trans probs: [0.14832804138489875, 0.07073012029346687, 0.30894450221108005, 0.14731996459584928, 0.07131222406509653, 0.034005182967598094, 0.14853239724366302, 0.07082756723834746]
Timestep: 318, Trans probs: [0.15340538250142674, 0.07116322955792563, 0.3142775293551625, 0.14579021675586343, 0.07066303085509901, 0.03277987645546548, 0.14476547296951325, 0.06715526154954399]
Timestep: 319, Trans probs: [0.16689237375499624, 0.08107860074601797, 0.1093014801512309, 0.05310015593127218, 0.2397925985137147, 0.11649452829573419, 0.15704543806978016, 0.07629482453725366]
Timestep: 320, Trans probs: [0.1677430672417543, 0.08248651532532758, 0.2765826195653735, 0.1360076267987755, 0.08533184077998207, 0.04196135380123976, 0.14069913256831165, 0.06918784391923558]
Timestep: 321, Trans probs: [0.1447655336577967, 0.07103212450606436, 0.3035270953753347, 0.1489316820440819, 0.0718661752930349, 0.03526258621238165, 0.15068042020273162, 0.07393438270857414]
Timestep: 322, Trans probs: [0.1452355940942507, 0.06814350092729284, 0.32040228127688275, 0.15033045643844892, 0.0670624354738354, 0.0314652145873566, 0.14794553255214177, 0.06941498464979112]
Timestep: 323, Trans probs: [0.2822858391761177, 0.13141074207930917, 0.1807298144356826, 0.08413400792673628, 0.13372110386251052, 0.062250340086218395, 0.08561318682418272, 0.03985496560924269]
Timestep: 324, Trans probs: [0.15020913884847995, 0.0717736213578648, 0.3022500423511672, 0.14442250492491127, 0.07443446626106069, 0.03556661890449414, 0.14977664310083214, 0.07156696425118986]
Timestep: 325, Trans probs: [0.31268171851656396, 0.1439480007917352, 0.14902455760955974, 0.06860582460190269, 0.1510587843128174, 0.06954231320916865, 0.07199483427446686, 0.03314396668378553]
Timestep: 326, Trans probs: [0.17124524229160965, 0.07676149402825994, 0.29391661521287327, 0.13174952017090155, 0.08295119263169269, 0.03718326648159789, 0.14237320371599435, 0.0638194654670707]
Timestep: 327, Trans probs: [0.15498042850242136, 0.07070658827848939, 0.31323357692815773, 0.1429062867671175, 0.07232130004512942, 0.03299508483405805, 0.14616980815017228, 0.06668692649445436]
Timestep: 328, Trans probs: [0.14282375205130624, 0.06267604388977545, 0.0943420666031839, 0.04140058934279477, 0.27571664719121247, 0.1209940813926413, 0.18212431699438766, 0.07992250253469811]
Timestep: 329, Trans probs: [0.16310350376207938, 0.07692442213222048, 0.28402696368724595, 0.13395549174395013, 0.08477025080319621, 0.03998015006809032, 0.14761814670615256, 0.06962107109706497]
Timestep: 330, Trans probs: [0.1486786755160517, 0.06983722885227503, 0.3134518255975083, 0.14723434145775144, 0.07022330045175684, 0.03298523266628066, 0.14804827692797867, 0.06954111853039734]
Timestep: 331, Trans probs: [0.14368902285744609, 0.07143320743578725, 0.3195207591469703, 0.15884576437568115, 0.06350831389358977, 0.031572366977250944, 0.1412232073396157, 0.07020735797365879]
Timestep: 332, Trans probs: [0.1440716318836805, 0.06813542814721908, 0.3224291376638215, 0.15248558688916752, 0.0656024537239069, 0.031025200544652395, 0.1468168459416613, 0.06943371520589073]
Timestep: 333, Trans probs: [0.27865456347167306, 0.13748032246986974, 0.17529510872829232, 0.08648567522134401, 0.13239149409534476, 0.06531823873161194, 0.08328441157757577, 0.041090185704288414]
Timestep: 334, Trans probs: [0.1787418538943687, 0.08075636537664065, 0.29374046493483147, 0.1327132498368302, 0.08183304213508065, 0.03697253277034969, 0.13448263694297263, 0.06075985410892601]
Timestep: 335, Trans probs: [0.14072301816318927, 0.06962501478831817, 0.3074929531130432, 0.1521371676591819, 0.06931818598809841, 0.03429630622990153, 0.15146671804041165, 0.0749406360178557]
Timestep: 336, Trans probs: [0.2802582157912827, 0.12592282297285345, 0.18314800966538775, 0.08229023486005661, 0.13702911166391246, 0.061568552134909194, 0.08954816541810853, 0.040234887493489205]
Timestep: 337, Trans probs: [0.16812245357751932, 0.07666871803014708, 0.292047792811125, 0.13318226924423723, 0.08279862941322141, 0.037758577969110446, 0.14383062139149638, 0.06559093756314299]
Timestep: 338, Trans probs: [0.1589915662980924, 0.06983745129407469, 0.3196348410985824, 0.1404004197635191, 0.07181088822146983, 0.03154311593577472, 0.14436779497336752, 0.06341392241511921]
Timestep: 339, Trans probs: [0.15042373064975326, 0.06848199633431609, 0.3269348077572946, 0.1488405334031124, 0.06611265928173236, 0.03009848825731747, 0.14369095527170495, 0.06541682904476892]
Timestep: 340, Trans probs: [0.15268347149494904, 0.07228204228709612, 0.31865389346151013, 0.15085427372467525, 0.06717147143403104, 0.031799716702418046, 0.1401883955900275, 0.06636673530529295]
Timestep: 341, Trans probs: [0.15058735470311851, 0.06869166161461153, 0.3158233806523569, 0.14406543521881177, 0.07113597724237217, 0.0324492616726771, 0.14919184192449225, 0.06805508697155967]
Timestep: 342, Trans probs: [0.0871618953216518, 0.15186545890093794, 0.06006254870525595, 0.10464924481303454, 0.12872476270833022, 0.22428201094611583, 0.08870318045758482, 0.1545508981470889]
Timestep: 343, Trans probs: [0.24361404441549225, 0.14930369179228883, 0.14105850842717524, 0.08645050049319584, 0.14904156936719956, 0.09134307749140709, 0.08629872517828278, 0.052889882834958525]
Timestep: 344, Trans probs: [0.1772945804989163, 0.08487822236842142, 0.27619104131979044, 0.1322240338951045, 0.08709221546576572, 0.04169463279734553, 0.13567301162081727, 0.06495226203383887]
Timestep: 345, Trans probs: [0.1756852473111957, 0.07867586897615994, 0.2950044845145046, 0.1321097503988527, 0.08211607595258823, 0.0367734555482538, 0.13788642488482564, 0.06174869241361931]
Timestep: 346, Trans probs: [0.30282978926663606, 0.13983327958511765, 0.15611411539013792, 0.07208653018383078, 0.14857305568506413, 0.06860440541446342, 0.07659203942668034, 0.03536678504806964]
Timestep: 347, Trans probs: [0.15410039177601445, 0.07020310751811583, 0.31638740201332244, 0.1441357711355003, 0.07092062153571706, 0.03230911979873683, 0.14560891726654296, 0.06633466895604992]
Timestep: 348, Trans probs: [0.3113124342063898, 0.14941780122663187, 0.15756416553710573, 0.07562464129221137, 0.13731689464361302, 0.06590674259838668, 0.06950002486673389, 0.03335729562892759]
Timestep: 349, Trans probs: [0.1204860978797632, 0.1660644047752893, 0.054554224577534095, 0.07519137055535177, 0.16893794073118468, 0.23284494282057186, 0.07649246278614154, 0.10542855587416364]
Timestep: 350, Trans probs: [0.13583411556220126, 0.07347233228600009, 0.2634463828563648, 0.14249748747327104, 0.08494450339812022, 0.04594626875365516, 0.16474743529005023, 0.08911147438033724]
Timestep: 351, Trans probs: [0.14574461239304856, 0.06727435828402646, 0.31752671776548036, 0.14656738129089655, 0.06949951581499424, 0.032080330454309754, 0.15141522407368085, 0.06989185992356316]
Timestep: 352, Trans probs: [0.14368685270991827, 0.06955471703148305, 0.31447099746685253, 0.15222646213549743, 0.06763629026159018, 0.032740803639854724, 0.1480278206556588, 0.07165605609914494]
Timestep: 353, Trans probs: [0.17954986305074289, 0.08263351727916579, 0.2950175077975736, 0.13577473084096753, 0.0795499640369942, 0.03661096263799558, 0.13070815948741826, 0.06015529486914211]
Timestep: 354, Trans probs: [0.28362724488060526, 0.14001895230437747, 0.18199055553842894, 0.08984372050191906, 0.12418757638284098, 0.061307983094730914, 0.0796854548525419, 0.039338512444555544]
Timestep: 355, Trans probs: [0.15445843540034832, 0.07204989327950749, 0.3096583819547272, 0.14444567766800487, 0.07248194660703719, 0.03381049733018475, 0.14531185848858763, 0.06778330927160242]
Timestep: 356, Trans probs: [0.08852828798335285, 0.16891590857532846, 0.04426764135120088, 0.08446462740509532, 0.14071480664994243, 0.2684901058941328, 0.07036296234209985, 0.13425565979884746]
Timestep: 357, Trans probs: [0.26438912968302086, 0.14218492337028188, 0.13032057035303174, 0.07008465261575851, 0.17119267702333787, 0.09206512269736442, 0.08438292200852344, 0.04538000224868129]
Timestep: 358, Trans probs: [0.16809010955709588, 0.07993305326328315, 0.28943181834686493, 0.13763551593230677, 0.08089889307184917, 0.03847041057853715, 0.1392985808964598, 0.06624161835360312]
Timestep: 359, Trans probs: [0.31624858435928926, 0.14275509962873895, 0.14478906890089507, 0.06535800942152892, 0.15636327259704472, 0.07058262285375859, 0.07158828140050116, 0.03231506083824325]
Timestep: 360, Trans probs: [0.15961216531926992, 0.07294690351215963, 0.3028620144430815, 0.13841580371324302, 0.07725846079439169, 0.03530912242054556, 0.14659692776021996, 0.06699860203708886]
Timestep: 361, Trans probs: [0.152876949260474, 0.07337636974796694, 0.30915043905583667, 0.14838297750995444, 0.07069707068902194, 0.03393248245775295, 0.14296485211929494, 0.06861885915969815]
Timestep: 362, Trans probs: [0.13969678031324403, 0.06690451181986946, 0.311854944682355, 0.14935564574788762, 0.06948904575655615, 0.03328015629813479, 0.1551252825716411, 0.07429363281031184]
Timestep: 363, Trans probs: [0.14931349795922028, 0.06778460513501468, 0.32068913851842734, 0.1455848729195036, 0.0691816597798978, 0.03140674858508814, 0.14858540707518386, 0.06745407002766433]
Timestep: 364, Trans probs: [0.14693382050090076, 0.07253251377297738, 0.3099797930407105, 0.15301864153142458, 0.06836494246579819, 0.03374771794597769, 0.14422650036965648, 0.0711960703725546]
Timestep: 365, Trans probs: [0.15085373650955514, 0.07174289212164447, 0.30371701383190103, 0.14444147995943024, 0.07404761939023234, 0.035215504055092064, 0.14908163604643654, 0.07090011808570815]
Timestep: 366, Trans probs: [0.15096916588400566, 0.07148660840085734, 0.10221214890858546, 0.04839928617246384, 0.25370099030742727, 0.12013197025246436, 0.17176569299907346, 0.08133413707512252]
Timestep: 367, Trans probs: [0.1451338096824171, 0.06775467938206438, 0.09853026481922689, 0.0459981483078605, 0.2609292746107482, 0.12181296268134632, 0.1771429454152922, 0.08269791510104442]
Timestep: 368, Trans probs: [0.16511168443367452, 0.07814569770294637, 0.2620906917367602, 0.12404488536027443, 0.0972231288357865, 0.04601472792065135, 0.1543275218636588, 0.07304166214624773]
Timestep: 369, Trans probs: [0.3126329830961572, 0.13846672550381184, 0.15148016667542794, 0.06709133006566621, 0.15421250854616808, 0.06830149806538101, 0.07472063973117146, 0.033094148316216154]
Timestep: 370, Trans probs: [0.19463618039372169, 0.08834322739728184, 0.27770000304926845, 0.1260449854080611, 0.08879073942599795, 0.040301142716715393, 0.12668347970797833, 0.05750024190097537]
Timestep: 371, Trans probs: [0.15341885028916935, 0.07243093486478314, 0.3127046944536096, 0.14763175003065615, 0.0701630924292924, 0.0331248628710171, 0.14300933906536473, 0.06751647599610754]
Timestep: 372, Trans probs: [0.15038739011731878, 0.06704757823673263, 0.3172665280939979, 0.14144771278818255, 0.0720300705008695, 0.03211334263821535, 0.1519590862528376, 0.06774829137184568]
Timestep: 373, Trans probs: [0.2926778362737422, 0.13850900223165755, 0.1737964476059712, 0.08224870340641262, 0.13320140208812184, 0.06303720682774092, 0.07909697158413453, 0.03743242998221911]
Timestep: 374, Trans probs: [0.31052969335169245, 0.1531589752971863, 0.15280756870652082, 0.07536751280734669, 0.13830100962797218, 0.06821261016477627, 0.06805610375872409, 0.03356652628578123]
Timestep: 375, Trans probs: [0.2986132859909399, 0.14716404762833812, 0.1545566907106341, 0.07616937778752478, 0.14279363828510752, 0.07037225325014786, 0.07390733508269666, 0.03642337126461117]
Timestep: 376, Trans probs: [0.1854425589723679, 0.09236059383035465, 0.27515112486160914, 0.13704039367303486, 0.08331684841977623, 0.04149637299424244, 0.12362170091732576, 0.06157040633128896]
Timestep: 377, Trans probs: [0.15260771249402, 0.07405898767993427, 0.30613114496870086, 0.14856236505458112, 0.07136737470668994, 0.03463386900815452, 0.14316298813027142, 0.06947555795764776]
Timestep: 378, Trans probs: [0.14999810913079636, 0.06756398292077846, 0.3205606664336855, 0.1443908561081466, 0.06977495608513279, 0.03142888912768356, 0.14911592254491343, 0.0671666176488632]
Timestep: 379, Trans probs: [0.16705525582132832, 0.0830979721690696, 0.28658676546690454, 0.14255629937356346, 0.07886873579233188, 0.03923152240651716, 0.1353009564174546, 0.0673024925528305]
Timestep: 380, Trans probs: [0.29386412039348875, 0.13182291022981352, 0.15660195214473313, 0.07024921944110235, 0.15647598137928936, 0.07019271089939116, 0.0833869889081654, 0.03740611660401636]
Timestep: 381, Trans probs: [0.1785697376513562, 0.07984815947355065, 0.11170809257247989, 0.04995071229610327, 0.24651867311731226, 0.1102317928176099, 0.15421499252689574, 0.06895783954469215]
Timestep: 382, Trans probs: [0.14857885680441682, 0.07123657023294466, 0.27616809955125965, 0.13240960822359304, 0.08786366392556758, 0.042126492293562155, 0.16331489962852666, 0.0783018093401295]
Timestep: 383, Trans probs: [0.18102031671235677, 0.0891865114407916, 0.27732720777329956, 0.13663574695993108, 0.08356359394892285, 0.041170767807249854, 0.12802131054814705, 0.06307454480930126]
Timestep: 384, Trans probs: [0.18162543912891654, 0.08390354764853825, 0.0928006489862945, 0.0428701161653361, 0.27108032216731676, 0.1252280563594541, 0.1385071934041405, 0.06398467614000329]
Timestep: 385, Trans probs: [0.18008386455592104, 0.08470014055176922, 0.26833256492178487, 0.12620678715185116, 0.09305049750550765, 0.043765110419879724, 0.1386491717315829, 0.06521186316170344]
Timestep: 386, Trans probs: [0.15374009718547224, 0.07370136790846778, 0.31310780467304766, 0.15010055235870878, 0.06886199762472804, 0.03301170946789086, 0.1402446680885581, 0.06723180269312654]
Timestep: 387, Trans probs: [0.154540080234482, 0.07518353154952968, 0.31202009587617735, 0.151797337537292, 0.06828751058312824, 0.033221777797549694, 0.1378741072669572, 0.06707555915488399]
Timestep: 388, Trans probs: [0.15115834917067222, 0.07383010632775124, 0.3097727310294678, 0.15130195450547326, 0.06916881917566096, 0.03378405031757822, 0.1417494576759053, 0.06923453179749106]
Timestep: 389, Trans probs: [0.14890657549498765, 0.06879647350208118, 0.31444570696493707, 0.1452773705603392, 0.07090569578456708, 0.03275921029661844, 0.14973141088433284, 0.06917755651213643]
Timestep: 390, Trans probs: [0.1501029860925882, 0.07001698926502171, 0.31085384078435097, 0.14500077979636822, 0.07195119611262951, 0.0335623311498679, 0.14900640049121172, 0.06950547630796183]
Timestep: 391, Trans probs: [0.1446089518752922, 0.06380794547311265, 0.3195664262687143, 0.14100701815456257, 0.07155104752369085, 0.03157152638014397, 0.15811823719355492, 0.0697688471309284]
Timestep: 392, Trans probs: [0.14594910422951096, 0.06903384835544152, 0.3212212374985326, 0.15193747378640718, 0.06614255057415133, 0.03128539109769209, 0.14557397977124484, 0.06885641468701933]
Timestep: 393, Trans probs: [0.14844634220004016, 0.06563707933559743, 0.33417481335818366, 0.14775883602973433, 0.06483340107272821, 0.028666756127091138, 0.14594963662802435, 0.06453313524860067]
Timestep: 394, Trans probs: [0.14442771928624645, 0.0671508277914282, 0.32587903543006597, 0.15151556153587314, 0.06519978293915786, 0.03031425974060103, 0.14711332754865267, 0.06839948572797466]
Timestep: 395, Trans probs: [0.15261844182588497, 0.06866263930204508, 0.31636983269537383, 0.142333963369861, 0.0718254347142257, 0.032314075923549436, 0.14889026838405336, 0.06698534378500656]
Timestep: 396, Trans probs: [0.26484258574560027, 0.12641978810783502, 0.18854239434702874, 0.08999870423252435, 0.13056083726680712, 0.06232182538160967, 0.09294673210101571, 0.04436713281757905]
Timestep: 397, Trans probs: [0.31785272573514156, 0.14191361788290455, 0.15644413891102474, 0.06984855548459, 0.14544956768761844, 0.06493974315404859, 0.0715889169087422, 0.0319627342359299]
Timestep: 398, Trans probs: [0.09569950093803849, 0.1592376466716741, 0.043469148582818744, 0.0723297912246276, 0.16243426101849795, 0.27027987826378475, 0.0737817748049184, 0.12276799849563984]
Timestep: 399, Trans probs: [0.3117252206228585, 0.16578358551974276, 0.1384953536320873, 0.0736554336446542, 0.14027345176175973, 0.07460107250811876, 0.062321621805643074, 0.03314426050513558]
Timestep: 400, Trans probs: [0.12742491012190665, 0.062308781691947854, 0.08507733671466272, 0.04160148274944642, 0.2752927624734282, 0.1346138413746556, 0.1838037399881594, 0.08987714488579311]
Timestep: 401, Trans probs: [0.14954660239388884, 0.07425783907666984, 0.2520973086208372, 0.1251797170618481, 0.09924929394633615, 0.04928255126069856, 0.1673089156548577, 0.08307777198486359]
Timestep: 402, Trans probs: [0.14725630802024112, 0.07329310241817118, 0.3009411532863517, 0.14978584663841563, 0.07211131125982755, 0.03589158109918575, 0.14737067272215348, 0.07335002455565363]
Timestep: 403, Trans probs: [0.15253562099623444, 0.06950833255465158, 0.3222924568817762, 0.14686413000768653, 0.0681465284984077, 0.031053412536533286, 0.1439867747236428, 0.06561274380106741]
Timestep: 404, Trans probs: [0.19452032197950245, 0.08660707356252262, 0.28637261551730137, 0.1275028435384372, 0.08536388380851848, 0.03800690894068149, 0.1256726208767865, 0.05595373177624999]
Timestep: 405, Trans probs: [0.30997535921474173, 0.14859430707734292, 0.1575412146173428, 0.07552125330700707, 0.13820416264324675, 0.06625156217320706, 0.07024058848789429, 0.0336715524792174]
Timestep: 406, Trans probs: [0.19423690540593883, 0.09053376622728172, 0.09546687565011575, 0.04449708352021702, 0.2630766530351588, 0.12261995296910529, 0.12930141194984388, 0.06026735124233862]
Timestep: 407, Trans probs: [0.1728900417755024, 0.07752383335370007, 0.10953981374170943, 0.04911761359358345, 0.24975031635743722, 0.11198795318974394, 0.15823700922723188, 0.07095341876109151]
Timestep: 408, Trans probs: [0.17049603969134597, 0.07581896558225631, 0.26899234815020545, 0.11961991388897891, 0.09803241776952076, 0.04359465781298108, 0.1546661746419662, 0.06877948246274544]
Timestep: 409, Trans probs: [0.1479721258204564, 0.07147193173474889, 0.30899384120111667, 0.14924693824822372, 0.07037734540943313, 0.03399292129437309, 0.14696123456376145, 0.07098366172788675]
Timestep: 410, Trans probs: [0.15354096132361286, 0.07113292687803845, 0.31106606248063945, 0.14411163826204212, 0.07230386101773047, 0.03349715420847192, 0.14648389039019222, 0.06786350543927268]
Timestep: 411, Trans probs: [0.15647633733809382, 0.07686784026987252, 0.28033158276158915, 0.1377108110586664, 0.08374405436418798, 0.04113864565035927, 0.15002973424704633, 0.0737009943101846]
Timestep: 412, Trans probs: [0.08928897070635486, 0.1331001789188702, 0.05763147717860473, 0.08590937786770937, 0.15471663027326732, 0.23063107356025261, 0.09986169485667308, 0.14886059663826787]
Timestep: 413, Trans probs: [0.09409474899765995, 0.17240748451846682, 0.047455665025594625, 0.08695184290695356, 0.14060832570851076, 0.2576331622751923, 0.07091428241972073, 0.12993448814790123]
Timestep: 414, Trans probs: [0.1631051828758643, 0.09661713935298206, 0.23933275092379597, 0.14177137317172703, 0.09141799389281853, 0.05415244874244592, 0.13414239557890012, 0.07946071546146603]
Timestep: 415, Trans probs: [0.1478458418664326, 0.07214455293856141, 0.304524437861921, 0.14859923790256496, 0.07179871517179631, 0.03503572465914856, 0.1478869009833386, 0.07216458861623648]
Timestep: 416, Trans probs: [0.1716246252569951, 0.07668618559186749, 0.29963953039749236, 0.1338864548389484, 0.08008461989134603, 0.035783816074445376, 0.13981978320635283, 0.06247498474255244]
Timestep: 417, Trans probs: [0.2968155014926235, 0.13021882755616931, 0.17321566802113347, 0.07599313745623633, 0.14210281994896776, 0.06234331600986106, 0.08292840084620387, 0.03638232866880467]
Timestep: 418, Trans probs: [0.3013542982870662, 0.1442270565612392, 0.1673616034407457, 0.08009864661905203, 0.1334742836521459, 0.06388030025518684, 0.07412693383536448, 0.035476877349199555]
Timestep: 419, Trans probs: [0.1643600367021376, 0.07596325923204045, 0.30809432823939303, 0.14239379470560798, 0.07356312468510012, 0.0339991084359529, 0.13789472147733994, 0.06373162652242798]
Timestep: 420, Trans probs: [0.1568266559171798, 0.07112125298502767, 0.3213890794611983, 0.1457506945697812, 0.0687947437534201, 0.03119857619811146, 0.1409829166947036, 0.06393608042057783]
Timestep: 421, Trans probs: [0.15969788452095743, 0.07206666822416069, 0.30347918580670247, 0.1369506794787874, 0.07787904298290305, 0.035144380084305295, 0.14799612798098766, 0.06678603092119606]
Timestep: 422, Trans probs: [0.29161059663863165, 0.13736996758455827, 0.16448025257709883, 0.07748225621860944, 0.1430173298805799, 0.06737164628510164, 0.08066759854687573, 0.03800035226854463]
Timestep: 423, Trans probs: [0.17770412251297107, 0.08208294382311555, 0.28692817596541964, 0.1325344005304067, 0.08391415640446914, 0.0387606144905806, 0.13549114952611083, 0.06258443674692649]
Timestep: 424, Trans probs: [0.15186172712465612, 0.06876417854001, 0.3077325049771293, 0.13934368662514812, 0.07557761707728768, 0.034222136497006395, 0.15315043404125692, 0.06934771511750555]
Timestep: 425, Trans probs: [0.15326371677024597, 0.07051312137696847, 0.3208124243188162, 0.14759843942153347, 0.06815558373495348, 0.0313568211034923, 0.14266362913312394, 0.06563626414086633]
Timestep: 426, Trans probs: [0.14849267812896708, 0.06576511092421565, 0.31910712149142617, 0.14132760959004428, 0.07159673104268251, 0.0317090850415117, 0.15385961812462828, 0.06814204565652418]
Timestep: 427, Trans probs: [0.29447383846615793, 0.14053045557753294, 0.169761507603455, 0.0810145380903983, 0.1349258124174711, 0.0643900523963695, 0.07778351194088574, 0.03712028350772957]
Timestep: 428, Trans probs: [0.1766629468689522, 0.08370685162099097, 0.2891758058330096, 0.1370179582094265, 0.08065182558610438, 0.03821463706425109, 0.13201725132019704, 0.06255272349706814]
Timestep: 429, Trans probs: [0.15580912876960681, 0.06955359738749435, 0.3192800542788604, 0.1425274406226002, 0.07093109365968919, 0.03166382335630542, 0.14535017051030552, 0.06488469141513804]
Timestep: 430, Trans probs: [0.13004558324746876, 0.05893949295920795, 0.28450592265757413, 0.12894428558499665, 0.0858208950355185, 0.038895900286543, 0.18775380382520052, 0.08509411640349056]
Timestep: 431, Trans probs: [0.16076919523437233, 0.07239882712500653, 0.11510833546706388, 0.05183647568788391, 0.2410404488659732, 0.10854719874750313, 0.17258135060480811, 0.07771816826738878]
Timestep: 432, Trans probs: [0.13659477602722686, 0.06752148389610346, 0.2726709356425426, 0.13478660550132301, 0.0867548439023206, 0.04288462535559849, 0.17318030122655154, 0.08560642844833358]
Timestep: 433, Trans probs: [0.14530502584625662, 0.0720930251777145, 0.30658376027908424, 0.15211139890140155, 0.0696136032024141, 0.03453875885678704, 0.1468799865116437, 0.07287444122469829]
Timestep: 434, Trans probs: [0.29386500736176246, 0.13574150680704655, 0.17841027919606878, 0.08241090133650064, 0.13176248356451623, 0.06086344958271273, 0.07999517088257299, 0.03695120126881959]
Timestep: 435, Trans probs: [0.17809628756263615, 0.08140399748520843, 0.29838665936139175, 0.13638614931673843, 0.07842566204489052, 0.035846689918411556, 0.13139617689981453, 0.060058377410908574]
Timestep: 436, Trans probs: [0.15472276715500022, 0.07443865322501796, 0.3114076689132753, 0.14982130880986722, 0.06938632761239401, 0.03338244832786755, 0.13965258593508886, 0.06718824002148883]
Timestep: 437, Trans probs: [0.14267411738903266, 0.07016989564153256, 0.3158325069686269, 0.15533254706431948, 0.06591100853852336, 0.03241631120916867, 0.14590480350959995, 0.07175880967919657]
Timestep: 438, Trans probs: [0.14923656415785472, 0.07334520057254262, 0.30816254379376423, 0.15145245209204297, 0.06952226434061914, 0.03416806364508935, 0.14355836956180748, 0.07055454183627949]
Timestep: 439, Trans probs: [0.29576106439725075, 0.13650512889895397, 0.16132951590763073, 0.07445978871173445, 0.14695823859489315, 0.06782689040912715, 0.0801616721912656, 0.03699770088914422]
Timestep: 440, Trans probs: [0.17079668989288221, 0.07923665526352754, 0.3010461667832932, 0.1396624920001351, 0.07646884328549126, 0.03547571898268793, 0.1347839478849811, 0.06252948590700166]
Timestep: 441, Trans probs: [0.15433067533862121, 0.06955788967473513, 0.31879214794086524, 0.14368179888404464, 0.07052233262255297, 0.031784897081552174, 0.1456739941376886, 0.06565626431994002]
Timestep: 442, Trans probs: [0.1467871701292941, 0.06409147933497131, 0.32927815157450435, 0.14377226448678013, 0.06783621338855488, 0.029619232149006407, 0.152172583848588, 0.06644290508830081]
Timestep: 443, Trans probs: [0.142813693180193, 0.06834564332901757, 0.31120520114647504, 0.14893193506910898, 0.06992940764456146, 0.0334657710101676, 0.1523831145842663, 0.07292523403621014]
Timestep: 444, Trans probs: [0.14122232858474798, 0.06772596307065505, 0.3197466071773493, 0.15334081463375024, 0.06583769158189973, 0.03157376820944505, 0.14906551052277947, 0.0714873162193732]
Timestep: 445, Trans probs: [0.15620556659264512, 0.06921399906522158, 0.32307980198881814, 0.1431552383223385, 0.06963774485873699, 0.03085617825724595, 0.14403167128211627, 0.06381979963287739]
Timestep: 446, Trans probs: [0.14875198802406436, 0.07136647830414408, 0.30611058668070656, 0.14686213497518646, 0.07224628186797576, 0.03466147092200114, 0.14867264647601242, 0.07132841274990925]
Timestep: 447, Trans probs: [0.1734182958217451, 0.08355415673675193, 0.1147274996992395, 0.05527651766189207, 0.2327359258719897, 0.11213380881432318, 0.15396997611443966, 0.07418381927961898]
Timestep: 448, Trans probs: [0.13795717721466644, 0.06462622212766066, 0.2945162676270299, 0.13796653509557683, 0.07927557232561014, 0.037136746705394644, 0.1692405291752607, 0.07928094972880077]
Timestep: 449, Trans probs: [0.2636820879402409, 0.12949411582968068, 0.18972383767148115, 0.09317326331491378, 0.12633787895563042, 0.06204445686452659, 0.09090229611716934, 0.04464206330635711]
Timestep: 450, Trans probs: [0.17635810759043755, 0.08759699618625365, 0.08806169557776651, 0.04374020631699558, 0.2692640925553895, 0.13374335895827236, 0.1344528633960118, 0.06678267941887316]
Timestep: 451, Trans probs: [0.2953989342105604, 0.13311842126860687, 0.14564152579676395, 0.06563182103899141, 0.1663128930193966, 0.07494715515654461, 0.0819978026114116, 0.03695144689772459]
Timestep: 452, Trans probs: [0.18377883620363467, 0.09146998589191142, 0.26981978922057775, 0.13429409404909823, 0.08673768575474411, 0.043170884396571074, 0.12734624166350486, 0.06338248281995786]
Timestep: 453, Trans probs: [0.16517974623480264, 0.08144104458647435, 0.28264136094246123, 0.13935490399516579, 0.08186711685683325, 0.040364170947604236, 0.1400839621823778, 0.06906769425428066]
Timestep: 454, Trans probs: [0.18051807020839009, 0.08333259430347902, 0.09367258498555028, 0.04324209489359042, 0.2699152637484159, 0.12460103935466213, 0.14006165949582358, 0.06465669301008853]
Timestep: 455, Trans probs: [0.14434488816230828, 0.07113806106900872, 0.27126526476264373, 0.13368873131750242, 0.08830548711449969, 0.043519941821675, 0.16595122727985853, 0.08178639847250366]
Timestep: 456, Trans probs: [0.1487292396143817, 0.07298371010044787, 0.30202948181542444, 0.14821048100399153, 0.07260954297003312, 0.03563061203291784, 0.14745064719589482, 0.07235628526690857]
Timestep: 457, Trans probs: [0.292072547255383, 0.14401648369513456, 0.17205942400574922, 0.08483985730521797, 0.12939566813520428, 0.06380301505680533, 0.07622676056820674, 0.03758624397829893]
Timestep: 458, Trans probs: [0.2976584902419955, 0.13286796312060192, 0.171051465242505, 0.07635347393279077, 0.1414102614316597, 0.0631223164019313, 0.08126236345063075, 0.036273666177884877]
Timestep: 459, Trans probs: [0.15980688412464827, 0.07734527509626402, 0.30048683120766567, 0.14543326309042823, 0.07414623474581646, 0.035886194485177436, 0.1394180685443556, 0.06747724870564432]
Timestep: 460, Trans probs: [0.1712158961516842, 0.07763871198622699, 0.30450472371983295, 0.13807920336079843, 0.07640683158299158, 0.034647063294851, 0.1358883238322367, 0.06161924607137826]
Timestep: 461, Trans probs: [0.304239849893658, 0.13440220358748184, 0.1587860384600012, 0.07014595055647793, 0.15149963445686357, 0.066927079805021, 0.07906928297510023, 0.03492996026539638]
Timestep: 462, Trans probs: [0.17578515470881728, 0.07957149472271996, 0.28482974806507677, 0.12893198423141408, 0.0869264364073082, 0.03934841077624873, 0.1408494080350609, 0.06375736305335408]
Timestep: 463, Trans probs: [0.15026770596642514, 0.07005391265224482, 0.31601981576761173, 0.14732656246917913, 0.06952860841070418, 0.03241382457468204, 0.14622182377255785, 0.06816774638659505]
Timestep: 464, Trans probs: [0.14708477487059352, 0.083385102504606, 0.29438928547474436, 0.16689477729538316, 0.06554108287254161, 0.03715646244417918, 0.13118008014809202, 0.07436843438986013]
Timestep: 465, Trans probs: [0.08577507664456568, 0.12167328789803333, 0.05673080590100962, 0.08047353554324468, 0.16309886269957383, 0.23135828790127153, 0.1078720099642272, 0.15301813344807416]
Timestep: 466, Trans probs: [0.31256698541140204, 0.15058364604587177, 0.1554131206642057, 0.07487250875897974, 0.13818386660567347, 0.06657206752277689, 0.06870714738592036, 0.03310065760516994]
Timestep: 467, Trans probs: [0.08819789343458491, 0.12355544811269423, 0.04140111272079948, 0.057998358411774455, 0.19525734090820163, 0.2735338375297953, 0.0916560573694395, 0.12839995151271047]
Timestep: 468, Trans probs: [0.15531048663049632, 0.31108731416799296, 0.07536058053823871, 0.15094744149219644, 0.06889794574015654, 0.13800276695410746, 0.033431027752962715, 0.06696243672384898]
Timestep: 469, Trans probs: [0.12341059153164034, 0.07250290766611776, 0.08181433437192019, 0.04806538123765017, 0.25538978221041064, 0.1500398107542011, 0.16930917174623067, 0.09946802048182901]
Timestep: 470, Trans probs: [0.1392670197538828, 0.06459531797027053, 0.275230698798985, 0.12765846885730114, 0.0902619035679653, 0.041865592958609, 0.17838284209600216, 0.08273815599698409]
Timestep: 471, Trans probs: [0.19080404588574354, 0.08751440784118988, 0.2730533747357473, 0.1252389816374586, 0.09119565473610178, 0.0418279061372664, 0.13050709261081345, 0.059858536415679]
Timestep: 472, Trans probs: [0.2973758615201881, 0.14202511922943023, 0.1548077159431433, 0.07393533625111694, 0.14770161707366253, 0.07054150147907169, 0.0768904034893572, 0.03672244501403015]
Timestep: 473, Trans probs: [0.15508069916538772, 0.07389173186914284, 0.07171965276131957, 0.0341724623380486, 0.30803401678718506, 0.1467698243399058, 0.14245546248853969, 0.06787615025047077]
Timestep: 474, Trans probs: [0.25408760593241864, 0.12204174672553166, 0.15442596128210276, 0.07417289790848693, 0.16608066297589108, 0.07977081027833802, 0.10093828046552755, 0.04848203443170335]
Timestep: 475, Trans probs: [0.18096690677140365, 0.08246489641392067, 0.2789374711731733, 0.1271091498254618, 0.08934338290221477, 0.04071292894234646, 0.13771146193199102, 0.06275380203948841]
Timestep: 476, Trans probs: [0.15510724363762718, 0.07546815515458044, 0.09530362567059203, 0.04637042500546058, 0.2615683051353533, 0.1272672827685191, 0.160717238313837, 0.07819772431403049]
Timestep: 477, Trans probs: [0.3056434604005823, 0.14271991324034716, 0.14524515655773554, 0.06782208300917784, 0.1564510575992056, 0.07305466747973201, 0.07434727484382526, 0.03471638686939421]
Timestep: 478, Trans probs: [0.17075687657458383, 0.08347310336582604, 0.2821580501153576, 0.13793065647046868, 0.08247187117707751, 0.040315700109039954, 0.13627622399455827, 0.06661751819308794]
Timestep: 479, Trans probs: [0.32034271021512106, 0.15400393634093174, 0.14183162965553234, 0.0681851921959864, 0.1477458494511607, 0.07102843819431298, 0.06541442628248678, 0.03144781766446809]
Timestep: 480, Trans probs: [0.20410481367551137, 0.09314533069042136, 0.268399324251842, 0.1224867917827211, 0.09250041616184997, 0.04221351616966231, 0.12163872445617611, 0.0555110828118159]
Timestep: 481, Trans probs: [0.15716885197067224, 0.07436966064304419, 0.31350849739551007, 0.14834695467754305, 0.06949717048550956, 0.03288489366597634, 0.13862768111468635, 0.06559629004705819]
Timestep: 482, Trans probs: [0.1501074186982066, 0.07409534635291705, 0.3095991105790185, 0.152822915268621, 0.06850895036956657, 0.03381707879550984, 0.141300878298118, 0.06974830163804234]
Timestep: 483, Trans probs: [0.2798054650803562, 0.1337185225384908, 0.17694922242741995, 0.08456371136473034, 0.1346984771565992, 0.06437215709275869, 0.08518343552786861, 0.04070900881177626]
Timestep: 484, Trans probs: [0.17093657028064974, 0.08215155581410759, 0.29224869146268284, 0.14045376392470132, 0.07831819479824492, 0.03763946790709947, 0.1338999016414545, 0.06435185417105967]
Timestep: 485, Trans probs: [0.14748499846639238, 0.0717701464844467, 0.30303915513923313, 0.1474669612572274, 0.07272032987659033, 0.035387658283289526, 0.14941931421092902, 0.07271143628189142]
Timestep: 486, Trans probs: [0.14260697292628485, 0.06843366660385326, 0.32090445555070557, 0.1539943529563573, 0.06529326277870524, 0.031332671080434346, 0.14692759065827946, 0.07050702744537984]
Timestep: 487, Trans probs: [0.14787913228753102, 0.06820992295208265, 0.11251264637995194, 0.051896970329724776, 0.24076646148011055, 0.11105462638955889, 0.18318522242876406, 0.0844950177522761]
Timestep: 488, Trans probs: [0.2878814886646974, 0.1269598732105525, 0.16318418321747552, 0.07196656967196954, 0.1550184821586625, 0.06836537816809463, 0.08787145193672966, 0.03875257297181824]
Timestep: 489, Trans probs: [0.15745892242077755, 0.07405513145797711, 0.2998146294863986, 0.14100700969048527, 0.0767379587609377, 0.03609093429886312, 0.1461153316670809, 0.06872008221747977]
Timestep: 490, Trans probs: [0.15524770121166898, 0.07229453137452059, 0.30890225653292674, 0.14384717907115388, 0.07295985809103853, 0.03397537424822566, 0.1451710049472216, 0.06760209452324423]
Timestep: 491, Trans probs: [0.2840442445222131, 0.13925081114498475, 0.1654395316020748, 0.08110563553148724, 0.1400035132170238, 0.06863579584726825, 0.0815440414511126, 0.039976426683835484]
Timestep: 492, Trans probs: [0.1457153642215128, 0.07248620575448579, 0.3050747896945191, 0.15175965893813836, 0.07014773079059132, 0.03489503577376634, 0.14686374585699274, 0.0730574689699936]
Timestep: 493, Trans probs: [0.28878778976822805, 0.13903750888563235, 0.16870324694324867, 0.08122254481303408, 0.13730933328245895, 0.0661078768657847, 0.08021298400100166, 0.03861871544061155]
Timestep: 494, Trans probs: [0.31553203710437444, 0.1467644043248807, 0.1514220468255058, 0.07043141073072182, 0.14567103779525348, 0.06775642589451392, 0.06990671029343504, 0.03251592703131495]
Timestep: 495, Trans probs: [0.171896268819614, 0.08527380267343022, 0.2877648052329557, 0.14275353029066548, 0.07806616629738262, 0.03872683744694874, 0.130687508775563, 0.06483108046344019]
Timestep: 496, Trans probs: [0.31118107085565727, 0.14964710253091784, 0.15719195525219995, 0.07559367470514558, 0.13745629673340962, 0.06610278856044645, 0.06943553470600966, 0.03339157665621365]
Timestep: 497, Trans probs: [0.15265504301299554, 0.07007128361308936, 0.07615813394563559, 0.034957890010184435, 0.30461181587087516, 0.1398220492458225, 0.15196790762125334, 0.06975587668014398]
Timestep: 498, Trans probs: [0.2814467553940204, 0.13718025806526643, 0.13455908345787923, 0.06558558391598986, 0.17340074993308421, 0.08451744128735691, 0.08290252253659645, 0.04040760540980637]
Timestep: 499, Trans probs: [0.15970489709206834, 0.07761229272721372, 0.29693081439689756, 0.1443004047234474, 0.07565767245789262, 0.036767597793050055, 0.14066628329715447, 0.06836003751227573]
