129.0,0.5,1
23.0,0.4444444444444444,0
128.0,0.2705882352941177,1
91.0,0.5212765957446809,0
126.0,0.2899748377363004,1
128.0,0.5505225006837523,1
134.0,0.5024519665778409,1
117.0,0.5714695821923288,1
127.0,0.5963502965250552,1
70.0,0.625607427024551,0
65.0,0.45857111858297284,0
72.0,0.4081407214004616,0
101.0,0.3536844625853141,0
153.0,0.41818365242994276,1
59.0,0.46751986014199887,0
113.0,0.33324700034366334,1
66.0,0.4811939529891763,0
81.0,0.3394256852385205,0
50.0,0.31953308247480305,0
46.0,0.29387325599179764,0
25.0,0.2718431566393076,0
23.0,0.25256470780250634,0
106.0,0.23560088054346723,1
26.0,0.3598602936915967,0
53.0,0.25457733953158845,0
37.0,0.23863746019757578,0
56.0,0.22531446460129773,0
146.0,0.213314144176186,1
155.0,0.3277114725643898,1
155.0,0.3468108975192663,1
131.0,0.361192521603019,1
87.0,0.37452415088726326,0
147.0,0.2640151624430127,1
86.0,0.37326486152875316,0
127.0,0.27117642776111367,1
41.0,0.38652639065466127,0
33.0,0.2781363667499899,0
71.0,0.26525292742199164,0
53.0,0.2543700361851281,0
47.0,0.24429462494055212,0
43.0,0.23491975014781058,0
117.0,0.22618317965686086,1
31.0,0.3357073063998495,0
34.0,0.24022290643168756,0
44.0,0.22874348069989997,0
46.0,0.22094131000885922,0
24.0,0.21375048217687767,0
40.0,0.20697408878105406,0
105.0,0.20058880971691034,1
94.0,0.3016687054827846,0
127.0,0.21445685091635625,1
54.0,0.3134032174912397,0
71.0,0.22093558555943435,0
118.0,0.21303922545077228,1
117.0,0.3158512645183297,1
80.0,0.3260421826824761,0
153.0,0.22810155499035178,1
101.0,0.3313109716622659,0
150.0,0.32730886987289876,1
27.0,0.3380565167499226,0
120.0,0.2378446823813942,1
55.0,0.348086215627187,0
61.0,0.24188420397293664,0
91.0,0.24111155500326667,0
21.0,0.23520585140359782,0
154.0,0.22976969838561187,1
88.0,0.3340698493799644,0
140.0,0.23129762902589365,1
31.0,0.34151217907872256,0
58.0,0.234955083781971,0
104.0,0.23678138479416316,0
40.0,0.32507731857146754,0
89.0,0.22216090977044875,0
33.0,0.22219960385946746,0
107.0,0.21757426593059917,1
107.0,0.3177152783450342,1
78.0,0.31919501694031194,0
82.0,0.22376953276513065,0
40.0,0.22268149901168974,0
155.0,0.2183825732191718,1
45.0,0.3181614667140697,0
86.0,0.21979364883912017,0
74.0,0.21967137431838013,0
112.0,0.2156035799125191,1
60.0,0.31429821949378806,0
83.0,0.2163093533366554,0
40.0,0.21696099557206,0
144.0,0.21307850557304114,1
51.0,0.31073613514945864,0
35.0,0.2131178667333952,0
97.0,0.21448764728818948,0
23.0,0.21077438443168584,0
96.0,0.20741165893350896,0
102.0,0.20413681829619804,0
47.0,0.28692503106364164,0
99.0,0.19566188744259175,0
55.0,0.19487819297057077,0
106.0,0.191898634187378,1
88.0,0.2831634015478909,0
48.0,0.1938332271614489,0
59.0,0.19370148668637704,0
77.0,0.19082722948463976,0
154.0,0.18810100352276868,1
60.0,0.27797023578494456,0
139.0,0.18971588164229844,1
142.0,0.2836991790969019,1
38.0,0.28417154964952956,0
110.0,0.19701512803666302,1
129.0,0.29260505551413396,1
144.0,0.2930220214565705,1
85.0,0.29803706920878575,0
29.0,0.207724262912908,0
103.0,0.2065235492648229,0
77.0,0.29044852870127785,0
104.0,0.20030292701200322,0
152.0,0.2836004418586618,1
103.0,0.28911829614695084,0
116.0,0.2868085532242852,1
84.0,0.292733440912965,0
148.0,0.20368016598667724,1
125.0,0.30019424515002,1
57.0,0.30051261612279945,0
122.0,0.20993113711926129,1
38.0,0.3079472538383602,0
24.0,0.21234189078739557,0
53.0,0.21352025211046954,0
107.0,0.21075788089685743,1
131.0,0.3055146360400592,1
22.0,0.30519826354978746,0
67.0,0.2137396750959497,0
140.0,0.2141860874229594,1
80.0,0.3095267821011523,0
103.0,0.21370561194464233,0
105.0,0.3047849200866468,1
117.0,0.3054048526546248,1
43.0,0.3096398511069551,0
34.0,0.21719217090972043,0
127.0,0.21813902542845698,1
139.0,0.31413779563389743,1
120.0,0.313358585906216,1
57.0,0.31740696888567027,0
48.0,0.2234188377738206,0
152.0,0.22322844200836653,1
95.0,0.3203837987218301,0
35.0,0.2232150304994695,0
21.0,0.22384575874388093,0
92.0,0.22130471638560623,0
132.0,0.21890628196129683,1
84.0,0.31490985427352874,0
41.0,0.21888733198978383,0
153.0,0.21964998830864996,1
102.0,0.3156324890955645,0
44.0,0.30951362669137744,0
150.0,0.21695496096141367,1
83.0,0.31647823067287795,0
38.0,0.21877673276042267,0
94.0,0.22095312304929637,0
96.0,0.21851219683175746,0
101.0,0.21631443832146782,0
39.0,0.30362144260239815,0
104.0,0.2091878762815828,0
37.0,0.29839985112370065,0
38.0,0.2055568757300002,0
139.0,0.20587954298443234,1
35.0,0.2980744685505961,0
87.0,0.20585444362170185,0
26.0,0.20677223644930287,0
96.0,0.2047040232801551,0
102.0,0.20275305607511512,0
73.0,0.2867672331914541,0
109.0,0.19724559724293228,1
114.0,0.28930483555209663,1
112.0,0.2898181336796563,1
139.0,0.29309177377178997,1
69.0,0.2962755409731772,0
151.0,0.2070095078663997,1
138.0,0.2996129423806569,1
51.0,0.30197497712146915,0
148.0,0.21150546845816195,1
100.0,0.3053060685342635,0
95.0,0.30275404524143434,0
35.0,0.21170712560483673,0
98.0,0.21058890153989318,0
29.0,0.20866277696151925,0
78.0,0.2067745658534714,0
137.0,0.2049165220307381,1
139.0,0.2964980844671269,1
124.0,0.2990102928207175,1
94.0,0.3019526930892539,0
70.0,0.21156160126300047,0
100.0,0.2090439395861026,0
112.0,0.29485931836815876,1
142.0,0.30011594808447145,1
41.0,0.30300679793531,0
98.0,0.21242276153579176,0
38.0,0.20961894807439074,0
30.0,0.20778805947368137,0
143.0,0.2059920923257686,1
149.0,0.29767674271848565,1
27.0,0.30192572023291364,0
103.0,0.2116365301620602,0
32.0,0.296372012947323,0
137.0,0.2084210934878408,1
98.0,0.2984022406186079,0
75.0,0.2102928976754113,0
81.0,0.20745716120199698,0
71.0,0.20570582189634068,0
128.0,0.20398813090932952,1
123.0,0.2950036465670852,1
125.0,0.29928285052572323,1
39.0,0.3019561803774516,0
121.0,0.2116882183858578,1
66.0,0.30189148998515447,0
101.0,0.21343474534954993,0
96.0,0.2987452391198869,0
116.0,0.21036343417130482,1
23.0,0.300641883379332,0
27.0,0.21214366846348745,0
74.0,0.20933109421426896,0
69.0,0.20763826023460824,0
37.0,0.20598057210441684,0
75.0,0.20434609145155855,0
150.0,0.20272973794914773,1
142.0,0.2932013640419887,1
27.0,0.29779104849989085,0
83.0,0.20852256896099688,0
58.0,0.20499341482401442,0
68.0,0.20334684130986513,0
106.0,0.2017612726195254,1
114.0,0.29190267423191674,1
71.0,0.29693489385795313,0
117.0,0.20789990117204393,1
79.0,0.29671983722459694,0
113.0,0.20960554641504406,1
111.0,0.2997152799010995,1
153.0,0.3037470107807873,1
135.0,0.30615559635637274,1
73.0,0.3085032202273172,0
66.0,0.21698583209840275,0
97.0,0.21268726006829597,0
87.0,0.21098333229319463,0
122.0,0.20937515413450206,1
127.0,0.3014062303426972,1
134.0,0.307232254805458,1
21.0,0.309659855029063,0
128.0,0.21794215597479066,1
86.0,0.3076101553200895,0
25.0,0.21943930595399178,0
62.0,0.21503670904538466,0
44.0,0.21334114606458718,0
66.0,0.21175186792585762,0
100.0,0.2101868303486609,0
72.0,0.29668178606548445,0
155.0,0.2109152779050619,1
73.0,0.2985807848152566,0
135.0,0.21259366516920677,1
81.0,0.3014004678034977,0
71.0,0.2142640112226414,0
78.0,0.2102416670514179,0
135.0,0.20865812355982016,1
155.0,0.3002550686602867,1
136.0,0.30566350909090617,1
50.0,0.30791806142231515,0
129.0,0.21662640047586168,1
39.0,0.3060831183552984,0
135.0,0.21807186052279884,1
22.0,0.3087434243671158,0
152.0,0.21962984448377013,1
150.0,0.31136359536622693,1
132.0,0.3156278032956209,1
27.0,0.31775712017685864,0
66.0,0.22449331422113028,0
77.0,0.22049594652347593,0
134.0,0.2188998347167067,1
110.0,0.31294542798778086,1
153.0,0.31805561107049446,1
117.0,0.3201865399484641,1
74.0,0.3221874077952188,0
111.0,0.22806891550691766,1
149.0,0.3198299246489367,1
133.0,0.3256965239172827,1
64.0,0.32784343095243085,0
97.0,0.23265043162571808,0
25.0,0.22721019676327245,0
38.0,0.2254942705941243,0
127.0,0.22395558062766183,1
118.0,0.3191126598131796,1
91.0,0.3260285305409766,0
96.0,0.23143891738959277,0
117.0,0.22573333967563708,1
150.0,0.32103976792402017,1
38.0,0.32791549425934546,0
39.0,0.23297411618598327,0
133.0,0.22727229222806955,1
132.0,0.3229162002289644,1
103.0,0.32975741602555125,0
78.0,0.3288912085009202,0
96.0,0.23316127910787454,0
111.0,0.22728805154891465,1
74.0,0.32287082200931694,0
116.0,0.23290257008538523,1
69.0,0.325451030985771,0
86.0,0.2342832085810517,0
26.0,0.22959655063261988,0
65.0,0.22799942713728363,0
81.0,0.22653320737252497,0
57.0,0.22508433691309426,0
94.0,0.22364791600364173,0
116.0,0.22222373537413548,1
68.0,0.3167709383705052,0
26.0,0.22780047877805454,0
43.0,0.22289485553155367,0
32.0,0.2213516935856887,0
133.0,0.21995780254616842,1
22.0,0.3139373754424661,0
97.0,0.22542318438120895,0
125.0,0.22065349879091029,1
76.0,0.3145871172125158,0
94.0,0.2255546360119231,0
120.0,0.22114933922943905,1
98.0,0.31519986361930696,0
98.0,0.22566995394445277,0
49.0,0.2216270674437461,0
70.0,0.22019951755930878,0
141.0,0.21886500191261699,1
145.0,0.31247936091877715,1
53.0,0.3178658052150044,0
151.0,0.22487993408772175,1
154.0,0.31606695625705505,1
87.0,0.3211649180156141,0
60.0,0.22751926653626725,0
152.0,0.2232002078159199,1
62.0,0.3177007201899811,0
30.0,0.2274953489327893,0
152.0,0.223649306395387,1
147.0,0.3182538827886078,1
56.0,0.3229976637651887,0
94.0,0.22898666342298965,0
103.0,0.22502942022302572,0
75.0,0.3154777246177099,0
151.0,0.2253645355753009,1
69.0,0.31676533683631086,0
28.0,0.22661224884529124,0
144.0,0.2228615266272192,1
152.0,0.3172006629778415,1
118.0,0.3218330293973469,1
128.0,0.3235492905970068,1
132.0,0.32514654368715473,1
21.0,0.32673005692770335,0
72.0,0.23192854436889895,0
145.0,0.2269501075918968,1
31.0,0.3221218938756595,0
42.0,0.23178191933783432,0
154.0,0.22733107908121422,1
54.0,0.32260995157264677,0
25.0,0.2318287763203316,0
89.0,0.22770948363879606,0
98.0,0.22634285428727988,0
88.0,0.22507801352072737,0
43.0,0.22382733527980864,0
157.0,0.22258856655988746,1
103.0,0.3168315345091201,0
118.0,0.3201315560734994,1
32.0,0.32263069293360325,0
59.0,0.22868488731155423,0
93.0,0.22477490589221522,0
122.0,0.22347032403308364,1
75.0,0.3178844194612961,0
51.0,0.22755822605552706,0
47.0,0.22395876305039686,0
91.0,0.22268293475498788,0
30.0,0.2214831897821457,0
137.0,0.22029268104635646,1
85.0,0.3139303594532414,0
31.0,0.22444909731303234,0
31.0,0.22083006612100498,0
140.0,0.21958009685785843,1
142.0,0.31301961512045084,1
77.0,0.3176616377832179,0
127.0,0.22478857830866394,1
93.0,0.3161632603743172,0
131.0,0.2258683052021694,1
67.0,0.31813856268689306,0
84.0,0.2270297719696111,0
120.0,0.22411459261635575,1
125.0,0.318565383899854,1
48.0,0.32209213582119894,0
31.0,0.2283073021458531,0
38.0,0.2253289770288495,0
46.0,0.22411737028055456,0
139.0,0.22294995983909346,1
68.0,0.31714396185266785,0
33.0,0.22625673538497734,0
93.0,0.22339868133447474,0
150.0,0.22221155273524204,1
80.0,0.316197974295892,0
73.0,0.22532272931887357,0
33.0,0.2226517337250322,0
35.0,0.22148807367639065,0
67.0,0.22035902903634969,0
148.0,0.2192377769319703,1
117.0,0.31247368203645143,1
123.0,0.3161639356343352,1
96.0,0.317627715856337,0
61.0,0.22470204876795574,0
97.0,0.22129661857613356,0
120.0,0.22012252645808655,1
47.0,0.3135471282113597,0
48.0,0.22374806361644267,0
59.0,0.22060581614938196,0
143.0,0.21945352958746794,1
66.0,0.3127031364532357,0
82.0,0.22289605000901686,0
62.0,0.21993310952602405,0
106.0,0.21879824307646623,1
107.0,0.31186140673244495,1
153.0,0.31564228016038287,1
55.0,0.31706967879464093,0
27.0,0.22427411423725585,0
59.0,0.2208073318129916,0
84.0,0.21965414760905902,0
117.0,0.21856839896064106,1
31.0,0.3115621136500403,0
29.0,0.2223835456142683,0
117.0,0.2190761412660191,1
131.0,0.3121156985448856,1
104.0,0.3162036835053234,0
42.0,0.3155199377140792,0
140.0,0.22271642775958497,1
28.0,0.3136443888962974,0
103.0,0.22372098235985904,0
117.0,0.3117896902585547,1
144.0,0.31647987740528577,1
60.0,0.3178826987741621,0
125.0,0.22494611865633576,1
140.0,0.31688414439147267,1
39.0,0.3204319357309265,0
143.0,0.22704721045507845,1
136.0,0.3195956514580116,1
43.0,0.32301465846326427,0
133.0,0.22912364466394783,1
109.0,0.3222790228044015,1
63.0,0.3255633611919983,0
27.0,0.2311784279425755,0
67.0,0.228338960301061,0
49.0,0.2272180054751013,0
94.0,0.22613891318886642,0
29.0,0.2250661293464336,0
99.0,0.22400078908184323,0
26.0,0.22294468784000185,0
64.0,0.2218973683350246,0
65.0,0.22085666364193768,0
152.0,0.21982091185635466,1
138.0,0.3129926394220004,1
144.0,0.317461452184694,1
61.0,0.318841208083326,0
99.0,0.22574253226500646,0
22.0,0.22173088122865978,0
147.0,0.22059972214887438,1
53.0,0.31395005140431886,0
77.0,0.22481685718888605,0
94.0,0.2210994517452632,0
60.0,0.2199905559453222,0
123.0,0.2189714988620228,1
69.0,0.3119115325583775,0
134.0,0.22312596259580986,1
66.0,0.3137865249731104,0
121.0,0.22417623375969062,1
147.0,0.3155209066225682,1
81.0,0.31936969883519345,0
117.0,0.22624852963704692,1
28.0,0.31809858991396517,0
112.0,0.22718393375586554,1
48.0,0.31978785493038175,0
52.0,0.22817874382696104,0
29.0,0.22568107889895814,0
81.0,0.2246378736628958,0
31.0,0.22362675961869258,0
89.0,0.2226244436826669,0
121.0,0.2216297966414968,1
109.0,0.3151525482811955,1
37.0,0.31867395012112076,0
40.0,0.22568815659597885,0
42.0,0.22272386263165514,0
117.0,0.22168932337790445,1
153.0,0.3152145770396389,1
31.0,0.31887581437352225,0
97.0,0.22586296076404203,0
122.0,0.22278065349292037,1
88.0,0.31650138910714887,0
131.0,0.2259102786132119,1
84.0,0.3182265458839419,0
151.0,0.22689714270167752,1
36.0,0.3198731653756868,0
33.0,0.22786419218141044,0
68.0,0.22578745861675428,0
91.0,0.22478010226967146,0
81.0,0.22379166699901532,0
22.0,0.22281018639523717,0
24.0,0.22183569071277057,0
75.0,0.22086859043275325,0
156.0,0.21990733754572842,1
148.0,0.31295324297335547,1
87.0,0.3161910615407067,0
82.0,0.22370722682068372,0
80.0,0.22097541607028054,0
106.0,0.21998350682617385,1
31.0,0.3130357035413794,0
59.0,0.22293880365138297,0
108.0,0.22039986585066165,1
70.0,0.3134970671362022,0
89.0,0.22306182045756617,0
68.0,0.22076433343827187,0
78.0,0.21980284339991663,0
75.0,0.21886953160735434,0
89.0,0.21794124890674765,0
147.0,0.21701817620042552,1
54.0,0.30930738386349954,0
87.0,0.21988306367627594,0
71.0,0.21745202619212076,0
53.0,0.21650375133027888,0
101.0,0.21558841132308396,0
103.0,0.30429286568627434,0
98.0,0.3057031662744832,0
30.0,0.215055713045426,0
143.0,0.21203306615780754,1
57.0,0.3029937214903253,0
109.0,0.21520179345004228,1
101.0,0.3047362394412949,0
137.0,0.3062241887736258,1
96.0,0.3081076101254542,0
143.0,0.21724173475609238,1
23.0,0.3080386558670396,0
74.0,0.21819960992877546,0
108.0,0.21642412057930197,1
86.0,0.3085123730748155,0
77.0,0.2183589677986566,0
46.0,0.21681362929893602,0
48.0,0.21590870568063497,0
110.0,0.2150128187887657,1
37.0,0.30675888456789513,0
108.0,0.216935547708653,1
30.0,0.3083816632996285,0
62.0,0.21789506359039898,0
77.0,0.21670788371048133,0
51.0,0.21581525175470626,0
132.0,0.21492915621106878,1
79.0,0.30663619893438665,0
105.0,0.21648569888337002,1
83.0,0.3082352950871284,0
117.0,0.2174307982896239,1
140.0,0.3098218764288915,1
51.0,0.31060008210529694,0
22.0,0.21923139073778058,0
120.0,0.2184665328316822,1
64.0,0.31103237431874775,0
96.0,0.21936623591448082,0
150.0,0.2188262292340983,1
111.0,0.31147209829969846,1
136.0,0.3120027389535648,1
50.0,0.3130775697057248,0
36.0,0.22121408773266113,0
82.0,0.2203917741800564,0
91.0,0.21950422256442848,0
90.0,0.2186214433747731,0
135.0,0.21774350915218085,1
112.0,0.3101028791619899,1
130.0,0.31136092514494673,1
66.0,0.31242095991995095,0
146.0,0.22069384902844327,1
153.0,0.31313004967804725,1
131.0,0.31459464780438623,1
149.0,0.31564743108895627,1
88.0,0.3166932834686339,0
122.0,0.2241193400052511,1
107.0,0.3168687272457956,1
82.0,0.31882257099217676,0
145.0,0.22584144392796676,1
33.0,0.3190946354350105,0
32.0,0.2267068402063671,0
26.0,0.22530561413144096,0
151.0,0.22441278943834256,1
72.0,0.3183499066964409,0
132.0,0.22599977904971336,1
145.0,0.3198273232822467,1
140.0,0.3211260109195226,1
141.0,0.3221562422236146,1
88.0,0.32318478131257883,0
121.0,0.22934965023461054,1
51.0,0.32346669611381873,0
57.0,0.230186628502374,0
63.0,0.2288288759146701,0
155.0,0.22793310243915224,1
78.0,0.32268039849809077,0
22.0,0.2294463927207984,0
140.0,0.2282083102845808,1
107.0,0.32300553846940433,1
117.0,0.3243687841282023,1
53.0,0.32538384112495694,0
31.0,0.23113265408451208,0
88.0,0.2296378002471006,0
30.0,0.22875011815565272,0
36.0,0.22787146362459682,0
25.0,0.226998527526739,0
110.0,0.226131127954898,1
112.0,0.3204150508575811,1
51.0,0.32258934282008184,0
57.0,0.2288966254515865,0
34.0,0.22699625975901672,0
25.0,0.2261195917223032,0
150.0,0.22525870716634813,1
112.0,0.31932548264316324,1
105.0,0.32175852794854654,1
63.0,0.32277731445396823,0
76.0,0.22903695495480667,0
138.0,0.22669968821456146,1
102.0,0.3210672610409637,0
76.0,0.3222242635995586,0
71.0,0.22834075393273465,0
104.0,0.22612477939531056,0
122.0,0.3174958849761545,1
124.0,0.3210064082186079,1
40.0,0.32203468769065696,0
143.0,0.22844343691674424,1
129.0,0.3214155369627813,1
115.0,0.32397821523133746,1
58.0,0.32498697365656004,0
89.0,0.23082795006333698,0
137.0,0.2283639611363626,1
116.0,0.3230891146749827,1
83.0,0.32596291769153035,0
24.0,0.23165496529653817,0
115.0,0.22918202465013976,1
69.0,0.3240872991188332,0
61.0,0.23166116758888342,0
142.0,0.22943399810724743,1
107.0,0.32439333080800165,1
57.0,0.3270068699298147,0
74.0,0.23249685164412534,0
55.0,0.23023206181726216,0
111.0,0.22936586181380092,1
52.0,0.3243330245606173,0
141.0,0.23176207117202252,1
37.0,0.3256983494977109,0
131.0,0.23254356474796853,1
58.0,0.32701700581570003,0
72.0,0.23331082618856286,0
103.0,0.23178256397659236,0
134.0,0.32453321737373353,1
79.0,0.3271366238294721,0
73.0,0.23259556875596096,0
139.0,0.23117304626098464,1
102.0,0.32652494833168744,0
129.0,0.3265995645593068,1
98.0,0.32809593965686956,0
54.0,0.23336360672282871,0
130.0,0.2324455973148555,1
103.0,0.32807999185880365,0
68.0,0.3275299853299518,0
88.0,0.2326417961197368,0
46.0,0.23182974229743852,0
122.0,0.23100778842525216,1
24.0,0.32630762089863774,0
72.0,0.23194026778335378,0
126.0,0.23122948750141198,1
60.0,0.3265707747734364,0
87.0,0.23195667100377682,0
44.0,0.23144586508574436,0
135.0,0.23063178126128542,1
37.0,0.32583126694832215,0
94.0,0.2312644234394271,0
77.0,0.23085359493806518,0
39.0,0.23004383091310457,0
137.0,0.22923983080375732,1
42.0,0.32409871333293444,0
45.0,0.22987230238791373,0
88.0,0.2294674533978379,0
137.0,0.22867130714082243,1
131.0,0.32338439484877896,1
95.0,0.32385623804384234,0
26.0,0.22994754004842902,0
122.0,0.22942658069209218,1
23.0,0.32430806627432907,0
102.0,0.22997417227216088,0
108.0,0.3229401066329493,1
146.0,0.3239206228761027,1
151.0,0.32482957368255266,1
65.0,0.32573688350858176,0
95.0,0.23147169851545205,0
67.0,0.23091071178425188,0
65.0,0.23012429577459978,0
22.0,0.22934044093595266,0
92.0,0.2285587780819865,0
69.0,0.22777940439565864,0
101.0,0.22700318305047973,0
98.0,0.3187085718823853,0
50.0,0.22598113398497305,0
24.0,0.22469866854169762,0
88.0,0.22393250903617656,0
128.0,0.22317412705584286,1
133.0,0.31654188664937766,1
35.0,0.31821298584733804,0
129.0,0.22542097195909655,1
74.0,0.31844477333001553,0
68.0,0.2261577984513371,0
130.0,0.2249670811368672,1
135.0,0.318754030451279,1
138.0,0.3201022850059731,1
86.0,0.3209890772953393,0
129.0,0.22764953101813853,1
49.0,0.32124953806710965,0
49.0,0.22836575185450234,0
139.0,0.22722642643267668,1
133.0,0.321539166926514,1
67.0,0.3228153374873064,0
53.0,0.229125880853362,0
29.0,0.22796594307040705,0
127.0,0.22720729167695633,1
55.0,0.32150865705543613,0
46.0,0.22850047995119407,0
122.0,0.22744428308875056,1
141.0,0.32179187839454126,1
146.0,0.3229627590335158,1
155.0,0.32383535890828336,1
108.0,0.32470549755579076,1
105.0,0.3255752801073754,1
54.0,0.326442409354853,0
27.0,0.23205917401362022,0
78.0,0.23017114836171695,0
52.0,0.2294004927235294,0
116.0,0.22864710664761426,1
137.0,0.32326322213117226,1
155.0,0.32565854808075456,1
27.0,0.32654416185046764,0
119.0,0.23214612145951982,1
118.0,0.32569771617547166,1
40.0,0.3282103806558343,0
133.0,0.23352418464124594,1
92.0,0.32748752188391095,0
56.0,0.23418468269457857,0
26.0,0.23228570345944277,0
133.0,0.23151676142830857,1
44.0,0.32678095847913885,0
81.0,0.23353446505267836,0
94.0,0.2317363294285911,0
75.0,0.23097506281886618,0
151.0,0.23022914774057093,1
111.0,0.32518724934505316,1
137.0,0.3274857753933672,1
114.0,0.3283549751036436,1
143.0,0.3291965443483013,1
58.0,0.3300349814701068,0
75.0,0.2349833926292021,0
67.0,0.23239941832266794,0
48.0,0.23161349728284536,0
50.0,0.23086677237706762,0
50.0,0.23012441284381854,0
103.0,0.2293840104262487,0
75.0,0.32170027362505926,0
117.0,0.23032069880245962,1
128.0,0.3223955418098458,1
78.0,0.3259551212459274,0
38.0,0.23175415005545474,0
89.0,0.22868211121359164,0
34.0,0.22788712301814534,0
104.0,0.22715418545977245,0
146.0,0.3189488253710532,1
76.0,0.32357641809343973,0
125.0,0.2298653138382593,1
26.0,0.32177590637992554,0
150.0,0.23050483179191034,1
88.0,0.3229646191509507,0
133.0,0.2312134401905425,1
103.0,0.3241450489797364,0
153.0,0.3257347474572505,1
136.0,0.3271059116572622,1
146.0,0.3279327216816671,1
82.0,0.3287464750201175,0
146.0,0.23395038182238898,1
86.0,0.327633499912799,0
48.0,0.23458867845837278,0
102.0,0.2324395208164858,0
151.0,0.3254514658423055,1
139.0,0.3287419882470508,1
39.0,0.32959944806706143,0
91.0,0.23464572732633424,0
70.0,0.23237897327169502,0
117.0,0.23162267819515855,1
94.0,0.326856524441484,0
130.0,0.23398680246568715,1
22.0,0.3280285429861519,0
35.0,0.2346538861803537,0
75.0,0.23276972595844428,0
134.0,0.2320280146223186,1
47.0,0.32735112668536936,0
60.0,0.2340331105694648,0
95.0,0.23224220060292522,0
53.0,0.23150640164109829,0
46.0,0.2307861974935715,0
55.0,0.2300698933016215,0
22.0,0.22935695809633033,0
146.0,0.22864738025579592,1
143.0,0.32317209030546745,1
72.0,0.32574534239106884,0
97.0,0.23156212855748234,0
40.0,0.22934646661259958,0
102.0,0.22861403293620056,0
127.0,0.3207883286782212,1
40.0,0.32423925504954454,0
24.0,0.23036200427707193,0
119.0,0.22816660227221025,1
122.0,0.3225401398556547,1
97.0,0.32509849953565956,0
84.0,0.2310426988911306,0
42.0,0.22883913632586272,0
79.0,0.22811406704140708,0
66.0,0.22741685499955427,0
136.0,0.22672260443345066,1
40.0,0.32077484891428315,0
119.0,0.22920842677182648,1
133.0,0.32194888050730497,1
110.0,0.3244651431024102,1
91.0,0.32527605372835894,0
35.0,0.23116055594866186,0
69.0,0.2287897861280549,0
34.0,0.22806403924462842,0
80.0,0.22737257178421053,0
93.0,0.22668498252348304,0
47.0,0.22600003758016887,0
57.0,0.22531648017011174,0
26.0,0.22463522699808258,0
106.0,0.22395715212195985,1
54.0,0.3173340222279427,0
54.0,0.22691391711101552,0
87.0,0.2242601262431075,0
131.0,0.2235387630939006,1
101.0,0.3168114070610204,0
39.0,0.3189160056716021,0
152.0,0.2258608247442226,1
70.0,0.3171850734447081,0
135.0,0.22648850161183315,1
54.0,0.3183278386873496,0
120.0,0.22717402416599908,1
64.0,0.3194620288817713,0
81.0,0.22785087309254431,0
135.0,0.22591475264214717,1
86.0,0.3197295595524057,0
133.0,0.2279221183151024,1
121.0,0.3208780665519611,1
44.0,0.32283463692920766,0
92.0,0.2292129273579657,0
63.0,0.22748506112463204,0
132.0,0.22679324033386394,1
95.0,0.3208331322246432,0
119.0,0.2286576441441773,1
53.0,0.3219658243047016,0
119.0,0.22931895842042185,1
34.0,0.32306963199913286,0
155.0,0.22997015977393742,1
116.0,0.3241671941307599,1
122.0,0.3253322803985384,1
26.0,0.32608376761571506,0
52.0,0.23182791037028214,0
76.0,0.23056561249495017,0
49.0,0.22988017971928568,0
32.0,0.2292012410501556,0
105.0,0.22852461122725903,1
69.0,0.3229582307744071,0
107.0,0.23007091780155559,1
138.0,0.3240618302853416,1
63.0,0.32544642426088105,0
35.0,0.2313198792557128,0
90.0,0.23005345453922346,0
106.0,0.22937342750525497,1
70.0,0.3239974131774805,0
125.0,0.230760887363,1
104.0,0.32508333669087874,0
118.0,0.32509665277858696,1
29.0,0.32631429458812294,0
52.0,0.23202099195229303,0
145.0,0.23132021579869538,1
107.0,0.3263841670700997,1
106.0,0.32708687410557064,1
63.0,0.32782171044221237,0
133.0,0.23324301830161714,1
73.0,0.32848227278486014,0
130.0,0.23385409853786643,1
93.0,0.32952494624251755,0
84.0,0.23445824126877102,0
89.0,0.23405324534285307,0
91.0,0.23337928550534992,0
100.0,0.2327084750741977,0
130.0,0.3258920699621204,1
79.0,0.3271640701858578,0
102.0,0.2327127327015673,0
29.0,0.3261163964027771,0
49.0,0.23154268716036636,0
121.0,0.23089394646229902,1
84.0,0.3258408157222366,0
42.0,0.23157569283297685,0
148.0,0.23108291620890492,1
84.0,0.3260714212041683,0
83.0,0.23160753869906409,0
54.0,0.23127072264355625,0
50.0,0.23061217139440568,0
126.0,0.22995720744815548,1
147.0,0.32467943986624487,1
109.0,0.32513389834856027,1
106.0,0.3258552296216584,1
79.0,0.3265766016638489,0
56.0,0.2322411372007931,0
71.0,0.23139525564484925,0
58.0,0.23073885556677606,0
36.0,0.23008426940600518,0
50.0,0.2294312011539597,0
27.0,0.22877991834431652,0
106.0,0.22813011139113426,1
144.0,0.3224236595413525,1
131.0,0.3237889376889748,1
48.0,0.32450832455110884,0
34.0,0.2305707714746881,0
153.0,0.22916385268463035,1
137.0,0.3236839765289428,1
130.0,0.3252629356858326,1
140.0,0.3259828188143662,1
137.0,0.3266921886285904,1
154.0,0.3273997554546781,1
130.0,0.32810719717051895,1
117.0,0.32881367401243905,1
39.0,0.329519596417572,0
153.0,0.23463203359474977,1
158.0,0.3282630660926779,1
98.0,0.3309239758501984,0
24.0,0.23581085766984683,0
74.0,0.2334725854209282,0
101.0,0.23278165940138934,0
86.0,0.32599575313166823,0
130.0,0.23344662140433484,1
76.0,0.3265670621249521,0
26.0,0.23405688494918223,0
142.0,0.23170197689468258,1
110.0,0.3267628840491269,1
54.0,0.3295417852311785,0
151.0,0.2346956147492029,1
90.0,0.3283329969855474,0
116.0,0.2352682332669385,1
86.0,0.3293617197400678,0
21.0,0.23587790520502772,0
32.0,0.23396137842414647,0
29.0,0.2332865623234631,0
48.0,0.23263228519168386,0
41.0,0.2319804759808816,0
126.0,0.23133158862855877,1
142.0,0.3263385891105687,1
37.0,0.32891868227920384,0
144.0,0.2341863437104555,1
104.0,0.3278889692051385,0
119.0,0.32924032280235244,1
133.0,0.33042082387754446,1
106.0,0.331116523441344,1
80.0,0.3318046820938208,0
61.0,0.23649854640672555,0
26.0,0.23439889617953116,0
23.0,0.23372570500313894,0
126.0,0.23307817805751826,1
46.0,0.3284706639057777,0
84.0,0.23534396756109013,0
39.0,0.23328425992052576,0
46.0,0.23261819488778246,0
128.0,0.2319760711953928,1
104.0,0.32711542018592854,0
70.0,0.3286025632175332,0
40.0,0.23371025785126398,0
143.0,0.23155355398245317,1
53.0,0.32656073444385547,0
133.0,0.23371336676989346,1
57.0,0.3276013508179501,0
121.0,0.2343136450458539,1
62.0,0.3286029268229482,0
58.0,0.23490566870097082,0
149.0,0.2333696019199509,1
50.0,0.3288077992660708,0
119.0,0.23493380069681055,1
148.0,0.32981244450302427,1
82.0,0.33125935198624895,0
115.0,0.23606996465202298,1
61.0,0.331277066468011,0
117.0,0.23663989279559672,1
31.0,0.33225732495468874,0
123.0,0.23721223095752852,1
52.0,0.3332308029344018,0
88.0,0.23777820329965738,0
43.0,0.23712380164874544,0
131.0,0.23648343047841658,1
22.0,0.33262044543385244,0
80.0,0.23721549123889948,0
132.0,0.2366321121057536,1
103.0,0.3327997783760243,0
28.0,0.33225573808598624,0
35.0,0.23665915334894677,0
