1363.0,0.5,1
3210.0,0.5263157894736842,1
2667.0,0.5429497568881686,1
630.0,0.659692797861083,1
2500.0,0.7191295179324673,1
1472.0,0.7585633311053873,1
1316.0,0.7880863932925577,1
2898.0,0.8099867770870279,1
2706.0,0.8275174156434598,1
1460.0,0.842700075225981,1
2750.0,0.8546698365605248,1
756.0,0.8650258027930955,1
750.0,0.8738339337189226,1
3406.0,0.8815109061494971,1
1890.0,0.8567918915616581,1
3213.0,0.8823014760376305,1
2030.0,0.8651752662101329,1
3456.0,0.8912284885434958,1
3197.0,0.8758494027190924,1
1420.0,0.8706227675368101,1
2730.0,0.8995776256494309,1
4230.0,0.9132900051055569,0
930.0,0.8459545854444435,1
2000.0,0.8784740696076896,1
2980.0,0.8888238077692486,1
1562.0,0.8939469468471494,1
2275.0,0.8979699120655197,1
2450.0,0.9013677435945177,1
2898.0,0.9045121792225066,1
1175.0,0.9077398298030832,1
3277.0,0.9107740296243559,1
1539.0,0.8876607108345389,1
1440.0,0.9098799488768874,1
2618.0,0.9171053665649693,1
2871.0,0.9206606145331745,1
2835.0,0.9231065341009289,1
4140.0,0.9252197316171547,0
1120.0,0.8700233470307789,1
858.0,0.8969869021883684,1
1440.0,0.9031913921126729,1
1092.0,0.9063566409831608,1
3675.0,0.9086455066608669,0
1904.0,0.8529002023771838,1
3024.0,0.885139475271894,1
1407.0,0.8586248078534692,1
1008.0,0.8901477023327912,1
3192.0,0.8949504185357976,1
1860.0,0.8681122860013966,1
1720.0,0.897274733955297,1
2436.0,0.9022471365498503,1
3250.0,0.9046799305694493,1
2002.0,0.8793023233224551,1
1701.0,0.9059881395322361,1
3013.0,0.9103566434172324,1
2250.0,0.8866430643492457,1
3654.0,0.9115760822921875,0
4470.0,0.8649309819724686,0
2247.0,0.838960892373803,1
3045.0,0.8758027574149534,1
2408.0,0.8508627408575568,1
1161.0,0.8812326247340649,1
2310.0,0.8882817387260247,1
2990.0,0.8912007168247889,1
2160.0,0.8934172012539536,1
1160.0,0.8954631163372054,1
682.0,0.897383337472284,1
1326.0,0.8994234804168468,1
1610.0,0.9011448718765879,1
2829.0,0.9028306223441657,1
1073.0,0.9046187213450113,1
3350.0,0.9062765612715101,1
1357.0,0.8808414999289871,1
3213.0,0.9043051122387286,1
2996.0,0.8834793783427797,1
1325.0,0.9071114592760813,1
1764.0,0.9127984926071038,1
1320.0,0.9149934166659233,1
693.0,0.9167544568346258,1
1128.0,0.9181480640777102,1
2436.0,0.9194301916056226,1
3289.0,0.9208872791983755,1
2394.0,0.8989672776808294,1
2450.0,0.9189024800949128,1
696.0,0.9239734985020907,1
4004.0,0.9259452560741583,0
2862.0,0.8847736216621516,1
1656.0,0.9070516030648251,1
1456.0,0.9115437640083128,1
3300.0,0.9135002610269972,1
936.0,0.8898283828963779,1
1176.0,0.9122314799693215,1
1380.0,0.9170063202051145,1
2782.0,0.9188093405195478,1
1150.0,0.920204622220407,1
1104.0,0.9214210752727374,1
1512.0,0.9226779035000955,1
2910.0,0.9238531946590383,1
1776.0,0.9250430060096972,1
3096.0,0.92604284311948,1
550.0,0.9049863803320917,1
1960.0,0.9241601901132932,1
4228.0,0.9281749960227644,0
1452.0,0.8906799305868085,1
2700.0,0.912612157047082,1
2250.0,0.9165266762173628,1
2054.0,0.917877509362219,1
3800.0,0.91898489256118,0
2760.0,0.878585197720255,1
2262.0,0.9037221398564255,1
1456.0,0.907339767046511,1
2484.0,0.9088933747205712,1
2760.0,0.9101946833874835,1
3536.0,0.9114832567460943,1
1560.0,0.8868470925821076,1
2457.0,0.9110384140689686,1
832.0,0.9146271671755871,1
630.0,0.9160685504386784,1
4495.0,0.917210703234447,0
2231.0,0.8781330521227065,1
1562.0,0.9039095724847462,1
1204.0,0.9069837430952027,1
2808.0,0.9082110420909454,1
1380.0,0.9093102150267702,1
3475.0,0.9103949889745027,1
3102.0,0.8853313253449707,1
775.0,0.8839247710222538,1
3672.0,0.9111372367409241,0
1140.0,0.8733852752727064,1
3930.0,0.9008805348169365,0
2775.0,0.8599209279282849,1
1600.0,0.8907662929149276,1
3270.0,0.8933004187194152,1
2340.0,0.8643767496066614,1
925.0,0.8948126932242084,1
1743.0,0.8972941134327423,1
1128.0,0.8985075068611336,1
1364.0,0.8996445712912545,1
3836.0,0.9008513412246448,0
4185.0,0.8586023716652545,0
528.0,0.8462697803974615,1
2376.0,0.8810221811805071,1
3892.0,0.8851650425446911,0
2360.0,0.8399876511728371,1
4023.0,0.8737378129681327,0
3614.0,0.8286284254431208,0
1560.0,0.815441867059547,1
2072.0,0.8561095245815825,1
1680.0,0.8610619416282524,1
1050.0,0.8629924555638087,1
2575.0,0.8645515462563819,1
3712.0,0.8660660162361771,0
2024.0,0.8173587481125337,1
1420.0,0.8548965354266853,1
1470.0,0.8588948211711671,1
1200.0,0.8607364325445752,1
2540.0,0.8624048089459013,1
2960.0,0.8639544387084942,1
1988.0,0.8654930154755907,1
2247.0,0.8669508566224784,1
836.0,0.8684624332449015,1
1711.0,0.8698555686893326,1
870.0,0.8713835079011428,1
1508.0,0.8727362434230681,1
3042.0,0.8741730176702709,1
1053.0,0.840687775699362,1
1400.0,0.873844153039981,1
3500.0,0.8778897890305356,1
2349.0,0.8454849953644751,1
2121.0,0.8777640074251306,1
2380.0,0.8819714653499228,1
2814.0,0.8835918028928229,1
1898.0,0.8848881153812526,1
1060.0,0.8862501180133858,1
2241.0,0.8874103084880622,1
2400.0,0.8887090610472187,1
675.0,0.8899746918069918,1
3325.0,0.8912670148716142,1
819.0,0.8614404846415331,1
2667.0,0.8902357755968667,1
1702.0,0.8943422315890465,1
1118.0,0.895872698979857,1
870.0,0.8971033010757758,1
2310.0,0.8981352655297599,1
702.0,0.8992681513301245,1
1100.0,0.900304832709833,1
4560.0,0.9014545657464749,0
3718.0,0.8604430612378,0
2782.0,0.8481335524970866,1
1720.0,0.8818109741565826,1
3388.0,0.8872699166713991,1
1161.0,0.85720771448937,1
2780.0,0.8858946977539881,1
3799.0,0.890744273300273,0
1403.0,0.8480270756324113,1
640.0,0.8780190909137188,1
1323.0,0.8824560725950412,1
840.0,0.8841043545933998,1
2436.0,0.8854124525637367,1
828.0,0.8865858449230074,1
840.0,0.8879051290865583,1
667.0,0.8891542961331791,1
870.0,0.8904269746342525,1
800.0,0.8916351912147029,1
1680.0,0.8928444162530518,1
3051.0,0.8940052995223585,1
1340.0,0.8647911938180167,1
2856.0,0.8923801042380018,1
2376.0,0.8967652663097804,1
500.0,0.8983061604674949,1
2940.0,0.8995310474139985,1
1830.0,0.9006102837271539,1
2938.0,0.9016517875999279,1
1460.0,0.9026937078120671,1
1440.0,0.903681008042372,1
1239.0,0.904755288605559,1
720.0,0.9056871584694429,1
2332.0,0.9066856937870766,1
2244.0,0.9075775832133678,1
3074.0,0.9085444587627829,1
616.0,0.882813636238763,1
2961.0,0.9066593784314907,1
720.0,0.9107947122824045,1
3584.0,0.9121506622979358,1
4350.0,0.8873712614935948,0
1566.0,0.8706040254020688,1
3224.0,0.8988958007601378,1
2842.0,0.8748390959813112,1
3388.0,0.9010715626822707,1
2581.0,0.8773548805240997,1
2850.0,0.9029556895896835,1
2756.0,0.9070013599428552,1
2360.0,0.9084185915963945,1
2520.0,0.9094701627898302,1
2079.0,0.9105037767463361,1
3213.0,0.9113961206604883,1
2583.0,0.886523275434426,1
2976.0,0.9099646778419685,1
2210.0,0.9137639748836909,1
2990.0,0.9150057171441915,1
3250.0,0.915944811551764,1
1575.0,0.8921511747228166,1
1025.0,0.9144298647970044,1
837.0,0.9182377729455807,1
1254.0,0.9195458405959136,1
2756.0,0.9203877856015886,1
2750.0,0.9211192098196788,1
1092.0,0.9219481767293713,1
1161.0,0.9227079707724082,1
2592.0,0.9235271316798804,1
4350.0,0.9243088676232268,0
2625.0,0.8893518750292697,1
2675.0,0.9111521675065883,1
3422.0,0.9144802617247625,1
696.0,0.8905336718697436,1
3422.0,0.9134111742861561,1
912.0,0.8923320796417324,1
1890.0,0.9150366220230173,1
1595.0,0.9186501505432696,1
2889.0,0.9198275734573704,1
1920.0,0.9206917604760131,1
2268.0,0.9215037293654669,1
1224.0,0.9222571723586604,1
840.0,0.9229781290274026,1
1470.0,0.9238046028262428,1
3496.0,0.9245108786416052,1
1540.0,0.902871877531669,1
2352.0,0.9231012999539192,1
3388.0,0.9263649361342337,1
1820.0,0.9056051055025006,1
676.0,0.9254125849873802,1
1100.0,0.9287514101537121,1
975.0,0.9297933508523624,1
650.0,0.9304414905609657,1
2323.0,0.9311413625931604,1
700.0,0.9318251695148836,1
525.0,0.9324806362901219,1
3861.0,0.9330948954214143,0
1000.0,0.9007001757474967,1
1407.0,0.9203798714200407,1
2090.0,0.9234495260865354,1
2484.0,0.9243754940887845,1
2580.0,0.925085206052372,1
2668.0,0.9258441748662208,1
828.0,0.9265907431730158,1
1610.0,0.9272527646896025,1
1357.0,0.9279455471403264,1
1357.0,0.9287005376641682,1
1500.0,0.9294634310753921,1
1550.0,0.9300866347918445,1
4140.0,0.9307136225240022,0
2834.0,0.8979694311624298,1
2760.0,0.9184738530196096,1
3129.0,0.9213912686468335,1
2116.0,0.8991921767862345,1
3660.0,0.9206783855587509,0
2835.0,0.8888332991281278,1
2037.0,0.9118664435953789,1
1080.0,0.9147997263185464,1
2574.0,0.9157015206307565,1
1035.0,0.9164147774287058,1
2716.0,0.9171440982658972,1
874.0,0.9178659707174014,1
2190.0,0.9186478502172407,1
1050.0,0.9194180573948594,1
840.0,0.920230152763592,1
644.0,0.920945744883307,1
640.0,0.9216586700106647,1
2507.0,0.9224738457383799,1
4321.0,0.9232061314570268,0
1776.0,0.888675755765566,1
2910.0,0.9117248378753022,1
3024.0,0.914501613263294,1
3300.0,0.8903251345093641,1
1890.0,0.8884717926220059,1
1400.0,0.9144772712883287,1
2354.0,0.9174645488986486,1
3750.0,0.918496431155496,0
552.0,0.8831045957977673,1
4050.0,0.9075911792708318,0
1404.0,0.871782666270415,1
1188.0,0.8991372131409306,1
1820.0,0.9015486526948443,1
2340.0,0.9025931333630017,1
4104.0,0.9035478810663371,0
2373.0,0.8645256693229487,1
1840.0,0.8935962316139738,1
1408.0,0.8959003829568302,1
1204.0,0.8969967159663096,1
2832.0,0.8980155150684551,1
2730.0,0.8990572923845563,1
621.0,0.9000414070978058,1
2156.0,0.9009909105751881,1
952.0,0.901821037269232,1
2520.0,0.9027698135014325,1
4230.0,0.9036673180536562,0
3696.0,0.8647581471390519,0
3278.0,0.8576993988382625,1
1584.0,0.8581352055941438,1
3024.0,0.8905817725049604,1
690.0,0.8631225332752409,1
1029.0,0.8927657224390351,1
1633.0,0.8958756306632926,1
3942.0,0.8969756071176828,0
2112.0,0.8568667620430797,1
806.0,0.8869133563836662,1
2507.0,0.8896309231466765,1
1040.0,0.8907503273071468,1
2856.0,0.891845502241423,1
2236.0,0.8928455298221202,1
3096.0,0.8938013756471717,1
2225.0,0.8645719955409092,1
1725.0,0.8938133430713756,1
1656.0,0.8966261529925732,1
2208.0,0.8977130403208666,1
2604.0,0.8986166216350383,1
910.0,0.899580307079057,1
1728.0,0.9006070386298315,1
2163.0,0.9015913487221571,1
1595.0,0.9024625232376762,1
2478.0,0.9033170572282285,1
3920.0,0.9043078481460677,0
2106.0,0.8653769839747787,1
2856.0,0.8937481806617283,1
2415.0,0.8963613947719535,1
1817.0,0.897476100350188,1
3192.0,0.8985099364959878,1
1520.0,0.8703380647381824,1
870.0,0.8986099324581484,1
2712.0,0.9013173543773795,1
1568.0,0.9022787864129503,1
2324.0,0.9032296856187917,1
2583.0,0.9041705987226909,1
1500.0,0.9051268812335944,1
1110.0,0.9060776544345281,1
1311.0,0.9068797080949301,1
2156.0,0.907764055798032,1
3432.0,0.9086037394058719,1
1144.0,0.8829048772238505,1
1081.0,0.9084592436361283,1
3250.0,0.9111190290652417,1
1775.0,0.8862076481132647,1
1320.0,0.9110106131553222,1
729.0,0.9136027054423069,1
2142.0,0.9145078267567502,1
1679.0,0.9153063065510824,1
3510.0,0.9161211073406629,1
4056.0,0.892119051356267,0
2190.0,0.8784859549852444,1
3807.0,0.9056307479497561,0
3024.0,0.8691859844283705,1
3197.0,0.8674221771542,1
3480.0,0.8683766185276693,1
880.0,0.8694730752779494,1
2800.0,0.899792766406725,1
2146.0,0.9024176163064836,1
2380.0,0.9033785835090058,1
1540.0,0.9042447620469484,1
1534.0,0.9052519340569072,1
1134.0,0.9060919919211625,1
3052.0,0.9070595217258226,1
3300.0,0.8809249709461898,1
3942.0,0.880039614978787,0
3990.0,0.8688934931398264,0
1880.0,0.8640967377471601,1
3726.0,0.8948487238009338,0
2970.0,0.856306945091074,1
899.0,0.8865422574157583,1
1392.0,0.8892933567142852,1
1992.0,0.890478014906811,1
1680.0,0.8915576114594764,1
2880.0,0.8926325276527235,1
2650.0,0.8936900539201904,1
2190.0,0.89480577055869,1
2565.0,0.8958975340624254,1
812.0,0.8969717259111181,1
2295.0,0.8979339592034488,1
3224.0,0.8988561528384259,1
1924.0,0.8708061926915299,1
460.0,0.8988720214896045,1
2320.0,0.9016823779188679,1
3480.0,0.902822839983494,1
2121.0,0.8756087200648524,1
2646.0,0.9025908699880079,1
2877.0,0.9054707414998008,1
4292.0,0.9064567559349985,0
2226.0,0.8682633764433559,1
2996.0,0.8959123537411198,1
1554.0,0.89843608196476,1
3978.0,0.8994218816458646,0
3151.0,0.8594771336995659,1
2508.0,0.8576029541351555,1
1564.0,0.8901113574136931,1
2420.0,0.8927558972221805,1
1872.0,0.8938471108894448,1
4031.0,0.8949346196390826,0
2871.0,0.8540405399213775,1
1500.0,0.8851637327737861,1
920.0,0.8874674626798535,1
2250.0,0.888620642035175,1
1660.0,0.8895980620286141,1
2184.0,0.8906783221264892,1
2323.0,0.8917037826712979,1
420.0,0.8927439920991024,1
667.0,0.8938395744787371,1
2156.0,0.8949322856692931,1
1625.0,0.8959528694629952,1
2720.0,0.8970050962199535,1
1320.0,0.8980642579820347,1
2184.0,0.8990437210784245,1
1792.0,0.899983291701713,1
3596.0,0.9009167568281378,1
2184.0,0.8732570212844482,1
1575.0,0.9010647852369993,1
840.0,0.9034951578098244,1
500.0,0.9044601468281794,1
1760.0,0.905335906986279,1
1460.0,0.9061954346937396,1
1161.0,0.9071511034778734,1
2320.0,0.9079712644020813,1
2860.0,0.9089480816395235,1
2820.0,0.9098255669523444,1
1403.0,0.9106340548740849,1
1392.0,0.9115537188721665,1
3780.0,0.9124936158020167,0
3190.0,0.875437723521243,1
2794.0,0.8733709620306506,1
2204.0,0.902588411993388,1
2975.0,0.9049806505504202,1
624.0,0.9059831689583292,1
3625.0,0.9069927184032521,0
920.0,0.8687413234399509,1
840.0,0.8968970247165324,1
3870.0,0.8990737955679144,0
962.0,0.8589433146764487,1
1728.0,0.8894369916590582,1
3915.0,0.8913951342134784,0
3808.0,0.8493221239323198,0
2548.0,0.8440996120109875,1
3300.0,0.8787599996782829,1
3150.0,0.8476677848843654,1
1995.0,0.8473663811353096,1
2400.0,0.8819820656223868,1
828.0,0.884682824832872,1
1606.0,0.8858461963028553,1
4230.0,0.8870315708466142,0
3100.0,0.8437196708175584,1
1508.0,0.8424513841208017,1
696.0,0.8780802524283198,1
754.0,0.880438404944879,1
3930.0,0.881679441977948,0
1180.0,0.8368195262963823,1
3509.0,0.8718393928147886,1
3930.0,0.8387220604027247,0
2478.0,0.8269412646294627,1
2450.0,0.8647734626612016,1
1020.0,0.8666351570879949,1
2760.0,0.8680144982777593,1
1066.0,0.8693159750512965,1
1500.0,0.8706598828396133,1
792.0,0.8720456209173809,1
