Timestep: 0, Trans probs: [0.16666666666666666, 0.16666666666666666, 0.08333333333333333, 0.08333333333333333, 0.16666666666666666, 0.16666666666666666, 0.08333333333333333, 0.08333333333333333]
Timestep: 1, Trans probs: [0.1111111111111111, 0.05555555555555555, 0.1111111111111111, 0.05555555555555555, 0.2222222222222222, 0.1111111111111111, 0.2222222222222222, 0.1111111111111111]
Timestep: 2, Trans probs: [0.12647814298359739, 0.04239606084238238, 0.25295628596719477, 0.08479212168476476, 0.12317147809160572, 0.04128765141574786, 0.24634295618321145, 0.08257530283149572]
Timestep: 3, Trans probs: [0.1214078045905893, 0.030620145482863893, 0.36370287718970573, 0.09172915241849457, 0.07845359970177988, 0.019786706831770466, 0.23502442889605246, 0.05927528488874387]
Timestep: 4, Trans probs: [0.1154978437887769, 0.023338412209421316, 0.44524377125314907, 0.08996949489539321, 0.055851352366625244, 0.01128576812541846, 0.2153067619407898, 0.04350659542042617]
Timestep: 5, Trans probs: [0.11020142263549357, 0.018552203084540992, 0.5072794027554088, 0.08539953727867641, 0.04255217883285579, 0.00716357960285157, 0.19587627226619925, 0.03297540354397347]
Timestep: 6, Trans probs: [0.2910788197926946, 0.04197483414336362, 0.2915676824604183, 0.04204533027019003, 0.1455394098963473, 0.02098741707168181, 0.14578384123020915, 0.021022665135095014]
Timestep: 7, Trans probs: [0.33473867837436455, 0.04219277273732709, 0.2228554860906017, 0.028090243181791277, 0.19838896001121653, 0.02500631341438964, 0.1320793531629553, 0.016648193027353847]
Timestep: 8, Trans probs: [0.4023095411264138, 0.04503521669760701, 0.2005790589969827, 0.022453162213453014, 0.1978147974298712, 0.02214372605557523, 0.09862432248827735, 0.011040174991819585]
Timestep: 9, Trans probs: [0.20867414027153833, 0.021007705332811856, 0.43126783114361117, 0.04341672381827734, 0.0875838017651426, 0.008817262632616087, 0.1810098567144636, 0.018222678321538986]
Timestep: 10, Trans probs: [0.18926623910278878, 0.017311408517002032, 0.481559314016076, 0.04404626017623825, 0.06922949456667084, 0.006332138618860273, 0.17614397618531447, 0.016111168817049343]
Timestep: 11, Trans probs: [0.3979199614365461, 0.033348036584732996, 0.2991422857755058, 0.0250698855470034, 0.12879136413296582, 0.010793474917414267, 0.09682083531520584, 0.008114156290625715]
Timestep: 12, Trans probs: [0.27603595181733553, 0.02135045268171177, 0.44333946112329303, 0.034290816556070115, 0.08013180323208605, 0.00619792553087082, 0.12869914310024205, 0.00995444595839057]
Timestep: 13, Trans probs: [0.3486246590657175, 0.0250338521617626, 0.35079469149610715, 0.025189676684314134, 0.11642966032043545, 0.008360518477141303, 0.11715438283269748, 0.008412558961824428]
Timestep: 14, Trans probs: [0.30923235578841, 0.0207195586680598, 0.3622288856026476, 0.024270495975024592, 0.12238436051895188, 0.008200144293957627, 0.14335870647477095, 0.009605492678177594]
Timestep: 15, Trans probs: [0.3055344598782506, 0.019197117666188, 0.3871014448629691, 0.024322074795579532, 0.10950642082627113, 0.006880427322805797, 0.13874079454249935, 0.008717260105436535]
Timestep: 16, Trans probs: [0.35525402334663203, 0.021022172964939884, 0.356042649845619, 0.021068839973831896, 0.11628809220216028, 0.006881353137136447, 0.1165462395136625, 0.006896629016018017]
Timestep: 17, Trans probs: [0.3989754231350575, 0.022306364603690034, 0.32904774284551286, 0.018396769571063596, 0.12003299774821789, 0.006710939213263998, 0.09899503750300329, 0.005534725380190783]
Timestep: 18, Trans probs: [0.4371704235488218, 0.023162362725260614, 0.3058125072758773, 0.016202697707554833, 0.12162237509584747, 0.0064438521357635305, 0.08507813306989342, 0.004507648440981027]
Timestep: 19, Trans probs: [0.39520060093654097, 0.019891881997201686, 0.36105709901469096, 0.018173315503144844, 0.10233082136597701, 0.005150682004189557, 0.09348991224869872, 0.004705686929556248]
Timestep: 20, Trans probs: [0.3602690720012191, 0.01728940232080246, 0.4080644504430308, 0.01958311441317073, 0.08715562984143282, 0.004182620341183131, 0.09871819969642065, 0.004737510942740488]
Timestep: 21, Trans probs: [0.28747512053308655, 0.14373756026654327, 0.24562360993897603, 0.12281180496948801, 0.07202691802116688, 0.03601345901058344, 0.06154101817343709, 0.030770509086718544]
Timestep: 22, Trans probs: [0.21861288761676406, 0.22078530739217467, 0.16168790145476705, 0.16329464110490488, 0.06738710802956971, 0.06805675329928408, 0.04984006295871866, 0.05033533814381679]
Timestep: 23, Trans probs: [0.36709822996409947, 0.03528681685576765, 0.3404839305933362, 0.032728553614529636, 0.1062119796205842, 0.01020948173225081, 0.0985117043491396, 0.009469303270292455]
Timestep: 24, Trans probs: [0.2513776816578124, 0.16756039535499248, 0.22015238506661147, 0.1467466023110231, 0.06850756306884331, 0.04566497024285734, 0.0599977822424095, 0.03999262005545052]
Timestep: 25, Trans probs: [0.41154717597279683, 0.05933937055492221, 0.3164070793124857, 0.045621493771992976, 0.08255740477297202, 0.011903627870356003, 0.06347206066495129, 0.009151787079523063]
Timestep: 26, Trans probs: [0.36992478240135207, 0.05089622898072587, 0.29016759903644995, 0.039922809354587946, 0.12270959851287479, 0.016883042502592243, 0.09625294457989649, 0.013242994631520592]
Timestep: 27, Trans probs: [0.3468724934063541, 0.04563332993101982, 0.32605958697849463, 0.04289525688141271, 0.10866317422450657, 0.014295346488975774, 0.10214320933746826, 0.013437602751768179]
Timestep: 28, Trans probs: [0.3266938974216426, 0.04117286254935708, 0.35820583044836835, 0.045144275843004886, 0.096914443776771, 0.012214017782886335, 0.10626252614292071, 0.013392146035048945]
Timestep: 29, Trans probs: [0.3084441369063733, 0.037305728347589565, 0.38756002491499897, 0.04687464366441406, 0.08690353217757672, 0.010510815982366294, 0.10919427885305064, 0.013206839153630478]
Timestep: 30, Trans probs: [0.2914246488572356, 0.03388106789788665, 0.4149360860559199, 0.048240523785724757, 0.07817735619350204, 0.009088909684392842, 0.1113104410499691, 0.012940966475369148]
Timestep: 31, Trans probs: [0.4071707828123493, 0.0455710675886155, 0.3633807346726102, 0.040670030167164604, 0.06805598218251874, 0.007616911366841595, 0.060736756781851454, 0.006797734428048717]
Timestep: 32, Trans probs: [0.31044815707397533, 0.033495577038491674, 0.37510150742846043, 0.040471303027675806, 0.09829627291116248, 0.010605604532894336, 0.11876727016546772, 0.012814307821871963]
Timestep: 33, Trans probs: [0.34501475648165386, 0.03593228778370603, 0.35052244637608043, 0.03650589773688051, 0.10423760460012126, 0.01085604466478779, 0.10590161574947002, 0.011029346607300138]
Timestep: 34, Trans probs: [0.34518615046175, 0.034743526301399735, 0.3597807899710075, 0.036212499610355026, 0.09968552550883376, 0.010033504162180462, 0.1039002783520349, 0.01045772563243868]
Timestep: 35, Trans probs: [0.3332981851709455, 0.03245759839489877, 0.38048008454184223, 0.037052316306439896, 0.09221338490366436, 0.008980021935319762, 0.1052671692947884, 0.010251239452101]
Timestep: 36, Trans probs: [0.3776982924526862, 0.035625098723633085, 0.34445170217072196, 0.03248922788522434, 0.10024090118791522, 0.009454879919566422, 0.09141727598789672, 0.008622621672356123]
Timestep: 37, Trans probs: [0.35750145392857324, 0.03269191539618126, 0.37253086316838313, 0.03406628791949026, 0.09117538743675405, 0.008337583021108323, 0.09500841299602625, 0.008688096133483422]
Timestep: 38, Trans probs: [0.3537398015414585, 0.03139127414334191, 0.4496413501970893, 0.039901687140413485, 0.050684882206371316, 0.004497834355449879, 0.06442593898267401, 0.005717231433201644]
Timestep: 39, Trans probs: [0.33493052898768766, 0.0288692081148189, 0.3760635828914149, 0.03241465587419117, 0.09876114610015162, 0.00851267899955493, 0.11089007193563659, 0.009558127096544295]
Timestep: 40, Trans probs: [0.3746297039389172, 0.03138861838976129, 0.34414643069121015, 0.028834555481286998, 0.1062817678051579, 0.00890489412972244, 0.09763371845084873, 0.008180311113095196]
Timestep: 41, Trans probs: [0.36690196371944717, 0.029908090483580056, 0.45473073651232965, 0.03706747130869853, 0.04599309859262804, 0.003749137072976718, 0.05700289904553977, 0.004646603264800186]
Timestep: 42, Trans probs: [0.3329038416021402, 0.02641846245114682, 0.36765291361517205, 0.029176066718404323, 0.10735705390381699, 0.008519602188350055, 0.11856316669379535, 0.009408892827174142]
Timestep: 43, Trans probs: [0.3895405858438009, 0.030118876180684193, 0.318729309876002, 0.024643821383889302, 0.12097572666006363, 0.009353718366085208, 0.09898457637369584, 0.007653385315778816]
Timestep: 44, Trans probs: [0.37029481643602047, 0.027913737307343173, 0.34531199887277586, 0.026030470851253908, 0.11088811379720817, 0.008359019736850276, 0.10340678434304172, 0.007795058655506397]
Timestep: 45, Trans probs: [0.2712523979979544, 0.13495764298505922, 0.32958293661132637, 0.16397914496407223, 0.030215486144394087, 0.015033270938035697, 0.03671307139811293, 0.01826604896104505]
Timestep: 46, Trans probs: [0.355446456418661, 0.03574665795665899, 0.38762892852319397, 0.03898319556097666, 0.07918814813366457, 0.007963820132226076, 0.08635792102716495, 0.008684872247453825]
Timestep: 47, Trans probs: [0.3711414225894698, 0.03640878492414461, 0.31065560621388577, 0.030475157079494466, 0.12458564549591336, 0.012221788502745077, 0.10428162115952223, 0.010229974034824686]
Timestep: 48, Trans probs: [0.34608196112436973, 0.03313714449872419, 0.41410825982065, 0.03965062264213408, 0.0693935569258017, 0.006644392315797043, 0.08303364037798575, 0.007950422294537393]
Timestep: 49, Trans probs: [0.37908265702422345, 0.035447490047064295, 0.2873460025405943, 0.026869323553545106, 0.14110260790457926, 0.013194307881493976, 0.10695627873802432, 0.010001332310475192]
Timestep: 50, Trans probs: [0.2922964707616069, 0.026707553691641638, 0.3817923429187821, 0.03488492170634983, 0.10501752254081789, 0.009595603787189088, 0.1371719811529498, 0.012533603440662771]
Timestep: 51, Trans probs: [0.4027301202095192, 0.035976128884329356, 0.27878951260635987, 0.024904438316925015, 0.13974026193777117, 0.012483083388915024, 0.0967350529849827, 0.008641401671197643]
Timestep: 52, Trans probs: [0.28454240104022716, 0.02486245821662381, 0.40408056566452544, 0.03530734309985549, 0.0954591336863462, 0.008340931664298275, 0.13556215381893488, 0.011845012809188699]
Timestep: 53, Trans probs: [0.4250385278885887, 0.03634356272307207, 0.270390037956094, 0.023120109494466773, 0.13800677375558468, 0.0118004780957401, 0.08779358657046689, 0.007506923515986714]
Timestep: 54, Trans probs: [0.4083115103450355, 0.03418200879485167, 0.2936752673635947, 0.024585176556423925, 0.12840802076686858, 0.010749743722565043, 0.09235659263799312, 0.007731679812667317]
Timestep: 55, Trans probs: [0.23845322029492952, 0.094536448500319, 0.3672499038404092, 0.1455987953453284, 0.043460238968117036, 0.0172301159864366, 0.06693459019836762, 0.026536686866092583]
Timestep: 56, Trans probs: [0.28373658722757406, 0.02970505552257776, 0.38854367430448455, 0.04067755776911466, 0.09831642342670226, 0.010292979291842403, 0.1346327055525183, 0.014095016905185932]
Timestep: 57, Trans probs: [0.3481855035988782, 0.03570362451635723, 0.42895573952149557, 0.04398596294133929, 0.05817884648405597, 0.00596577303819784, 0.07167486831050307, 0.007349681589172854]
Timestep: 58, Trans probs: [0.3963464244333954, 0.03982424862586797, 0.26286542502239385, 0.02641229337744523, 0.15000039926859038, 0.015071797867210626, 0.09948347273129707, 0.009995938673799505]
Timestep: 59, Trans probs: [0.3820615067125571, 0.037631775032550545, 0.28398966126348596, 0.027972027687882463, 0.1401265764885528, 0.013801997086469096, 0.10415731051632833, 0.010259145212173644]
Timestep: 60, Trans probs: [0.3687757589364241, 0.03562056869868156, 0.30381335550627764, 0.02934575887688434, 0.13122158082598825, 0.012674876862954342, 0.10810599075319006, 0.010442109539599394]
Timestep: 61, Trans probs: [0.23976695418283586, 0.07891333702298035, 0.31946341730238625, 0.10514344815371107, 0.08280952522200691, 0.027254698191536798, 0.11033469563298258, 0.036313924291560315]
Timestep: 62, Trans probs: [0.30415267922461536, 0.03526418795799885, 0.36682236048869343, 0.042530260461447866, 0.10205067714223703, 0.011831999208947473, 0.12307789092707533, 0.01426994458898459]
Timestep: 63, Trans probs: [0.3843000128331107, 0.04371086885411914, 0.2927598398132547, 0.03329895013401246, 0.12533461018536235, 0.01425574948152201, 0.09547993540363992, 0.010860033294978564]
Timestep: 64, Trans probs: [0.3713383878580554, 0.04144975574091322, 0.31161900649373453, 0.034783723217780296, 0.11778549509751673, 0.013147523017417794, 0.09884299647385508, 0.011033112100727195]
Timestep: 65, Trans probs: [0.35864767277755405, 0.03930102202122474, 0.3300108510737416, 0.03616296635873208, 0.11071118923306245, 0.012131858691142963, 0.10187126964810908, 0.011163170196433033]
Timestep: 66, Trans probs: [0.3468753276669589, 0.03732830583120029, 0.3472500118130658, 0.03736862672830776, 0.10430219447579538, 0.011224275420349194, 0.10441485852410659, 0.011236399540216201]
Timestep: 67, Trans probs: [0.34048407141227016, 0.035994076040620826, 0.4430814980873187, 0.04684010346855951, 0.0525031978035984, 0.005550345090388194, 0.06832388793020892, 0.0072228201670351926]
Timestep: 68, Trans probs: [0.35444772419216675, 0.03682058941908277, 0.32810152761115924, 0.034083704905930184, 0.11598303562509764, 0.012048500929336617, 0.10736198476744241, 0.011152932549784387]
Timestep: 69, Trans probs: [0.3434340080025111, 0.035068560583631024, 0.34454943790211806, 0.03518245880017245, 0.1095050546815739, 0.011181725032561492, 0.10986071314667567, 0.011218041850756187]
Timestep: 70, Trans probs: [0.28877708597046764, 0.028993463067279693, 0.40448878898473395, 0.040611015673719046, 0.08976310053869119, 0.009012291025539371, 0.1257307785013221, 0.012623476238246988]
Timestep: 71, Trans probs: [0.30774063983131533, 0.03038839105759361, 0.3906675481248496, 0.03857715455598122, 0.09329033942795523, 0.00921211874384316, 0.11842929873685668, 0.011694509521605148]
Timestep: 72, Trans probs: [0.3647767204388788, 0.035436531790593195, 0.3385683165914187, 0.03289049503966287, 0.10793278599829664, 0.010485218458223405, 0.10017805307449201, 0.00973187860843437]
Timestep: 73, Trans probs: [0.2995221850591541, 0.028633345476242154, 0.4086402603657726, 0.039064678124740154, 0.08652942733347559, 0.008271931463812866, 0.1180527168892994, 0.011285455287503111]
Timestep: 74, Trans probs: [0.35669620635424204, 0.03356365428399139, 0.442844829152558, 0.04166988737852867, 0.05106164997084007, 0.004804692442087347, 0.06339396734465849, 0.0059651130730940935]
Timestep: 75, Trans probs: [0.35241616021575145, 0.03264855534121886, 0.40092828075111697, 0.037142817610716146, 0.0757223732517217, 0.00701507584715682, 0.08614599541525286, 0.007980741567064952]
Timestep: 76, Trans probs: [0.3749858980973068, 0.03421069327742081, 0.323037699515967, 0.02947135801975308, 0.11731174815711033, 0.010702579095386418, 0.10106011304199913, 0.009219910795056477]
Timestep: 77, Trans probs: [0.31621081072388335, 0.0284160103453643, 0.3865546017986468, 0.034737394140993166, 0.09664079143255526, 0.008684540932819751, 0.11813935951208739, 0.010616491113650057]
Timestep: 78, Trans probs: [0.392559219921044, 0.03475643418041041, 0.31483357403520595, 0.027874755803567377, 0.11724206953011149, 0.010380386107395502, 0.09402846221488119, 0.00832509820738395]
Timestep: 79, Trans probs: [0.2816152734887271, 0.07908990143346954, 0.36867223587468706, 0.10353930891377247, 0.056492086856442025, 0.015865451919197308, 0.0739557329848631, 0.02077000852884122]
Timestep: 80, Trans probs: [0.39202250242570025, 0.040505750499646914, 0.29353476958587404, 0.03032949911356232, 0.1262566862468804, 0.013045480298666312, 0.09453724486945267, 0.009768066960217009]
Timestep: 81, Trans probs: [0.2877446302718595, 0.029298106829127018, 0.4025367280087694, 0.04098621770528152, 0.09058512713560994, 0.009223361455752258, 0.12672292320095074, 0.012902905392649506]
Timestep: 82, Trans probs: [0.3057603941401276, 0.0306854780067297, 0.3891482794182323, 0.03905411295346615, 0.09411025008691848, 0.009444709205622308, 0.11977627776133723, 0.012020498427566317]
Timestep: 83, Trans probs: [0.32250470745615456, 0.03190778775453684, 0.3769102014178576, 0.03729052764600576, 0.09708826501780495, 0.00960566367567056, 0.11346673917355517, 0.011226107858414448]
Timestep: 84, Trans probs: [0.2987427988099669, 0.0730583256936938, 0.32192954967606774, 0.07872870571055805, 0.08799960679380443, 0.02152053190794523, 0.0948296457677002, 0.02319083564026352]
Timestep: 85, Trans probs: [0.4098803673335104, 0.04635650522866698, 0.2874540417557395, 0.03251037583561265, 0.11817900661114998, 0.013365767610505777, 0.08288036170664369, 0.009373573918171235]
Timestep: 86, Trans probs: [0.39703564108014594, 0.04427684242496447, 0.3045403715950457, 0.03396190329026924, 0.11210532708984132, 0.012501824493771416, 0.08598874870992444, 0.00958934131603728]
Timestep: 87, Trans probs: [0.32742155038375065, 0.03601078524658104, 0.37828052232459763, 0.04160440458616689, 0.09057198306856826, 0.009961373122253259, 0.10464069033634678, 0.01150869093173526]
Timestep: 88, Trans probs: [0.41280494570104315, 0.04478481453034731, 0.29692477299156417, 0.03221308520252807, 0.11190644872948462, 0.012140623806211157, 0.08049272963255188, 0.008732579406269739]
Timestep: 89, Trans probs: [0.31933777640736594, 0.034180379513910085, 0.39434145318738856, 0.04220841229512878, 0.08485245501089385, 0.009082198628638145, 0.10478196720712676, 0.011215357749547674]
Timestep: 90, Trans probs: [0.4279749442366031, 0.045202629604731835, 0.2895384954016164, 0.030580999051932956, 0.11151393242910054, 0.011778079654525278, 0.07544267870501624, 0.007968240916473673]
Timestep: 91, Trans probs: [0.41515813056190237, 0.043276646273209, 0.30611816557618776, 0.031910172520321106, 0.1060940439315083, 0.011059386949025626, 0.0782287801106433, 0.008154674077202407]
Timestep: 92, Trans probs: [0.4026616024998992, 0.04143330325164409, 0.3222725779164781, 0.033161387546273124, 0.10096199008951144, 0.010388844444807126, 0.08080552159858083, 0.008314772652806184]
Timestep: 93, Trans probs: [0.39045694710408, 0.03966652916888435, 0.33803254596189275, 0.03434073319447297, 0.09609573296898556, 0.009762367459692091, 0.0831935134270299, 0.008451630714962301]
Timestep: 94, Trans probs: [0.3788058296370678, 0.0379996415367519, 0.35316705561712425, 0.03542770587479791, 0.09152657687749569, 0.009181424466891219, 0.08533176930647864, 0.008559996683392372]
Timestep: 95, Trans probs: [0.28681700044877917, 0.062100299383779055, 0.37755815468235476, 0.08174715726011698, 0.06805676362330933, 0.014735337826857127, 0.08958808594701365, 0.019397200827789902]
Timestep: 96, Trans probs: [0.32932386143338965, 0.03717252021762243, 0.39937546771681515, 0.04507961428458015, 0.07677178817572872, 0.008665636421497274, 0.09310217813153962, 0.010508933618827206]
Timestep: 97, Trans probs: [0.35674738131936035, 0.039768439774716856, 0.40058024469105147, 0.04465471134510299, 0.06706854022408504, 0.00747647030460474, 0.07530912253560418, 0.008395089805474671]
Timestep: 98, Trans probs: [0.3844848054839775, 0.04233530749091102, 0.335610558332259, 0.03695380410757118, 0.0964912671180176, 0.010624574509483805, 0.08422566397884487, 0.009274018978935017]
Timestep: 99, Trans probs: [0.3291046083144863, 0.035798801895167064, 0.39438060698574456, 0.04289928753378978, 0.08115649581755496, 0.008827908339412702, 0.09725341813135141, 0.010578872982493114]
Timestep: 100, Trans probs: [0.3197452332626239, 0.06210582433800417, 0.35425305327975504, 0.06880846251779259, 0.07749695654778635, 0.015052647762644132, 0.08586064973294774, 0.016677172558446036]
Timestep: 101, Trans probs: [0.35538423007681835, 0.0429591782477345, 0.36509325238581775, 0.04413281394871476, 0.0846822177378955, 0.01023646571326299, 0.08699571808937438, 0.01051612380038153]
Timestep: 102, Trans probs: [0.39793985449154234, 0.047528083053667146, 0.3257848421419605, 0.038910224397435994, 0.09324507062259571, 0.011136757002030763, 0.07633774368267993, 0.009117424608087546]
Timestep: 103, Trans probs: [0.3433950934421969, 0.060488926687495004, 0.37901607544057764, 0.06676355032011054, 0.06075906226767356, 0.010702687759075097, 0.06706170754306276, 0.011812896539808528]
Timestep: 104, Trans probs: [0.39916226701093627, 0.052448214590879685, 0.30730746826203237, 0.04037888691604567, 0.10022950916452157, 0.013169728803187055, 0.07716480051370037, 0.010139124738697047]
Timestep: 105, Trans probs: [0.38746304533747056, 0.05030956462101331, 0.3223054396244482, 0.041849271917964156, 0.0957017439757186, 0.01242625104723624, 0.0796080891741688, 0.010336594301980306]
Timestep: 106, Trans probs: [0.32680352640083193, 0.04193771504435974, 0.38621969163163106, 0.04956241308210866, 0.07940410941372, 0.010189690884361509, 0.09384057445707283, 0.01204227908591419]
Timestep: 107, Trans probs: [0.40160046507307245, 0.05094131215931719, 0.31459190210899474, 0.03990464574091498, 0.09602207972009882, 0.012179992710711558, 0.07521846046196938, 0.009541142024920825]
Timestep: 108, Trans probs: [0.3905008672367878, 0.04896802164941057, 0.32880990425696577, 0.04123209923739416, 0.09189025425686823, 0.011522852667806482, 0.07737351754977788, 0.009702483144989131]
Timestep: 109, Trans probs: [0.379647259672045, 0.04706973828293963, 0.3427074286456423, 0.042489833820753366, 0.08794800029420993, 0.010904041187950084, 0.0793906245007311, 0.009843073595728396]
Timestep: 110, Trans probs: [0.33751404026188303, 0.041378918262467375, 0.4257461524714059, 0.05219609599056977, 0.056393723459676165, 0.006913819856926594, 0.07113603560866465, 0.00872121408840641]
Timestep: 111, Trans probs: [0.38660151437887935, 0.04687390903593089, 0.32841676637935635, 0.03981923779546769, 0.09561877221626953, 0.011593399053787241, 0.08122784523201824, 0.009848555908290835]
Timestep: 112, Trans probs: [0.3758089745752122, 0.04506790278248776, 0.34223863396267257, 0.04104206798487267, 0.09152352871337668, 0.010975718445859466, 0.08334789630214297, 0.009995277233375607]
Timestep: 113, Trans probs: [0.3077258147049235, 0.03650466341751377, 0.4132864750787766, 0.04902703298463329, 0.07381049326528569, 0.008755934941348981, 0.09913006035807123, 0.011759525249447062]
Timestep: 114, Trans probs: [0.38998545329416223, 0.04576854860161485, 0.333937795820252, 0.039190816244078934, 0.09214316038054751, 0.010813887232359006, 0.07890059390031255, 0.00925974452667306]
Timestep: 115, Trans probs: [0.2996109326928045, 0.034790476053624855, 0.4271669092044362, 0.04960212897443042, 0.06974538918561926, 0.008098754175973057, 0.09943870225933515, 0.01154670745377649]
Timestep: 116, Trans probs: [0.3153788841030602, 0.036238305297417846, 0.4142003330662522, 0.04759328820201555, 0.07234510476766973, 0.008312744211777292, 0.09501386427852777, 0.01091747607327939]
Timestep: 117, Trans probs: [0.33131263342574513, 0.03767498190933671, 0.4010209057792908, 0.04560180882413214, 0.0749017329993655, 0.00851739762094379, 0.09066107893702212, 0.010309460504163911]
Timestep: 118, Trans probs: [0.34686118073572736, 0.03903885890684696, 0.3881774141274642, 0.04368895726181758, 0.07729561521051186, 0.008699539711883057, 0.0865026520758697, 0.009735781969879329]
Timestep: 119, Trans probs: [0.4082272363261306, 0.045479460109875754, 0.3294595088323007, 0.03670416683757848, 0.08968956883609858, 0.009992065215596204, 0.0723839045185982, 0.008064089323821343]
Timestep: 120, Trans probs: [0.39678707472296093, 0.04376101811743181, 0.34349363401707006, 0.03788336893770712, 0.08596625249974664, 0.009481081851660012, 0.07441991525198806, 0.008207654601435367]
Timestep: 121, Trans probs: [0.3381529881624594, 0.03692355538120413, 0.4046749147106376, 0.04418720859424627, 0.07225740009598741, 0.00788992026551078, 0.086471976426859, 0.009442036363095388]
Timestep: 122, Trans probs: [0.4102463104862611, 0.044354560690448526, 0.3350726452085183, 0.03622701678899821, 0.08647974066367622, 0.009349921760941064, 0.07063316529715648, 0.007636639104000251]
Timestep: 123, Trans probs: [0.3989788655093682, 0.042715844847274004, 0.34877841163810824, 0.03734123735750178, 0.08298772639846128, 0.008884908829792293, 0.0725460165960435, 0.007766988823450841]
Timestep: 124, Trans probs: [0.3429617037043278, 0.036363988563167124, 0.4376499088513655, 0.04640371245024628, 0.054270078797577635, 0.005754218338087842, 0.06925349035352533, 0.007342898941702514]
Timestep: 125, Trans probs: [0.4059470310153713, 0.04263072430405606, 0.3349269068151632, 0.03517251152381713, 0.08991024225062597, 0.009441967687040906, 0.07418051377955245, 0.007790102624373149]
Timestep: 126, Trans probs: [0.39457256699972404, 0.041043757407808225, 0.3487548272029, 0.0362777590732199, 0.08623300266955176, 0.008970026651950277, 0.07621963223111701, 0.007928427763728731]
Timestep: 127, Trans probs: [0.3837322550508167, 0.03954161993272196, 0.36199346435677127, 0.037301550227590956, 0.08277244737282213, 0.008529271677941, 0.07808331091116767, 0.008046080470168134]
Timestep: 128, Trans probs: [0.3176822516025738, 0.051189265671457596, 0.4310226678267597, 0.06945220811833877, 0.04774429652655383, 0.007693207495431932, 0.06477816736243631, 0.010437935396448288]
Timestep: 129, Trans probs: [0.3252800020549724, 0.036570698447596126, 0.4062074567673779, 0.04566923977728631, 0.07446075048121331, 0.008371500353009556, 0.09298607934972991, 0.010454272768814487]
Timestep: 130, Trans probs: [0.3651849949887687, 0.04067548058555447, 0.4219618765974825, 0.04699947247261048, 0.05225428773283385, 0.0058202508190519425, 0.060378486560460985, 0.006725150243236923]
Timestep: 131, Trans probs: [0.38373838126159043, 0.04234834215269531, 0.34132570866853945, 0.037667792960102614, 0.09290775824721322, 0.010253051889044126, 0.08263913117129086, 0.009119833649523925]
Timestep: 132, Trans probs: [0.32626689347052074, 0.0356773374824364, 0.40129062821427786, 0.04388119499054626, 0.07797099993995973, 0.008526141433201576, 0.09590011176303712, 0.010486692706020399]
Timestep: 133, Trans probs: [0.39686671072304636, 0.04300495966994517, 0.33315296497893265, 0.03610086065606021, 0.09362173967343004, 0.010144965627252244, 0.07859152535586487, 0.008516273315468515]
Timestep: 134, Trans probs: [0.38616193935625454, 0.04146993026365305, 0.34626842788870243, 0.03718576610886985, 0.089942825203446, 0.009658959904543553, 0.08065103654436878, 0.008661114730161809]
Timestep: 135, Trans probs: [0.31856999690652593, 0.03390732973581226, 0.41623193060137564, 0.04430207946298114, 0.07326955381483677, 0.007798521345136185, 0.09573132477883438, 0.010189263354497578]
Timestep: 136, Trans probs: [0.39895083660742475, 0.04208888327574868, 0.338188352462713, 0.03567850668784881, 0.09061550985706877, 0.009559838625177713, 0.0768142517176526, 0.0081038207663658]
Timestep: 137, Trans probs: [0.3337598832509456, 0.03490397796928502, 0.462796573119147, 0.04839839118791262, 0.04557356612478438, 0.004765997436561966, 0.06319300576789526, 0.006608605143468118]
Timestep: 138, Trans probs: [0.4053957291361329, 0.04202870145012293, 0.3254862221836735, 0.03374422144859916, 0.0971683067272497, 0.010073756234570935, 0.07801499325124002, 0.008088069568410943]
Timestep: 139, Trans probs: [0.2967385494835088, 0.030499995460473273, 0.4364772877339521, 0.04486291153494052, 0.07024926908989952, 0.007220505701307863, 0.10333072831629499, 0.010620752679622918]
Timestep: 140, Trans probs: [0.31310711833078003, 0.03190868818294977, 0.42241157896521864, 0.04304788543270755, 0.07321820159981357, 0.007461653304530238, 0.0987783871272356, 0.010066487056764602]
Timestep: 141, Trans probs: [0.4187198489646985, 0.04231183757193083, 0.319048017772236, 0.032239952175669294, 0.09674207002515704, 0.009775831653067642, 0.07371364350895962, 0.007448798328280984]
Timestep: 142, Trans probs: [0.33031063802733673, 0.03309896652717588, 0.47363197183655503, 0.04746056280730815, 0.043131803080490555, 0.004322047012908339, 0.06184663341114693, 0.006197377297078315]
Timestep: 143, Trans probs: [0.42430421009729874, 0.042165046795087445, 0.30733895485735213, 0.030541675300704306, 0.10320778055297108, 0.010256228416011294, 0.0747571451177053, 0.007428958862869541]
Timestep: 144, Trans probs: [0.4131071915356875, 0.04071463274910562, 0.3208019370782863, 0.031617297691647124, 0.09927950335682145, 0.00978469656667159, 0.07709635087843099, 0.007598390143349361]
Timestep: 145, Trans probs: [0.32103732299212784, 0.03138234565731823, 0.4886208860993437, 0.04776413346597314, 0.04016388043194231, 0.003926137830040778, 0.06112968630231496, 0.0059756072209389815]
Timestep: 146, Trans probs: [0.3264871939375854, 0.031656850897725665, 0.4546500344948882, 0.04408377608648864, 0.054532331626906086, 0.005287563872255022, 0.07593904727546293, 0.007363201808687913]
Timestep: 147, Trans probs: [0.41912882932565143, 0.040313325903247425, 0.3092833702355751, 0.029747992570260534, 0.10578379439823117, 0.010174667740511397, 0.07805993326784914, 0.007508086558673657]
Timestep: 148, Trans probs: [0.40814088974967033, 0.0389440214935222, 0.32251589550181586, 0.030773848643611483, 0.1017964089913781, 0.009713218252047993, 0.08044026175583631, 0.007675455612117755]
Timestep: 149, Trans probs: [0.3977109845809886, 0.037648955599343975, 0.335172442639177, 0.03172880031045853, 0.09802655444507508, 0.00927959633739451, 0.08261225103318068, 0.007820415054381566]
Timestep: 150, Trans probs: [0.29656976555067993, 0.027854472769753166, 0.43850820404741037, 0.04118563740397425, 0.07224393608233984, 0.006785306474679882, 0.10681992011545467, 0.010032757555708021]
Timestep: 151, Trans probs: [0.313925670745991, 0.0292554129990188, 0.42331334982078966, 0.03944948766877318, 0.07558737411339432, 0.007044151062714368, 0.1019258618260253, 0.009498691763293382]
Timestep: 152, Trans probs: [0.41089461435381935, 0.03799671575357522, 0.328460958869978, 0.03037381667792431, 0.09781076421069577, 0.00904486862452163, 0.07818797394308519, 0.007230287566400513]
Timestep: 153, Trans probs: [0.3044329266542313, 0.027936197288013435, 0.43702093667557823, 0.04010309673180581, 0.0716455168634122, 0.006574529621006611, 0.1028488975629639, 0.009437898602988416]
Timestep: 154, Trans probs: [0.32069879747837515, 0.02920516591566394, 0.42281333803352206, 0.03850445896809877, 0.07462935215355741, 0.006796291813255474, 0.09839227882185167, 0.008960316815675653]
Timestep: 155, Trans probs: [0.4236295155356565, 0.03828774529286498, 0.321921777714622, 0.029095373616209484, 0.09748203934414343, 0.008810451954270068, 0.0740779153719567, 0.006695181170276977]
Timestep: 156, Trans probs: [0.413021289174698, 0.03704980003227046, 0.3345408053206031, 0.030009760427919304, 0.0939886665049906, 0.008431190814081127, 0.07612935460643896, 0.006829133118998464]
Timestep: 157, Trans probs: [0.4027461075904534, 0.03585971606223565, 0.34679486512715163, 0.030877928205694575, 0.09064683350822335, 0.008071014592774399, 0.07805378080190994, 0.006949754111557345]
Timestep: 158, Trans probs: [0.39277164198481185, 0.03471364503743149, 0.35872270172459275, 0.03170435745210306, 0.08744074728908571, 0.007728121734711303, 0.07986060538854056, 0.007058179388723247]
Timestep: 159, Trans probs: [0.3301214861605467, 0.02896273612571116, 0.4621886540749023, 0.04054946009106147, 0.0529290245973027, 0.004643652222192622, 0.07410361235387035, 0.006501374374412463]
Timestep: 160, Trans probs: [0.3341934286028554, 0.029106666189589254, 0.4319871828526825, 0.03762403941346276, 0.06704187911640216, 0.005839030421160234, 0.08666008967836782, 0.007547683725479963]
Timestep: 161, Trans probs: [0.3390766899706495, 0.029318816053800607, 0.4070366566825747, 0.03519508482126386, 0.07921259280949368, 0.006849245337174852, 0.09508889846460802, 0.008222015860434658]
Timestep: 162, Trans probs: [0.4005708141045754, 0.03438788550590177, 0.34750131990785704, 0.02983201766422612, 0.09256563900403511, 0.007946501551709121, 0.08030211038695093, 0.0068937118747444265]
Timestep: 163, Trans probs: [0.3211976706950384, 0.04769554764359581, 0.4087135115944048, 0.060691021583841785, 0.06195696632246345, 0.009200164598613836, 0.07883820956296081, 0.011706907999081181]
Timestep: 164, Trans probs: [0.4036743477074791, 0.03755133444102639, 0.33295379258175223, 0.030972637448108676, 0.09768973195111415, 0.00908747314954178, 0.08057526304096038, 0.007495419680017278]
Timestep: 165, Trans probs: [0.3291841753575239, 0.030403961405105314, 0.4428676988339183, 0.040903948096199086, 0.06114054930050232, 0.0056470360375022914, 0.08225539500720813, 0.007597235962040565]
Timestep: 166, Trans probs: [0.33328345867212633, 0.030564930678898972, 0.41553760075634594, 0.038108335805793564, 0.07440555898538344, 0.0068236232352301045, 0.09276880282899806, 0.008507689037223477]
Timestep: 167, Trans probs: [0.4096368495551619, 0.03730343758172443, 0.3218930021151267, 0.029313074557220847, 0.10359840168388243, 0.009434152506000848, 0.0814077165386048, 0.007413365462277886]
Timestep: 168, Trans probs: [0.3999754421273738, 0.036169623977437074, 0.33357584624288533, 0.030165134295215754, 0.10006508715308286, 0.009048846990070681, 0.08345336390884697, 0.007546655305087374]
Timestep: 169, Trans probs: [0.39066482060620294, 0.03508307220382843, 0.34486181656987136, 0.030969801663457305, 0.0967039497079258, 0.00868435413440625, 0.08536601712436671, 0.007666167989941244]
Timestep: 170, Trans probs: [0.38169340751193487, 0.03404155252028656, 0.35580070077119186, 0.0317322961405315, 0.09348228474908597, 0.008337272909024213, 0.08714078307044608, 0.007771702327498894]
Timestep: 171, Trans probs: [0.3727515702947206, 0.03301724664904378, 0.36666812038666025, 0.03247839240375456, 0.09034256709463778, 0.00800228103214429, 0.08886814143078003, 0.007871680708258917]
Timestep: 172, Trans probs: [0.31939664042904686, 0.028099259682344835, 0.4219315084038436, 0.03711987391876413, 0.07660821556051306, 0.006739689371636046, 0.10120150263369675, 0.008903310000154707]
Timestep: 173, Trans probs: [0.3341459297498056, 0.029198711458192233, 0.4090655930781957, 0.03574542484688596, 0.07932135959424094, 0.006931347309835358, 0.09710619258622252, 0.008485441376621786]
Timestep: 174, Trans probs: [0.38518905710648055, 0.033433561601960225, 0.35988025338127194, 0.03123681319281534, 0.09050586572798991, 0.007855709764670215, 0.0845591879877223, 0.007339551237089609]
Timestep: 175, Trans probs: [0.3762990415292739, 0.032444708632119415, 0.3706073108681746, 0.03195396450967524, 0.08752039713272927, 0.0075460563832392274, 0.08619660282858353, 0.007431918116204799]
Timestep: 176, Trans probs: [0.3677725550548974, 0.031500532702307064, 0.3809507885014245, 0.032629277541842465, 0.08467393338571147, 0.00725250965845298, 0.08770801748376501, 0.007512385671599255]
Timestep: 177, Trans probs: [0.32637344317948436, 0.02777099101947795, 0.4241551489805306, 0.036091198837908636, 0.07438433844839092, 0.0063293348101979485, 0.09666993689509448, 0.008225607828915177]
Timestep: 178, Trans probs: [0.37914981842100254, 0.03205155324442321, 0.37315646253874984, 0.031544902955171324, 0.08554995662945672, 0.007231993414599082, 0.0841976380712495, 0.007117674725347669]
Timestep: 179, Trans probs: [0.3169803824238566, 0.026622686448182494, 0.4370712959478579, 0.036708934409578925, 0.07081856419355662, 0.005947940420850612, 0.09764882417188597, 0.008201371984230928]
Timestep: 180, Trans probs: [0.33265231986003096, 0.027758924675825383, 0.42311807820074465, 0.035308044347012214, 0.07359723986000447, 0.006141488021133104, 0.09361222162390795, 0.007811683411341087]
Timestep: 181, Trans probs: [0.3912865598930303, 0.032443387675157975, 0.36618237290904143, 0.030361882829160036, 0.08573265918739294, 0.007108493323152158, 0.08023221800826508, 0.006652426174800236]
Timestep: 182, Trans probs: [0.3824033944788654, 0.0315052432544069, 0.3767501741446265, 0.031039488806688997, 0.0829783571449006, 0.0068363758388280465, 0.08175165533553887, 0.006735310996144758]
Timestep: 183, Trans probs: [0.32368155047778646, 0.026498917194427877, 0.43713098393715366, 0.035786709898574735, 0.06956626079759207, 0.0056951982023080334, 0.09394903103495546, 0.007691348457201831]
Timestep: 184, Trans probs: [0.393304426416438, 0.03199640346704549, 0.3691547711660115, 0.030031762183897182, 0.08372462697501255, 0.006811230092752445, 0.07858377235550143, 0.00639300734334169]
Timestep: 185, Trans probs: [0.3843956183169458, 0.0310770910141631, 0.379683015389126, 0.03069609294050475, 0.08105788084197439, 0.006553256645772165, 0.08006412964301096, 0.0064729152085028245]
Timestep: 186, Trans probs: [0.3147929848901945, 0.025292227307248873, 0.45089099267712085, 0.036227101698466255, 0.06575794181527399, 0.005283360466971325, 0.09418781575401235, 0.00756757539071183]
Timestep: 187, Trans probs: [0.331758763405678, 0.026491232953859856, 0.43550909879395217, 0.034775789707078154, 0.06865740429920841, 0.005482354927497721, 0.09012851375780273, 0.007196842154923018]
Timestep: 188, Trans probs: [0.3477784349317434, 0.02760023648331555, 0.42104904090282924, 0.03341510551760374, 0.07131109317776783, 0.005659359057085961, 0.08633504660553314, 0.0068516833241211664]
Timestep: 189, Trans probs: [0.3970913448175924, 0.03132199152020544, 0.37328105955130564, 0.029443870621985186, 0.080676748431781, 0.006363665346115196, 0.0758392307684344, 0.005982088942580666]
Timestep: 190, Trans probs: [0.3333590541253343, 0.02613539383577059, 0.4296992698877374, 0.03368847946525782, 0.07175246148822899, 0.005625402449623495, 0.09248880428652756, 0.0072511344615199475]
Timestep: 191, Trans probs: [0.3495489887691495, 0.027240246070389534, 0.4156452371338276, 0.032391106543833766, 0.07423635188134071, 0.00578521625748792, 0.08827371004654275, 0.006879143297428032]
Timestep: 192, Trans probs: [0.3651701940074594, 0.028287296138339725, 0.40327470843458973, 0.03123899838977226, 0.0758719525596507, 0.005877293453487775, 0.08378898401064776, 0.006490573006052595]
Timestep: 193, Trans probs: [0.40074019045216996, 0.030858353076758594, 0.35933832217842965, 0.027670268877399973, 0.08879889798424716, 0.006837816151489849, 0.07962477378909508, 0.006131377490409696]
Timestep: 194, Trans probs: [0.39194529760243896, 0.030002721601593806, 0.36971344581561183, 0.02830091253811413, 0.08605870395899864, 0.006587642081867264, 0.0811772973875042, 0.006213979013871249]
Timestep: 195, Trans probs: [0.38343715279626017, 0.029178561763855658, 0.37977788165691284, 0.02890010082658995, 0.08343256040926561, 0.006348999045254018, 0.08263633511351369, 0.006288408388348149]
Timestep: 196, Trans probs: [0.37504029327272803, 0.02837261339108851, 0.3897172546230787, 0.029482957419767652, 0.08087304526286165, 0.006118221663544203, 0.08403796002242062, 0.0063576543445106075]
Timestep: 197, Trans probs: [0.3665872299565597, 0.027571822159428237, 0.39968692417420376, 0.030061322087203905, 0.0783502413809527, 0.005892891909409644, 0.085424598640739, 0.006424969691503148]
Timestep: 198, Trans probs: [0.35231742875506333, 0.02634527336265064, 0.4154583078392921, 0.03106676479073592, 0.0746368227942474, 0.0055811246874226715, 0.08801292689427728, 0.00658135087631085]
Timestep: 199, Trans probs: [0.36795681588013796, 0.027356670558662206, 0.4013038301222066, 0.029835937807872397, 0.07726717462992196, 0.00574462151568884, 0.08426970715990165, 0.006265242325608482]
Timestep: 200, Trans probs: [0.37893417755178477, 0.028012242746533578, 0.39179082090790557, 0.028962654284822562, 0.07888172844996222, 0.005831234701189012, 0.08155806199302705, 0.006029079364775149]
Timestep: 201, Trans probs: [0.37016914878641477, 0.027208615040126508, 0.4020043394402143, 0.029548603259209702, 0.07639308599649909, 0.005615135878882583, 0.08296302426743234, 0.006098047331220714]
Timestep: 202, Trans probs: [0.35813030022621345, 0.026175685728205982, 0.4179414689990063, 0.030547274381398412, 0.07190400187877444, 0.005255451869306446, 0.08391265456494501, 0.006133162352149778]
Timestep: 203, Trans probs: [0.3423560291879475, 0.04712607690081297, 0.3695277415739065, 0.050866324182173114, 0.08037035922780851, 0.011063160588991334, 0.08674909977598606, 0.011941208562373809]
Timestep: 204, Trans probs: [0.33939815292477404, 0.07152628674010203, 0.34036400806335243, 0.07172983537758289, 0.07298412325503638, 0.015381000993755355, 0.07319182058595303, 0.015424772059444068]
Timestep: 205, Trans probs: [0.3949903422544306, 0.031113223618430393, 0.3690860813322658, 0.029072755848658125, 0.08421426636418747, 0.006633522445881106, 0.07869132543146613, 0.00619848270468041]
Timestep: 206, Trans probs: [0.37691737988296853, 0.029522511176137602, 0.3886169379723578, 0.030438893261137533, 0.07967781462170768, 0.006240861520872194, 0.08215102299668818, 0.006434578568130533]
Timestep: 207, Trans probs: [0.36841448958875617, 0.028695022651452327, 0.39855882235657725, 0.031042900750793894, 0.07722417338872385, 0.0060148269605320714, 0.08354279343797354, 0.006506970865191012]
Timestep: 208, Trans probs: [0.345498898029095, 0.06786974548516102, 0.34648131756389, 0.06806273181353008, 0.07181430539862442, 0.014107190087731673, 0.07201850800796358, 0.0141473036140043]
Timestep: 209, Trans probs: [0.377172401091025, 0.03149688106149338, 0.3880292628518614, 0.0324035149578044, 0.0777443326923021, 0.006492267177904282, 0.07998219386742317, 0.00667914630018638]
Timestep: 210, Trans probs: [0.36957227275107674, 0.030690422819223226, 0.397036543597437, 0.032971140683748165, 0.07555052305091732, 0.006273948744547335, 0.08116495947010222, 0.006740188882947783]
Timestep: 211, Trans probs: [0.3841125575392228, 0.03172120981143523, 0.3838866499466582, 0.031702553659739376, 0.0778816030227216, 0.006431705033966225, 0.07783579862216608, 0.006427922364090455]
Timestep: 212, Trans probs: [0.3885260737136851, 0.03190867230609197, 0.38084875688072434, 0.03127815352347478, 0.0781373508097125, 0.0064172247129303675, 0.0765933483881493, 0.0062904196652316165]
Timestep: 213, Trans probs: [0.37980362556228536, 0.03102142593100062, 0.39092994101786144, 0.03193019600995685, 0.0757683706681249, 0.006188574148322286, 0.0779879987518761, 0.006369867910572495]
Timestep: 214, Trans probs: [0.3712442297156094, 0.03015705341691346, 0.40083871003610483, 0.03256108357397384, 0.07346558206878173, 0.005967784292432161, 0.07932203867804359, 0.006443518218140959]
Timestep: 215, Trans probs: [0.37364253155416377, 0.030186696456974353, 0.3997720432361369, 0.03229770784112227, 0.07335230981009472, 0.005926155947624738, 0.07848197218581585, 0.0063405829680674266]
Timestep: 216, Trans probs: [0.3825703073558503, 0.030741045779771107, 0.39216224195518123, 0.031511795874499, 0.07451091710211678, 0.005987248538863571, 0.076379080495976, 0.006137362897742188]
Timestep: 217, Trans probs: [0.36240376663009144, 0.02896391982782498, 0.4136364680858389, 0.03305852367624964, 0.07002661840962349, 0.005596645366824441, 0.07992621980807621, 0.006387838195470944]
Timestep: 218, Trans probs: [0.3935033726192374, 0.03128136597393694, 0.38383202817756257, 0.030512546985356718, 0.07543909687672805, 0.005996995610067224, 0.07358498953983951, 0.00584960421727148]
Timestep: 219, Trans probs: [0.3844342973785531, 0.030397762293142817, 0.3941812078979705, 0.03116846425985634, 0.07312658833772534, 0.005782222514371048, 0.07498063288572315, 0.0059288244326578515]
Timestep: 220, Trans probs: [0.3754604597952828, 0.029531405602157817, 0.40442093609239566, 0.031809258168651856, 0.0708669462498094, 0.0055739572007942545, 0.07633314239263467, 0.006003894498273566]
Timestep: 221, Trans probs: [0.3668039113545279, 0.028698499662315025, 0.41432665379499906, 0.03241664814891052, 0.06870309771661297, 0.0053752857196621455, 0.07760420132151272, 0.006071702281459785]
Timestep: 222, Trans probs: [0.3529505808756559, 0.02747028285179226, 0.42941577899649563, 0.03342159936609434, 0.06560516309295147, 0.005106075706775078, 0.079818234456106, 0.006212284654129423]
Timestep: 223, Trans probs: [0.3783323981943653, 0.029292357677624524, 0.4052538227932883, 0.03137674696679589, 0.06979317082246835, 0.005403731039013457, 0.07475952209131091, 0.005788250415133404]
Timestep: 224, Trans probs: [0.3420157139186359, 0.026342905703020194, 0.44278288632302776, 0.03410424535082471, 0.0626189303779232, 0.0048230666341899184, 0.08106817787265058, 0.006244073819727903]
Timestep: 225, Trans probs: [0.3899441963652161, 0.02987985121234116, 0.39605253397799384, 0.030347908490089705, 0.07086047302479954, 0.005429752283924472, 0.071970477216864, 0.00551480742877114]
Timestep: 226, Trans probs: [0.3803675345995471, 0.02899659975549103, 0.40680962357509276, 0.031012362408658047, 0.06860999875220156, 0.005230353518832352, 0.07337957429846312, 0.005593953091714218]
Timestep: 227, Trans probs: [0.3317895120952725, 0.025163787966141507, 0.45656012915835753, 0.03462671924553214, 0.059407052170244765, 0.004505586855549211, 0.08174728381401027, 0.00619992869489215]
Timestep: 228, Trans probs: [0.3160492816464685, 0.05814082901005758, 0.4011027150932298, 0.07378736712267384, 0.05617619752444116, 0.010334244956004154, 0.07129402488524433, 0.013115339761880764]
Timestep: 229, Trans probs: [0.36194184682514025, 0.029306382470018103, 0.424398176865141, 0.03436346308084403, 0.06386714660251047, 0.00517131423741158, 0.07488799876953445, 0.006063671149400179]
Timestep: 230, Trans probs: [0.33315520080625005, 0.05762564971131661, 0.361625939657111, 0.06255021585968126, 0.07564575229851299, 0.01308439914356383, 0.08211027830217692, 0.01420256422138736]
Timestep: 231, Trans probs: [0.3860358611808466, 0.033236502392818626, 0.391756420156389, 0.03372902495664801, 0.07094228949288901, 0.006107913309581986, 0.0719935637181972, 0.006198424792629401]
Timestep: 232, Trans probs: [0.37660845588602365, 0.032259681437041145, 0.40237182597861754, 0.0344665307494825, 0.0687096994493651, 0.005885563590590686, 0.07341005438882142, 0.006288188520057946]
Timestep: 233, Trans probs: [0.3673292402476044, 0.03130537392376367, 0.41282986959226875, 0.03518313278238636, 0.06653395509942536, 0.0056703091254331405, 0.07477543576067866, 0.006372683468439677]
Timestep: 234, Trans probs: [0.3581913463523631, 0.030372700591333388, 0.42313383831808005, 0.03587947478958387, 0.0644147345022009, 0.005462023202483973, 0.0760935576242084, 0.0064523246197463816]
Timestep: 235, Trans probs: [0.34919942301592116, 0.029461507849190313, 0.43328033222206186, 0.036555306416064894, 0.06235135463821101, 0.005260503892635438, 0.07736443382069372, 0.006527138145221427]
Timestep: 236, Trans probs: [0.3496881483254694, 0.029355525131844997, 0.4065631534998805, 0.03413005252651459, 0.07689769534879791, 0.006455386718715918, 0.08940471579489126, 0.007505322653885418]
Timestep: 237, Trans probs: [0.35909935581143504, 0.029995672545715155, 0.4192811723869228, 0.03502267700559656, 0.06667706538747947, 0.00556955446258805, 0.07785154079101712, 0.006502961609246012]
Timestep: 238, Trans probs: [0.34997154343143005, 0.029088677764871212, 0.4295678419523555, 0.035704504458235906, 0.0645233568699533, 0.005363004997192298, 0.07919832251040763, 0.006582748015553934]
Timestep: 239, Trans probs: [0.34799213646546373, 0.028781698123647597, 0.43269407577225594, 0.03578721747927694, 0.06370857377390744, 0.005269202220696487, 0.07921536023158175, 0.006551735933170023]
Timestep: 240, Trans probs: [0.36306703588675493, 0.029881641528796254, 0.41875401973030285, 0.034464868108341186, 0.06600523158746197, 0.005432453168061549, 0.07612907071822544, 0.006265679272055835]
Timestep: 241, Trans probs: [0.3533285868887228, 0.028938697913690425, 0.42961503326535033, 0.035186792487757364, 0.06379037363741942, 0.005224627785569198, 0.07756322162769154, 0.006352666393798733]
Timestep: 242, Trans probs: [0.3438570169074639, 0.028026315789771078, 0.44019619964566126, 0.035878510817321706, 0.061654811986756056, 0.005025220209959544, 0.07892877734625825, 0.0064331472968081425]
Timestep: 243, Trans probs: [0.3376832679608678, 0.027390416255833005, 0.4474680693205104, 0.03629536267489285, 0.060135420114134856, 0.004877748899410745, 0.07968615234844272, 0.006463562425907653]
Timestep: 244, Trans probs: [0.35423367333240685, 0.02859493009699621, 0.43200841235858517, 0.03487316786260457, 0.06265396688689695, 0.00505763832832781, 0.07641012924645497, 0.006168081887727577]
Timestep: 245, Trans probs: [0.3589990218695293, 0.02884099911434524, 0.4040039923332294, 0.03245657529760414, 0.07652052867798517, 0.006147449896487634, 0.08611332398724655, 0.006918108823572543]
Timestep: 246, Trans probs: [0.35593863731826375, 0.058088853900767234, 0.3703524231613793, 0.06044117031773724, 0.06537972672971662, 0.01066991047301996, 0.06802728808091921, 0.011101990018196757]
Timestep: 247, Trans probs: [0.35465759378496303, 0.03019486982256342, 0.4246975337037953, 0.036157936468505826, 0.06470419722939791, 0.005508791709390924, 0.07748237586101374, 0.006596701420369909]
Timestep: 248, Trans probs: [0.34479961223446837, 0.02921561939474833, 0.4356533040575451, 0.03691384986464159, 0.06248456721357258, 0.0052944529778529, 0.07894906836695509, 0.006689525890216033]
Timestep: 249, Trans probs: [0.3692058208941318, 0.031135104475141784, 0.4123363504984442, 0.03477229941981067, 0.06646118710320553, 0.005604667876007313, 0.07422516598888651, 0.00625940374437215]
Timestep: 250, Trans probs: [0.3587379051673736, 0.03010958130357852, 0.42388274105650675, 0.035577316116260166, 0.06414870931031166, 0.005384127940417371, 0.07579776306327435, 0.006361856042277532]
Timestep: 251, Trans probs: [0.348165423855001, 0.029084665125150917, 0.41659961447805605, 0.03480144623266039, 0.07199379994488819, 0.006014139885861343, 0.08614465207303756, 0.007196258405344656]
Timestep: 252, Trans probs: [0.369430283637933, 0.030716728305488876, 0.4093647162835797, 0.03403712506758102, 0.068517420511125, 0.0056969639015729415, 0.07592397172157377, 0.006312790571145638]
Timestep: 253, Trans probs: [0.35914429037838713, 0.02972207931036298, 0.4207348325590342, 0.03481919216584724, 0.06617027184008953, 0.005476122328291297, 0.07751797533435388, 0.006415236083633641]
Timestep: 254, Trans probs: [0.3492923969859375, 0.028772883847420615, 0.4316580001584341, 0.03555773216806813, 0.06393396389042941, 0.005266546116658159, 0.07901004211166777, 0.006508434721384312]
Timestep: 255, Trans probs: [0.3397632888755259, 0.027858703228137598, 0.4422459904968953, 0.03626171574881479, 0.061786602988965766, 0.005066158388803924, 0.08042327800842605, 0.006594262264430697]
Timestep: 256, Trans probs: [0.3305818873842939, 0.02698098913180375, 0.45248095944995625, 0.03692998411336261, 0.059727564392263864, 0.004874764248240369, 0.08175156193722123, 0.006672289342858119]
Timestep: 257, Trans probs: [0.32184594464081306, 0.026147683646621726, 0.46225688850038427, 0.03755506970103051, 0.057776400115989265, 0.004693919739021477, 0.08298236902185183, 0.006741724634287823]
Timestep: 258, Trans probs: [0.3134197989117008, 0.025347321882062915, 0.47171520670506845, 0.038149208258492176, 0.055903972013218825, 0.0045211437759364636, 0.08413876151225298, 0.006804586941267365]
Timestep: 259, Trans probs: [0.3379987707647529, 0.027210946302089044, 0.43275924643591634, 0.034839737996254984, 0.06785526288832049, 0.005462759259717316, 0.0868789918017146, 0.006994284551234287]
Timestep: 260, Trans probs: [0.3458940126276773, 0.027720711049535485, 0.40676120660241954, 0.032598742570671004, 0.07957313189598529, 0.006377166750699289, 0.09357566757879902, 0.007499360924213093]
Timestep: 261, Trans probs: [0.3259774938544702, 0.026007056039364127, 0.4556928123322021, 0.03635597159462149, 0.060236510726224025, 0.0048057744464163835, 0.0842062580865365, 0.006718122920165159]
Timestep: 262, Trans probs: [0.3168885371524521, 0.025168810480782195, 0.4658176319107922, 0.03699747488981953, 0.058184097171744144, 0.004621260610656052, 0.08552905890177465, 0.006793128881979082]
Timestep: 263, Trans probs: [0.335040585295875, 0.026491968157305396, 0.42236599081745574, 0.033396868530370674, 0.07489758399793686, 0.005922221060413359, 0.09441898582879445, 0.007465796311848457]
Timestep: 264, Trans probs: [0.3608196386555348, 0.028403430434812704, 0.41819287461634463, 0.032919805215589786, 0.06855592833454095, 0.0053966672895072185, 0.07945687449009371, 0.00625478096357603]
Timestep: 265, Trans probs: [0.32936721869491187, 0.025812788258060125, 0.4506868947171755, 0.035320714156417056, 0.06218302823932332, 0.004873336659145255, 0.08508762958359341, 0.006668389691373615]
Timestep: 266, Trans probs: [0.3202907282718197, 0.024990939874188767, 0.4607939201571358, 0.03595381363417353, 0.06008877811466004, 0.004688474902409661, 0.08644815844125278, 0.006745186604359704]
Timestep: 267, Trans probs: [0.34861424326174867, 0.027081798932404626, 0.43349048423031983, 0.03367533702351273, 0.06499355936872606, 0.005048968998675079, 0.08081737928718895, 0.006278228897424065]
Timestep: 268, Trans probs: [0.3655213532920306, 0.028271687170870564, 0.41759338924823414, 0.032299261203537086, 0.06772216052856622, 0.005238051675381687, 0.07736983431373594, 0.005984262567643871]
Timestep: 269, Trans probs: [0.38129129854735816, 0.0293632860409787, 0.402826425831824, 0.031021708629670724, 0.07020671317764526, 0.005406626925099102, 0.07417195054410143, 0.005711990303322556]
Timestep: 270, Trans probs: [0.3351515484603951, 0.025698055999203863, 0.44995809085636645, 0.03450095417801172, 0.061332680893019416, 0.004702740224267129, 0.08234226017603173, 0.006313669212704622]
Timestep: 271, Trans probs: [0.3262565147442021, 0.024908440105378196, 0.4598384383736993, 0.03510691030756032, 0.05933920886621297, 0.004530322194802577, 0.08363495564452957, 0.0063852097636151435]
Timestep: 272, Trans probs: [0.3174653458727588, 0.024133482409899758, 0.4696045807571222, 0.03569899529712052, 0.0573893531422056, 0.00436269647247753, 0.08489211018663329, 0.006453435861782309]
Timestep: 273, Trans probs: [0.3085706731145892, 0.02335675307214663, 0.4794706052779559, 0.03629274428380672, 0.05544257551622884, 0.004196635192014863, 0.08614909826852944, 0.006520915274728362]
Timestep: 274, Trans probs: [0.2997242470952395, 0.022590887572155275, 0.4892747088099531, 0.03687773026622182, 0.05352937905432559, 0.004034629149103498, 0.0873822241724091, 0.0065861938805921744]
Timestep: 275, Trans probs: [0.29116337654355695, 0.021852488203491564, 0.49879014191096016, 0.03743535956177019, 0.051687770521511404, 0.0038792873231332957, 0.08854599331667327, 0.006645582618903254]
Timestep: 276, Trans probs: [0.33334375501193897, 0.05148500435448967, 0.37820756103908804, 0.0584142274580814, 0.07245517698571871, 0.011190715429726415, 0.0822067171213172, 0.01269684259963931]
Timestep: 277, Trans probs: [0.3030682406422744, 0.024036747975006458, 0.4797683544095813, 0.03805107060009803, 0.055624484712068496, 0.00441165236393658, 0.08805563868597426, 0.006983810611060628]
Timestep: 278, Trans probs: [0.29457642078299606, 0.023264258081486588, 0.4892269664564907, 0.03863684125774252, 0.053744328909015544, 0.004244473929149631, 0.08925756829589153, 0.007049142287227488]
Timestep: 279, Trans probs: [0.28619949022430974, 0.02250754718209022, 0.49856208416036574, 0.039208349475555855, 0.051906956804805074, 0.004082111671293376, 0.09042238526261202, 0.007111075218968058]
Timestep: 280, Trans probs: [0.35485318764540547, 0.027789381632806125, 0.4308601074302108, 0.033741660981483367, 0.06397898609676109, 0.005010343778846173, 0.07768281019493714, 0.0060835222395497655]
Timestep: 281, Trans probs: [0.36156697704994856, 0.028196756482556092, 0.4041223461327062, 0.03151543173559517, 0.07648283513942553, 0.005964504543853702, 0.08548463974118906, 0.006666509174725772]
Timestep: 282, Trans probs: [0.36800704661308903, 0.02857953637239397, 0.3811811808692356, 0.029602643545513382, 0.08780238514214198, 0.006818759267919788, 0.09094558693818963, 0.00706286125151676]
Timestep: 283, Trans probs: [0.3983067429816281, 0.030804497372270135, 0.38418083582959744, 0.029712019081573126, 0.07417820130133786, 0.005736840380761979, 0.07154747911862132, 0.0055333839342101765]
Timestep: 284, Trans probs: [0.4123643001790033, 0.03176031672523376, 0.37107853164314253, 0.028580484997864468, 0.07634427840104346, 0.005880039715183919, 0.06870071612920138, 0.005291332209327153]
Timestep: 285, Trans probs: [0.30075710744419193, 0.023069156535864593, 0.4836320293850495, 0.03709632362956492, 0.055356163849533846, 0.004246017724807475, 0.08901539880147022, 0.006827802629517497]
Timestep: 286, Trans probs: [0.2924926875546207, 0.022343059089296596, 0.49283779087186413, 0.037647108291663345, 0.053521205522879596, 0.004088401209362796, 0.0901809645746075, 0.006888782885705298]
Timestep: 287, Trans probs: [0.3831651111265802, 0.029150196582234455, 0.37093835372283207, 0.028220016950705303, 0.08901916463502935, 0.006772344541150444, 0.08617857268479498, 0.006556239756673107]
Timestep: 288, Trans probs: [0.4106066273700045, 0.03111055468604949, 0.371306095582273, 0.028132859583551093, 0.07753892516217142, 0.005874914847347284, 0.07011741564431248, 0.005312607124290658]
Timestep: 289, Trans probs: [0.30664294788599045, 0.023139500111832786, 0.4762162594005452, 0.035935625663736155, 0.05756948038110958, 0.00434423490545142, 0.08940535822437416, 0.00674659342696031]
Timestep: 290, Trans probs: [0.2978471660428264, 0.02238512464868137, 0.4859478173062758, 0.03652209489745997, 0.05559579995337362, 0.004178380907342517, 0.09070644518018892, 0.006817171063851442]
Timestep: 291, Trans probs: [0.289048007871475, 0.02163634709383241, 0.4956752072422842, 0.037103181954708575, 0.05364407885317114, 0.0040154641374045156, 0.09199177707078432, 0.006885935776339818]
Timestep: 292, Trans probs: [0.38456532331094256, 0.028670724773376798, 0.37426227739302276, 0.027902595730183534, 0.08706196249275815, 0.006490781704833179, 0.08472945006146484, 0.006316884533418121]
Timestep: 293, Trans probs: [0.4095671850510341, 0.030412796124414727, 0.3717815812216436, 0.027606990611558604, 0.07837959778109911, 0.005820150672796625, 0.07114849983633932, 0.005283198701114004]
Timestep: 294, Trans probs: [0.30367831101863013, 0.022460091630737016, 0.4786071663973419, 0.03539785497474079, 0.057781771076682246, 0.004273548112854646, 0.09106600215098734, 0.006735254638025799]
Timestep: 295, Trans probs: [0.39595084540444014, 0.029168987737687106, 0.3872583921903815, 0.02852863031919919, 0.0749108710190464, 0.005518549344028049, 0.07326632536618304, 0.0053973986190348]
Timestep: 296, Trans probs: [0.41029890081716935, 0.030107345992817645, 0.373830495173125, 0.027431328815230995, 0.07718412848200641, 0.005663698481116223, 0.07032380762528999, 0.005160294613244439]
Timestep: 297, Trans probs: [0.3199557490918188, 0.02338615306989116, 0.4650845203693765, 0.033993881387247314, 0.059849613627496835, 0.004374518130833217, 0.08699680792498879, 0.006358756398347619]
Timestep: 298, Trans probs: [0.31057426294899976, 0.022611315908158267, 0.47537225390037585, 0.03460941066027647, 0.05776815710289315, 0.004205802622801784, 0.08842129668092566, 0.006437500175568992]
Timestep: 299, Trans probs: [0.30168843359334924, 0.021878946224296217, 0.4851546417589284, 0.03518422032652064, 0.05580202993611957, 0.004046855882531395, 0.08973699627997904, 0.006507875998275637]
Timestep: 300, Trans probs: [0.3971964944665654, 0.028693828361374882, 0.39053597119711475, 0.028212666230910392, 0.07305945293396196, 0.005277879920562881, 0.07183433087699741, 0.0051893760125123175]
Timestep: 301, Trans probs: [0.3180497495950652, 0.022887306204823, 0.47056635857917173, 0.03386261536820007, 0.0581775157590357, 0.0041865356571047126, 0.08607578461158007, 0.0061941342250193395]
Timestep: 302, Trans probs: [0.3086767188801442, 0.02212697635101911, 0.4808143812783188, 0.03446637790622052, 0.056152958901033306, 0.004025231310448648, 0.08746740048584833, 0.006269954886966949]
Timestep: 303, Trans probs: [0.383863925707943, 0.02741137743396942, 0.40649608016730904, 0.029027519213599903, 0.06944786362517774, 0.004959209434180994, 0.07354242597181997, 0.005251598446000052]
Timestep: 304, Trans probs: [0.3248436355143787, 0.0231079849304359, 0.4663777924636093, 0.03317611866729036, 0.058450187843230764, 0.004157896021954658, 0.08391689599288037, 0.005969488566220048]
Timestep: 305, Trans probs: [0.3152303914031645, 0.022338572167413046, 0.47684797513956334, 0.033791484565066546, 0.05641221759847433, 0.003997610726358019, 0.0853345758168382, 0.006047172583121959]
Timestep: 306, Trans probs: [0.37115382577514755, 0.026201499763436206, 0.42177315764697726, 0.029774957235671844, 0.06606177272799667, 0.00466361223379496, 0.07507152169333729, 0.005299652923638225]
Timestep: 307, Trans probs: [0.3865585759066595, 0.027185578820281085, 0.4072107441281289, 0.028637987800414613, 0.06843414116797358, 0.0048127809203472845, 0.07209028407510712, 0.005069907181087884]
Timestep: 308, Trans probs: [0.3305564673988222, 0.023159435075887806, 0.46405217426274964, 0.032512406386216774, 0.05820521061177561, 0.00407797132771088, 0.08171146899760214, 0.0057248659392350725]
Timestep: 309, Trans probs: [0.3209038189525128, 0.022398742125641864, 0.47453487307934006, 0.03312202480613421, 0.056204415255655914, 0.003923007858688715, 0.08311199021220735, 0.005801127709818816]
Timestep: 310, Trans probs: [0.3114668461286422, 0.021658551191556144, 0.48479591163227054, 0.033711379557899886, 0.05426224145892296, 0.003773247615321677, 0.08445878957025163, 0.005873032845135123]
Timestep: 311, Trans probs: [0.30231486548553577, 0.020943415031092278, 0.4947656892685012, 0.03427579770797091, 0.052389989561820824, 0.003629412311913926, 0.08574096829374749, 0.005939862339417752]
Timestep: 312, Trans probs: [0.3354294846848191, 0.04916904787211675, 0.37903279729635714, 0.055560654642148, 0.07403434190696297, 0.010852349801105214, 0.0836582500651622, 0.01226307373132854]
Timestep: 313, Trans probs: [0.3860479873620071, 0.028199084176376267, 0.40465202965823854, 0.02955802651491085, 0.06895200586482764, 0.00503663658707011, 0.07227487264697291, 0.005279357189596482]
Timestep: 314, Trans probs: [0.40037343236088163, 0.02913632664824596, 0.391159505679533, 0.028465802692853284, 0.07113392582127075, 0.005176620452259417, 0.06949689717726495, 0.005057489167690827]
Timestep: 315, Trans probs: [0.3172872329564313, 0.02300392626762307, 0.4750732089154248, 0.0344437088368891, 0.05607616703071019, 0.004065628483458416, 0.08396267434629172, 0.006087453163171442]
Timestep: 316, Trans probs: [0.3746972343499214, 0.02706587186403979, 0.3927048986769044, 0.028366637096775928, 0.08067644005542676, 0.005827580213596861, 0.08455368845341563, 0.006107649289919474]
Timestep: 317, Trans probs: [0.3807876004068255, 0.027404371924109567, 0.37154953968085996, 0.02673953081131757, 0.09137179353734746, 0.006575809219615382, 0.08915507698345605, 0.006416277436468374]
Timestep: 318, Trans probs: [0.4128422130492913, 0.029601751678726668, 0.37656938216641034, 0.02700090491805084, 0.07514272593350797, 0.005387909092718531, 0.06854059247013711, 0.004914520691157032]
Timestep: 319, Trans probs: [0.33258461918994586, 0.023759232931761687, 0.4576573635285113, 0.03269419953783163, 0.06021852255858839, 0.0043019003938330625, 0.08286447622523993, 0.005919685634288109]
Timestep: 320, Trans probs: [0.3818390619924472, 0.02717829564973165, 0.37454509405708175, 0.02665913028206964, 0.08943826569696242, 0.006365979464823267, 0.08772979763509281, 0.00624437522179133]
Timestep: 321, Trans probs: [0.386954103990088, 0.02744221637131484, 0.3550510361645133, 0.025179697687185358, 0.10000905934353216, 0.007092495511217465, 0.09176364788385588, 0.006507743048292943]
Timestep: 322, Trans probs: [0.4230951490812905, 0.02989650357091059, 0.3642199391813382, 0.025736297700353922, 0.0788281065961634, 0.0055701058626118245, 0.0678588923852644, 0.004795005622067074]
Timestep: 323, Trans probs: [0.4355259236314541, 0.03066361156909429, 0.3526194740468129, 0.024826505145120827, 0.08072299690514112, 0.005683378388026871, 0.0653566163750571, 0.004601493939292854]
Timestep: 324, Trans probs: [0.397556606546134, 0.05545153519529564, 0.30319616702174823, 0.04229006045893541, 0.10032618620722057, 0.01399358218144438, 0.07651367027756731, 0.010672192111654466]
Timestep: 325, Trans probs: [0.3835684051845983, 0.07214201048040086, 0.27598220069948887, 0.05190706676084196, 0.10592694996251426, 0.019922869118156057, 0.07621574761865496, 0.014334750175344666]
Timestep: 326, Trans probs: [0.42622863068019745, 0.03156459010863287, 0.28990962441678453, 0.021469412903258205, 0.12791073951516743, 0.009472498496511602, 0.08700155686992941, 0.006442947009518713]
Timestep: 327, Trans probs: [0.47576317252339656, 0.035105171422967464, 0.3064458435230972, 0.022611741492465257, 0.09067150477177559, 0.006690384842755063, 0.05840280914540286, 0.004309372278139908]
Timestep: 328, Trans probs: [0.3455768762763945, 0.02540710786068297, 0.4374774875332495, 0.03216371949461105, 0.06551819904188641, 0.004816954096672614, 0.08294171014389048, 0.0060979455526124085]
Timestep: 329, Trans probs: [0.4612472961282656, 0.03378907247884613, 0.32264356508453046, 0.023635535420987883, 0.08699805661053768, 0.006373118422605917, 0.06085534457516696, 0.004458011279059429]
Timestep: 330, Trans probs: [0.36173406816452724, 0.026403881023957323, 0.4229884221571471, 0.0308749906521632, 0.06787814446450012, 0.004954596783381991, 0.079372311741826, 0.005793585012497142]
Timestep: 331, Trans probs: [0.34991827313276674, 0.025450135553718497, 0.4356326729032501, 0.03168428581267548, 0.0653236269507658, 0.004751095579757679, 0.08132500757255288, 0.005914902494512917]
Timestep: 332, Trans probs: [0.3388237784612422, 0.02455518185828505, 0.447549557628544, 0.032434738872440215, 0.0629292926158776, 0.004560601476713855, 0.0831227878988277, 0.00602406118806933]
Timestep: 333, Trans probs: [0.41048993596007277, 0.029643592857645087, 0.3107508396256665, 0.02244091891921712, 0.12032153841965969, 0.008689038108999637, 0.091086323472247, 0.006577812636492225]
Timestep: 334, Trans probs: [0.3519119004364095, 0.025323370998704384, 0.4314472747750613, 0.031046689219545454, 0.06716592321030812, 0.004833219876383433, 0.08234604880057161, 0.005925572683016161]
Timestep: 335, Trans probs: [0.43177943329822266, 0.03096142368955956, 0.3524021627945247, 0.025269551604285116, 0.08199135976099135, 0.005879319468859027, 0.06691826956537963, 0.004798479818178051]
Timestep: 336, Trans probs: [0.4433716383702267, 0.03168144155915675, 0.34162865123114855, 0.024411322719464196, 0.08376580061459844, 0.005985545955493365, 0.06454359053829875, 0.004612009011613336]
Timestep: 337, Trans probs: [0.3812557675432818, 0.06840047865300958, 0.2778346512617874, 0.049845863985627, 0.10920832273748149, 0.01959288798768944, 0.07958399280925858, 0.014278035021864897]
Timestep: 338, Trans probs: [0.3634769559832307, 0.027258721007571263, 0.4155902310221853, 0.03116692261896373, 0.07052909480165798, 0.005289284193861349, 0.08064115845561043, 0.0060476319169192275]
Timestep: 339, Trans probs: [0.352479970281354, 0.026341194704851016, 0.42742059208259003, 0.03194158529894142, 0.06804851372031248, 0.0050853361904555795, 0.08251628029093375, 0.006166527430561711]
Timestep: 340, Trans probs: [0.4011372930595776, 0.06878546866345951, 0.31493767861923616, 0.05400429279057009, 0.07705338204662358, 0.013212815382374362, 0.06049553031191388, 0.010373539126244955]
Timestep: 341, Trans probs: [0.3652307748334107, 0.028582626028563596, 0.41337890274321987, 0.03235065443375271, 0.06980446825473094, 0.005462833771764614, 0.0790067444532194, 0.0061829954813382906]
Timestep: 342, Trans probs: [0.3930694431236168, 0.030653379719197956, 0.3316039742052758, 0.025860017143364437, 0.11010013934104884, 0.008586119927150854, 0.0928834444008523, 0.007243482139492895]
Timestep: 343, Trans probs: [0.37709751135617214, 0.029305238068041112, 0.39861196684139244, 0.03097718291231019, 0.07398043775672732, 0.005749214130429732, 0.07820122624501541, 0.0060772226899115855]
Timestep: 344, Trans probs: [0.3544365500766247, 0.05820045363436074, 0.319774522374965, 0.05250875582360378, 0.09712083510693997, 0.0159477815122336, 0.08762292899043675, 0.01438817248083559]
Timestep: 345, Trans probs: [0.3868126977624019, 0.03141590516807757, 0.38312844009591174, 0.031116679495976407, 0.07784184603553597, 0.006322109039612277, 0.07710042927313607, 0.00626189312934791]
Timestep: 346, Trans probs: [0.37482165647700333, 0.03033601422296163, 0.39596699481938263, 0.03204740222207825, 0.07505139014717711, 0.006074248911755436, 0.07928536918842105, 0.006416924011220447]
Timestep: 347, Trans probs: [0.3632144217047042, 0.0292947389126995, 0.4084187060134071, 0.03294065060404614, 0.07236314741751007, 0.005836385847642919, 0.0813691892866106, 0.006562760213379519]
Timestep: 348, Trans probs: [0.35182515839563777, 0.02827767707722637, 0.4206450609294736, 0.03380902392351867, 0.06974603684202933, 0.0056057841804973444, 0.08338893685372245, 0.006702321797894546]
Timestep: 349, Trans probs: [0.3717136859140351, 0.029773332273215544, 0.3583347587605505, 0.028701713824138685, 0.0996910220803191, 0.007985000384786042, 0.096102886983842, 0.007697599779113145]
Timestep: 350, Trans probs: [0.36429976284817683, 0.02907913822378519, 0.4053525810723041, 0.0323560565678491, 0.07404126126669505, 0.0059101220758546345, 0.08238494619281868, 0.006576131752516372]
Timestep: 351, Trans probs: [0.33774219776334535, 0.05320168068938407, 0.3464951337614171, 0.05458045689546041, 0.08868948849688905, 0.013970507324117311, 0.09098796769687029, 0.014332567372516342]
Timestep: 352, Trans probs: [0.388951468584164, 0.03238905530438306, 0.3750741615612594, 0.03123345389663699, 0.0809963873867338, 0.006744791271964273, 0.07810653652795345, 0.006504145466904915]
Timestep: 353, Trans probs: [0.3748104183186749, 0.031104280180288303, 0.3900707906770268, 0.032370688140928645, 0.07766452975583807, 0.006445123122330143, 0.08082663407627537, 0.0067075357286375745]
Timestep: 354, Trans probs: [0.3782611950588376, 0.031283377092229336, 0.3874666289933642, 0.03204469510431516, 0.07799416331973152, 0.006450359841285224, 0.07989224360683787, 0.0066073369833989926]
Timestep: 355, Trans probs: [0.3898771616998407, 0.032134095043896346, 0.37669669693048113, 0.031047746959862108, 0.07999265829887149, 0.006593080942168227, 0.0772883695687524, 0.006370190556127388]
Timestep: 356, Trans probs: [0.40128075850866884, 0.032961464881393544, 0.3661344530488631, 0.030074524282922035, 0.0819273555380881, 0.006729566756278438, 0.07475172151577165, 0.006140155468014022]
Timestep: 357, Trans probs: [0.38910801322544525, 0.03185319873506181, 0.37914320215575176, 0.031037458383869437, 0.07905274981610788, 0.00647142403871969, 0.0770282586987768, 0.006305694946267534]
Timestep: 358, Trans probs: [0.39041761823925136, 0.03185244472750729, 0.378663043178956, 0.030893440996856102, 0.0789321753930693, 0.006439726683617382, 0.0765557094320438, 0.006245841348698966]
Timestep: 359, Trans probs: [0.4022829263963777, 0.03271004995971982, 0.3676176119815888, 0.029891376603297333, 0.08093866747084599, 0.006581208604503085, 0.07396406285283556, 0.0060140961308317]
Timestep: 360, Trans probs: [0.38006751201487327, 0.030800300981563538, 0.39065093444341603, 0.03165797122674196, 0.07609923328632573, 0.006167007743596163, 0.07821830504830757, 0.006338735255175787]
Timestep: 361, Trans probs: [0.4147998959727773, 0.03350260785621066, 0.35672969487565703, 0.02881238687405353, 0.08265478940471548, 0.006675871965613014, 0.07108347444303827, 0.005741278607934792]
Timestep: 362, Trans probs: [0.35269246514721253, 0.02839128106850351, 0.3834930591648416, 0.030870688507691004, 0.0906962787448662, 0.007300931537162407, 0.09861677474798991, 0.007938521081732866]
Timestep: 363, Trans probs: [0.35783288299492266, 0.02870925321448512, 0.36643024705346194, 0.02939902744559518, 0.09953669633427652, 0.007985918441247908, 0.10192818480902968, 0.00817778970698115]
Timestep: 364, Trans probs: [0.4244394324559385, 0.033940712731588926, 0.3445549123989111, 0.027552669256769025, 0.08663305993270676, 0.006927697040825186, 0.07032769364345555, 0.005623822539804926]
Timestep: 365, Trans probs: [0.4114593193048178, 0.03279426559743147, 0.35835111516789325, 0.028561418095492484, 0.08357929008039064, 0.006661463986213827, 0.07279147755324186, 0.005801650214518627]
Timestep: 366, Trans probs: [0.3701114341128857, 0.029401461250410377, 0.40050731859731586, 0.03181609462152732, 0.074821577700146, 0.005943787504750374, 0.08096639740334595, 0.006431928809618268]
Timestep: 367, Trans probs: [0.38200482641753597, 0.030246594824643185, 0.38941931425209153, 0.03083366334801029, 0.07685740536018139, 0.0060854592362188315, 0.07834916215912746, 0.006203574402191398]
Timestep: 368, Trans probs: [0.37127154954757513, 0.029300409585770373, 0.357106402319172, 0.028182509180687577, 0.10116773763620363, 0.007984064906720463, 0.09730787845731535, 0.007679448366555624]
Timestep: 369, Trans probs: [0.3772202416395754, 0.05709275673619006, 0.3429724472065239, 0.05190931009022377, 0.07770333217588274, 0.011760496791547616, 0.07064865309621281, 0.010692762263843449]
Timestep: 370, Trans probs: [0.4207790345453941, 0.03458799397318867, 0.34605479417061513, 0.028445668991321903, 0.08626460647408636, 0.007090941905051843, 0.0709452662484746, 0.00583169369186758]
Timestep: 371, Trans probs: [0.4084674884147496, 0.0334666764536029, 0.3591718400261319, 0.029427771125800396, 0.08334572882973888, 0.00682870637112345, 0.0732872006491261, 0.006004588129726935]
Timestep: 372, Trans probs: [0.37107765735128084, 0.030304456463517482, 0.35858265966340397, 0.02928403902274022, 0.09908796275959852, 0.008092125176548387, 0.09575145396945718, 0.00781964559345329]
Timestep: 373, Trans probs: [0.37744345592874273, 0.05497703569551527, 0.34463902045029376, 0.050198861396977705, 0.07881479183589313, 0.011479874815777776, 0.0719648260650836, 0.010482133811716098]
Timestep: 374, Trans probs: [0.409349908401669, 0.034764978296851046, 0.353773261025336, 0.030045004259494985, 0.08507395591763375, 0.007225100507905088, 0.07352362904103744, 0.006244162550072706]
Timestep: 375, Trans probs: [0.4171034241317788, 0.03530833522620654, 0.3468322916335936, 0.02935979450603444, 0.08627756594954246, 0.007303505665024559, 0.07174202891557713, 0.006073053972242387]
Timestep: 376, Trans probs: [0.4052755173584864, 0.03419610692619788, 0.35946853501491527, 0.030331031442741917, 0.08343736918915146, 0.007040230845992713, 0.07400671292313102, 0.006244496299383542]
Timestep: 377, Trans probs: [0.3938552873856651, 0.0331254092017602, 0.37169023357419884, 0.03126120551832736, 0.08070795755120569, 0.006787985855079028, 0.07616594356934359, 0.00640597734442021]
Timestep: 378, Trans probs: [0.39905127005378044, 0.033454572038379655, 0.3672922126752934, 0.03079204280298483, 0.0813918163989073, 0.0068235051217475, 0.07491413405296764, 0.006280446855939267]
Timestep: 379, Trans probs: [0.4053013159393572, 0.03386968646167586, 0.36183795635312765, 0.030237597682628008, 0.08228123438929243, 0.006875969805294129, 0.07345762899543345, 0.006138610373191344]
Timestep: 380, Trans probs: [0.36991964585313847, 0.030814166332600354, 0.361667377013905, 0.0301267554651753, 0.09683947392728409, 0.008066691484511028, 0.09467915240325463, 0.007886737520130967]
Timestep: 381, Trans probs: [0.4142916599214386, 0.03440031065380516, 0.35023432738240234, 0.029081371480820573, 0.08605595183727904, 0.007145573428566387, 0.0727500727740867, 0.006040732521601047]
Timestep: 382, Trans probs: [0.37570748880377325, 0.031097400259667354, 0.3896158500325924, 0.03224859870254568, 0.07767900888162191, 0.006429510464795908, 0.08055461756023019, 0.006667525294773278]
Timestep: 383, Trans probs: [0.3717665098490748, 0.030673974889412817, 0.3633177584632537, 0.029976879317353954, 0.09543230961757944, 0.007873996692269795, 0.09326351862438062, 0.007695052546674829]
Timestep: 384, Trans probs: [0.4232574520058774, 0.034812107689519645, 0.3394609642525031, 0.027920008467523023, 0.08950186594785464, 0.0073613555556404035, 0.0717822913053758, 0.0059039547757059035]
Timestep: 385, Trans probs: [0.41172518791258983, 0.03375726769505684, 0.35179469276875, 0.02884357811020343, 0.08665861328268037, 0.007105122767681898, 0.07404463251351703, 0.006070904949520754]
Timestep: 386, Trans probs: [0.4003695057856062, 0.03272312060399314, 0.36394880325298173, 0.029746372814176636, 0.08387748551727554, 0.006855499819237662, 0.07624734160005857, 0.006231870606670665]
Timestep: 387, Trans probs: [0.38910223129689986, 0.031702701188105455, 0.3760129878867762, 0.03063623500201747, 0.08113799744559103, 0.006610842809729554, 0.07840854766876629, 0.006388456702114073]
Timestep: 388, Trans probs: [0.37796988714593904, 0.030699602590221135, 0.38793415814513715, 0.03150892410016072, 0.07845343008683203, 0.006372171983572577, 0.0805216669088305, 0.0065401590393067265]
Timestep: 389, Trans probs: [0.3629820026434226, 0.02939058495608607, 0.37602825107398224, 0.03044693725472397, 0.09139993792298699, 0.007400635901900187, 0.09468502172327779, 0.007666628523620212]
Timestep: 390, Trans probs: [0.3487768577241471, 0.04895525573931661, 0.34103455215928535, 0.04786852495272434, 0.0946012950749855, 0.013278491651901338, 0.09250129297598879, 0.012983729721650803]
Timestep: 391, Trans probs: [0.3871112754699447, 0.03255183760520841, 0.3738454589531271, 0.031436327072915826, 0.08214585417800485, 0.006907570702758188, 0.0793308190751917, 0.006670856942848992]
Timestep: 392, Trans probs: [0.35800278041684475, 0.030010682744044215, 0.37072981193918236, 0.0310775652549722, 0.09526809080492991, 0.007986140346308391, 0.09865488012912314, 0.008270048364595101]
Timestep: 393, Trans probs: [0.3833276007302463, 0.03203405833503043, 0.3750862521314736, 0.031345342361358115, 0.08312500042041705, 0.006946619829864393, 0.08133785515763732, 0.0067972710339728425]
Timestep: 394, Trans probs: [0.39733436630978913, 0.033102343372282954, 0.36188134546466216, 0.03014871496983791, 0.08576644790726792, 0.007145292854517064, 0.07811375052367905, 0.006507738597963724]
Timestep: 395, Trans probs: [0.38617400440720356, 0.032073673717778424, 0.37383981766800634, 0.031049258100641193, 0.08297526220069613, 0.006891508636262305, 0.08032507765425508, 0.0066713976151568585]
Timestep: 396, Trans probs: [0.37386424702219445, 0.030955994452191958, 0.38694552187788545, 0.032039125227829694, 0.07996195892152305, 0.006620857641447919, 0.08275977757089449, 0.00685251728603287]
Timestep: 397, Trans probs: [0.39798503071329266, 0.03285261091142319, 0.3636163475665798, 0.03001556708358549, 0.08473143550950984, 0.00699435573687596, 0.07741430638439369, 0.006390346094339285]
Timestep: 398, Trans probs: [0.3869633748074534, 0.031845263275981806, 0.3754220448856082, 0.03089546617929531, 0.08201143008372716, 0.006749154448933552, 0.07956540797005915, 0.006547858348941169]
Timestep: 399, Trans probs: [0.3764155210302665, 0.03088289416833258, 0.3867526848766938, 0.031731003556054294, 0.07941358857987481, 0.006515463137458081, 0.0815944531588275, 0.006694391492492214]
Timestep: 400, Trans probs: [0.3661451028226025, 0.02994932475897941, 0.39779772640976807, 0.032538393125530925, 0.07689890625952925, 0.0062900481241525575, 0.08354668637548208, 0.006833812123955171]
Timestep: 401, Trans probs: [0.3502770238649988, 0.028564982293637468, 0.3828713053331379, 0.03122303580436408, 0.09146968765783758, 0.0074593245640847345, 0.09998120437801902, 0.008153436103920381]
Timestep: 402, Trans probs: [0.3759112699710354, 0.03056301557261212, 0.3855064005438984, 0.03134313617166267, 0.08066639705131703, 0.006558484797372205, 0.08272540585041326, 0.006725890041688962]
Timestep: 403, Trans probs: [0.3660658482435612, 0.029673247335463546, 0.39613311075325036, 0.0321104955011452, 0.07819814835374429, 0.0063387311556363955, 0.08462104812875766, 0.006859370528441414]
Timestep: 404, Trans probs: [0.33713971164575923, 0.04566302326740901, 0.38912925337854787, 0.05270461336137183, 0.07169456877536223, 0.009710486925895196, 0.08275042380105975, 0.01120791884459476]
Timestep: 405, Trans probs: [0.3653663468503554, 0.030717794372613922, 0.3959167830794421, 0.033286290420946205, 0.07734782626673188, 0.0065029377853545595, 0.08381533443816207, 0.007046686786393678]
Timestep: 406, Trans probs: [0.37751141135841043, 0.03164352407719538, 0.38454757065851797, 0.03223330459647233, 0.07955971508028808, 0.006668804396293418, 0.08104257046514055, 0.00679309936768179]
Timestep: 407, Trans probs: [0.3771258048765534, 0.031516650989261444, 0.3857007170830712, 0.03223326202934883, 0.07912456583052307, 0.006612491889208501, 0.08092366362919443, 0.00676284367283899]
Timestep: 408, Trans probs: [0.36723245352938994, 0.03059824192904909, 0.39635750111323426, 0.0330249753062347, 0.07670686708818768, 0.006391306798259157, 0.08279045565036329, 0.006898198585281862]
Timestep: 409, Trans probs: [0.35781823975692406, 0.029725234307352813, 0.40653347586022354, 0.03377218230109485, 0.07440814767065346, 0.0061813495739871166, 0.08453845987678216, 0.00702291065298179]
Timestep: 410, Trans probs: [0.3680465950215068, 0.030484458313401873, 0.3970591874641972, 0.03288750503858957, 0.0761978000399022, 0.0063112896310142325, 0.08220436482678231, 0.006808799664605752]
Timestep: 411, Trans probs: [0.36456726487129193, 0.03010683384513769, 0.37066256487467847, 0.030610198250340146, 0.09346238804781624, 0.007718346815144799, 0.09502501132499251, 0.007847391970598071]
Timestep: 412, Trans probs: [0.3678182857376661, 0.030285615094699438, 0.3948134762070236, 0.03250835925850145, 0.07779210604314328, 0.006405287263801243, 0.08350148157197403, 0.0068753888231907825]
Timestep: 413, Trans probs: [0.3584700315142107, 0.029429242692310828, 0.40492090331374053, 0.033242710651357185, 0.07548001835140741, 0.006196668014619194, 0.08526078758630619, 0.006999637876047937]
Timestep: 414, Trans probs: [0.3491177961918365, 0.028577391156404553, 0.41502896415874035, 0.03397261663362626, 0.07318674115027307, 0.0059907748964038296, 0.08700392160204047, 0.0071217942106750875]
Timestep: 415, Trans probs: [0.36866262564859564, 0.030089193249258215, 0.3962354792340691, 0.032339611008604455, 0.07694433041135235, 0.006279977047059737, 0.08269911706197088, 0.006749666339089472]
Timestep: 416, Trans probs: [0.35049001622196363, 0.04586211356472246, 0.35595115335592636, 0.04657671107060893, 0.08823672466625246, 0.011545900025466198, 0.08961157938778881, 0.011725801707270918]
Timestep: 417, Trans probs: [0.3877917004661322, 0.03278698982766178, 0.3722625255808568, 0.031474030065027636, 0.08264931391067812, 0.006987829319697602, 0.0793396101487766, 0.0067080006811692326]
Timestep: 418, Trans probs: [0.3987144988458017, 0.03361200546819686, 0.3620972393685579, 0.030525136218790674, 0.08460575112348437, 0.007132344014666129, 0.0768357032543351, 0.006477321706167135]
Timestep: 419, Trans probs: [0.3973196890688209, 0.0333970409336345, 0.3422511875934826, 0.028768211684734063, 0.0982544463082404, 0.008258860196327988, 0.0846363818872077, 0.007114182327551839]
Timestep: 420, Trans probs: [0.35778739067967663, 0.029986854521949935, 0.4006046169259815, 0.03357544922351915, 0.07750126921134133, 0.006495531552110065, 0.08677602138160075, 0.007272866503820833]
Timestep: 421, Trans probs: [0.3485463132333347, 0.02912769911018656, 0.4106070712064792, 0.03431406033725743, 0.07516918742746816, 0.0062818207813856415, 0.08855351132031912, 0.007400336583569023]
Timestep: 422, Trans probs: [0.33945494607992843, 0.028285977285646094, 0.4204557559774955, 0.03503558307380873, 0.07288912931301443, 0.00607367864256421, 0.09028194852293833, 0.007522981104604095]
Timestep: 423, Trans probs: [0.3731719608218797, 0.047229569979327875, 0.3409690752013534, 0.043153892812690754, 0.09066967653212911, 0.011475379402423035, 0.08284533405960356, 0.010485111190592514]
Timestep: 424, Trans probs: [0.3485792494532436, 0.03005416065801692, 0.40657718814308585, 0.03505468599035498, 0.07637991454967359, 0.006585401243826487, 0.08908829466161584, 0.0076811053001825174]
Timestep: 425, Trans probs: [0.33968762129016117, 0.02920328858973215, 0.4162339997517367, 0.03578405821631434, 0.07410688528060996, 0.006371043928878399, 0.09080638603295732, 0.007806716909609931]
Timestep: 426, Trans probs: [0.33113580592114, 0.028386350983775573, 0.42554366671108046, 0.03647938901859591, 0.07192881040013245, 0.0061660394960424796, 0.09243594070019706, 0.007923996769036042]
Timestep: 427, Trans probs: [0.32298551788167923, 0.027608450999637026, 0.4344485558272189, 0.03713619032854849, 0.06985549341488685, 0.005971171647723487, 0.09396278331529757, 0.00803183658500824]
Timestep: 428, Trans probs: [0.31511649226159855, 0.02685897532504724, 0.4430687549505513, 0.037764995005837375, 0.06785988372329664, 0.005784041734545276, 0.09541421960044542, 0.008132637398678316]
Timestep: 429, Trans probs: [0.38567617146908184, 0.03277967239066664, 0.3732564968609183, 0.03172409028585694, 0.08269777574339726, 0.007028710085924237, 0.08003471397932815, 0.006802369184826347]
Timestep: 430, Trans probs: [0.3964882019009839, 0.03360287253350116, 0.36319077240183456, 0.03078087360947623, 0.08465017757393573, 0.00717420874900475, 0.07754118087152564, 0.006571712359738109]
Timestep: 431, Trans probs: [0.32790182978040605, 0.02771150834932108, 0.4325194108018867, 0.0365529075324365, 0.06970643127063363, 0.005891002052203147, 0.09194637493321561, 0.007770535279897563]
Timestep: 432, Trans probs: [0.385887673586683, 0.03251977300463259, 0.37527369400936783, 0.03162530492452543, 0.08168128298569866, 0.006883497357490471, 0.0794346098504803, 0.006694164281121824]
Timestep: 433, Trans probs: [0.3402993676117326, 0.028597275784825706, 0.4215952253528422, 0.03542902537138097, 0.0717247984241586, 0.00602743947349016, 0.08885950264098517, 0.007467365340584575]
Timestep: 434, Trans probs: [0.3755606514430691, 0.03147192432347549, 0.38706678915343434, 0.03243613687845077, 0.07881868329318815, 0.006604993431414439, 0.08123346934874638, 0.006807352128221186]
Timestep: 435, Trans probs: [0.38671722176137313, 0.03231620144531884, 0.3766366483350548, 0.03147381371806565, 0.08081597125727832, 0.006753423587535111, 0.0787093380730419, 0.006577381822332356]
Timestep: 436, Trans probs: [0.35240621220409807, 0.029366661687341197, 0.41167327056324865, 0.0343054953167242, 0.07333285646318591, 0.0061109626100277065, 0.08566584757722938, 0.007138693578145096]
Timestep: 437, Trans probs: [0.3432454310172138, 0.02852366160624933, 0.4215512646403857, 0.035030868689657255, 0.07112642027341205, 0.005910598539157055, 0.08735275026602395, 0.007259004967900996]
Timestep: 438, Trans probs: [0.377033505035918, 0.03124417665703122, 0.38847752927851004, 0.03219252504073476, 0.07780036283819822, 0.006447194342227547, 0.08016182203614929, 0.006642884771231001]
Timestep: 439, Trans probs: [0.3556103057862133, 0.029387289659852812, 0.4106143698457381, 0.03393277199454679, 0.07307098143345357, 0.006038514807289026, 0.08437324370836725, 0.006972522764539269]
Timestep: 440, Trans probs: [0.34615141631792806, 0.02852644097572664, 0.4207820518727728, 0.03467677380631914, 0.07082981510814093, 0.005837106089285024, 0.08610080308785681, 0.007095592741970818]
Timestep: 441, Trans probs: [0.33707168562951245, 0.027701540801865942, 0.4305658072882753, 0.03538516222805575, 0.06868474625697332, 0.005644714112815313, 0.08773594603561313, 0.007210397646888704]
Timestep: 442, Trans probs: [0.3570982535603271, 0.02926659909699113, 0.3889873875742124, 0.03188012770271684, 0.08527530298344894, 0.006988883536697087, 0.0928904496211081, 0.0076129959244982765]
Timestep: 443, Trans probs: [0.37751395929790904, 0.030854913197789244, 0.3877686040854965, 0.031693044257587975, 0.07851411624997076, 0.006417103744188354, 0.08064684367136776, 0.006591415495690554]
Timestep: 444, Trans probs: [0.3799002664491092, 0.030965142012457505, 0.36894617995828, 0.030072289667352065, 0.08917965565820063, 0.007268909621699786, 0.08660823955883036, 0.007059317074070481]
Timestep: 445, Trans probs: [0.34653830106446093, 0.028168861467515082, 0.41639615985717415, 0.03384735743954655, 0.07353323719576642, 0.005977254362542085, 0.08835663329603592, 0.007182195316958905]
Timestep: 446, Trans probs: [0.37640661062126385, 0.030513471486561927, 0.38724087842046867, 0.03139175340893084, 0.0795383632933705, 0.006447792126802142, 0.08182774903717692, 0.00663338160542495]
Timestep: 447, Trans probs: [0.358296315012472, 0.02896648566792875, 0.4060616097753975, 0.032828073600047206, 0.07539640143798429, 0.00609542629985115, 0.08544766679532916, 0.006908021410989662]
Timestep: 448, Trans probs: [0.3489313797459175, 0.028132786146393675, 0.41613486677837724, 0.033551104585832485, 0.07312041561731968, 0.0058953740904454915, 0.08720326166666272, 0.007030811369050951]
Timestep: 449, Trans probs: [0.3667622298122327, 0.02949040866579662, 0.3990089238118255, 0.03208328248667981, 0.07653808459450653, 0.006154230751473164, 0.08326751307054554, 0.006695326806940053]
Timestep: 450, Trans probs: [0.3606438314137472, 0.02892015329993603, 0.40582927567906335, 0.032543589669153924, 0.07494957330882769, 0.006010232148874256, 0.08434008403565602, 0.006763260444741614]
Timestep: 451, Trans probs: [0.35136958926374473, 0.02810061321156848, 0.4158010580594667, 0.03325348881208832, 0.072721048391596, 0.005815830725345154, 0.08605607823880984, 0.006882293297380673]
Timestep: 452, Trans probs: [0.34252399940129385, 0.02731952331122667, 0.4253418992782159, 0.033925032852833, 0.07059827809539833, 0.005630879318035933, 0.08766803419134363, 0.0069923535516524206]
Timestep: 453, Trans probs: [0.35745375781069727, 0.02843404706296575, 0.4111051389650668, 0.032701804397732265, 0.07337186639684967, 0.00583644473344861, 0.08438448518752853, 0.00671245544571113]
Timestep: 454, Trans probs: [0.35560187660037623, 0.04357754309476379, 0.3840352241301579, 0.047061932544991296, 0.07269140147204267, 0.008908031393283607, 0.07850368767323221, 0.009620303091152286]
Timestep: 455, Trans probs: [0.3726080871444949, 0.030639598216893025, 0.37810906448501996, 0.03109194410343992, 0.08601544184784278, 0.007073057911500478, 0.08728532570937243, 0.007177480581436508]
Timestep: 456, Trans probs: [0.3526228519149304, 0.028918863941738805, 0.4120991309709539, 0.033796558091285796, 0.0735397191976099, 0.0060310473987727166, 0.08594353488041721, 0.007048293604291034]
Timestep: 457, Trans probs: [0.34348973747386696, 0.028094843800111746, 0.4219293968156846, 0.03451061037628203, 0.07134062174316955, 0.0058351193814915455, 0.08763203734097452, 0.007167633068418969]
Timestep: 458, Trans probs: [0.3688728585687462, 0.030090750986157617, 0.39723566746868527, 0.032404443089142705, 0.07630117289536674, 0.006224257329353891, 0.08216800623753626, 0.006702843425011587]
Timestep: 459, Trans probs: [0.35611304345679357, 0.028972898540518176, 0.410682389137276, 0.033412590219531066, 0.07336264066197815, 0.00596868995286288, 0.08460443978131375, 0.006883308249726569]
Timestep: 460, Trans probs: [0.34638591298498767, 0.028107107315955372, 0.4210955075934061, 0.034169335929973364, 0.0710682963532742, 0.005766759436461755, 0.08639652827907474, 0.0070105521068669205]
Timestep: 461, Trans probs: [0.33690125780824537, 0.027265215279923847, 0.43126308995995394, 0.03490186135409415, 0.06884185621491895, 0.0055713298376512945, 0.08812359984337878, 0.007131789701833466]
Timestep: 462, Trans probs: [0.3467819842519486, 0.04118898479610489, 0.3959049457158126, 0.04702355811524458, 0.07057534424692587, 0.008382577276720695, 0.08057260498473247, 0.009570000612510373]
Timestep: 463, Trans probs: [0.3485621002208712, 0.02913151689524458, 0.4187724761539957, 0.03499943756539557, 0.07065203108606924, 0.005904832556273226, 0.08488337080960322, 0.007094234712547218]
Timestep: 464, Trans probs: [0.3393153862819694, 0.028283991241079262, 0.4286968563626638, 0.035734477776860285, 0.06850055311279853, 0.005709935719335319, 0.08654476916103486, 0.007214030344258545]
Timestep: 465, Trans probs: [0.3409352611621128, 0.02834435344158132, 0.4114564199796527, 0.03420727487663871, 0.07741931295915985, 0.006436413652958586, 0.09343320265225817, 0.007767761275637738]
Timestep: 466, Trans probs: [0.3388641385025486, 0.03904683127313609, 0.3821200840359673, 0.04403115217019868, 0.08257606348873553, 0.009515121996953889, 0.09311688294640147, 0.010729725586058602]
Timestep: 467, Trans probs: [0.371512825657058, 0.03186518389309269, 0.3922188025175815, 0.0336411650027079, 0.07650431288446304, 0.006561883817514447, 0.08076822094608734, 0.0069276052814951266]
Timestep: 468, Trans probs: [0.38369822684040544, 0.03282405140772037, 0.3807142746831127, 0.032568784658599075, 0.07869724045660383, 0.006732275746136638, 0.07808522615993328, 0.006679920047488779]
Timestep: 469, Trans probs: [0.34987701200125776, 0.029852493448687005, 0.4152146163198607, 0.035427282125763584, 0.07147301325233313, 0.006098279071462758, 0.08482020469148495, 0.007237099089150055]
Timestep: 470, Trans probs: [0.3530118547272138, 0.03949776325014167, 0.3724346183495275, 0.04167093593243139, 0.08463408458537565, 0.009469531946537005, 0.08929066423639871, 0.009990546972374201]
Timestep: 471, Trans probs: [0.38194454879126977, 0.03358995251122348, 0.3787484219393968, 0.03330887048108583, 0.07956866543849819, 0.006997632776587161, 0.07890283174881606, 0.006939076313122569]
Timestep: 472, Trans probs: [0.359301321514225, 0.03151606830937216, 0.4020776323680081, 0.035268186807598696, 0.07455195476017466, 0.006539314937437172, 0.08342767383111648, 0.007317847472067788]
Timestep: 473, Trans probs: [0.35002482671263874, 0.030622419549297585, 0.4120368884466459, 0.036047632924503976, 0.0723371972656785, 0.006328522535084293, 0.08515279890352177, 0.007449713662629337]
Timestep: 474, Trans probs: [0.34088160446463245, 0.029744949454823102, 0.4218604920936784, 0.036811077071820054, 0.07016672058953179, 0.0061226699534702, 0.086835331941682, 0.007577154430362059]
Timestep: 475, Trans probs: [0.33194818730303177, 0.028890285435686832, 0.43147038460176895, 0.03755195251845508, 0.06805646812762456, 0.005923125551388842, 0.08846064416329472, 0.007698952298749207]
Timestep: 476, Trans probs: [0.36482339221768917, 0.0396692106374684, 0.3841568407722357, 0.041771440536699574, 0.07450008720675093, 0.008100795384718402, 0.07844814436000908, 0.008530088884428829]
Timestep: 477, Trans probs: [0.34370221358680436, 0.030805494686831088, 0.4189255267957943, 0.03754764322059409, 0.06990804215586457, 0.006265749058538884, 0.0852082478078417, 0.00763708268773114]
Timestep: 478, Trans probs: [0.3344613449473832, 0.029899653209930186, 0.42883808534278256, 0.038336597722456664, 0.06775993370616358, 0.006057496777873917, 0.0868801153630367, 0.007766772930373128]
Timestep: 479, Trans probs: [0.35093169122401807, 0.03129104079265098, 0.3919496046127667, 0.034948428350326514, 0.08278810242482688, 0.007381852237641762, 0.0924646158312855, 0.008244664526483595]
Timestep: 480, Trans probs: [0.3459710719952222, 0.03076933687847124, 0.41514305781056804, 0.036921227329400626, 0.07146270280615363, 0.006355618012245194, 0.08575065190064267, 0.0076263332672964965]
Timestep: 481, Trans probs: [0.3363908295020231, 0.029840564657706275, 0.4253962269539531, 0.03773605729488945, 0.06921028163839724, 0.006139507094369923, 0.08752257818377174, 0.007763954674888917]
Timestep: 482, Trans probs: [0.32683299335507304, 0.02891840604918902, 0.43562205012604976, 0.038544135952147576, 0.06698080101714032, 0.005926506933800451, 0.08927591293230361, 0.00789919363429631]
Timestep: 483, Trans probs: [0.3363982307840367, 0.03557600928816782, 0.3975456332239737, 0.04204269180335352, 0.0781086048568853, 0.00826042528641695, 0.09230647469726563, 0.009761930059900252]
Timestep: 484, Trans probs: [0.3600541823387376, 0.032780698467850616, 0.39811845818211944, 0.03624621452077926, 0.0752146482731351, 0.00684782687258849, 0.08316620462150177, 0.007571766723287699]
Timestep: 485, Trans probs: [0.37211564752569726, 0.03379225107586735, 0.3867326856820754, 0.035119641167228, 0.0774295662746054, 0.007031468205233931, 0.08047106945296759, 0.00730767061632487]
Timestep: 486, Trans probs: [0.3390624517348034, 0.03071217178531199, 0.4204590514987397, 0.03808505056295251, 0.07027569463711082, 0.006365550638190979, 0.08714634062059338, 0.007893688522297231]
Timestep: 487, Trans probs: [0.36180830817809484, 0.03268919594478026, 0.39838312006704013, 0.03599371152791246, 0.07469731467335824, 0.006748864248590941, 0.08224838569918617, 0.007431099661036858]
Timestep: 488, Trans probs: [0.3667698836413449, 0.033053412582740006, 0.37989966426714544, 0.034236672374511334, 0.08382971470733845, 0.007554759184166273, 0.08683068565158071, 0.007825207591173028]
Timestep: 489, Trans probs: [0.3514782873157054, 0.03159529434917922, 0.4065627270377062, 0.036546977425730015, 0.07394582040597354, 0.006647181478723112, 0.08553476980582096, 0.007688942181161705]
Timestep: 490, Trans probs: [0.34081161627518813, 0.030559172389140653, 0.4178987136927187, 0.037471254567286456, 0.07142355348115227, 0.006404255545424731, 0.08757862027518462, 0.007852813773904508]
Timestep: 491, Trans probs: [0.3528340135341195, 0.03631894691905555, 0.3872947444943262, 0.03986616008594762, 0.07939435921275537, 0.008172453355724026, 0.08714867865940984, 0.008970643738662293]
Timestep: 492, Trans probs: [0.3716294066319239, 0.03426128408033821, 0.38287206163430976, 0.035297767711558174, 0.07934403231611449, 0.00731489054081872, 0.08174437407031732, 0.0075361830146193545]
Timestep: 493, Trans probs: [0.383732133331282, 0.03528803924871944, 0.371448500506575, 0.03415843534124344, 0.0816080542631819, 0.00750468353236559, 0.07899570234622044, 0.007264451430412274]
Timestep: 494, Trans probs: [0.35301188496457414, 0.03238145126520105, 0.40284155198461, 0.036952280188800646, 0.07478425448301936, 0.006859889978461496, 0.08534048405473604, 0.007828203080597198]
Timestep: 495, Trans probs: [0.342337389618878, 0.0313235566351208, 0.4141868392181862, 0.03789771526334351, 0.07224239230417552, 0.006610112524710538, 0.08740455770647336, 0.007997436729112182]
Timestep: 496, Trans probs: [0.3319708955960835, 0.030299085554534946, 0.42522184773548805, 0.0388101285838956, 0.06978404712790894, 0.006369211404733627, 0.08938645482432435, 0.00815832917303106]
Timestep: 497, Trans probs: [0.3730649507912079, 0.033964852133505904, 0.384793031573617, 0.035032608642766604, 0.07812026409229238, 0.007112282225649575, 0.08057613877597529, 0.007335871764985298]
Timestep: 498, Trans probs: [0.3460234719614149, 0.03142456215671396, 0.41249854622324944, 0.03746158066060936, 0.07217819472553437, 0.006554954649911384, 0.08604445306710744, 0.007814236555459127]
Timestep: 499, Trans probs: [0.36199754279136437, 0.032793764713397976, 0.39718509448228656, 0.03598144461336264, 0.07521981589147607, 0.006814247757344239, 0.08253147093601994, 0.007476618814748061]
