208.0,0.5,1
65.0,0.5342465753424657,0
55.0,0.2586206896551724,0
167.0,0.2,1
123.0,0.41197714760996335,1
135.0,0.44482503585453614,1
146.0,0.4892038250936669,1
79.0,0.5268434142122091,0
38.0,0.36785452039324495,0
94.0,0.30143751465983354,0
62.0,0.25410987030973947,0
85.0,0.21833405346745743,0
129.0,0.19071101519671269,1
140.0,0.3288706153483322,1
79.0,0.37659297302540806,0
170.0,0.26411145961179777,1
42.0,0.3885493011321425,0
24.0,0.28215476966630076,0
24.0,0.25250700700008316,0
117.0,0.23170197129519168,1
31.0,0.35969917584373146,0
157.0,0.25840820499557426,1
110.0,0.3828128638039174,1
167.0,0.4024955348230658,1
42.0,0.4189180355450452,0
47.0,0.2983868807179333,0
104.0,0.2746202997431349,0
130.0,0.3574440343902847,1
121.0,0.39014330300262573,1
44.0,0.40548302547595627,0
39.0,0.2890726131657493,0
167.0,0.26732420140065627,1
35.0,0.389244449786064,0
42.0,0.28315326974214033,0
69.0,0.2665410214247706,0
100.0,0.2543213287502421,0
25.0,0.3395982570303871,0
164.0,0.2420081977624163,1
124.0,0.34669988974054994,1
111.0,0.3657844616721981,1
62.0,0.37726142307915544,0
146.0,0.2680007214491143,1
138.0,0.3742642460294411,1
104.0,0.3929011065947718,0
24.0,0.386072297200867,0
115.0,0.2737045019228987,1
30.0,0.3800459266055425,0
105.0,0.278152829004437,1
134.0,0.38958480294456027,1
52.0,0.4029148830936729,0
57.0,0.2906652336515742,0
76.0,0.27722832867786196,0
169.0,0.2682444775206284,1
44.0,0.3828661043246371,0
168.0,0.2791455360338316,1
79.0,0.3913602441732244,0
59.0,0.28317675051622104,0
32.0,0.2747675128190261,0
172.0,0.2671463859876116,1
25.0,0.38017054199224626,0
60.0,0.2734961670444185,0
42.0,0.26649759137271534,0
161.0,0.2596857501053846,1
172.0,0.3706198916696575,1
74.0,0.37825722209501234,0
122.0,0.27105794037222786,1
110.0,0.3825010110721857,1
81.0,0.3887707424225544,0
113.0,0.2800040212528523,1
56.0,0.3935575780776463,0
78.0,0.28286876522738413,0
59.0,0.2787715692217186,0
54.0,0.272534076274504,0
174.0,0.26657399018976397,1
128.0,0.37713061735668596,1
130.0,0.3823091278187776,1
49.0,0.38824245161163623,0
25.0,0.28004892287001404,0
162.0,0.27329616985145466,1
62.0,0.3844642828030187,0
95.0,0.27771901071736216,0
105.0,0.2724894969065007,1
97.0,0.3832015705984526,0
38.0,0.2755210203445532,0
64.0,0.2717213322205019,0
92.0,0.2666010605024448,0
153.0,0.2616606485993515,1
84.0,0.3699354097262862,0
28.0,0.2649494641256965,0
162.0,0.26133378491559855,1
68.0,0.3692553506936653,0
30.0,0.2633623997792354,0
105.0,0.26100980875334023,1
130.0,0.36857148828553543,1
101.0,0.37069103609723436,0
117.0,0.367140111082233,1
152.0,0.3734047681642434,1
129.0,0.378190909874357,1
107.0,0.38293573380613155,1
141.0,0.3875960537630216,1
82.0,0.39217449786893827,0
53.0,0.2842519298152706,0
32.0,0.2790663268821459,0
113.0,0.2746064023254034,1
132.0,0.3839392443045103,1
66.0,0.389561658057534,0
43.0,0.28220530611147426,0
74.0,0.27663842098040947,0
140.0,0.272405809807683,1
85.0,0.3810659605529148,0
34.0,0.27679177838931357,0
42.0,0.2718675981759055,0
63.0,0.26789085519686956,0
133.0,0.26402786992794874,1
81.0,0.37089943042231127,0
105.0,0.2685079092638197,1
105.0,0.37487575945284307,1
90.0,0.3792564023061842,0
161.0,0.2737876575475517,1
70.0,0.38150037520005264,0
78.0,0.275552036354716,0
114.0,0.27266070636986145,1
164.0,0.3806727304829603,1
113.0,0.3833041715543063,1
85.0,0.38705591119690713,0
136.0,0.2804898897352159,1
56.0,0.3895773412264414,0
139.0,0.2820536754797738,1
46.0,0.3928704088159371,0
85.0,0.2835099565649761,0
89.0,0.2824958540554953,0
88.0,0.2789213976988365,0
62.0,0.2754766586755901,0
73.0,0.2721074598752568,0
56.0,0.26881083847626436,0
27.0,0.2655836343455586,0
165.0,0.2624253615156505,1
130.0,0.36795719145227906,1
131.0,0.3717063295510544,1
52.0,0.37509782690214816,0
113.0,0.27067799560109884,1
45.0,0.3761240349153133,0
171.0,0.27222442963982185,1
68.0,0.3792470965936682,0
149.0,0.27370366634515825,1
146.0,0.38227095817201995,1
112.0,0.3835173113419608,1
164.0,0.38673022767573173,1
99.0,0.38988313013616904,0
119.0,0.28327258224353813,1
54.0,0.3920743865036963,0
59.0,0.2845524207542651,0
101.0,0.282593824684725,0
67.0,0.38301137456368306,0
45.0,0.27672013916782684,0
37.0,0.2735977618444753,0
139.0,0.27071393824618895,1
114.0,0.3771282981720304,1
43.0,0.38065883835619246,0
52.0,0.2756025967809759,0
24.0,0.2721556987362558,0
165.0,0.26936700012790177,1
158.0,0.3754087063955294,1
45.0,0.3793389148481704,0
81.0,0.2745564999213599,0
115.0,0.27080487240006723,1
134.0,0.3769902399874535,1
146.0,0.38086699629849685,1
76.0,0.3836792072195462,0
77.0,0.27825636973004286,0
171.0,0.27388738963458314,1
152.0,0.3804851878041605,1
66.0,0.3850263566481719,0
90.0,0.2794750382057238,0
78.0,0.2751560352437271,0
167.0,0.2725010151777334,1
105.0,0.3787779802483368,1
132.0,0.3836633215139342,1
84.0,0.3863528606280282,0
158.0,0.280620344692162,1
151.0,0.38516202851917103,1
146.0,0.3901756569074913,1
65.0,0.3927995445701501,0
160.0,0.2861398737423627,1
119.0,0.39129546020212913,1
125.0,0.39644810733906216,1
37.0,0.39900996725495885,0
76.0,0.2914882736102995,0
162.0,0.2858990703196667,1
56.0,0.39408309768562355,0
52.0,0.2901775924204007,0
76.0,0.28530857481892996,0
134.0,0.28271291675458937,1
142.0,0.39040813681337805,1
133.0,0.39585873396999804,1
97.0,0.3983292568814539,0
54.0,0.2909859870395206,0
60.0,0.28525669451933056,0
89.0,0.28267497058708313,0
51.0,0.280235937816083,0
40.0,0.27783771220333087,0
58.0,0.2754756029492925,0
61.0,0.27314723096153876,0
133.0,0.270851728601756,1
74.0,0.37632026327639895,0
40.0,0.2773243060171083,0
166.0,0.2708414769924729,1
69.0,0.37602366254812103,0
130.0,0.2765161066223514,1
62.0,0.37848118706487066,0
57.0,0.27764598501842,0
134.0,0.27246268471325685,1
58.0,0.3779628479764424,0
127.0,0.27681374391476066,1
49.0,0.38021788791094896,0
51.0,0.2778669573084835,0
62.0,0.27398013223507056,0
170.0,0.27182148343395335,1
168.0,0.37722738067492917,1
42.0,0.3817042965757642,0
126.0,0.27705903492255357,1
72.0,0.38091896707485057,0
155.0,0.2780059266711924,1
174.0,0.3829424658238326,1
54.0,0.38609545480161184,0
110.0,0.280769040656695,1
160.0,0.3864473397444315,1
164.0,0.3892335944268646,1
85.0,0.39129975130684813,0
45.0,0.28520692222234245,0
126.0,0.2819349593608609,1
62.0,0.388894971718826,0
81.0,0.28427168468033626,0
137.0,0.28150569938667147,1
148.0,0.38836462776894876,1
45.0,0.391102191199882,0
96.0,0.2850877182373313,0
112.0,0.28233338250310386,1
171.0,0.3892795740560473,1
112.0,0.391990899754824,1
44.0,0.39395067198755157,0
120.0,0.2875404067418809,1
156.0,0.3939453627114517,1
108.0,0.39678689977459836,1
90.0,0.39870798689494513,0
42.0,0.2916386896620248,0
90.0,0.28830796764840505,0
112.0,0.2862801164599394,1
104.0,0.3937707147474339,0
142.0,0.39401471479097516,1
161.0,0.3964555332004012,1
45.0,0.3983195068606462,0
136.0,0.29134272330386063,1
133.0,0.39857614572145506,1
85.0,0.4009968200574204,0
24.0,0.29366492332796806,0
61.0,0.29111771701710376,0
167.0,0.28916256574557675,1
116.0,0.3970027216894253,1
61.0,0.39973055091554294,0
119.0,0.2926057129386243,1
93.0,0.3999553058606293,0
49.0,0.2933129763043645,0
115.0,0.2912232092242763,1
52.0,0.3993217841852841,0
46.0,0.29238401570378275,0
152.0,0.29071544891150586,1
124.0,0.3987029436118026,1
119.0,0.40012698756259285,1
160.0,0.4018598217281432,1
117.0,0.40358149775076035,1
74.0,0.4052915712052198,0
49.0,0.2974449153470562,0
77.0,0.29459718781365646,0
144.0,0.2927219642512053,1
172.0,0.4009536177709443,1
146.0,0.40400353618796325,1
27.0,0.4056961890105645,0
75.0,0.2978217838279438,0
56.0,0.2943660897005302,0
99.0,0.2925082096032301,0
154.0,0.2906984330869424,1
165.0,0.3985536768799588,1
37.0,0.4025921976860629,0
94.0,0.29522208574335557,0
52.0,0.29132420172820644,0
133.0,0.28950805502356614,1
97.0,0.39713199412235717,0
82.0,0.2927967312273958,0
97.0,0.28912701574138716,0
72.0,0.2873602952535778,0
71.0,0.28565120086879103,0
158.0,0.2839610319960667,1
54.0,0.3906375109779175,0
134.0,0.28758392702851693,1
69.0,0.3922147724110534,0
48.0,0.288284498563063,0
126.0,0.2849567760106893,1
87.0,0.39171809417296055,0
74.0,0.287540907146479,0
76.0,0.2845875682025119,0
87.0,0.282945045076848,0
173.0,0.2813373419150844,1
26.0,0.3874960029800755,0
136.0,0.2840440007517575,1
155.0,0.38898981223058077,1
169.0,0.39185402667402663,1
167.0,0.39340556610046484,1
82.0,0.39492621050962795,0
64.0,0.28867001429030326,0
66.0,0.2851729045475565,0
134.0,0.2835518089618478,1
123.0,0.39001476450447403,1
41.0,0.393914246707934,0
113.0,0.2878751727709072,1
171.0,0.39256591679013897,1
123.0,0.39613359546513255,1
76.0,0.39765467486447975,0
93.0,0.29104259484591233,0
141.0,0.28726250508851614,1
132.0,0.3942203279873442,1
93.0,0.3981724345990024,0
75.0,0.2915584161147195,0
39.0,0.28781120161159013,0
90.0,0.2862178130107805,0
171.0,0.28468752399975433,1
26.0,0.39124769309025825,0
63.0,0.28814725496811366,0
114.0,0.2844282658031131,1
42.0,0.39086397459167516,0
97.0,0.2874843695970995,0
115.0,0.2841038884991278,1
85.0,0.3904800297468452,0
77.0,0.28682886001976055,0
90.0,0.2837834938678456,0
102.0,0.28229574514437794,0
157.0,0.3845549760278527,1
60.0,0.3889715579990943,0
95.0,0.2837252929906763,0
170.0,0.2806103323763739,1
98.0,0.386362153134997,0
121.0,0.283085486768512,1
79.0,0.38770797391323686,0
158.0,0.28370322765332256,1
112.0,0.3890020704245761,1
54.0,0.3910609008259189,0
80.0,0.28547958020109565,0
41.0,0.28341814189918807,0
121.0,0.2820136731735418,1
89.0,0.38798181957818356,0
33.0,0.2836569351494005,0
163.0,0.28173417463129197,1
108.0,0.3876318638108246,1
39.0,0.3895525277984811,0
143.0,0.28420976061663966,1
85.0,0.3898643237329895,0
48.0,0.28477724934434523,0
134.0,0.283354755757839,1
164.0,0.38949520425439493,1
157.0,0.39082453209186,1
131.0,0.3921415455120311,1
52.0,0.3934516572964126,0
27.0,0.2875583703190788,0
164.0,0.28553066442341657,1
163.0,0.39199363260438325,1
81.0,0.39400662945658727,0
79.0,0.28804964149628526,0
41.0,0.28603105902475234,0
107.0,0.2846839868444541,1
86.0,0.390987591386321,0
128.0,0.2862835458315321,1
61.0,0.3921795256011908,0
168.0,0.2868218717963762,1
117.0,0.393346406802124,1
139.0,0.39444016127414294,1
108.0,0.39570179840538416,1
53.0,0.3969576782860521,0
129.0,0.2906010552242344,1
59.0,0.39725929133757415,0
104.0,0.291103981370253,0
48.0,0.39496636579285926,0
161.0,0.28885102953761166,1
168.0,0.3953100879352777,1
27.0,0.39672565583379144,0
65.0,0.29041801847550136,0
122.0,0.2889065537306685,1
92.0,0.3958123008675901,0
150.0,0.2898026668369167,1
50.0,0.3969189023551862,0
116.0,0.290290207825059,1
45.0,0.3980110287871749,0
24.0,0.2907652133604857,0
117.0,0.290474190843943,1
148.0,0.3975855018524068,1
146.0,0.3975976007907766,1
111.0,0.3988075081491408,1
142.0,0.4000022340129968,1
46.0,0.40119172789706004,0
111.0,0.29429099743495996,1
85.0,0.4021595859141545,0
164.0,0.2947426173883536,1
143.0,0.4031989257639776,1
102.0,0.403394493910147,0
49.0,0.4024148288678835,0
111.0,0.2951216136423903,1
56.0,0.40360374008075356,0
98.0,0.29555474741795973,0
156.0,0.29534082356226304,1
64.0,0.40314266163510537,0
28.0,0.2949139513799752,0
146.0,0.2949665847913803,1
94.0,0.4026917834888433,0
69.0,0.29428100906590743,0
58.0,0.2945976028536688,0
70.0,0.29334724158032843,0
161.0,0.29212611099733676,1
117.0,0.39940587894946766,1
109.0,0.3991636937354448,1
109.0,0.4003123207296981,1
94.0,0.4014419172102624,0
106.0,0.2945509192982037,1
81.0,0.40290517153263544,0
27.0,0.29496712521171964,0
58.0,0.29481120668947725,0
168.0,0.29359654809007585,1
76.0,0.4010704065177812,0
90.0,0.2933387458394676,0
154.0,0.29325778920385703,1
131.0,0.4006553913469094,1
145.0,0.40044198972239525,1
43.0,0.40155692616820854,0
37.0,0.294670017197799,0
47.0,0.2943174551244754,0
66.0,0.29313278396505876,0
25.0,0.2919615969524101,0
63.0,0.29079866914436436,0
66.0,0.2896440627899136,0
64.0,0.2884975647623999,0
39.0,0.28735913001851326,0
113.0,0.2862284042373349,1
164.0,0.39247457829350163,1
117.0,0.3939519728192863,1
130.0,0.3950313329536761,1
131.0,0.3961038719733203,1
136.0,0.39717208484829825,1
120.0,0.39823610740516563,1
66.0,0.39929561152176946,0
60.0,0.29274660869036856,0
131.0,0.29001010450765474,1
156.0,0.3968068210655494,1
31.0,0.3996663161581167,0
116.0,0.29310355792678955,1
162.0,0.3985602990297957,1
54.0,0.4011909299084955,0
31.0,0.2944169483398054,0
144.0,0.2918653762037807,1
25.0,0.3989380783272475,0
109.0,0.29384545444403865,1
34.0,0.39989378776785045,0
128.0,0.29425810497077737,1
79.0,0.40081611181440446,0
44.0,0.29466166639207725,0
131.0,0.29316651460999493,1
85.0,0.4004393712679182,0
141.0,0.2941125080256033,1
41.0,0.4013491266087919,0
25.0,0.2945043926312585,0
137.0,0.2936412383437579,1
138.0,0.4009721839477101,1
141.0,0.4016712546370308,1
146.0,0.4026788855221021,1
150.0,0.40368273538055466,1
108.0,0.4046827000250872,1
56.0,0.4056788838660911,0
123.0,0.29830494256840223,1
166.0,0.40554095960048975,1
76.0,0.40708528124111465,0
29.0,0.2995328533985326,0
80.0,0.297916462444542,0
63.0,0.29681800531704305,0
75.0,0.2957298857972415,0
117.0,0.2946487927963024,1
54.0,0.4020939603726552,0
105.0,0.29618958350361946,1
72.0,0.4029751853072242,0
163.0,0.2965656865713738,1
171.0,0.40383534840091695,1
24.0,0.40504112360250605,0
57.0,0.29777450508828285,0
104.0,0.2964687884848316,0
79.0,0.4014887318385883,0
143.0,0.29506539951459115,1
144.0,0.40172385452152565,1
121.0,0.40328515739536264,1
68.0,0.40424530397677255,0
133.0,0.2970945196745518,1
150.0,0.4039777886257103,1
57.0,0.40559835876996975,0
131.0,0.29827570574129686,1
159.0,0.40551061947058203,1
56.0,0.4069445531425572,0
47.0,0.29944516248933756,0
43.0,0.29793786955690094,0
46.0,0.29689206787151556,0
170.0,0.295855118331816,1
129.0,0.40341871894758236,1
54.0,0.4052051862126386,0
170.0,0.2979498067419071,1
29.0,0.40493546546040765,0
154.0,0.298294783364887,1
94.0,0.40575005521357926,0
64.0,0.2986402461189687,0
104.0,0.2975748229573067,0
116.0,0.40281464516066623,1
58.0,0.40439230523952413,0
107.0,0.2972497396174812,1
145.0,0.40500553577639264,1
35.0,0.4056984624649853,0
167.0,0.298383957778157,1
58.0,0.4064737913103509,0
34.0,0.2987162142302526,0
67.0,0.29822546725914867,0
100.0,0.2972219668793619,0
87.0,0.40243479420299616,0
129.0,0.2953278280193461,1
68.0,0.4026495815137938,0
72.0,0.2956692866159533,0
134.0,0.2949449886655582,1
148.0,0.4023060475459895,1
168.0,0.40287277414236855,1
145.0,0.40376715159915916,1
99.0,0.40465836044779446,0
46.0,0.2975000683980127,0
66.0,0.29636531233870306,0
84.0,0.29539022468523074,0
159.0,0.29442093764957883,1
156.0,0.4016840018804485,1
103.0,0.4030501728991927,0
101.0,0.4023103108721486,0
113.0,0.40136580596010474,1
73.0,0.4024886195186506,0
120.0,0.29563428000886377,1
157.0,0.4027797503835758,1
122.0,0.403743715585598,1
159.0,0.4046142399310558,1
105.0,0.405481723989833,1
87.0,0.40634628546983215,0
50.0,0.2989802898699229,0
31.0,0.2973180024228423,0
142.0,0.2963562316477312,1
39.0,0.403882982267456,0
27.0,0.2976692852962849,0
132.0,0.2960798910526405,1
130.0,0.4035514326196045,1
95.0,0.40512033346008647,0
135.0,0.29793210083806265,1
130.0,0.4049370645159013,1
48.0,0.40633409431771933,0
44.0,0.29898572014150643,0
69.0,0.2975382861725745,0
135.0,0.2965973776841376,1
120.0,0.4041353229368064,1
108.0,0.40569079348468573,1
140.0,0.4065352040998249,1
58.0,0.4073707929462009,0
107.0,0.29988965466699047,1
163.0,0.4067300752761682,1
87.0,0.4085406788696397,0
158.0,0.3009189650907679,1
36.0,0.4080696268577569,0
165.0,0.3012162062101499,1
160.0,0.4087902534122467,1
166.0,0.41005640338874944,1
120.0,0.41087937316884027,1
76.0,0.411697012546898,0
168.0,0.30366417311259003,1
97.0,0.41131589014225817,0
88.0,0.3039498255052662,0
130.0,0.3025651867329219,1
95.0,0.4109457985874075,0
111.0,0.30344867308052303,1
103.0,0.41164700824516076,0
112.0,0.41106295515699587,1
117.0,0.4120899315156274,1
60.0,0.41289404750810293,0
75.0,0.30471901991626577,0
32.0,0.3039893810424469,0
96.0,0.3030701329993161,0
44.0,0.30215579956645655,0
103.0,0.3012463391768006,0
53.0,0.4071721530261809,0
87.0,0.3000832183933467,0
83.0,0.29855128111123336,0
31.0,0.29765617101023784,0
105.0,0.2967701871158907,1
104.0,0.4042623132595164,0
72.0,0.40460415026554275,0
50.0,0.2973697756013137,0
144.0,0.29564071046686435,1
137.0,0.4029439835922188,1
123.0,0.4046872703512558,1
100.0,0.40548364068653475,0
70.0,0.4048135291003277,0
102.0,0.2975513062891578,0
54.0,0.4016250835196836,0
89.0,0.29605988261800653,0
36.0,0.29380929557825614,0
163.0,0.29293494749406196,1
45.0,0.39981250975714266,0
128.0,0.2949005760491495,1
29.0,0.4005408629942166,0
162.0,0.2952108927641718,1
145.0,0.4012365955683385,1
77.0,0.40303665617650486,0
46.0,0.2961926116465858,0
43.0,0.29442513274570675,0
118.0,0.2935736526564626,1
38.0,0.4005329852476102,0
164.0,0.29504330339880536,1
95.0,0.40123269044901666,0
54.0,0.29534323486536257,0
135.0,0.2939430660486353,1
98.0,0.4009457666588353,0
123.0,0.29492880512113884,1
107.0,0.40162837158323356,1
76.0,0.4026748828039809,0
47.0,0.29588076832852356,0
68.0,0.29477680462543604,0
92.0,0.29395010781294706,0
144.0,0.29312819161671,1
163.0,0.39999526327160084,1
153.0,0.401322986241036,1
106.0,0.40207934538070406,1
60.0,0.4028295334232938,0
111.0,0.29601999772579496,1
139.0,0.40232715769891864,1
25.0,0.4038951711766386,0
164.0,0.2969516413410368,1
141.0,0.40353732787229285,1
124.0,0.40496129594630215,1
122.0,0.4057069744688301,1
162.0,0.4064449704450534,1
103.0,0.4071807875353672,0
80.0,0.40654855744772767,0
76.0,0.29910080798715843,0
42.0,0.2970362646558242,0
155.0,0.29620363018478246,1
73.0,0.40351678661599094,0
86.0,0.2979669433190842,0
58.0,0.29598146603706393,0
49.0,0.29515944793566357,0
86.0,0.2943553408427939,0
58.0,0.29355508334514674,0
153.0,0.2927585627507236,1
125.0,0.3995296962828321,1
34.0,0.4021411988330658,0
44.0,0.2954746674601643,0
91.0,0.2930297213690794,0
30.0,0.29221266990245864,0
130.0,0.29142620423980864,1
46.0,0.39797979383017074,0
38.0,0.293708624676882,0
35.0,0.29125392733218813,0
29.0,0.2904469040875459,0
69.0,0.2896714659597622,0
130.0,0.2889000092833614,1
165.0,0.39504241535469464,1
47.0,0.3980864511978483,0
80.0,0.2920004948774338,0
49.0,0.2892027612034435,0
103.0,0.28839666313954115,0
107.0,0.39248031249341175,1
32.0,0.39613076957413806,0
73.0,0.290334681492996,0
90.0,0.28750380612496695,0
79.0,0.2867070474919486,0
28.0,0.285955327124332,0
135.0,0.2852076243812793,1
116.0,0.39073156726394537,1
168.0,0.39417715218876087,1
83.0,0.3949547765901676,0
32.0,0.2892693166705011,0
125.0,0.2859840883545727,1
131.0,0.39155476610100803,1
64.0,0.39516573854647385,0
157.0,0.2895257116151169,1
51.0,0.392797463106342,0
139.0,0.2897611013239293,1
136.0,0.3934478835396944,1
135.0,0.39655984474687267,1
70.0,0.3973106655863689,0
144.0,0.29130243143044576,1
92.0,0.39511080112124264,0
39.0,0.2915393483706694,0
71.0,0.28880673144807173,0
167.0,0.2880276807624876,1
44.0,0.3939861285210106,0
81.0,0.2905628285294301,0
48.0,0.2878955280486791,0
78.0,0.2871261616158614,0
86.0,0.28639757061966303,0
63.0,0.28567264896888955,0
173.0,0.2849507162361566,1
98.0,0.39039649840398555,0
41.0,0.2877289241733355,0
170.0,0.2848486052159431,1
66.0,0.3902180143737319,0
39.0,0.28741528199028665,0
74.0,0.2846918074515311,0
59.0,0.2839386974052846,0
104.0,0.2832287350468806,0
147.0,0.3865160712315647,1
54.0,0.3902564132058701,0
141.0,0.2853286698335473,1
89.0,0.3882640382149231,0
102.0,0.28558151079897054,0
72.0,0.3870598776060221,0
173.0,0.28437942143635747,1
132.0,0.387274016448574,1
83.0,0.390233509382899,0
171.0,0.28529263163085045,1
110.0,0.38840492556417283,1
64.0,0.3912453350258717,0
116.0,0.28615619691205596,1
139.0,0.38952684150113065,1
98.0,0.3922489160871044,0
155.0,0.2870135984504374,1
73.0,0.3906416975004185,0
167.0,0.2872710059526245,1
119.0,0.39126609529673806,1
162.0,0.39358369564168044,1
103.0,0.3942684769762406,0
116.0,0.3937341278491974,1
115.0,0.394589394025387,1
29.0,0.3952451763467057,0
26.0,0.2895528273951818,0
168.0,0.287336878925074,1
152.0,0.39310516661710854,1
118.0,0.39548837089662825,1
149.0,0.39616702742394494,1
164.0,0.3968133474789744,1
77.0,0.3974575277390204,0
46.0,0.2914604260567367,0
119.0,0.28880659768105515,1
120.0,0.39478792015112835,1
165.0,0.3976664420864031,1
77.0,0.39835670898065256,0
53.0,0.2922391737944436,0
30.0,0.2894478445458394,0
85.0,0.28871027140467637,0
109.0,0.2880181265385961,1
76.0,0.39390814798073603,0
58.0,0.2906768177836524,0
96.0,0.2879068694537431,0
113.0,0.2871781430530046,1
103.0,0.39292507954100175,0
43.0,0.39497286882455235,0
130.0,0.2892503762816115,1
100.0,0.39279581385206513,0
72.0,0.39462175677872546,0
122.0,0.28894281800049965,1
114.0,0.3926098892168498,1
149.0,0.3954090184159157,1
117.0,0.39608506905536317,1
121.0,0.3967116914466824,1
169.0,0.3973355766329533,1
76.0,0.39795801223807675,0
94.0,0.29190605742077547,0
102.0,0.2887329779437068,0
123.0,0.3929000180487447,1
135.0,0.3968234837967903,1
45.0,0.39753527142030676,0
42.0,0.2915471075363388,0
134.0,0.2882941923878669,1
56.0,0.39412831038299734,0
151.0,0.2911658154215325,1
173.0,0.3947900410049573,1
142.0,0.39802186317551985,1
68.0,0.39870487689226947,0
146.0,0.2925584229687319,1
156.0,0.39627790571365973,1
141.0,0.3995423601356291,1
105.0,0.40022303525247227,1
26.0,0.4008320017960545,0
127.0,0.29439556319059645,1
60.0,0.39819877019268446,0
33.0,0.2945835462364039,0
91.0,0.29157545669079915,0
37.0,0.29084949903939294,0
112.0,0.2901797256951724,1
140.0,0.3963748327950721,1
138.0,0.3999401824884889,1
147.0,0.40062772544534375,1
86.0,0.40122894691140354,0
44.0,0.29474417938346636,0
153.0,0.29122676354028637,1
54.0,0.39749029658674606,0
66.0,0.2943410329133104,0
157.0,0.291057401800915,1
143.0,0.39730160005993553,1
159.0,0.40098954535623865,1
57.0,0.40167693590001996,0
72.0,0.2951384062556882,0
161.0,0.2916480400431905,1
123.0,0.3979709777028887,1
42.0,0.40179545263418637,0
74.0,0.29533027966865955,0
123.0,0.2918556861535555,1
108.0,0.3982081656559302,1
119.0,0.4020167939883262,1
132.0,0.40270452869477147,1
134.0,0.4032915429535106,1
100.0,0.4038739313284693,0
163.0,0.40337668132394017,1
92.0,0.4041469454497234,0
80.0,0.2972861763289487,0
122.0,0.29365814436349885,1
108.0,0.4002750055544849,1
98.0,0.40424343836494425,0
47.0,0.29746476846179754,0
161.0,0.2938538436554625,1
108.0,0.4004976946504588,1
137.0,0.4044493455198601,1
135.0,0.40513542694068516,1
174.0,0.40571186329251985,1
81.0,0.40628324554415995,0
149.0,0.29913942984238223,1
109.0,0.40283382183609173,1
163.0,0.40698793710061315,1
62.0,0.40768504237784475,0
41.0,0.3003636090069743,0
174.0,0.29634699322993335,1
66.0,0.4033359075747828,0
163.0,0.29991583021148055,1
42.0,0.403991762922336,0
126.0,0.30016719648502665,1
150.0,0.40452490537194774,1
25.0,0.40829504429727365,0
66.0,0.30098424832213755,0
67.0,0.2974527463345048,0
91.0,0.29672123728811967,0
81.0,0.29606986878069574,0
133.0,0.29542294311616213,1
130.0,0.40238422773976623,1
166.0,0.4065430576753191,1
91.0,0.4072268418081357,0
56.0,0.2999733585911828,0
55.0,0.29606070401926415,0
88.0,0.29531513561210604,0
82.0,0.29467137148653105,0
160.0,0.2940330602393218,1
148.0,0.40077276198996503,1
135.0,0.40536398421944564,1
157.0,0.4060748070299976,1
94.0,0.40663181657398945,0
85.0,0.2994570935308672,0
96.0,0.2950500904177145,0
33.0,0.2942787251257029,0
36.0,0.2936406282687229,0
47.0,0.293009610542346,0
166.0,0.29238108335130014,1
98.0,0.3988547206861682,0
98.0,0.29680585297849016,0
73.0,0.29238551932636686,0
119.0,0.291617110872357,1
162.0,0.397960021353591,1
163.0,0.4031478625316479,1
49.0,0.4039009594515511,0
131.0,0.2971025826908793,1
110.0,0.39948354947306514,1
57.0,0.4045082787620968,0
28.0,0.2977987120779029,0
60.0,0.2931204658331153,0
106.0,0.29234261478892887,1
154.0,0.39879119476217806,1
115.0,0.4040735462599901,1
67.0,0.4048290167904199,0
58.0,0.29791181979251735,0
76.0,0.2930406436972546,0
57.0,0.2922509745358064,0
174.0,0.291629020674261,1
122.0,0.39796680929482886,1
132.0,0.4035554190662983,1
128.0,0.4043357381226839,1
45.0,0.4048791634024739,0
125.0,0.29795053267734867,1
119.0,0.3998965753784332,1
69.0,0.4054092939410281,0
154.0,0.29862997785131085,1
93.0,0.40080746806683426,0
75.0,0.2986616868845046,0
102.0,0.29392611407060903,0
36.0,0.3988739474746878,0
74.0,0.29707486862825183,0
95.0,0.29211735454597676,0
141.0,0.2913217159365922,1
172.0,0.3975892398178638,1
120.0,0.4034307130760384,1
49.0,0.4042277070721975,0
70.0,0.2974040641805764,0
171.0,0.29205294121994313,1
162.0,0.39819271211007334,1
98.0,0.4041320255827313,0
147.0,0.29755803963597366,1
154.0,0.39934245633432425,1
77.0,0.4049404019615824,0
78.0,0.2982397924764703,0
50.0,0.2930175992270394,0
163.0,0.2922127348936263,1
29.0,0.3986097944394523,0
169.0,0.2972070826937815,1
148.0,0.3993654346758025,1
136.0,0.4048114614690541,1
54.0,0.40557036310906636,0
97.0,0.2985734466514467,0
143.0,0.29338001176690276,1
99.0,0.399731481969543,0
140.0,0.298056497916331,1
125.0,0.4004599649878566,1
31.0,0.4057780254382344,0
128.0,0.2989480788912966,1
100.0,0.4013526917948852,0
159.0,0.40561734822013,1
63.0,0.4065163406027311,0
172.0,0.2994030669971445,1
164.0,0.4023526820260052,1
79.0,0.407103750425658,0
80.0,0.3000576003209396,0
172.0,0.29562340049765845,1
83.0,0.4023808503137746,0
37.0,0.29961574830307613,0
85.0,0.29546087325580983,0
77.0,0.2947432224390877,0
121.0,0.2941493646917233,1
48.0,0.40083843376063105,0
29.0,0.29832040888998734,0
28.0,0.29414216290221706,0
110.0,0.2934284182522064,1
112.0,0.3999976639767881,1
31.0,0.4048773890585629,0
163.0,0.29813416085098987,1
105.0,0.4010291544567388,1
80.0,0.4056452424480102,0
73.0,0.29878812861947357,0
97.0,0.294489274657592,0
91.0,0.2937755800269914,0
49.0,0.29319137872586626,0
54.0,0.29261353903703163,0
61.0,0.29203759876043234,0
150.0,0.29146336682938884,1
170.0,0.3977211189923604,1
40.0,0.402926473103814,0
45.0,0.29647350268385986,0
63.0,0.2918112444365362,0
27.0,0.29107994918218644,0
135.0,0.2905043953526044,1
138.0,0.39660563129645676,1
97.0,0.40196890706473776,0
98.0,0.29565997064617044,0
145.0,0.29086671718691737,1
79.0,0.396824179764628,0
71.0,0.29521213263476537,0
160.0,0.2907282924117051,1
82.0,0.3966812010591704,0
90.0,0.29496605692102945,0
114.0,0.2905987387931957,1
126.0,0.39653936371460374,1
122.0,0.4015875311963733,1
125.0,0.4022764938554337,1
67.0,0.4027709539589194,0
42.0,0.2961589611345568,0
152.0,0.2914063022671224,1
148.0,0.3974455170756917,1
142.0,0.40272081389870124,1
117.0,0.4034263319155085,1
116.0,0.40391823495586127,1
50.0,0.4043990565937439,0
77.0,0.2975718191473296,0
41.0,0.29250608580278376,0
143.0,0.2917509690143572,1
102.0,0.39802449163949766,0
38.0,0.40286453858808124,0
33.0,0.29634716778685277,0
130.0,0.2912687712257229,1
103.0,0.39724618357601627,0
151.0,0.4020248833107678,1
49.0,0.4029279971017948,0
117.0,0.2963182282187461,1
44.0,0.39844086376407983,0
140.0,0.29635842213554653,1
102.0,0.3989142164930964,0
148.0,0.4028589018522879,1
154.0,0.40368805049370593,1
24.0,0.4041757084845787,0
134.0,0.29738493452861453,1
63.0,0.4002259837025435,0
67.0,0.29746023143183314,0
57.0,0.29351397091656917,0
109.0,0.29284721964325805,1
139.0,0.3992838629552967,1
