Timestep: 0, Trans probs: [0.7512396694214877, 0.07512396694214876, 0.06694214876033061, 0.006694214876033062, 0.0834710743801653, 0.00834710743801653, 0.007438016528925624, 7.438016528925626E-4]
Timestep: 1, Trans probs: [0.7322916666666667, 0.0665719696969697, 0.059375000000000025, 0.0053977272727272745, 0.11562499999999999, 0.010511363636363636, 0.009375000000000003, 8.522727272727276E-4]
Timestep: 2, Trans probs: [0.7029585798816568, 0.05857988165680473, 0.05228617536309846, 0.0043571812802582046, 0.15621301775147928, 0.013017751479289939, 0.011619150080688546, 9.682625067240455E-4]
Timestep: 3, Trans probs: [0.7240646258503401, 0.055697278911564625, 0.049744897959183694, 0.003826530612244899, 0.14481292517006802, 0.011139455782312924, 0.009948979591836738, 7.653061224489798E-4]
Timestep: 4, Trans probs: [0.7028717948717949, 0.05020512820512821, 0.08687179487179483, 0.0062051282051282025, 0.1277948717948718, 0.00912820512820513, 0.015794871794871792, 0.0011282051282051277]
Timestep: 5, Trans probs: [0.5800181818181818, 0.11348181818181821, 0.030527272727272726, 0.005972727272727275, 0.2145272727272727, 0.04197272727272729, 0.011290909090909091, 0.00220909090909091]
Timestep: 6, Trans probs: [0.6990685096153846, 0.04660456730769231, 0.09420072115384617, 0.006280048076923078, 0.1271033653846154, 0.008473557692307693, 0.01712740384615385, 0.0011418269230769234]
Timestep: 7, Trans probs: [0.7395262177269095, 0.04622038860793186, 0.09305296779345225, 0.0058158104870907655, 0.09645994144264043, 0.006028746340165027, 0.012137343625232904, 7.585839765770565E-4]
Timestep: 8, Trans probs: [0.6939043209876543, 0.040817901234567903, 0.08188932980599647, 0.004817019400352734, 0.15084876543209877, 0.008873456790123456, 0.01780202821869489, 0.001047178130511464]
Timestep: 9, Trans probs: [0.5865, 0.10350000000000001, 0.06516666666666669, 0.011500000000000003, 0.1785, 0.0315, 0.019833333333333338, 0.0035000000000000005]
Timestep: 10, Trans probs: [0.6362218045112783, 0.07484962406015036, 0.06678571428571428, 0.007857142857142856, 0.17351503759398493, 0.020413533834586464, 0.018214285714285714, 0.0021428571428571425]
Timestep: 11, Trans probs: [0.6407999999999999, 0.0712, 0.07919999999999996, 0.008799999999999997, 0.16019999999999998, 0.0178, 0.01979999999999999, 0.0021999999999999993]
Timestep: 12, Trans probs: [0.5947781385281385, 0.06260822510822511, 0.1403409090909091, 0.014772727272727272, 0.13725649350649352, 0.014448051948051948, 0.03238636363636364, 0.0034090909090909085]
Timestep: 13, Trans probs: [0.6452762923351159, 0.06452762923351159, 0.10338680926916222, 0.01033868092691622, 0.1382734912146677, 0.01382734912146677, 0.022154316271963334, 0.0022154316271963334]
Timestep: 14, Trans probs: [0.6605731225296443, 0.06291172595520422, 0.10029644268774704, 0.009552042160737814, 0.13211462450592884, 0.012582345191040843, 0.020059288537549406, 0.0019104084321475627]
Timestep: 15, Trans probs: [0.6368421052631579, 0.05789473684210526, 0.1350877192982456, 0.012280701754385961, 0.1194078947368421, 0.010855263157894738, 0.025328947368421045, 0.0023026315789473678]
Timestep: 16, Trans probs: [0.596875, 0.05190217391304347, 0.12187499999999998, 0.010597826086956521, 0.167125, 0.014532608695652174, 0.034125, 0.002967391304347826]
Timestep: 17, Trans probs: [0.6191715976331361, 0.05159763313609468, 0.11928994082840236, 0.009940828402366863, 0.15479289940828403, 0.01289940828402367, 0.02982248520710059, 0.0024852071005917156]
Timestep: 18, Trans probs: [0.5458054812834225, 0.08617981283422461, 0.14002339572192518, 0.02210895721925134, 0.14150512477718363, 0.022342914438502677, 0.036302361853832454, 0.005731951871657755]
Timestep: 19, Trans probs: [0.536, 0.067, 0.13066666666666665, 0.01633333333333333, 0.17866666666666667, 0.022333333333333334, 0.043555555555555556, 0.0054444444444444445]
Timestep: 20, Trans probs: [0.504542004048583, 0.07207742914979758, 0.11716852226720649, 0.01673836032388664, 0.20555414979757083, 0.029364878542510124, 0.04773532388663968, 0.006819331983805669]
Timestep: 21, Trans probs: [0.47357142857142864, 0.07892857142857143, 0.10500000000000001, 0.0175, 0.22801587301587303, 0.0380026455026455, 0.05055555555555556, 0.008425925925925927]
Timestep: 22, Trans probs: [0.5582922824302133, 0.08932676518883416, 0.09852216748768472, 0.015763546798029555, 0.17446633825944172, 0.02791461412151067, 0.03078817733990147, 0.004926108374384236]
Timestep: 23, Trans probs: [0.5312929292929293, 0.08173737373737373, 0.1384040404040404, 0.02129292929292929, 0.15626262626262627, 0.02404040404040404, 0.0407070707070707, 0.006262626262626261]
Timestep: 24, Trans probs: [0.5069600280504909, 0.07510518934081346, 0.17466690042075736, 0.0258765778401122, 0.14082223001402525, 0.020862552594670406, 0.04851858345021037, 0.007187938288920055]
Timestep: 25, Trans probs: [0.48489583333333336, 0.06927083333333335, 0.2078125, 0.029687500000000002, 0.1276041666666667, 0.01822916666666667, 0.054687500000000014, 0.007812500000000002]
Timestep: 26, Trans probs: [0.46478114478114485, 0.06410774410774411, 0.23824915824915824, 0.03286195286195286, 0.11619528619528621, 0.01602693602693603, 0.05956228956228956, 0.008215488215488216]
Timestep: 27, Trans probs: [0.5625000000000001, 0.075, 0.15016968325791852, 0.020022624434389135, 0.13392857142857142, 0.017857142857142856, 0.035754686489980606, 0.004767291531997413]
Timestep: 28, Trans probs: [0.5748659003831417, 0.07417624521072796, 0.14682722130997994, 0.018945447910965155, 0.13065134099616857, 0.01685823754789272, 0.03336982302499544, 0.004305783616128444]
Timestep: 29, Trans probs: [0.5865608465608466, 0.07332010582010583, 0.14359788359788364, 0.017949735449735455, 0.12751322751322752, 0.01593915343915344, 0.031216931216931223, 0.003902116402116403]
Timestep: 30, Trans probs: [0.5011428851719233, 0.06074459214205131, 0.23697454260067688, 0.02872418698190023, 0.1044047677441507, 0.012655123362927357, 0.04936969637514103, 0.005984205621229215]
Timestep: 31, Trans probs: [0.4809210526315788, 0.056578947368421055, 0.26469298245614037, 0.031140350877192982, 0.0961842105263158, 0.011315789473684211, 0.05293859649122807, 0.006228070175438596]
Timestep: 32, Trans probs: [0.46236559139784955, 0.052841781874039935, 0.29032258064516125, 0.03317972350230414, 0.08891645988420181, 0.010161881129623063, 0.05583126550868485, 0.00638071605813541]
Timestep: 33, Trans probs: [0.4452698863636364, 0.04947443181818183, 0.3141051136363636, 0.034900568181818185, 0.08245738636363636, 0.009161931818181819, 0.058167613636363635, 0.006463068181818182]
Timestep: 34, Trans probs: [0.4294611009351201, 0.046428227128121086, 0.3362447379414506, 0.03635078248015682, 0.07668948230984288, 0.008290754844307338, 0.06004370320383046, 0.006491211157170862]
Timestep: 35, Trans probs: [0.4147934173669469, 0.043662464985994395, 0.3569152661064426, 0.03757002801120448, 0.07151610644257704, 0.007528011204481795, 0.061537114845938386, 0.006477591036414567]
Timestep: 36, Trans probs: [0.6043725217018541, 0.061986925302754264, 0.17303611617190012, 0.017747293966348734, 0.10072875361697568, 0.010331154217125712, 0.02883935269531669, 0.0029578823277247885]
Timestep: 37, Trans probs: [0.43525252525252534, 0.04352525252525253, 0.3475757575757576, 0.03475757575757576, 0.07020202020202021, 0.007020202020202022, 0.05606060606060607, 0.005606060606060607]
Timestep: 38, Trans probs: [0.5934534534534535, 0.05789789789789791, 0.19453453453453454, 0.01897897897897898, 0.09272710210210211, 0.009046546546546548, 0.030396021021021024, 0.002965465465465466]
Timestep: 39, Trans probs: [0.4543962330575601, 0.043275831719767656, 0.33850994543214225, 0.032239042422108795, 0.06884791409963036, 0.006556944199964796, 0.05128938567153671, 0.00488470339728921]
Timestep: 40, Trans probs: [0.5824893782340592, 0.0541850584403776, 0.21511018532295131, 0.020010249797483844, 0.08566020268147928, 0.007968390947114353, 0.03163385078278696, 0.002942683793747624]
Timestep: 41, Trans probs: [0.5714225113122172, 0.07453337104072398, 0.20261595022624435, 0.026428167420814483, 0.08163178733031674, 0.01064762443438914, 0.028945135746606336, 0.0037754524886877833]
Timestep: 42, Trans probs: [0.4632113821138212, 0.05386178861788618, 0.3233739837398374, 0.03760162601626016, 0.06433491418247517, 0.007480803974706414, 0.04491305329719964, 0.005222448057813911]
Timestep: 43, Trans probs: [0.4492086630570594, 0.05104643898375678, 0.3418506177981397, 0.03884666111342496, 0.06070387338608914, 0.006898167430237402, 0.04619602943218104, 0.0052495487991114816]
Timestep: 44, Trans probs: [0.5703787375415283, 0.06337541528239203, 0.22497009966777406, 0.024996677740863785, 0.07504983388704319, 0.008338870431893686, 0.02960132890365448, 0.0032890365448504976]
Timestep: 45, Trans probs: [0.5796122994652406, 0.06300133689839571, 0.21985294117647056, 0.023897058823529407, 0.07430926916221033, 0.008077094474153296, 0.028186274509803915, 0.003063725490196078]
Timestep: 46, Trans probs: [0.4681992337164749, 0.04980842911877396, 0.3352195697023284, 0.035661656351311535, 0.058524904214559394, 0.006226053639846745, 0.04190244621279105, 0.004457707043913942]
Timestep: 47, Trans probs: [0.4547333880229696, 0.047368061252392665, 0.3524856439704676, 0.03671725458025704, 0.05545529122231336, 0.005776592835657643, 0.04298605414273995, 0.004477713973202078]
Timestep: 48, Trans probs: [0.44205750019065065, 0.045107908182719446, 0.3688172043010753, 0.03763440860215054, 0.052625892879839355, 0.005369989069371363, 0.0439068100358423, 0.004480286738351255]
Timestep: 49, Trans probs: [0.574477886977887, 0.05744778869778871, 0.23991605241605243, 0.023991605241605245, 0.0667997542997543, 0.006679975429975431, 0.027897215397215396, 0.00278972153972154]
Timestep: 50, Trans probs: [0.4574480685131195, 0.0448478498542274, 0.3603361880466472, 0.03532707725947522, 0.05198273505830903, 0.005096346574344024, 0.04094729409620991, 0.004014440597667639]
Timestep: 51, Trans probs: [0.43264740799366835, 0.041600712307083496, 0.19726069559864576, 0.01896737457679286, 0.19394538979026513, 0.01864859517214088, 0.08842720837180672, 0.0085026161895968]
Timestep: 52, Trans probs: [0.460551724137931, 0.04344827586206896, 0.3435862068965517, 0.032413793103448274, 0.06280250783699058, 0.005924764890282131, 0.046852664576802504, 0.004420062695924765]
Timestep: 53, Trans probs: [0.448917952026274, 0.04156647703946983, 0.3586593161691397, 0.033209195941587014, 0.05985572693683656, 0.005542196938595978, 0.04782124215588529, 0.004427892792211602]
Timestep: 54, Trans probs: [0.43788461538461537, 0.0398076923076923, 0.37301282051282053, 0.03391025641025641, 0.05711538461538462, 0.005192307692307693, 0.04865384615384617, 0.0044230769230769245]
Timestep: 55, Trans probs: [0.42740488710176305, 0.038161150634085976, 0.3866996597587381, 0.03452675533560161, 0.05456232601299102, 0.004871636251159912, 0.049365914011753796, 0.004407670893906588]
Timestep: 56, Trans probs: [0.41743679163034, 0.036617262423714034, 0.39976750944492884, 0.035067325389906034, 0.0521795989537925, 0.004577157802964254, 0.049970938680616105, 0.004383415673738254]
Timestep: 57, Trans probs: [0.40794258373205733, 0.03516746411483253, 0.41225943646996277, 0.03553960659223817, 0.04995215311004784, 0.004306220095693779, 0.050480747322852584, 0.0043517885623148775]
Timestep: 58, Trans probs: [0.4346672858391609, 0.036836210664335664, 0.21483555506993002, 0.01820640297202797, 0.18227982954545455, 0.01544744318181818, 0.09009232954545454, 0.00763494318181818]
Timestep: 59, Trans probs: [0.5472115384615385, 0.04560096153846155, 0.26048076923076924, 0.021706730769230773, 0.07817307692307693, 0.006514423076923077, 0.03721153846153846, 0.0031009615384615385]
Timestep: 60, Trans probs: [0.555652805331881, 0.04554531191244928, 0.25508616330182443, 0.02090870190998561, 0.07779139274646336, 0.006376343667742898, 0.03571206286225542, 0.002927218267397985]
Timestep: 61, Trans probs: [0.4151906251237183, 0.03348311492933211, 0.39849954471673465, 0.03213706005780118, 0.056986948546392704, 0.004595721656967153, 0.054696015941512605, 0.004410969027541338]
Timestep: 62, Trans probs: [0.4062337986041874, 0.032240777666998996, 0.4103165503489532, 0.032564805583250256, 0.05468531904287138, 0.004340104685942174, 0.05523492023928217, 0.0043837238285144575]
Timestep: 63, Trans probs: [0.3976717332390715, 0.031068104159302466, 0.42165193825851305, 0.03294155767644633, 0.052522681748556614, 0.004103334511605986, 0.05568987863791682, 0.004350771768587252]
Timestep: 64, Trans probs: [0.38947808631649383, 0.02995985279357644, 0.4325359652057543, 0.03327199732351957, 0.050487900078064, 0.0038836846213895384, 0.056069476971116305, 0.00431303669008587]
Timestep: 65, Trans probs: [0.5517135068475368, 0.04179647779148007, 0.2729116635295645, 0.020675126024967006, 0.07021808268968652, 0.005319551718915645, 0.03473421172194457, 0.002631379675904892]
Timestep: 66, Trans probs: [0.5597760551248924, 0.04177433247200689, 0.2673844387022682, 0.019954062589721506, 0.06997200689061155, 0.005221791559000861, 0.033423054837783524, 0.0024942578237151882]
Timestep: 67, Trans probs: [0.5675377490660024, 0.041730716843088426, 0.2620855386052305, 0.01927099548567871, 0.0696976183063512, 0.005124824875467, 0.032185943337484445, 0.0023666134806973856]
Timestep: 68, Trans probs: [0.46229729729729724, 0.03349980415197806, 0.2066216216216216, 0.014972581276929102, 0.1821171171171171, 0.013196892544718631, 0.08139639639639638, 0.005898289593941767]
Timestep: 69, Trans probs: [0.5711438127090301, 0.04079598662207358, 0.24731772575250838, 0.017665551839464885, 0.08016053511705687, 0.0057257525083612044, 0.03471125975473802, 0.0024793756967670015]
Timestep: 70, Trans probs: [0.399031007751938, 0.02810077519379844, 0.4219418790104224, 0.02971421683171989, 0.055038759689922466, 0.0038759689922480607, 0.05819887986350654, 0.0040985126664441224]
Timestep: 71, Trans probs: [0.39112231052529567, 0.02716127156425664, 0.43229308005427414, 0.03002035278154681, 0.05303353363054856, 0.003682884279899205, 0.05861601085481683, 0.00407055630936228]
Timestep: 72, Trans probs: [0.5639982670646, 0.03863001829209588, 0.2617935881390199, 0.017931067680754784, 0.07519976894194666, 0.005150669105612784, 0.03490581175186932, 0.002390809024100638]
Timestep: 73, Trans probs: [0.4030110683055098, 0.027230477588210112, 0.42509386656882525, 0.028722558551947656, 0.052853910597443876, 0.003571210175502965, 0.05575001528771479, 0.003766892924845594]
Timestep: 74, Trans probs: [0.45715332031250006, 0.030476888020833336, 0.2264404296875, 0.015096028645833332, 0.16979980468750003, 0.011319986979166667, 0.0841064453125, 0.005607096354166666]
Timestep: 75, Trans probs: [0.4070408710988419, 0.026779004677555403, 0.4105958132045089, 0.027012882447665056, 0.06005521048999309, 0.0039510006901311255, 0.06057971014492754, 0.003985507246376812]
Timestep: 76, Trans probs: [0.39952856735639586, 0.025943413464701026, 0.42046456215236416, 0.02730289364625741, 0.057996082358186485, 0.0037659793739082134, 0.06103517837695609, 0.003963323271230916]
Timestep: 77, Trans probs: [0.5386833046471602, 0.034530981067125655, 0.28360585197934596, 0.01817986230636833, 0.07695475780673716, 0.004932997295303664, 0.04051512171133514, 0.002597123186624047]
Timestep: 78, Trans probs: [0.5458369210697978, 0.034546640574037835, 0.27869015003261577, 0.017638617090671882, 0.07675831702544031, 0.0048581213307240705, 0.039190802348336586, 0.0024804305283757334]
Timestep: 79, Trans probs: [0.44177170868347343, 0.053012605042016804, 0.21894257703081232, 0.026273109243697475, 0.15521708683473392, 0.01862605042016807, 0.07692577030812325, 0.00923109243697479]
Timestep: 80, Trans probs: [0.5425755166931638, 0.04120826709062003, 0.2612400635930048, 0.019841017488076308, 0.08477742448330686, 0.006438791732909381, 0.040818759936407, 0.003100158982511924]
Timestep: 81, Trans probs: [0.5727272727272728, 0.1909090909090909, 0.02727272727272727, 0.00909090909090909, 0.14318181818181822, 0.047727272727272736, 0.00681818181818182, 0.002272727272727273]
Timestep: 82, Trans probs: [0.5486452090270071, 0.04166925638179801, 0.25684498705142433, 0.019507214206437293, 0.08440695523492417, 0.0064106548279689235, 0.03951461339252682, 0.003001109877913429]
Timestep: 83, Trans probs: [0.5550115599075208, 0.04162586699306406, 0.2528219774241806, 0.018961648306813544, 0.0840926605920486, 0.0063069495444036455, 0.038306360215784936, 0.0028729770161838703]
Timestep: 84, Trans probs: [0.5611928510361112, 0.04156984081748972, 0.24892806253307817, 0.018439115743190976, 0.0837601270203151, 0.006204453853356674, 0.037153442169116146, 0.0027521068273419365]
Timestep: 85, Trans probs: [0.4745675223214286, 0.04909319196428571, 0.20511997767857137, 0.02121930803571428, 0.15818917410714284, 0.01636439732142857, 0.06837332589285712, 0.007073102678571426]
Timestep: 86, Trans probs: [0.46767344497607644, 0.04041622363990786, 0.19709928229665072, 0.017033271309587098, 0.17987440191387563, 0.015544701399964563, 0.07580741626794259, 0.0065512581959950396]
Timestep: 87, Trans probs: [0.39405850859502545, 0.03363914097762412, 0.39735606933640644, 0.03392064006530299, 0.06469617305291463, 0.005522844041102467, 0.06523756362239509, 0.005569060309228848]
Timestep: 88, Trans probs: [0.3871856253049743, 0.03265420936307012, 0.40662590774706514, 0.03429375125577658, 0.06263296879933407, 0.005282298573437813, 0.06577772037084877, 0.005547518585493269]
Timestep: 89, Trans probs: [0.38056153846153856, 0.03171346153846153, 0.41559230769230765, 0.0346326923076923, 0.06066923076923076, 0.00505576923076923, 0.06625384615384615, 0.005521153846153846]
Timestep: 90, Trans probs: [0.3741724816604044, 0.0308142043720333, 0.42427088924673473, 0.03493995558502522, 0.05879853283234926, 0.004842232115605234, 0.0666711397387726, 0.005490564449075391]
Timestep: 91, Trans probs: [0.3680057092134197, 0.029953953075510905, 0.4326761685731002, 0.03521782767455467, 0.05701496903306503, 0.0046407532933890145, 0.06703433597611413, 0.005456283160846499]
Timestep: 92, Trans probs: [0.3620494019433815, 0.029130411650616923, 0.44082165675951507, 0.03546840916455868, 0.055313103074683324, 0.004450479557733141, 0.06734775311603702, 0.005418784733474243]
Timestep: 93, Trans probs: [0.5565690087287184, 0.04427253478523895, 0.24844352259960242, 0.01976255293405928, 0.08386656295912194, 0.0066712038717483355, 0.03743669518624146, 0.0029779189352692067]
Timestep: 94, Trans probs: [0.37216639433551196, 0.029271514161220046, 0.4349414488017429, 0.034208877995642706, 0.05532203159041395, 0.0043511710239651415, 0.06465345860566449, 0.00508510348583878]
Timestep: 95, Trans probs: [0.4537022859991454, 0.04390667283862698, 0.21383973080757726, 0.02069416749750748, 0.16598864121919954, 0.0160634168921806, 0.0782340478564307, 0.007571036889332004]
Timestep: 96, Trans probs: [0.3717822192192846, 0.03341862644667727, 0.41771670190274846, 0.037547568710359414, 0.06028900852204616, 0.005419236721082801, 0.06773784355179704, 0.00608879492600423]
Timestep: 97, Trans probs: [0.5467342657342656, 0.15008391608391614, 0.02603496503496503, 0.007146853146853149, 0.20221678321678324, 0.05551048951048953, 0.00962937062937063, 0.0026433566433566444]
Timestep: 98, Trans probs: [0.5087878787878788, 0.12719696969696975, 0.022121212121212118, 0.005530303030303032, 0.25787878787878793, 0.064469696969697, 0.011212121212121211, 0.002803030303030304]
Timestep: 99, Trans probs: [0.37212322561159766, 0.03307762005436423, 0.4180998403589766, 0.03716443025413125, 0.06034430685593476, 0.0053639383871942, 0.06779997411226649, 0.006026664365534797]
Timestep: 100, Trans probs: [0.5441964285714286, 0.18139880952380952, 0.023660714285714285, 0.007886904761904762, 0.17455357142857145, 0.05818452380952382, 0.007589285714285715, 0.002529761904761905]
Timestep: 101, Trans probs: [0.3728168383340797, 0.03313927451858486, 0.418879150406244, 0.0372337022583328, 0.05965069413345275, 0.005302283922973577, 0.06702066406499906, 0.005957392361333248]
Timestep: 102, Trans probs: [0.47698863636363636, 0.15899621212121212, 0.020738636363636362, 0.006912878787878787, 0.24176136363636364, 0.08058712121212122, 0.010511363636363635, 0.003503787878787879]
Timestep: 103, Trans probs: [0.3728168383340797, 0.03313927451858486, 0.418879150406244, 0.0372337022583328, 0.05965069413345275, 0.005302283922973577, 0.06702066406499906, 0.005957392361333248]
Timestep: 104, Trans probs: [0.47698863636363636, 0.15899621212121212, 0.020738636363636362, 0.006912878787878787, 0.24176136363636364, 0.08058712121212122, 0.010511363636363635, 0.003503787878787879]
Timestep: 105, Trans probs: [0.4331079599808672, 0.03849848533163266, 0.24131806042729595, 0.021450494260204084, 0.1566560706313776, 0.013924984056122454, 0.0872852558992347, 0.007758689413265307]
Timestep: 106, Trans probs: [0.3731515784807319, 0.032804534371932495, 0.41925524840885353, 0.03685760425572339, 0.05970425255691714, 0.0052487254995092, 0.06708083974541657, 0.0058972166809157425]
Timestep: 107, Trans probs: [0.43188531468531477, 0.03755524475524476, 0.25114498834498833, 0.021838694638694638, 0.14983776223776224, 0.01302937062937063, 0.08713193473193472, 0.0075766899766899765]
Timestep: 108, Trans probs: [0.5005855699206284, 0.043061124294247605, 0.2841804066770313, 0.024445626380819895, 0.08676816545290893, 0.007463928211002918, 0.04925793715735209, 0.004237241906008782]
Timestep: 109, Trans probs: [0.5062368264428025, 0.043083985229174684, 0.28072065317825934, 0.02389111941942633, 0.08659314136521622, 0.007369629052358828, 0.04801800646470226, 0.004086638848059767]
Timestep: 110, Trans probs: [0.45165441176470594, 0.03474264705882354, 0.24477415966386554, 0.018828781512605045, 0.15055147058823534, 0.011580882352941179, 0.08159138655462186, 0.006276260504201681]
Timestep: 111, Trans probs: [0.5037199631036692, 0.048228507105670476, 0.26693807357378485, 0.025557900661319827, 0.09279051951909699, 0.008884198677360351, 0.04917280302674984, 0.004708034332348389]
Timestep: 112, Trans probs: [0.3712819632290784, 0.035174080726965345, 0.4016470308537617, 0.038050771344040585, 0.06750581149619611, 0.00639528740490279, 0.07302673288250214, 0.006918322062552834]
Timestep: 113, Trans probs: [0.49942147293700095, 0.046820763087843845, 0.2757338065661047, 0.025850044365572318, 0.08963975155279504, 0.008403726708074535, 0.04949068322981366, 0.004639751552795031]
Timestep: 114, Trans probs: [0.38048659384309846, 0.03530287984111221, 0.3968516086320487, 0.03682128327513854, 0.06742800397219463, 0.00625620655412115, 0.07032813317529978, 0.0065252907069865765]
Timestep: 115, Trans probs: [0.49513385742972454, 0.0454714767027298, 0.28434516424456463, 0.026113331410215115, 0.08664842505020179, 0.007957508422977716, 0.0497604037427988, 0.004569832996787645]
Timestep: 116, Trans probs: [0.5004276315789473, 0.045493421052631586, 0.2811513157894737, 0.025559210526315792, 0.08649366471734893, 0.007863060428849903, 0.04859405458089668, 0.0044176413255360624]
Timestep: 117, Trans probs: [0.3904684698934936, 0.035142162290414426, 0.3931706738373933, 0.0353853606453654, 0.06666534851840135, 0.005999881366656122, 0.06712670041126227, 0.006041403037013605]
Timestep: 118, Trans probs: [0.49615013287799625, 0.044211397979227386, 0.2895105981435596, 0.02579797409200036, 0.0836879742203849, 0.00745734423746004, 0.04883311293987752, 0.004351465509494037]
Timestep: 119, Trans probs: [0.39916235848439235, 0.03522020810156403, 0.38848242916039527, 0.03427786139650547, 0.06652705974739873, 0.005870034683594006, 0.06474707152673255, 0.0057129768994175776]
Timestep: 120, Trans probs: [0.39348018879268876, 0.034381764069264076, 0.39611216329966337, 0.034611742424242434, 0.06480850168350168, 0.005662878787878789, 0.06524200336700338, 0.005700757575757577]
Timestep: 121, Trans probs: [0.3879669229653271, 0.03357406064123023, 0.4035375018134339, 0.0349215145800087, 0.06315740606412303, 0.005465544755549108, 0.06569215145800088, 0.005684897722326999]
Timestep: 122, Trans probs: [0.38261485316613153, 0.03279555884281127, 0.4107671166097933, 0.035208609995125144, 0.06157020625661886, 0.005277446250567331, 0.06610045554640354, 0.005665753332548875]
Timestep: 123, Trans probs: [0.4347654859828773, 0.03691405069665939, 0.2631227127748867, 0.022340607688433774, 0.13945308040960214, 0.011840355883834145, 0.08439785126741649, 0.00716585529629008]
Timestep: 124, Trans probs: [0.3858893557422969, 0.03245798319327731, 0.4008753501400561, 0.03371848739495799, 0.06653264754177533, 0.005596203998840916, 0.06911643967932002, 0.005813532309475516]
Timestep: 125, Trans probs: [0.38076923076923075, 0.03173076923076923, 0.40787901418969386, 0.033989917849141155, 0.06490384615384615, 0.005408653846153846, 0.06952483196415235, 0.005793735997012696]
Timestep: 126, Trans probs: [0.48589319860930014, 0.040119621903520225, 0.3046054976097349, 0.025150912646675364, 0.08189211212516298, 0.006761734028683182, 0.051338005215123855, 0.004238917861799218]
Timestep: 127, Trans probs: [0.4376059634380068, 0.035804124281291455, 0.2685098162071846, 0.02196898496240601, 0.13526002506265664, 0.01106672932330827, 0.0829939431913116, 0.006790413533834585]
Timestep: 128, Trans probs: [0.38478644688644686, 0.031198901098901097, 0.39926117216117224, 0.032372527472527474, 0.06917509157509158, 0.005608791208791208, 0.07177728937728939, 0.00581978021978022]
Timestep: 129, Trans probs: [0.43611996669847913, 0.03504535446684207, 0.2768574735516884, 0.022247475553260676, 0.1300708672609499, 0.010452123262040619, 0.08257152719962636, 0.0066352120071128335]
Timestep: 130, Trans probs: [0.38766332517879076, 0.030875840058487754, 0.39001994113732447, 0.03106353513483115, 0.07404805087684765, 0.005897632370722379, 0.0744981910037586, 0.0059334842392374096]
Timestep: 131, Trans probs: [0.43447467166979364, 0.03430063197393108, 0.2850375234521576, 0.022502962377801916, 0.12518761726078803, 0.009883232941641158, 0.08212945590994374, 0.006483904413942925]
Timestep: 132, Trans probs: [0.42712161426432577, 0.03342690894242549, 0.27438789772905736, 0.021473835474447974, 0.1375476384919015, 0.010764597795018377, 0.08836220435342526, 0.0069153029493985]
Timestep: 133, Trans probs: [0.4737461682242991, 0.03675616822429907, 0.2981416822429907, 0.023131682242990653, 0.09581383177570095, 0.007433831775700935, 0.06029831775700935, 0.004678317757009346]
Timestep: 134, Trans probs: [0.4379332010582011, 0.033687169312169314, 0.2701025132275132, 0.0207771164021164, 0.1364054232804233, 0.010492724867724868, 0.084130291005291, 0.006471560846560846]
Timestep: 135, Trans probs: [0.3874087567412282, 0.029548125514161472, 0.3782663672016123, 0.028850824617072116, 0.08270524020318355, 0.006308026795158067, 0.0807534941216925, 0.0061591648058918]
Timestep: 136, Trans probs: [0.46900435639964194, 0.03547091771089729, 0.29862752433430295, 0.022585274949653164, 0.09901203079547997, 0.007488304850078318, 0.06304358847057506, 0.004768002489371224]
Timestep: 137, Trans probs: [0.4745944936771881, 0.03472642636662353, 0.29627327491785327, 0.021678532311062433, 0.09909115802051181, 0.00725057253808623, 0.0618592552026287, 0.004526286966046003]
Timestep: 138, Trans probs: [0.4395845150311969, 0.03693987521270562, 0.2691505955757232, 0.02261769710720363, 0.13257310770782127, 0.011140597286371534, 0.08117240184029748, 0.006821210238680459]
Timestep: 139, Trans probs: [0.3883942766295707, 0.03236618971913089, 0.3683624801271861, 0.030696873343932167, 0.08536137947902653, 0.007113448289918878, 0.0809587868411398, 0.006746565570094982]
Timestep: 140, Trans probs: [0.38376045074518356, 0.03171573973100691, 0.3749636495819702, 0.03098873137041076, 0.08342618494460513, 0.006894726028479763, 0.0815138368656457, 0.006736680732697992]
Timestep: 141, Trans probs: [0.3792431904378807, 0.03108550741294104, 0.38141650385013215, 0.03126364785656821, 0.0815576753629851, 0.00668505535762173, 0.08202505459142627, 0.006723365130444777]
Timestep: 142, Trans probs: [0.37483794735170006, 0.03047462986599189, 0.38772635814889345, 0.031522468142186455, 0.0797527547556809, 0.006483963801274869, 0.0824949698189135, 0.006706908115358819]
Timestep: 143, Trans probs: [0.46855594152002145, 0.03778676947742108, 0.29588273466427456, 0.02386151086002214, 0.09864335610947819, 0.007955109363667596, 0.062291102034584114, 0.005023475970530976]
Timestep: 144, Trans probs: [0.3820774797786292, 0.030566198382290334, 0.38420604512558537, 0.030736483610046827, 0.07959947495388109, 0.006367957996310487, 0.08004292606783028, 0.006403434085426423]
Timestep: 145, Trans probs: [0.37773662678980974, 0.029979097364270613, 0.3903629207215025, 0.03098118418424623, 0.07788384057521851, 0.006181257188509404, 0.08048720014876341, 0.006387873027679635]
Timestep: 146, Trans probs: [0.4664085404624693, 0.03672508192617868, 0.3034788775753879, 0.023895974612235263, 0.0951854164209121, 0.007494914678811976, 0.06193446481130365, 0.004876729512701074]
Timestep: 147, Trans probs: [0.4709712370705404, 0.03679462789613597, 0.3006765524800625, 0.023490355662504885, 0.09514570445869504, 0.00743325816083555, 0.06074273787476011, 0.004745526396465633]
Timestep: 148, Trans probs: [0.4414927473605531, 0.034224243981438224, 0.2766470265346164, 0.021445505932916, 0.12905172615154628, 0.010004009779189634, 0.08086605391011865, 0.006268686349621601]
Timestep: 149, Trans probs: [0.38200048262548264, 0.029384652509652505, 0.384070945945946, 0.02954391891891892, 0.08103040540540542, 0.006233108108108108, 0.08146959459459462, 0.006266891891891892]
Timestep: 150, Trans probs: [0.3777738702303499, 0.028837700017583966, 0.39005919934353206, 0.029775511400269624, 0.07933251274837348, 0.006055917003692632, 0.08191243186214174, 0.006252857394056621]
Timestep: 151, Trans probs: [0.37364562699753306, 0.028306486893752505, 0.3959226020488765, 0.029994136518854284, 0.07768869472225935, 0.0058855071759287385, 0.08232054102006343, 0.006236404622732078]
Timestep: 152, Trans probs: [0.3696122059758424, 0.02779039142675507, 0.4016652970089778, 0.03020039827135172, 0.07609663064208522, 0.005721551176096632, 0.08269579644302485, 0.006217729055866531]
Timestep: 153, Trans probs: [0.4698563539527204, 0.03506390701139705, 0.3031051155813298, 0.02261978474487536, 0.09579595566026337, 0.007148951914945028, 0.06179813036124199, 0.004611800773227015]
Timestep: 154, Trans probs: [0.3763862068965517, 0.027880459770114937, 0.3982344827586206, 0.02949885057471264, 0.07600106100795755, 0.005629708222811671, 0.08041273209549071, 0.005956498673740053]
Timestep: 155, Trans probs: [0.4362316378181304, 0.03207585572192135, 0.2894771866482602, 0.021285087253548544, 0.12370747938126084, 0.009096138189798592, 0.08209054546741706, 0.00603606951966302]
Timestep: 156, Trans probs: [0.37878130557024897, 0.027648270479580215, 0.3904660759220305, 0.02850117342496573, 0.08012681463986035, 0.005848672601449662, 0.08259859298350644, 0.006029094378358135]
Timestep: 157, Trans probs: [0.3748543573100658, 0.0271633592253671, 0.39605434666950423, 0.028699590338369874, 0.07854091296020431, 0.005691370504362631, 0.08298281549265803, 0.006013247499467973]
Timestep: 158, Trans probs: [0.45928292554760675, 0.033041937089755884, 0.31326321539199053, 0.022536921970646804, 0.09532287134006932, 0.006857760528062542, 0.06501689376060181, 0.004677474371266318]
Timestep: 159, Trans probs: [0.3813455833094076, 0.02723897023638625, 0.3928146234089386, 0.028058187386352757, 0.07840750311034547, 0.005600535936453248, 0.08076562350464159, 0.0057689731074743985]
Timestep: 160, Trans probs: [0.43054447621914493, 0.030535069235400367, 0.30161988260084294, 0.021391481035520774, 0.11855572533570663, 0.008408207470617492, 0.08305475028139153, 0.005890407821375286]
Timestep: 161, Trans probs: [0.38352584674632173, 0.027008862446924062, 0.38540127875975116, 0.027140935123926138, 0.08244013528191964, 0.00580564332971265, 0.08284326552779699, 0.005834032783647675]
Timestep: 162, Trans probs: [0.4482407984124456, 0.031345510378492696, 0.3223025334241059, 0.02253863870098643, 0.09545868855079859, 0.006675432765790111, 0.068638502488467, 0.004799895278913776]
Timestep: 163, Trans probs: [0.38978961892433966, 0.02706872353641247, 0.3823473350307961, 0.026551898266027503, 0.08224918564458543, 0.00571174900309621, 0.08067879546521387, 0.00560269412952874]
Timestep: 164, Trans probs: [0.42473842751468005, 0.029292305345840007, 0.31325440402653854, 0.021603752001830245, 0.11366239609547778, 0.007838785937619157, 0.08382864333104553, 0.005781285746968657]
Timestep: 165, Trans probs: [0.44486793907846534, 0.030470406786196256, 0.32214574898785425, 0.02206477732793522, 0.09795257374204741, 0.006709080393290918, 0.07093117408906882, 0.0048582995951417]
Timestep: 166, Trans probs: [0.4491559915391197, 0.0305548293564027, 0.3194531918433311, 0.0217315096492062, 0.09799767088126247, 0.0066665082232151346, 0.06969887822036315, 0.004741420287099534]
Timestep: 167, Trans probs: [0.3933433795459112, 0.026577255374723732, 0.3768394615230059, 0.02546212577858148, 0.08504721719911594, 0.005746433594534862, 0.08147880249146074, 0.005505324492666267]
Timestep: 168, Trans probs: [0.4300463875239972, 0.02886217365932867, 0.31352758020911736, 0.02104211947712197, 0.11192988168432806, 0.007512072596263627, 0.0816030688215511, 0.00547671602829202]
Timestep: 169, Trans probs: [0.4242055199739471, 0.028280367998263126, 0.3038529906643508, 0.020256866044290053, 0.12203172492401212, 0.008135448328267476, 0.08740976443768995, 0.00582731762917933]
Timestep: 170, Trans probs: [0.39534908336736224, 0.026182058501149817, 0.3701331965011068, 0.024512132218616346, 0.08904258634400052, 0.005896860022781492, 0.08336333254529434, 0.005520750499688367]
Timestep: 171, Trans probs: [0.42278494824791124, 0.02781479922683627, 0.3102397431101135, 0.02041050941513905, 0.11837978550941516, 0.007788143783514155, 0.08686712807083179, 0.005714942636238933]
Timestep: 172, Trans probs: [0.41736415425065726, 0.02727870289219982, 0.3009906723425566, 0.019672592963565792, 0.12799167397020159, 0.00836546888694128, 0.09230380618505071, 0.006032928508826843]
Timestep: 173, Trans probs: [0.41210154552040584, 0.026759840618208165, 0.29216674716252117, 0.01897186669886501, 0.13736718184013524, 0.008919946872736055, 0.09738891572084038, 0.0063239555662883366]
Timestep: 174, Trans probs: [0.44846077780813703, 0.0289329534069766, 0.31265401980301083, 0.020171227084065217, 0.1050448668739781, 0.006777088185417941, 0.07323427490881335, 0.0047247919296008615]
Timestep: 175, Trans probs: [0.42083422209683974, 0.026976552698515364, 0.2885917169534793, 0.018499469035479443, 0.13663448769377914, 0.008758621006011484, 0.09369860940048029, 0.006006321115415403]
Timestep: 176, Trans probs: [0.4156222872302732, 0.026472757148425043, 0.280427920047479, 0.017861650958438155, 0.1457376851326932, 0.009282655103993197, 0.09833186806859653, 0.0062631763101016905]
Timestep: 177, Trans probs: [0.40807082307902653, 0.02847005742411813, 0.2709693738036642, 0.01890484003281378, 0.1536890112895035, 0.010722489159732802, 0.10205340052345793, 0.007120004687683112]
Timestep: 178, Trans probs: [0.3924480295151428, 0.027496358755838033, 0.35923416510183453, 0.025169272714141273, 0.09546033150368338, 0.0066883034811497915, 0.08738128340314893, 0.006122255525061391]
Timestep: 179, Trans probs: [0.38877711542253646, 0.02706676120030317, 0.3645326627903962, 0.025378856270217458, 0.09372305461079006, 0.006525022789358801, 0.08787840977982767, 0.00611811713657028]
Timestep: 180, Trans probs: [0.4072630718954249, 0.028175432646853286, 0.2768872549019607, 0.019155722037242567, 0.14950163398692812, 0.010342880338718297, 0.10164215686274508, 0.0070318473301270185]
Timestep: 181, Trans probs: [0.39043062200956935, 0.026842105263157896, 0.35810738968633704, 0.024619883040935677, 0.09760765550239234, 0.006710526315789474, 0.08952684742158426, 0.006154970760233919]
Timestep: 182, Trans probs: [0.38688281471515384, 0.026432987340786907, 0.36328212013558014, 0.024820517524791193, 0.0958647682480027, 0.00654976677470826, 0.09001680852917031, 0.006150216731806667]
Timestep: 183, Trans probs: [0.40663693823328634, 0.027611150126951544, 0.28290588888179513, 0.019209659121603374, 0.1455860643057445, 0.00988547350224191, 0.10128729355027233, 0.00687753227810491]
Timestep: 184, Trans probs: [0.38847116543449706, 0.026215845520119435, 0.35699588977029484, 0.02409174716241253, 0.09969613980177358, 0.0067279603547209165, 0.09161841418883672, 0.006182837767344808]
Timestep: 185, Trans probs: [0.3850401905786519, 0.02582586644125106, 0.362052716514255, 0.02428402366863906, 0.09794882041035886, 0.006569737954353339, 0.09210112963959119, 0.00617751479289941]
Timestep: 186, Trans probs: [0.38167317708333337, 0.025444878472222224, 0.36702473958333337, 0.024468315972222224, 0.09624801856884059, 0.006416534571256039, 0.09255406476449275, 0.006170270984299517]
Timestep: 187, Trans probs: [0.3783682643824798, 0.025072595832573964, 0.37191422149322645, 0.024644918291719824, 0.09459206609561994, 0.006268148958143491, 0.09297855537330661, 0.006161229572929956]
Timestep: 188, Trans probs: [0.37512366591454627, 0.024708744461437195, 0.3767233403960585, 0.024814112241656545, 0.09297937018394742, 0.00612438965283486, 0.09337587069645895, 0.006150506453060169]
Timestep: 189, Trans probs: [0.4401761697851084, 0.028821058735929713, 0.3132156897520026, 0.020508170162333503, 0.10817888918447578, 0.007083141553745437, 0.07697673731193284, 0.005040143514471793]
Timestep: 190, Trans probs: [0.40917190002912457, 0.026632490534440074, 0.28661183012960545, 0.01865520787825834, 0.1429636759137906, 0.009305328018057375, 0.10014148281636816, 0.006518084680355323]
Timestep: 191, Trans probs: [0.4039548444976078, 0.026930322966507172, 0.2786109449760765, 0.0185740629984051, 0.15087470095693778, 0.010058313397129185, 0.10405950956937797, 0.006937300637958531]
Timestep: 192, Trans probs: [0.3978384128079309, 0.028248881382811657, 0.27024122140811035, 0.019188725780457543, 0.15817671834532188, 0.01123148295943114, 0.1074453048972005, 0.0076292524187361295]
Timestep: 193, Trans probs: [0.37549982023666234, 0.0265058696637644, 0.3692284244915824, 0.026063182905288168, 0.09546605599237179, 0.006738780422990949, 0.09387163334531756, 0.006626232942022416]
Timestep: 194, Trans probs: [0.37236597810540195, 0.026130945831958047, 0.3739207421058423, 0.02624005207760297, 0.09387377599295854, 0.0065876334030146345, 0.09426573330399386, 0.00661513917922764]
Timestep: 195, Trans probs: [0.4413509316770186, 0.030791925465838508, 0.30647515527950314, 0.021381987577639754, 0.11033773291925465, 0.007697981366459627, 0.07661878881987579, 0.005345496894409938]
Timestep: 196, Trans probs: [0.377763438320549, 0.02620324427656987, 0.37158325937051956, 0.025774561343619856, 0.09366035660840057, 0.0064966721346867455, 0.092128080835666, 0.006390387109988393]
Timestep: 197, Trans probs: [0.37465827587401684, 0.02583850178441496, 0.3761906205606182, 0.025944180728318497, 0.09212908423131562, 0.006353729946987284, 0.09250589030179136, 0.006379716572537336]
Timestep: 198, Trans probs: [0.371606915331357, 0.02548161705129305, 0.38072610343764796, 0.02610693280715301, 0.09063583300764803, 0.006215028549095866, 0.09286002522869462, 0.006367544587110489]
Timestep: 199, Trans probs: [0.4409392904214972, 0.03006404252873844, 0.31286010167576733, 0.021331370568802313, 0.10667886058584611, 0.007273558676307687, 0.07569196008284693, 0.0051608154601941085]
Timestep: 200, Trans probs: [0.446194114318053, 0.028480475382003403, 0.31187040181097914, 0.019906621392190158, 0.10708658743633279, 0.006835314091680816, 0.07484889643463499, 0.004777589134125638]
Timestep: 201, Trans probs: [0.4453957636566332, 0.032898550724637675, 0.3067409884801189, 0.022657004830917874, 0.10604661039443648, 0.007832988267770876, 0.0730335686857426, 0.00539452495974235]
Timestep: 202, Trans probs: [0.44889399123770335, 0.03296961517565052, 0.30467624007305766, 0.022377350965817795, 0.10603795068607162, 0.007788098072988312, 0.07197076537158842, 0.005285988417122313]
Timestep: 203, Trans probs: [0.45234695790729984, 0.03303657557749943, 0.30264011877107505, 0.022102930022606607, 0.10601881825952342, 0.00774294740097643, 0.07093127783697073, 0.0051803742240484245]
Timestep: 204, Trans probs: [0.4046469899095087, 0.029387770216891696, 0.26691904116393755, 0.01938518176050943, 0.1570982431413387, 0.011409369613616776, 0.10362739245188164, 0.007526011742315426]
Timestep: 205, Trans probs: [0.3746524586958647, 0.027058233128034674, 0.37615407175676996, 0.027166682960211165, 0.09073614234040472, 0.006553165835695898, 0.09109981425359273, 0.006579431029426142]
Timestep: 206, Trans probs: [0.3716428179544759, 0.0266925780851281, 0.38058012018985404, 0.027334483770542005, 0.08930951439216087, 0.006414495508829234, 0.09145723818515872, 0.006568751913851179]
Timestep: 207, Trans probs: [0.40818156108597287, 0.024990707821590175, 0.2749915158371041, 0.016836215255332906, 0.15482748868778282, 0.009479234001292827, 0.10430712669683259, 0.0063861506140917915]
Timestep: 208, Trans probs: [0.4468500557413599, 0.03456298773690078, 0.29686709667144456, 0.02296209587513935, 0.11084652545522113, 0.008573764399851358, 0.07364145033710252, 0.005696023782980305]
Timestep: 209, Trans probs: [0.41623500278492803, 0.024484411928525195, 0.2727449607851993, 0.01604382122265878, 0.1543343268753105, 0.009078489816194735, 0.10113015399900648, 0.005948832588176851]
Timestep: 210, Trans probs: [0.4466379037953979, 0.03701419092227055, 0.2887173494169981, 0.02392685216162968, 0.11425620794765992, 0.009468746514999443, 0.07385792659504603, 0.00612082264599829]
Timestep: 211, Trans probs: [0.36768720754783807, 0.030303890731964676, 0.36913195099596313, 0.03042296299417279, 0.0933359834544512, 0.007692526108883342, 0.0937027260220522, 0.007722752144674632]
Timestep: 212, Trans probs: [0.36483282385780613, 0.02990432982441034, 0.3734339906285206, 0.030609343494141034, 0.09190445181150841, 0.0075331517878285586, 0.09407115794458916, 0.007710750651195834]
Timestep: 213, Trans probs: [0.3620255121762658, 0.029512949362195593, 0.3776729802860456, 0.03078855817549285, 0.0905063780440665, 0.007378237340548898, 0.0944182450715114, 0.0076971395438732125]
Timestep: 214, Trans probs: [0.3592640562248996, 0.02912951807228915, 0.38185040160642575, 0.030960843373493977, 0.0891407056798623, 0.0072276247848537, 0.09474483648881239, 0.007682013769363167]
Timestep: 215, Trans probs: [0.35654728279290476, 0.028753813128460058, 0.3859676872669755, 0.031126426392498022, 0.08780642038929745, 0.00708116293462076, 0.09505174387918054, 0.007665463216062946]
Timestep: 216, Trans probs: [0.4184279110936271, 0.023684598741148703, 0.27612854051927616, 0.015629917387883555, 0.15173759413285376, 0.008588920422614364, 0.10013452568281442, 0.005667992019781948]
Timestep: 217, Trans probs: [0.4448108203677511, 0.03826329637572052, 0.2896304809052334, 0.02491444997034266, 0.11286244695898162, 0.009708597587869386, 0.07348833097595475, 0.006321576858146645]
Timestep: 218, Trans probs: [0.4324980574980575, 0.20561383061383065, 0.0172999222999223, 0.008224553224553226, 0.21921134421134422, 0.10421522921522923, 0.00876845376845377, 0.00416860916860917]
Timestep: 219, Trans probs: [0.4473173352099461, 0.038273140980530154, 0.2874351864883885, 0.024593384940182976, 0.113498428336852, 0.00971109547267183, 0.07293131597466573, 0.006240112596762844]
Timestep: 220, Trans probs: [0.46607142857142836, 0.15535714285714286, 0.017261904761904763, 0.0057539682539682535, 0.2571428571428572, 0.08571428571428573, 0.009523809523809525, 0.003174603174603175]
Timestep: 221, Trans probs: [0.3569243790741595, 0.03053898430581046, 0.37893127720589986, 0.032421927461467374, 0.0898920658408995, 0.007691299751093004, 0.0954345438888933, 0.008165522471776968]
Timestep: 222, Trans probs: [0.47995129870129855, 0.15998376623376626, 0.01777597402597403, 0.005925324675324676, 0.24326298701298707, 0.08108766233766235, 0.009009740259740261, 0.003003246753246754]
Timestep: 223, Trans probs: [0.44672811889128017, 0.03822272675005606, 0.2891275373887793, 0.024738185017221758, 0.11250930401706315, 0.009626464514828932, 0.0728173057127296, 0.006230357708041035]
Timestep: 224, Trans probs: [0.3576030786146234, 0.030434304562946674, 0.379651823346161, 0.032310793476269015, 0.08940076965365586, 0.0076085761407366686, 0.09491295583654025, 0.008077698369067254]
Timestep: 225, Trans probs: [0.4449147544929397, 0.03766474112109541, 0.2937245266367137, 0.024865568392526023, 0.11041680038510908, 0.009347454000855794, 0.0728951379974326, 0.006171016973327626]
Timestep: 226, Trans probs: [0.4480209717139152, 0.037728081828540226, 0.2919880596701445, 0.02458846818274901, 0.11038197853821098, 0.009295324508480925, 0.07193908716510806, 0.006058028392851205]
Timestep: 227, Trans probs: [0.36313125906895977, 0.030419372487452127, 0.37823312617579746, 0.03168445036027622, 0.0888234734413283, 0.007440709817074622, 0.09251745532357636, 0.007750153325535192]
Timestep: 228, Trans probs: [0.4137842512517069, 0.03448202093764224, 0.2749731451979973, 0.022914428766499774, 0.1407719617660446, 0.011730996813837049, 0.09354756486117433, 0.00779563040509786]
Timestep: 229, Trans probs: [0.36478657098297784, 0.03024137376024686, 0.37290797887128163, 0.03091465109813733, 0.09185273370074981, 0.007614734400062159, 0.09389769252154573, 0.007784264664998609]
Timestep: 230, Trans probs: [0.4406077789894585, 0.0363387858960378, 0.29843984005816065, 0.02461359505634314, 0.11015194474736457, 0.00908469647400945, 0.07460996001454016, 0.006153398764085785]
Timestep: 231, Trans probs: [0.3695202645803143, 0.030319611452743717, 0.37086642219262855, 0.030430065410677214, 0.09172488837099994, 0.0075261446868512775, 0.09205904096980141, 0.007553562335983705]
Timestep: 232, Trans probs: [0.41025943396226416, 0.03349056603773585, 0.2831367924528302, 0.023113207547169813, 0.13675314465408805, 0.011163522012578616, 0.09437893081761006, 0.00770440251572327]
Timestep: 233, Trans probs: [0.3710404842655976, 0.03013526775761199, 0.36573042366787895, 0.02970399380043687, 0.09473374066355685, 0.007694110916837105, 0.09337798051094783, 0.007583998417132818]
Timestep: 234, Trans probs: [0.40951270979792914, 0.033091936145287194, 0.2878648881934226, 0.02326180914694324, 0.13380118240922434, 0.010812216760341359, 0.09405486445923711, 0.007600393087615118]
Timestep: 235, Trans probs: [0.4327981662110144, 0.034797842509428294, 0.30038709639677236, 0.024151726343459082, 0.11357114999863499, 0.009131348743608844, 0.07882498274241544, 0.006337687054666568]
Timestep: 236, Trans probs: [0.37316920871390147, 0.029853536697112115, 0.3613642073837605, 0.02890913659070084, 0.0972342304395377, 0.007778738435163016, 0.09415827938872633, 0.007532662351098105]
Timestep: 237, Trans probs: [0.4110336285051653, 0.032719094806381334, 0.2904776211559893, 0.023122596708934472, 0.13169038583175208, 0.01048281678262703, 0.09306564561308395, 0.007408210596066384]
Timestep: 238, Trans probs: [0.43053089584457627, 0.034101457096600105, 0.3004578911075133, 0.023798644840199074, 0.11521249325418238, 0.00912574203993524, 0.08040422438088385, 0.006368651436109612]
Timestep: 239, Trans probs: [0.37524032713826355, 0.029575592286759687, 0.3570939900745824, 0.028145339119178908, 0.09971421280597213, 0.007859248299978099, 0.09489210925058833, 0.007479181024676912]
Timestep: 240, Trans probs: [0.37262526946737456, 0.02922551133077449, 0.361041064198959, 0.028316946211683056, 0.09833166833166836, 0.007712287712287713, 0.0952747252747253, 0.007472527472527474]
Timestep: 241, Trans probs: [0.4297248303505826, 0.03353949895419182, 0.30526021032394696, 0.023825187147234885, 0.11261754174704923, 0.008789661794891648, 0.0799992275331723, 0.006243842148930522]
Timestep: 242, Trans probs: [0.37710885743967026, 0.02929000834482876, 0.3591817810248812, 0.027897614060184945, 0.09815162042950322, 0.007623426829475978, 0.09348566903387319, 0.007261022837582384]
Timestep: 243, Trans probs: [0.3745142908487582, 0.02894796451004893, 0.36306903238478927, 0.028063306850998202, 0.09681321804253609, 0.007483147288311969, 0.0938545798001496, 0.007254460274407699]
Timestep: 244, Trans probs: [0.37195767195767193, 0.02861212861212861, 0.36690561529271204, 0.028223508868670154, 0.09550264550264552, 0.007346357346357346, 0.09420549581839906, 0.007246576601415312]
Timestep: 245, Trans probs: [0.3694381300542818, 0.028282344884538298, 0.3706925888999667, 0.028378380011480703, 0.09421912041652818, 0.007212947017533258, 0.09453904951811232, 0.007237439197558837]
Timestep: 246, Trans probs: [0.41036895461465117, 0.03126620606587818, 0.2966337387289426, 0.02260066580791943, 0.1289731000217475, 0.009826521906418856, 0.09322774645766765, 0.007103066396774678]
Timestep: 247, Trans probs: [0.370821476026909, 0.028119164058912533, 0.36586893544558136, 0.027743615957958778, 0.0970606547989896, 0.007360049653003953, 0.09576435223072265, 0.007261751827922097]
Timestep: 248, Trans probs: [0.36836303722268615, 0.02780098394133482, 0.36959296389120955, 0.027893808595562983, 0.09577438967789846, 0.007228255824747053, 0.09609417061171448, 0.007252390234846376]
Timestep: 249, Trans probs: [0.425976051151724, 0.03199820102548162, 0.3132333260029531, 0.02352926392510446, 0.11002030460210088, 0.008264436026448895, 0.08090132261003424, 0.006077094656152807]
Timestep: 250, Trans probs: [0.3726731294903801, 0.027863411550682626, 0.367777587559472, 0.02749738972407267, 0.09562007927713699, 0.007149164805767252, 0.09436398628170663, 0.007055251310781804]
Timestep: 251, Trans probs: [0.4243470257421151, 0.03157931354359926, 0.31733316906307985, 0.02361549165120594, 0.10816688891465677, 0.008049628942486087, 0.08088884701607917, 0.0060196351267779846]
Timestep: 252, Trans probs: [0.40928256996122, 0.030317227404534814, 0.302293784718583, 0.022392132201376518, 0.12622733466093702, 0.009350172937847187, 0.09323079341788074, 0.006905984697620796]
Timestep: 253, Trans probs: [0.405745824156083, 0.029916742794918582, 0.29603136256942003, 0.02182719724014157, 0.1327205966865693, 0.009785850446935987, 0.0968326886909318, 0.00713973741499958]
Timestep: 254, Trans probs: [0.42918026572869145, 0.03149946904430763, 0.309360985765928, 0.022705393450710314, 0.11220399104018074, 0.00823515530570134, 0.0808786890891315, 0.005936050575349102]
Timestep: 255, Trans probs: [0.4119777506895194, 0.03009883110060415, 0.2934300507289204, 0.02143781192540058, 0.1322864337076438, 0.009664762280010506, 0.09422065849093775, 0.006883701076963488]
Timestep: 256, Trans probs: [0.40845656229233884, 0.02970593180307919, 0.28750350271810926, 0.02090934565222613, 0.1386503927047389, 0.010083664923981012, 0.0975929321153215, 0.0070976677902052]
Timestep: 257, Trans probs: [0.37313367619153565, 0.027014202801197148, 0.3622832623442859, 0.026228652477414356, 0.09999007009054224, 0.007239100097052831, 0.09708244285042955, 0.007028593147542409]
Timestep: 258, Trans probs: [0.4293770532449017, 0.030946093927560484, 0.3072745304655055, 0.02214591210562202, 0.11431467001974656, 0.008238895136558311, 0.08180685551354368, 0.005895989586561706]
Timestep: 259, Trans probs: [0.4321837222635618, 0.031008697561511152, 0.30569092550349497, 0.021932981202044476, 0.11431956524390989, 0.008202300645302951, 0.08086018029447285, 0.005801627285702088]
Timestep: 260, Trans probs: [0.43496227191658676, 0.031068733708327606, 0.30412402249965703, 0.021723144464261213, 0.11431700736269261, 0.008165500525906614, 0.07993003155439703, 0.005709287968171216]
Timestep: 261, Trans probs: [0.43771313345097085, 0.03112626726762459, 0.3025735508191161, 0.021516341391581584, 0.11430725141076309, 0.008128515655876486, 0.07901602282537426, 0.00561891717869328]
Timestep: 262, Trans probs: [0.4160454545454545, 0.029454545454545455, 0.28436776859504126, 0.020132231404958678, 0.13868181818181818, 0.009818181818181818, 0.0947892561983471, 0.006710743801652892]
Timestep: 263, Trans probs: [0.4397582576715916, 0.03099617675218269, 0.2972394882597108, 0.02095080093460517, 0.11764233644717745, 0.008291970850902376, 0.07951629622234302, 0.005604672861486733]
Timestep: 264, Trans probs: [0.42189754098360654, 0.02960684498130572, 0.28203688524590165, 0.019792062122519414, 0.13814344262295083, 0.009694276675294796, 0.0923483606557377, 0.006480586712683348]
Timestep: 265, Trans probs: [0.3752187987390078, 0.0262161606105857, 0.35851589513854326, 0.025049145511863286, 0.10276693213870913, 0.007180222332835573, 0.09819225153476024, 0.006860593993695039]
Timestep: 266, Trans probs: [0.3728058501095362, 0.025934320007619912, 0.3621373202176894, 0.025192161406447963, 0.10145981996651934, 0.007058074432453521, 0.09855635929975091, 0.006856094559982673]
Timestep: 267, Trans probs: [0.4383164072539667, 0.03035957799161674, 0.2978242108564274, 0.020628516769276357, 0.1185383994460413, 0.008210451909682514, 0.080543654508342, 0.005578781264647064]
Timestep: 268, Trans probs: [0.37692165898617513, 0.025994597171460354, 0.36040552995391706, 0.024855553789925315, 0.10129769585253455, 0.006986047989829969, 0.0968589861751152, 0.006679930081042428]
Timestep: 269, Trans probs: [0.37452653752263954, 0.025718560516576103, 0.36397649421214273, 0.024994094023151427, 0.10002882679176088, 0.006868932311880575, 0.09721111336100706, 0.006675441260841686]
Timestep: 270, Trans probs: [0.4375570224897054, 0.029918428888184988, 0.3021112701932214, 0.02065718086791258, 0.11614167880899587, 0.007941311371555274, 0.08019002850807729, 0.005483078872347166]
Timestep: 271, Trans probs: [0.3785781116798763, 0.02577553100799158, 0.36224500362589085, 0.024663489608571294, 0.09987029940021278, 0.0067996799591634235, 0.09556156537370127, 0.006506319344592427]
Timestep: 272, Trans probs: [0.3762007802315774, 0.025505137642818795, 0.3657668602867878, 0.024797753239782217, 0.09863800945096234, 0.0066873226746415135, 0.09590228653860898, 0.006501849934820948]
Timestep: 273, Trans probs: [0.4165515511653033, 0.028121623707362247, 0.29218050625096464, 0.019725266244790863, 0.13402093385318456, 0.009047826758020896, 0.09400590201117996, 0.006346390009193583]
Timestep: 274, Trans probs: [0.3774152615985614, 0.02537245456124782, 0.3613794082984707, 0.024294414003258533, 0.10125775311180915, 0.0068072439066762455, 0.09695545100690678, 0.006518013513069363]
Timestep: 275, Trans probs: [0.37509168849726127, 0.02511074065253632, 0.36484639199809477, 0.02442486306263396, 0.10002445026593633, 0.006696197507343018, 0.09729237119949193, 0.006513296816702389]
Timestep: 276, Trans probs: [0.37279852780806977, 0.024853235187204652, 0.3682729007633587, 0.02455152671755725, 0.09881406761177754, 0.006587604507451836, 0.09761450381679389, 0.006507633587786259]
Timestep: 277, Trans probs: [0.37053515496864753, 0.024599844313271203, 0.3716596926165038, 0.024674502414373696, 0.09762602885401492, 0.006481396106490617, 0.09792231422231237, 0.0065010665043858835]
Timestep: 278, Trans probs: [0.43407308648642545, 0.02869904704042484, 0.309235382140165, 0.0204453145216638, 0.11368580836549244, 0.0075164170820160294, 0.08099021913194798, 0.005354725231864329]
Timestep: 279, Trans probs: [0.4181495446736575, 0.027532480307730534, 0.29465695384712676, 0.01940128091174497, 0.13223532609337885, 0.008706852746889144, 0.09318211360977512, 0.0061354478096971275]
Timestep: 280, Trans probs: [0.3723236585504933, 0.02441466613445858, 0.36787135770086105, 0.024122711980384334, 0.09972955139745357, 0.0065396427145871195, 0.09853697081273063, 0.006461440709031517]
Timestep: 281, Trans probs: [0.42314111725351006, 0.02151565002983949, 0.3027687255918166, 0.015395019945346606, 0.1315648851964695, 0.00668973992524421, 0.0941381751840102, 0.004786686873763231]
Timestep: 282, Trans probs: [0.4297316926677436, 0.029940322849801804, 0.30418172445547054, 0.021192988998946713, 0.11766463013521551, 0.008197945542207636, 0.08328785312471217, 0.0058028422259020765]
Timestep: 283, Trans probs: [0.4322974547310492, 0.02999614992011362, 0.3027460389668028, 0.02100686800994142, 0.11766676282620274, 0.008164632522634477, 0.08240424729273924, 0.0057178457305165995]
Timestep: 284, Trans probs: [0.4430978800034507, 0.021791699016563148, 0.3070467959224753, 0.015100662094547966, 0.11989707341269841, 0.005896577380952381, 0.08308325066137567, 0.004086061507936508]
Timestep: 285, Trans probs: [0.43546683565694977, 0.03199348180336773, 0.2986187770009676, 0.021939338718438436, 0.11714312538140166, 0.008606433701490735, 0.08033019732189771, 0.005901810415486363]
Timestep: 286, Trans probs: [0.437960314577076, 0.03204587667637141, 0.2972356820868106, 0.02174895234781541, 0.11712892134038079, 0.008570408878564447, 0.07949326381391447, 0.005816580279066912]
Timestep: 287, Trans probs: [0.4269770398504081, 0.031115735697600587, 0.28682759353865334, 0.020902415723464615, 0.13056322706169501, 0.009514729097613401, 0.0877076112473568, 0.006391647783208188]
Timestep: 288, Trans probs: [0.37103882175280756, 0.026930237062703793, 0.3612027410583297, 0.02621632798004006, 0.10138851524640678, 0.007358843848529525, 0.09870074901012499, 0.007163764041057458]
Timestep: 289, Trans probs: [0.43601012164546377, 0.031518803974370874, 0.2973402358621971, 0.02149447488160461, 0.11845361686321848, 0.008562912062401336, 0.08078029529204198, 0.00583953941870183]
Timestep: 290, Trans probs: [0.3748414788801092, 0.026988586479367863, 0.3596084434539219, 0.025891807928682377, 0.10125028452508698, 0.007290020485806262, 0.0971356140364042, 0.006993764210621102]
Timestep: 291, Trans probs: [0.3726377331300249, 0.02672302468661533, 0.36290263995681665, 0.026024890514831468, 0.10007984832634954, 0.0071770409158338315, 0.09746528044554503, 0.006989542023983309]
Timestep: 292, Trans probs: [0.37046163246156705, 0.026461545175826214, 0.3661601911557723, 0.026154299368269445, 0.0989300950323503, 0.007066435359453592, 0.09778141468364374, 0.00698438676311741]
Timestep: 293, Trans probs: [0.36831263178703216, 0.026204060759551697, 0.3693817540853979, 0.026280124796589577, 0.09780052934457917, 0.006958140427677569, 0.09808442057634861, 0.006978338222823221]
Timestep: 294, Trans probs: [0.42423926404145995, 0.03006419981396173, 0.2936375741938342, 0.020808961950744158, 0.1276166891832034, 0.00904370238306166, 0.0883300019932672, 0.006259606440467754]
Timestep: 295, Trans probs: [0.36951379555696107, 0.026083326745197255, 0.3652847392415738, 0.025784805122934622, 0.10020713099849793, 0.007073444541070443, 0.09906026826890138, 0.006992489524863627]
Timestep: 296, Trans probs: [0.43226841324134235, 0.030393872806031886, 0.3036013626129306, 0.021346970808721683, 0.11656676312126085, 0.008196100531963655, 0.08187003036753185, 0.005756486510217084]
Timestep: 297, Trans probs: [0.43470233804374775, 0.03044607815092397, 0.30222998073879137, 0.02116785857314492, 0.11656822472681504, 0.008164311459465647, 0.08104491103610047, 0.005676297271010929]
Timestep: 298, Trans probs: [0.37373733246158863, 0.02607469761359922, 0.36424893756129456, 0.025412716574043807, 0.09966328865642368, 0.006953252696959791, 0.09713305001634523, 0.006776724419745015]
Timestep: 299, Trans probs: [0.3716124110624121, 0.025826345170360684, 0.3674193232083933, 0.025534933659270575, 0.09854914768505957, 0.006848975514791784, 0.09743716858565127, 0.006771695114060706]
Timestep: 300, Trans probs: [0.43396934626212075, 0.030044031664300665, 0.30609946825148576, 0.021191501648179786, 0.11445345395924061, 0.007923700658716658, 0.08072953008830394, 0.005588967467651812]
Timestep: 301, Trans probs: [0.3752459035739363, 0.02587902783268526, 0.3658517084914177, 0.025231152309752942, 0.09842515503578657, 0.00678794172660597, 0.09596110386660137, 0.006618007163213886]
Timestep: 302, Trans probs: [0.4326112720950449, 0.02972138510576644, 0.30950695450594035, 0.021263836569110406, 0.11285511445957692, 0.00775340481019994, 0.08074094465372357, 0.005547087800637496]
Timestep: 303, Trans probs: [0.37884078409944033, 0.025928266592357134, 0.3642899720901339, 0.02493239352708141, 0.09829382506363858, 0.0067273340347737435, 0.09451847924500774, 0.006468945347567068]
Timestep: 304, Trans probs: [0.41862712116952916, 0.028542758261558804, 0.30372643806346267, 0.020708620777054272, 0.12391362786618063, 0.008448656445421405, 0.08990302566678496, 0.0061297517500080645]
Timestep: 305, Trans probs: [0.43084488362962375, 0.029264935491823473, 0.3094680033263729, 0.02102046815047061, 0.11411567188027864, 0.0077512531843208134, 0.08196720088103931, 0.0055675834560705946]
Timestep: 306, Trans probs: [0.4238656491323523, 0.028682637911211808, 0.30144352297345334, 0.020398433885421653, 0.12348841746375618, 0.00835635907649478, 0.08782212874029743, 0.005942850817012608]
Timestep: 307, Trans probs: [0.42057023010371797, 0.02835304922047537, 0.2961704166939993, 0.019966544945662874, 0.12915148798460632, 0.008706841886602673, 0.09094997048083443, 0.006131458684101197]
Timestep: 308, Trans probs: [0.4251201298701298, 0.020243815708101423, 0.2964707792207792, 0.01411765615337044, 0.1372435064935065, 0.006535405071119356, 0.09571103896103897, 0.004557668521954237]
Timestep: 309, Trans probs: [0.434697513559941, 0.030933530927486436, 0.30023776392852797, 0.021365234137236074, 0.11748581447565973, 0.008360413764185523, 0.08114534160230485, 0.005774387604658398]
Timestep: 310, Trans probs: [0.4207490420723891, 0.029829223131997727, 0.28783878330166296, 0.02040648090571491, 0.13372643972843373, 0.00948060580164269, 0.0914836443051797, 0.0064857807529791565]
Timestep: 311, Trans probs: [0.42732774289491077, 0.019722818902842037, 0.2895840218109716, 0.013365416391275612, 0.14244258096497026, 0.006574272967614012, 0.09652800727032387, 0.004455138797091871]
Timestep: 312, Trans probs: [0.4127805336158737, 0.030804517434020424, 0.2771141023994521, 0.0206801568954815, 0.14399320940088617, 0.01074576189558852, 0.09666771013934376, 0.007214008219354012]
Timestep: 313, Trans probs: [0.4381949331743332, 0.03257954893489466, 0.291454354257489, 0.021669468718028925, 0.12079968428049186, 0.008981389165835825, 0.08034687603855102, 0.0059737454303755416]
Timestep: 314, Trans probs: [0.3749836316019206, 0.027776565303845976, 0.35570165866433867, 0.026348271012173238, 0.10281809253601051, 0.007616155002667446, 0.09753109995635095, 0.007224525922692663]
Timestep: 315, Trans probs: [0.3729214700455369, 0.027521879708157712, 0.35879183383271546, 0.026479102127875683, 0.10170585546696462, 0.007505967193133921, 0.09785231831801332, 0.0072215733076024585]
Timestep: 316, Trans probs: [0.3708835604661006, 0.0272708500342721, 0.36184986075244713, 0.026606607408268174, 0.10061202970091024, 0.007397943360361047, 0.09816139839561065, 0.007217749882030195]
Timestep: 317, Trans probs: [0.4141911104235268, 0.030343671093298684, 0.2793203695640622, 0.020463030737293934, 0.1422793890767841, 0.010423398467163671, 0.09594974527009772, 0.007029285367772727]
Timestep: 318, Trans probs: [0.4376260870648624, 0.031943510004734506, 0.2924192644090604, 0.021344471854675945, 0.12104551344347265, 0.008835438937479756, 0.08088192419825076, 0.005903790087463559]
Timestep: 319, Trans probs: [0.3724945495463816, 0.0270905126942823, 0.3585695196567972, 0.026077783247767067, 0.10248527289106797, 0.0074534743920776705, 0.09865404773626167, 0.007174839835364486]
Timestep: 320, Trans probs: [0.4153580869504612, 0.030098412097859503, 0.2813470451479293, 0.02038746703970502, 0.14053469107346428, 0.010183673266193065, 0.09519260926057756, 0.006898015163809969]
Timestep: 321, Trans probs: [0.43585221147878345, 0.03146947375298076, 0.2925474879952961, 0.021122562310129687, 0.12222310692262182, 0.008824773063005185, 0.08203712626323119, 0.00592325821395171]
Timestep: 322, Trans probs: [0.37407261847977735, 0.026911699171207004, 0.3553443450908029, 0.025564341373439062, 0.10434657252330631, 0.007506947663547217, 0.09912236994638188, 0.007131105751538264]
Timestep: 323, Trans probs: [0.3720763475714517, 0.026672139610856738, 0.3583502109021489, 0.02568818716144436, 0.10324631634181637, 0.0074011696302377335, 0.09943749307755963, 0.007128135704484561]
Timestep: 324, Trans probs: [0.4165945945945946, 0.029756756756756757, 0.2834054054054055, 0.02024324324324325, 0.13886486486486488, 0.009918918918918919, 0.09446846846846849, 0.006747747747747749]
Timestep: 325, Trans probs: [0.37311455239903274, 0.02655619590028703, 0.35467716229348883, 0.025243926141885323, 0.10548788392433388, 0.0075080344430130865, 0.10027521865889212, 0.0071370262390670555]
Timestep: 326, Trans probs: [0.4314025041553556, 0.030595922280521676, 0.29739736662480915, 0.021092011817362356, 0.12133195429369376, 0.008605103141396722, 0.08364300936322758, 0.005932128323633163]
Timestep: 327, Trans probs: [0.4335873620703342, 0.030642216400730327, 0.2962131483450798, 0.020933791402479137, 0.12131459871397948, 0.00857346987377947, 0.08287829021054045, 0.0058571229830770635]
Timestep: 328, Trans probs: [0.435755190459849, 0.030686985243651335, 0.2950385277065347, 0.02077736110609399, 0.12129268188057653, 0.00854173816060398, 0.08212412626882924, 0.005783389173861214]
Timestep: 329, Trans probs: [0.3775207223421968, 0.026492682269627862, 0.3542588549834993, 0.024860270525157848, 0.10454420003322379, 0.007336435090050793, 0.09810245214927674, 0.006884382606966788]
Timestep: 330, Trans probs: [0.42733626539748987, 0.019134459644663725, 0.29315039080345207, 0.013126136901647106, 0.14036592659041638, 0.006285041489123121, 0.09629027435149885, 0.004311504821708904]
Timestep: 331, Trans probs: [0.3770955882352942, 0.02778599071207431, 0.349375, 0.02574342105263158, 0.10636029411764707, 0.007837074303405574, 0.09854166666666665, 0.007260964912280702]
Timestep: 332, Trans probs: [0.37514190539369, 0.027545384661774443, 0.3523195841530092, 0.025869619815430744, 0.10526941222782117, 0.007729572226518339, 0.09886518943069135, 0.00725933209106475]
Timestep: 333, Trans probs: [0.37320989346151706, 0.027308040984989033, 0.35523527248364906, 0.025992824815876756, 0.10419565553494124, 0.007624072356215213, 0.09917736033807459, 0.007256880024737165]
Timestep: 334, Trans probs: [0.371299173463691, 0.0270738980650608, 0.3581225234548401, 0.026113100668582086, 0.10313865929546971, 0.007520527240294666, 0.09947847873745556, 0.007253639074606135]
Timestep: 335, Trans probs: [0.3694093755495204, 0.026842895801176228, 0.3609817852328012, 0.026230510345636077, 0.10209806861921418, 0.007418890799320062, 0.09976883511459331, 0.007249638537738614]
Timestep: 336, Trans probs: [0.4314986444738665, 0.031246453565348973, 0.29985499022760237, 0.021713637223378105, 0.11866212723031337, 0.00859277473047097, 0.08246012231259066, 0.005971250236428979]
Timestep: 337, Trans probs: [0.41721951115410877, 0.03010862451627589, 0.2873686995482323, 0.020737947390078622, 0.13507106476212155, 0.009747396426132482, 0.093033032227845, 0.006713723975205309]
Timestep: 338, Trans probs: [0.3709160883986895, 0.02667547211086466, 0.357917777416007, 0.025740662074438862, 0.10385650475163308, 0.007469132191042105, 0.10021697767648198, 0.007207385380842882]
Timestep: 339, Trans probs: [0.4298948897432402, 0.030811579128355096, 0.2999001485476716, 0.0214945498959082, 0.1197717105752311, 0.00858432055317356, 0.08355427024213735, 0.005988531314282882]
Timestep: 340, Trans probs: [0.4320129600621226, 0.030858068575865892, 0.2987363939430453, 0.021338313853074664, 0.11976596912613298, 0.00855471208043807, 0.08281801020203237, 0.0059155721572880255]
Timestep: 341, Trans probs: [0.434115008588126, 0.030903102306273394, 0.2975818781720518, 0.0211837947173325, 0.11975586443810379, 0.008524993739661627, 0.08209155259918671, 0.005843805439264139]
Timestep: 342, Trans probs: [0.4214404583917151, 0.02989949198049331, 0.28640527275716043, 0.02031929299966341, 0.1345022739548027, 0.009542391057604247, 0.09140593811398737, 0.006484880744573429]
Timestep: 343, Trans probs: [0.4356651720920589, 0.030804608127721334, 0.29354382645656235, 0.020755624092888246, 0.12232962960220373, 0.008649569769852788, 0.0824236360001185, 0.005827933858594237]
Timestep: 344, Trans probs: [0.37385799778972467, 0.026345697830819526, 0.3562973007365608, 0.025108199045193885, 0.10446032291183484, 0.00736129792331722, 0.09955365755874493, 0.0070155262038041726]
Timestep: 345, Trans probs: [0.37198478533534973, 0.026126021712516205, 0.3591101574127418, 0.025221783630995243, 0.10342991592251188, 0.007264308476163043, 0.0998501413293965, 0.007012886180325507]
Timestep: 346, Trans probs: [0.4225567848610039, 0.029578974940270283, 0.2883201290383795, 0.02018240903268656, 0.13297241481639993, 0.009308069037147995, 0.09073011053655299, 0.006351107737558709]
Timestep: 347, Trans probs: [0.4346037244656852, 0.03032119007900129, 0.29402910740735183, 0.02051365865632687, 0.12296105375126702, 0.008578678168693047, 0.08318872307134831, 0.005803864400326626]
Timestep: 348, Trans probs: [0.3734492858148045, 0.025968327821559244, 0.35612196852425176, 0.024763448142414855, 0.10514591542358569, 0.007311470940050661, 0.10026735036119708, 0.006972232972136221]
Timestep: 349, Trans probs: [0.4235540519360937, 0.02935523132230352, 0.2901399051789161, 0.020108706299528833, 0.1314478092215463, 0.009110244203473505, 0.09004341884862911, 0.006240632989508948]
Timestep: 350, Trans probs: [0.4436287735849057, 0.01928820754716981, 0.30133977987421395, 0.01310172955974843, 0.12705872641509436, 0.005524292452830188, 0.08630605345911951, 0.0037524371069182394]
Timestep: 351, Trans probs: [0.4335058139033001, 0.031475669656345226, 0.2920118263511822, 0.021202178810976927, 0.12355962811736572, 0.008971326133934145, 0.0832304239358442, 0.006043133091051394]
Timestep: 352, Trans probs: [0.43551270685074966, 0.03151736694314638, 0.29094118896965876, 0.02105495446490951, 0.12353485434708772, 0.008940022354065559, 0.08252658725581666, 0.0059723188145656796]
Timestep: 353, Trans probs: [0.3745348489758173, 0.02701562845071468, 0.352848874608098, 0.025451394234026734, 0.10572993344293405, 0.0076264214286706515, 0.09960805551137693, 0.007184843348361614]
Timestep: 354, Trans probs: [0.4344729099771449, 0.031236614442801267, 0.2938342801579535, 0.021125340403512997, 0.12206619851738834, 0.008776001200596548, 0.082553440615806, 0.00593521468479651]
Timestep: 355, Trans probs: [0.4364622279171717, 0.03127742349895041, 0.2927621332220832, 0.02097969684327632, 0.12204394050764515, 0.00874581984093874, 0.08186239744124603, 0.005866360728688639]
Timestep: 356, Trans probs: [0.3781379739723324, 0.027009855283738025, 0.35199732738068124, 0.025142666241477228, 0.10523651162437553, 0.007516893687455394, 0.0979615203559443, 0.006997251453996022]
Timestep: 357, Trans probs: [0.37628381756016405, 0.026790433612697763, 0.35475625707996394, 0.02525772704129193, 0.10422885087347268, 0.0074208243340336535, 0.0982658176888163, 0.006996271809559736]
Timestep: 358, Trans probs: [0.4479603323505762, 0.018927901366925758, 0.3041434197531758, 0.012851130412106023, 0.12350308228357008, 0.005218440096488877, 0.08385262507213727, 0.003543068665019885]
Timestep: 359, Trans probs: [0.4364144534341747, 0.03248392371840135, 0.2938973045466538, 0.021875851147485557, 0.11976024536100606, 0.00891419302039851, 0.08065088822443058, 0.006003140547449525]
Timestep: 360, Trans probs: [0.43836912010825047, 0.03252416052416052, 0.29283481109568066, 0.021726453726453727, 0.11973971336290175, 0.00888391421724755, 0.07998728636409796, 0.005934540601207267]
Timestep: 361, Trans probs: [0.3789905806097244, 0.028028242295896018, 0.3530995868813804, 0.026113474270970258, 0.10304352191692967, 0.007620582006718271, 0.09600403514286379, 0.0070999768755172585]
Timestep: 362, Trans probs: [0.4373155881243602, 0.03223800809891117, 0.2956549383048656, 0.021795075580166374, 0.11835605366668465, 0.008724965494659445, 0.08001670348617923, 0.0058986672441734694]
Timestep: 363, Trans probs: [0.3820441893238654, 0.02807353467875051, 0.35180087747983435, 0.02585118269021147, 0.10292514689547066, 0.007563189707973883, 0.09477740534844853, 0.0069644738754451]
Timestep: 364, Trans probs: [0.3801922856865707, 0.027848479524812505, 0.3545215609254285, 0.025968139813009095, 0.10196065843412579, 0.007468455872563354, 0.09507623679363765, 0.006964182949852439]
Timestep: 365, Trans probs: [0.43677079499447913, 0.0318912009043588, 0.2988061280824439, 0.02181759030443241, 0.11660396789445371, 0.008513940512928368, 0.0797717717505167, 0.005824605556386933]
Timestep: 366, Trans probs: [0.4251493362831858, 0.030944413716814154, 0.28853060471976405, 0.02100064528023599, 0.13014775600505687, 0.009472779709228824, 0.08832569532237675, 0.006428768963337548]
Timestep: 367, Trans probs: [0.43822679664704595, 0.03179563508795601, 0.2950472247052673, 0.021407211887132956, 0.11897560089965048, 0.008632299118902086, 0.08010331892450695, 0.005811912729538359]
Timestep: 368, Trans probs: [0.38201455702185205, 0.027629983683970433, 0.3521215882330304, 0.025467913614338682, 0.10324717757347351, 0.007467563157829846, 0.09516799681973796, 0.006883219895767212]
Timestep: 369, Trans probs: [0.43718195735466187, 0.03152095617290665, 0.29781070687363564, 0.021472245323177493, 0.11762743247210633, 0.008480974755042149, 0.08012844131129211, 0.005777285737177801]
Timestep: 370, Trans probs: [0.38500390095676107, 0.027672155381267202, 0.3508397322711781, 0.02521660575699093, 0.10312604489913244, 0.007412184477125144, 0.09397492828692272, 0.00675444797062257]
Timestep: 371, Trans probs: [0.3831655175160968, 0.02745422711174523, 0.3535235889710515, 0.025330350611632968, 0.10217747133762571, 0.007321127229798727, 0.09427295705894705, 0.006754760163102124]
Timestep: 372, Trans probs: [0.3813459481694776, 0.02723899629781983, 0.3561831893596599, 0.025441656382832852, 0.10124228712464008, 0.007231591937474291, 0.09456190867955573, 0.006754422048539695]
Timestep: 373, Trans probs: [0.43712522326023434, 0.031126563885403684, 0.3012385559184328, 0.021450423486451868, 0.1155397065886082, 0.008227285608476744, 0.07962252579341834, 0.005669715458974062]
Timestep: 374, Trans probs: [0.3842939481268012, 0.027280125947272922, 0.3548991354466859, 0.025193457145906713, 0.10112998634915821, 0.007178980512440244, 0.09339450932807523, 0.006629857143659662]
Timestep: 375, Trans probs: [0.42265885164894185, 0.02991124180900204, 0.29462103933340206, 0.020850104322056143, 0.12764864647115692, 0.00903359651949726, 0.08897950852351068, 0.0062970113724330635]
Timestep: 376, Trans probs: [0.4356485450964867, 0.030735940298218384, 0.3012864446418661, 0.021256405603567237, 0.11655509320563898, 0.008223212097330356, 0.08060733825944663, 0.005687020797445621]
Timestep: 377, Trans probs: [0.38561013289036533, 0.027122425249169444, 0.35215341390766414, 0.024769200366594114, 0.10271710963455152, 0.007224750830564786, 0.09380505785313324, 0.006597909267957384]
Timestep: 378, Trans probs: [0.4354336050940844, 0.01789453171619525, 0.3045637096212754, 0.012516316833751045, 0.12976498165055494, 0.005332807465091299, 0.0907640194235589, 0.003730028195488722]
Timestep: 379, Trans probs: [0.3852129774363254, 0.02827251210541838, 0.347920631985944, 0.025535459228326167, 0.10429346987359027, 0.00765456659622681, 0.09419685232807218, 0.0069135304460970414]
Timestep: 380, Trans probs: [0.42173848878394316, 0.03085891381345927, 0.2983028335301063, 0.021827036599763875, 0.12404073199527746, 0.00907615112160567, 0.0877361275088548, 0.006419716646989375]
Timestep: 381, Trans probs: [0.38604691527688756, 0.02816147710226536, 0.34487977958903665, 0.02515840337427623, 0.10620504656089047, 0.0077474806001865395, 0.09487959001794458, 0.006921307478512675]
Timestep: 382, Trans probs: [0.4266384083494889, 0.03102824787996283, 0.30512534475978403, 0.022190934164347927, 0.11686182489572956, 0.008499041810598514, 0.08357781182550605, 0.0060783863145822585]
Timestep: 383, Trans probs: [0.38890359298649047, 0.028198447829836163, 0.3436919804541535, 0.024920264443805688, 0.10606461626904284, 0.007690485771773498, 0.0937341764874964, 0.006796435757401551]
Timestep: 384, Trans probs: [0.4194606485044379, 0.030322456518393104, 0.30329216048432617, 0.021924734492842855, 0.12177889795290132, 0.00880329382792058, 0.08805256272125597, 0.006365245497922119]
Timestep: 385, Trans probs: [0.38968968095712864, 0.028085742771684945, 0.3407190927218344, 0.02455633100697906, 0.10796597221323045, 0.007781331330683275, 0.09439836335150392, 0.006803485646955237]
Timestep: 386, Trans probs: [0.3879288150948032, 0.02787512443794993, 0.34331080441297274, 0.024669039838057922, 0.107014845543394, 0.00768968950012412, 0.0947064288035787, 0.006805252369119427]
Timestep: 387, Trans probs: [0.42293409745296284, 0.03029975623543616, 0.30913121678505323, 0.022146714038332172, 0.1161707392145478, 0.008322679824325812, 0.08491157885941376, 0.006083217589928152]
Timestep: 388, Trans probs: [0.39073523866978366, 0.027909659904984542, 0.3421506673704849, 0.02443933338360606, 0.1068677575848981, 0.007633411256064148, 0.09357966970816681, 0.006684262122011914]
Timestep: 389, Trans probs: [0.38898473123734645, 0.027702176705330303, 0.34471671124405506, 0.02454955807079324, 0.10593626723059643, 0.0075444225920899555, 0.09388029582816818, 0.006685837091620286]
Timestep: 390, Trans probs: [0.41735891008665377, 0.029634952195502037, 0.30833990288856644, 0.021893957601555013, 0.11962516531146127, 0.00849409457832861, 0.08837767917188209, 0.0062753381660508]
Timestep: 391, Trans probs: [0.38974969390878483, 0.02759289868380778, 0.3417930058157331, 0.024197734925007652, 0.1078031068258341, 0.0076320783593510876, 0.09453849097030914, 0.0066929905111723295]
Timestep: 392, Trans probs: [0.3880280069410226, 0.02739021225466042, 0.3443293367120022, 0.024305600238494277, 0.1068721205557901, 0.007543914392173419, 0.09483646985711924, 0.006694339048737829]
Timestep: 393, Trans probs: [0.3863226191390031, 0.02718986175758379, 0.34684439528538236, 0.02441133573856063, 0.1059534609452962, 0.007457135081193867, 0.09512609997278418, 0.006695092080195953]
Timestep: 394, Trans probs: [0.42021536225399214, 0.02948879735115736, 0.31375639557752855, 0.02201799267210727, 0.11476469977525001, 0.00805366314212281, 0.08568977190142586, 0.006013317326415852]
Timestep: 395, Trans probs: [0.4220818134842977, 0.029533421351670985, 0.3126898056179538, 0.02187917007239326, 0.1147921250061898, 0.008032102041249432, 0.08504116052371127, 0.005950401902533733]
Timestep: 396, Trans probs: [0.3894885666545926, 0.02717362092939018, 0.3460780762534615, 0.02414498206419498, 0.10548648680228549, 0.007359522335043173, 0.09372947898531249, 0.006539265975719475]
Timestep: 397, Trans probs: [0.42110408695998736, 0.029294197353738248, 0.3152527864126681, 0.021930628620011695, 0.11357579108879325, 0.007900924597481271, 0.08502668513204742, 0.005914899835272864]
Timestep: 398, Trans probs: [0.4182009892245184, 0.02900816110227875, 0.3106543366896309, 0.021548277689454165, 0.11835877053524112, 0.00820985691573927, 0.08792103868574458, 0.006098569157392688]
Timestep: 399, Trans probs: [0.3906601397296032, 0.027019721479857286, 0.34357342217281744, 0.023763003262673256, 0.10698576440727722, 0.0073995917745667255, 0.09409064673612429, 0.006507710437080643]
Timestep: 400, Trans probs: [0.38896624735334395, 0.026825258438161668, 0.3460567941213103, 0.02386598580146967, 0.10608170382363931, 0.007315979574044091, 0.09437912566944824, 0.006508905218582638]
Timestep: 401, Trans probs: [0.3872880857841676, 0.02663299157255021, 0.34851971764642664, 0.02396697198714682, 0.10518935663273689, 0.007233652032050675, 0.09465967639779489, 0.006509547947126297]
Timestep: 402, Trans probs: [0.4207676842309344, 0.028852641204406913, 0.3158202060571458, 0.021656242701061427, 0.11381420966902314, 0.007804402948733017, 0.08542677704824435, 0.005857836140451041]
Timestep: 403, Trans probs: [0.38997451725501664, 0.026664924256753274, 0.34738882679643035, 0.023753082174114894, 0.10505435975033102, 0.007183204085492718, 0.09358229619822205, 0.006398789483639114]
Timestep: 404, Trans probs: [0.419793506708869, 0.028622284548331964, 0.3183406995104436, 0.021705047693893878, 0.11262752619018435, 0.007679149512967114, 0.08540848035646048, 0.005823305478849578]
Timestep: 405, Trans probs: [0.39263915812469674, 0.026695013583548786, 0.34626135966752536, 0.023541848815922403, 0.10491572646246956, 0.007133080552689149, 0.0925232782917274, 0.00629053450142056]
Timestep: 406, Trans probs: [0.41881756762749056, 0.02839441136457563, 0.32084475165266324, 0.02175218655272293, 0.11145951396538055, 0.0075565772179919015, 0.08538610326240231, 0.005788888356773038]
Timestep: 407, Trans probs: [0.3952822368075541, 0.026723306150369858, 0.3451374139023341, 0.02333323361593245, 0.10477360493694206, 0.007083285967567914, 0.09148220609459459, 0.006184712524704986]
Timestep: 408, Trans probs: [0.4127773104274656, 0.027827683849042627, 0.31941482038500246, 0.021533583396741742, 0.11537254018158977, 0.007777924057185827, 0.08927743426910006, 0.006018703433871914]
Timestep: 409, Trans probs: [0.4176427679960477, 0.028076824739230097, 0.3206957150100321, 0.021559375798993752, 0.11237777291459919, 0.007554808263166331, 0.08629161809506887, 0.005801117182861772]
Timestep: 410, Trans probs: [0.3963884515987145, 0.026573527481478065, 0.3427067967207728, 0.02297475732206298, 0.10623210502845548, 0.007121705365036121, 0.0918454215211671, 0.006157234962312878]
Timestep: 411, Trans probs: [0.3947145110785725, 0.026387599626422675, 0.34513310046222584, 0.023072964933407852, 0.10536204080583411, 0.007043701892312028, 0.09212716227477741, 0.0061589189264475135]
Timestep: 412, Trans probs: [0.3930556916144201, 0.026203712774294674, 0.3475399196708464, 0.023169327978056424, 0.10450290213557996, 0.006966860142371997, 0.0924014865791536, 0.006160099105276907]
Timestep: 413, Trans probs: [0.3914117783123611, 0.0260218356772761, 0.3499275074019246, 0.023263878608438197, 0.10365450255702849, 0.006891158064733197, 0.0926685493910235, 0.006160789987214858]
Timestep: 414, Trans probs: [0.38978256047442683, 0.025841937711011724, 0.35229611206766154, 0.02335664831387811, 0.10281665965270313, 0.006816574120621202, 0.09292850200209969, 0.006161005657597769]
Timestep: 415, Trans probs: [0.41835530976799196, 0.02765985519127221, 0.32445849927433057, 0.02145180160491442, 0.10992080688021756, 0.007267491363981326, 0.08524988020149078, 0.0056363557158010434]
Timestep: 416, Trans probs: [0.42016687229459865, 0.027703310261182328, 0.3233778597599162, 0.02132161712702744, 0.10996554860835199, 0.0072504757324188115, 0.08463404923404057, 0.005580266982464213]
Timestep: 417, Trans probs: [0.4219667907404887, 0.027745761582936245, 0.3223046872499267, 0.021192636969858195, 0.11000690653545815, 0.00723333084068766, 0.08402495737644004, 0.0055249287042042775]
Timestep: 418, Trans probs: [0.39312764679107876, 0.025778862084660903, 0.3518664360491579, 0.02307320892125626, 0.10209128812016385, 0.006694510696404188, 0.0913761675011379, 0.00599187983614019]
Timestep: 419, Trans probs: [0.4152412947213016, 0.027154744068967944, 0.32031103657911153, 0.020946770784465055, 0.11463716725434706, 0.0074967084852978995, 0.08842942727644183, 0.00578285083006704]
Timestep: 420, Trans probs: [0.39384318394942813, 0.02568542504018009, 0.3491141216722071, 0.022768312282970028, 0.10380362987814383, 0.006769801948574598, 0.09201457470430265, 0.006000950524193651]
Timestep: 421, Trans probs: [0.39222488884496526, 0.0255105618760953, 0.3514546405338428, 0.02285883840870522, 0.10297796309443105, 0.0066977536971987665, 0.0922738052366846, 0.006001548308077046]
Timestep: 422, Trans probs: [0.41476787064323517, 0.0269038618795612, 0.3230856463980991, 0.020956906793390215, 0.11311851017542777, 0.007337416876243963, 0.08811426719948158, 0.005715520034560968]
Timestep: 423, Trans probs: [0.4182816252923849, 0.027058649614601697, 0.3233747501321291, 0.020919121302347972, 0.1114341009466198, 0.007208674993851417, 0.08615002995798032, 0.0055730477600849804]
Timestep: 424, Trans probs: [0.39331046487719606, 0.025374868701754583, 0.3490677243095038, 0.02252049834254863, 0.10437854644817895, 0.0067340997708502555, 0.09263720375906062, 0.005976593790907137]
Timestep: 425, Trans probs: [0.3917123860658917, 0.025204014116840215, 0.3513835608083928, 0.022609129917966292, 0.10355614804040815, 0.006663130168819827, 0.09289450458152913, 0.0059771263001520076]
Timestep: 426, Trans probs: [0.41772602864155695, 0.026805948362025038, 0.3260836542138074, 0.02092515428109994, 0.11001181670331078, 0.007059581820533312, 0.0858769929036363, 0.005510823074030137]
Timestep: 427, Trans probs: [0.4194960324015466, 0.02684774607369898, 0.3250233987063437, 0.020801497517206, 0.11005789443234493, 0.007043705243670075, 0.08527229851991527, 0.005457427105274577]
Timestep: 428, Trans probs: [0.3945967567567568, 0.025187027027027034, 0.35062846846846846, 0.022380540540540544, 0.10313324324324326, 0.006582972972972975, 0.09164153153153153, 0.00584945945945946]
Timestep: 429, Trans probs: [0.39300338170571414, 0.025018782920257682, 0.35292371671589634, 0.022467292310826295, 0.10232918240639355, 0.006514324609425585, 0.09189334510715792, 0.005849974224328356]
Timestep: 430, Trans probs: [0.3914237442902232, 0.024852301224776076, 0.355201339247313, 0.02255246598395638, 0.10153473066174962, 0.006446649565825372, 0.09213869326340074, 0.005850075762755602]
Timestep: 431, Trans probs: [0.3898576584308748, 0.024687556206704472, 0.3574615546141448, 0.02263608789113318, 0.1007497319540463, 0.006379930255665201, 0.0923777051250037, 0.0058497755224276755]
Timestep: 432, Trans probs: [0.38830494150828926, 0.02452452262157618, 0.3597045775445061, 0.022718183844916175, 0.09997403344802976, 0.006314149480928195, 0.09261050690511537, 0.005849084646638865]
Timestep: 433, Trans probs: [0.38676541428136174, 0.024363175702762946, 0.36193061903005613, 0.022798779151499603, 0.09920748544763554, 0.006249290421898302, 0.09283722198168727, 0.005848013983098411]
Timestep: 434, Trans probs: [0.4204673446274921, 0.02641679652109898, 0.3289114425907825, 0.02066459325177691, 0.107452765849248, 0.006750959110947517, 0.08405514643986663, 0.005280951608787432]
Timestep: 435, Trans probs: [0.41728145330150024, 0.026148185063279407, 0.32400314175667955, 0.020303068935144414, 0.11244111017106301, 0.007045918130823793, 0.08730623580269808, 0.005470886838811369]
Timestep: 436, Trans probs: [0.42375071219547134, 0.016950028487818843, 0.32660874143501045, 0.013064349657400416, 0.11925918247417448, 0.004770367298966981, 0.09191982543380534, 0.0036767930173522132]
Timestep: 437, Trans probs: [0.41117189328669956, 0.026838896428635725, 0.31460198107786114, 0.020535377354951773, 0.12064325012603754, 0.007874885778461979, 0.09230836570548023, 0.006025350241872076]
Timestep: 438, Trans probs: [0.408747678313936, 0.026611176973563536, 0.3104824870031273, 0.020213703580932767, 0.12482713529347747, 0.008126766620669105, 0.09481800501293111, 0.006173047201362702]
Timestep: 439, Trans probs: [0.38696546224457107, 0.02512762741847864, 0.3587303770667632, 0.023294180329010598, 0.10032437910044435, 0.006514570071457425, 0.09300417183212378, 0.006039231937150895]
Timestep: 440, Trans probs: [0.4224392344509918, 0.02736005404475337, 0.3239414549482988, 0.020980664180589303, 0.10911714543014554, 0.007067172631486111, 0.08367491456229122, 0.005419359751443731]
Timestep: 441, Trans probs: [0.38941048978151005, 0.025155716394154412, 0.3576513395490979, 0.023104091702138105, 0.10021593487024162, 0.006473897601436797, 0.09204262414866489, 0.0059459059527561305]
Timestep: 442, Trans probs: [0.3878897563868162, 0.024992896674408262, 0.3598495330335524, 0.02318618125216188, 0.09945891189405545, 0.006408435044720068, 0.0922691110342442, 0.005945174680041508]
Timestep: 443, Trans probs: [0.3863816911599095, 0.024831728223644572, 0.36203140849181503, 0.02326680003160765, 0.09871065102625426, 0.006343872173923796, 0.09248977589206955, 0.0059440730007756775]
Timestep: 444, Trans probs: [0.4222383767545782, 0.02706656261247296, 0.3268449129258828, 0.02095159698242838, 0.107478859537529, 0.006889670483174936, 0.08319688692658836, 0.005333133777345407]
Timestep: 445, Trans probs: [0.4239439412096433, 0.027106390102918373, 0.32580594762984094, 0.020831582329273717, 0.10752201407490954, 0.0068748090840735, 0.0826319432394524, 0.005283372329888261]
Timestep: 446, Trans probs: [0.38914270312856347, 0.02481777443421961, 0.3612702230146718, 0.02304019279430305, 0.09833931125992579, 0.006271639748719756, 0.0912957242275344, 0.0058224313920621435]
Timestep: 447, Trans probs: [0.40673399189578996, 0.025873663606602416, 0.31550393763879037, 0.020070225040635523, 0.12274221057210229, 0.007808028662347474, 0.09521124745312608, 0.006056695130605985]
Timestep: 448, Trans probs: [0.4043918398728238, 0.02565938070259034, 0.3114481050840663, 0.019761935601780856, 0.12682110954591516, 0.008047024717380403, 0.09767307437547641, 0.006197530099966778]
Timestep: 449, Trans probs: [0.38990927620707816, 0.024677802291587225, 0.35868815126965964, 0.022701781725927826, 0.09994064480398031, 0.006325357266074703, 0.09193811819547232, 0.005818868240219767]
Timestep: 450, Trans probs: [0.42157150404666394, 0.02661436262920858, 0.32768834254590795, 0.020687395362746715, 0.10766754240040698, 0.006797193333359025, 0.08369018820417075, 0.005283471477536031]
Timestep: 451, Trans probs: [0.4232541448882869, 0.02665328368314151, 0.32666460934326347, 0.020570819228165206, 0.10770983615436698, 0.00678273527420447, 0.08312970345294518, 0.0052348679756262706]
Timestep: 452, Trans probs: [0.4066409892345513, 0.02554277570568788, 0.31163408675329074, 0.01957500544932731, 0.1260349264879018, 0.00791676673918981, 0.09658834267792052, 0.006067106952130686]
Timestep: 453, Trans probs: [0.41354950221238934, 0.01611231826801517, 0.3147137721238938, 0.012261575537294563, 0.1330129977876106, 0.005182324589127685, 0.1012237278761062, 0.003943781605562579]
Timestep: 454, Trans probs: [0.401126723223754, 0.026047189819724283, 0.3031415694591729, 0.01968451749734889, 0.13370890774125133, 0.008682396606574761, 0.1010471898197243, 0.00656150583244963]
Timestep: 455, Trans probs: [0.4262339100754641, 0.027844426286336852, 0.31989574643155094, 0.020897712078443025, 0.1099958477614101, 0.007185658396474026, 0.0825537410145938, 0.005392957955727233]
Timestep: 456, Trans probs: [0.3906564675612956, 0.025456311169407733, 0.35613497628897184, 0.023206790434870346, 0.10045452023004744, 0.006545908586419132, 0.09157756533144992, 0.00596746039753809]
Timestep: 457, Trans probs: [0.38916515670026397, 0.02529573518551716, 0.3582846032380248, 0.023288499210471613, 0.09971491559579718, 0.006481469513726816, 0.09180246061614872, 0.005967159940049666]
Timestep: 458, Trans probs: [0.3876859986697091, 0.025136748043422537, 0.3604186335694049, 0.023368789208988848, 0.09898365923481936, 0.006417893117469584, 0.09202177878367786, 0.005966499372507791]
Timestep: 459, Trans probs: [0.3862188379133747, 0.024979327825243137, 0.36253725001607123, 0.023447682836860325, 0.0982606230733674, 0.006355164676386946, 0.09223562544578491, 0.005965488212911461]
Timestep: 460, Trans probs: [0.4020622077553025, 0.02593949727453563, 0.3045254075279651, 0.019646800485675162, 0.13247136324885683, 0.008546539564442377, 0.10033496086181506, 0.0064732232814074244]
Timestep: 461, Trans probs: [0.42624529453553694, 0.027431627866148417, 0.3206321551639666, 0.020634742659067153, 0.10995019965050953, 0.0070760029478050684, 0.08270723437091718, 0.005322742806049125]
Timestep: 462, Trans probs: [0.3872614010801537, 0.02486122574835555, 0.36026730877966034, 0.023128271674743628, 0.09954254323539163, 0.006390385491654772, 0.09260392091871551, 0.005944943071324948]
Timestep: 463, Trans probs: [0.42532529581404105, 0.027237580520111004, 0.32285130257205447, 0.020675206568653733, 0.10894297050675439, 0.00697664343146703, 0.08269524592196484, 0.005295754664953413]
Timestep: 464, Trans probs: [0.389594040957964, 0.02488807141254807, 0.35922710065300306, 0.022948168592083734, 0.09944183562913067, 0.006352549696209823, 0.09169083338345883, 0.005857399675601793]
Timestep: 465, Trans probs: [0.4244048512128032, 0.027045407185129614, 0.32505751437859465, 0.020714449445694758, 0.10794966598792555, 0.00687914538158349, 0.08268013431929412, 0.005268832088974625]
Timestep: 466, Trans probs: [0.3919102005834614, 0.024913606883056223, 0.3581900955288703, 0.02277003052261767, 0.09933834945344681, 0.006314907300219112, 0.09079123949169282, 0.005771570236635729]
Timestep: 467, Trans probs: [0.3904507387891316, 0.02476029075248152, 0.3602842199011214, 0.02284729199372965, 0.09862596516126854, 0.006254329498031664, 0.09100604862554278, 0.005771115278692957]
Timestep: 468, Trans probs: [0.3890028659994808, 0.024608453810186132, 0.3623635125772161, 0.02292323923846136, 0.09792141109642104, 0.0061945418211847856, 0.09121564282116129, 0.00577033263588855]
Timestep: 469, Trans probs: [0.40024288577665995, 0.025258046189789222, 0.30929104588764483, 0.01951836697349215, 0.13036482565296925, 0.008226906473245633, 0.1007405120891186, 0.0063574109570803]
Timestep: 470, Trans probs: [0.38968160082838654, 0.024532013611472277, 0.3598365347945327, 0.02265314746890521, 0.09943599469414002, 0.006259893128444651, 0.09182035715446696, 0.0057804583196516745]
Timestep: 471, Trans probs: [0.3999281199569661, 0.025116258741258737, 0.3117851667563206, 0.019580710955710956, 0.12879041151156534, 0.008088286713286711, 0.10040539268423883, 0.00630565268065268]
Timestep: 472, Trans probs: [0.39754036672140125, 0.025160782703886154, 0.30781677613574165, 0.01948207443897099, 0.13251345557380043, 0.008386927567962051, 0.10260559204524723, 0.006494024812990331]
Timestep: 473, Trans probs: [0.3894012547632901, 0.02539573400630152, 0.35647517800159684, 0.02324838117401718, 0.10070722105947155, 0.006567862243009015, 0.09219185637972331, 0.00601251237259065]
Timestep: 474, Trans probs: [0.38798622242964104, 0.025242477121928453, 0.35852738932022915, 0.02332587834131611, 0.0999964490798044, 0.006505793072661973, 0.09240396631964667, 0.006011824314772193]
Timestep: 475, Trans probs: [0.41948629153073713, 0.027226273729158423, 0.32766128413923656, 0.021266477576344683, 0.10774476666029208, 0.006993049759201649, 0.08415957640562584, 0.0054622801994036]
Timestep: 476, Trans probs: [0.39024682588498827, 0.02526778009327262, 0.35753152311618686, 0.023149523079465335, 0.09989253222311985, 0.006467861798619271, 0.09151830796489423, 0.005925645839453583]
Timestep: 477, Trans probs: [0.38883847223490964, 0.025116360646752534, 0.35956748373476244, 0.0232256508632502, 0.09919348781502796, 0.006407234858865443, 0.09172639891192919, 0.005924910934502603]
Timestep: 478, Trans probs: [0.3874409564729618, 0.02496636235028631, 0.36158946408212245, 0.023300514391926742, 0.09850193808634619, 0.006347380258547367, 0.0919295247666413, 0.005923859591167816]
Timestep: 479, Trans probs: [0.3952526272968676, 0.02540909746908435, 0.31141930322030564, 0.020019812349876796, 0.13027879894142566, 0.008375065646234506, 0.10264658597764266, 0.0065987090985627425]
Timestep: 480, Trans probs: [0.3880968663647822, 0.02488982278348959, 0.359129500597097, 0.023032058233067972, 0.09998427743635065, 0.006412293327271895, 0.09252149845891311, 0.005933682799027682]
Timestep: 481, Trans probs: [0.39495006439675145, 0.025269316916379833, 0.31386582275989294, 0.02008146259364244, 0.1287406287260129, 0.008236959657825471, 0.10230985382781041, 0.006545891121684552]
Timestep: 482, Trans probs: [0.4165969770744573, 0.02659129640900791, 0.3288331304524244, 0.02098934875228241, 0.10873887198214649, 0.006940779062690201, 0.08583102049097181, 0.005478575776019476]
Timestep: 483, Trans probs: [0.4181847591402014, 0.026629689850909046, 0.32787255763574474, 0.02087867701925733, 0.10878454883039021, 0.006927317967972961, 0.08529117208767685, 0.005431277467847347]
Timestep: 484, Trans probs: [0.38938780857009775, 0.024737578426806215, 0.3572936073591057, 0.022698652702813776, 0.1009523948144698, 0.006413446258801611, 0.09263167598199037, 0.0058848358859146825]
Timestep: 485, Trans probs: [0.3880098634045712, 0.024592174441134797, 0.35929256485149946, 0.022772063969461232, 0.10025758215487243, 0.006354353798548253, 0.09283734058243442, 0.005884056797478238]
Timestep: 486, Trans probs: [0.41765890704034897, 0.026409345410045477, 0.33026146975222764, 0.0208830437548247, 0.10755764495687914, 0.00680106888486121, 0.08505061261177768, 0.005377907589035123]
Timestep: 487, Trans probs: [0.3902146982299214, 0.024616347785532424, 0.35832058611438145, 0.022604336039925933, 0.10015510587901318, 0.00631819593161999, 0.0919689504360246, 0.00580177958358099]
Timestep: 488, Trans probs: [0.41678299838526667, 0.026231097800471326, 0.33236417510401217, 0.020918025006546218, 0.10661890656367286, 0.0067102808326787115, 0.08502339363125892, 0.005351122676093219]
Timestep: 489, Trans probs: [0.4183583107575574, 0.026269010210358268, 0.3313977558232752, 0.02080869629588007, 0.10666751631897993, 0.006697727768866181, 0.08449545429931189, 0.005305528525770747]
Timestep: 490, Trans probs: [0.39272192241222353, 0.024602069385452518, 0.3576400633381787, 0.022404365916776855, 0.09980062054700069, 0.006252011031946678, 0.09088542863709491, 0.0056935187313261314]
Timestep: 491, Trans probs: [0.417480886784577, 0.026092555424036042, 0.3334840661257212, 0.020842754132857574, 0.1057435140868829, 0.006608969630430181, 0.08446800359105439, 0.005279250224440899]
Timestep: 492, Trans probs: [0.3971160726886916, 0.024513337820289603, 0.3151172542380815, 0.0194516823603754, 0.1280319578613814, 0.007903207275393915, 0.10159518032812463, 0.006271307427662015]
Timestep: 493, Trans probs: [0.4179231665349955, 0.027087612645786737, 0.3294476506742009, 0.02135308846962413, 0.10723028615042646, 0.0069501111393794925, 0.08452933142298577, 0.0054787529626009294]
Timestep: 494, Trans probs: [0.4194696850830922, 0.02712506046726693, 0.3285069578149102, 0.0212429441543129, 0.10727421454583996, 0.006936900709661706, 0.08401161544119015, 0.005432621783725922]
Timestep: 495, Trans probs: [0.4005730543438453, 0.025843422860893243, 0.3116723505245104, 0.020107893582226477, 0.1277503254393885, 0.008241956479960549, 0.0993982090861952, 0.006412787682980336]
Timestep: 496, Trans probs: [0.4208777672786177, 0.02709098272138229, 0.32535940874730024, 0.02094267458603312, 0.10901424136069113, 0.007017008639308854, 0.08427342062634989, 0.005424496040316774]
Timestep: 497, Trans probs: [0.4239844592166725, 0.025541232482932087, 0.3256613495200453, 0.019618153585544893, 0.10946004012456584, 0.006593978320756978, 0.08407596932053457, 0.005064817428947865]
Timestep: 498, Trans probs: [0.4228815748863658, 0.028192104992424385, 0.3227466634556032, 0.021516444230373546, 0.10881968865154037, 0.007254645910102692, 0.08305207300649073, 0.005536804867099381]
Timestep: 499, Trans probs: [0.4243853289461454, 0.02822746453999591, 0.3218456732488478, 0.0214071663399463, 0.10885208112579703, 0.007240161359284665, 0.0825513252813603, 0.005490799158622588]
