4061.956576259253,0.5,0
1270.0,0.3611111111111111,1
2640.0,0.6562650893288265,1
1550.0,0.5306122448979592,1
1820.0,0.7527844691513657,1
1260.0,0.8030379980517899,1
2055.0,0.8318311679588851,1
1740.0,0.7254598277871512,1
630.0,0.8465923706559467,1
1200.0,0.8780300840281692,1
2140.0,0.8915606727892941,1
2860.0,0.8051428364143136,0
308.0,0.685278395398214,1
605.0,0.8330885783538706,1
864.0,0.852591784691399,1
1248.0,0.8625910907317212,1
1230.0,0.87106377626783,1
1152.0,0.8785737815763405,1
880.0,0.8852345320145931,1
1440.0,0.891069795785662,1
765.0,0.8961916307121168,1
1207.0,0.9010484924407063,1
2091.0,0.9054600967636963,1
352.0,0.8214651263331775,1
594.0,0.9016259172318626,1
2070.0,0.9150224065354697,1
624.0,0.839344068314203,1
378.0,0.9115736970590446,1
1860.0,0.9239251383622683,1
440.0,0.9275527788071752,1
2145.0,0.9303207808962187,1
988.0,0.8629981685546714,1
900.0,0.9236863680675473,1
1770.0,0.9347892419993824,1
850.0,0.9381366375525636,1
1134.0,0.939751575383692,1
960.0,0.9410838324822732,1
624.0,0.9423378380702062,1
1722.0,0.9439686370301861,1
2080.0,0.9453457380578932,1
540.0,0.890488546167482,1
2048.0,0.9387320556749699,1
665.0,0.891931074887018,1
1904.0,0.9408608269759381,1
2880.0,0.9499864873314517,0
816.0,0.8579675279367247,1
1469.0,0.9223545116577014,1
1339.0,0.9304689623844559,1
1920.0,0.9326678688427702,1
494.0,0.9342927891745701,1
665.0,0.9357643222281596,1
442.0,0.9370069818757679,1
1872.0,0.9382361858938592,1
896.0,0.9394528755350552,1
1482.0,0.9408037640864281,1
3020.0,0.9421090001264396,0
528.0,0.8473907205530061,1
1664.0,0.9192236234954803,1
880.0,0.9256925366309084,1
1190.0,0.92756232302154,1
589.0,0.928963498429928,1
980.0,0.9302291134711719,1
1188.0,0.9313974087090842,1
1100.0,0.9325896569851415,1
2070.0,0.9338644123020583,1
1216.0,0.867864170967112,1
2400.0,0.9309849235137679,1
1620.0,0.8714685977249469,1
558.0,0.9330573659869059,1
1220.0,0.9389358843520059,1
1872.0,0.9404105556629304,1
803.0,0.9416189301060375,1
1150.0,0.9425128476947606,1
480.0,0.9435637927833251,1
1050.0,0.9445910374924029,1
779.0,0.9453491428769893,1
1520.0,0.946256653952034,1
1079.0,0.9472110887582933,1
360.0,0.9478746404537622,1
1620.0,0.9487558304839269,1
1570.0,0.9494433388380217,1
2240.0,0.9502061948215264,1
952.0,0.8986679288824955,1
2664.0,0.9467082461882589,1
1632.0,0.9000968486518685,1
1760.0,0.9479996562665853,1
1070.0,0.9532345606649737,1
480.0,0.9544755963916848,1
1368.0,0.9553039664780324,1
1378.0,0.9559330640039806,1
580.0,0.9566160114809404,1
286.0,0.9571379849361815,1
360.0,0.957620206351531,1
740.0,0.9582520006687223,1
1512.0,0.9588059016651259,1
495.0,0.9592051907891186,1
2448.0,0.9597316639559019,1
615.0,0.9168058877233421,1
2502.0,0.956217389004155,1
1932.0,0.9178499497930968,1
368.0,0.957231087331032,1
1342.0,0.9615748445532165,1
1188.0,0.9624740630113056,1
2329.0,0.9628976180345159,1
2295.0,0.9231018650303067,1
2170.0,0.9156608268508664,1
816.0,0.9145498290038807,1
1216.0,0.9594639236170243,1
1177.0,0.9644916616441681,1
1905.0,0.9652677006927604,1
2400.0,0.9658254466983714,1
2014.0,0.9284852608602873,1
1386.0,0.9211285954151013,1
1924.0,0.9617989477693983,1
2220.0,0.9665921522881781,1
330.0,0.9315472719524073,1
1092.0,0.9641528694523236,1
2812.0,0.9678701922745574,0
990.0,0.9075504559258392,1
938.0,0.9515666579879716,1
913.0,0.9554970638050473,1
1980.0,0.9562636205834373,1
561.0,0.9567000715772456,1
451.0,0.9572785040110374,1
760.0,0.9577830336325994,1
2600.0,0.9581579314088375,1
1170.0,0.9135665140366059,1
1008.0,0.9555976117834976,1
540.0,0.9594787886463295,1
690.0,0.9601288623198235,1
1404.0,0.9604657935258137,1
2329.0,0.9609193753772152,1
1972.0,0.9191964992104728,1
1160.0,0.9581957383950782,1
1190.0,0.9617255371243257,1
1056.0,0.9624138911787504,1
1216.0,0.9628684606697877,1
1220.0,0.9631410124015305,1
1248.0,0.963611266506004,1
495.0,0.9638973363858733,1
608.0,0.9642855693608275,1
2034.0,0.9647333582226153,1
1180.0,0.926250742172192,1
1984.0,0.9618795399573751,1
1957.0,0.9653165074353591,1
840.0,0.9660263387549541,1
396.0,0.9664808351574673,1
696.0,0.9667491225116609,1
352.0,0.9670195214783077,1
516.0,0.9672939194536363,1
806.0,0.9676214477675816,1
2484.0,0.9679350243938586,1
1320.0,0.9329888083997715,1
1716.0,0.9653800099330909,1
663.0,0.968475583610737,1
1260.0,0.9691512779152799,1
1159.0,0.9692920423881403,1
1280.0,0.9697167374532168,1
854.0,0.969935254126999,1
418.0,0.970285335551958,1
493.0,0.9706411153076614,1
1584.0,0.970909229752061,1
1100.0,0.9712826201235154,1
1625.0,0.9716162546278306,1
416.0,0.971718768670765,1
2085.0,0.971817015080402,1
1521.0,0.9404794883898122,1
1716.0,0.9691195858322831,1
308.0,0.9719409269682668,1
1007.0,0.9724481321513389,1
1200.0,0.9725908807114665,1
1408.0,0.9727158120553939,1
1133.0,0.9730940798684163,1
649.0,0.9731328460312836,1
2120.0,0.9733279139665956,1
2484.0,0.9440233394266446,1
2085.0,0.9386789193111857,1
1045.0,0.9382104421294815,1
1558.0,0.9709206210870613,1
576.0,0.974237918304688,1
1188.0,0.9747197172171466,1
2280.0,0.9748354381396922,1
377.0,0.9468620104854492,1
264.0,0.9726304055508953,1
1386.0,0.9753016654022661,1
300.0,0.9757620504533198,1
2603.0,0.975902075208175,1
1265.0,0.9490831738389164,1
451.0,0.9737430653756901,1
765.0,0.9763080656705851,1
986.0,0.9768009436416204,1
2600.0,0.9768544671525642,1
1880.0,0.9511373997838509,1
1495.0,0.9746344776733737,1
1200.0,0.9769447095424086,1
660.0,0.9772622648578468,1
400.0,0.9774815093687347,1
588.0,0.977644369490108,1
1485.0,0.9776929965638532,1
1408.0,0.9776744241480478,1
1209.0,0.9778846421570316,1
1815.0,0.9780214178914128,1
1870.0,0.9783071347502184,1
1100.0,0.9782860721549319,1
868.0,0.9784575466036214,1
513.0,0.97846879174948,1
2040.0,0.9786792372213114,1
948.0,0.9544437278798675,1
352.0,0.9763278053699226,1
1236.0,0.978673404531764,1
2346.0,0.9788371955211213,1
2358.0,0.955319994398603,1
1296.0,0.9504641730875473,1
1703.0,0.9762984794324439,1
560.0,0.9787386786822769,1
1989.0,0.979189909544063,1
1963.0,0.9793720100537561,1
858.0,0.979645172980832,1
390.0,0.9795533430259814,1
470.0,0.9797881778375163,1
969.0,0.9797725198016214,1
1144.0,0.97988455963514,1
1365.0,0.9800019499866066,1
585.0,0.9801558095705736,1
2160.0,0.9803757092630643,1
1245.0,0.9584186159802054,1
1476.0,0.9782957791534415,1
1462.0,0.9805144640030774,1
338.0,0.9807158100395185,1
900.0,0.9806377474947088,1
1190.0,0.9806385557019413,1
620.0,0.9806700639761347,1
392.0,0.9808045863529731,1
1808.0,0.9807253122926279,1
1785.0,0.9806568926477919,1
1740.0,0.9807101816700565,1
2070.0,0.980586565584247,1
444.0,0.9583681163275195,1
364.0,0.9785186595075334,1
1430.0,0.9805581989014323,1
675.0,0.9806792196030706,1
1705.0,0.9807728630516439,1
1924.0,0.9806813677279892,1
1740.0,0.9805505595010189,1
611.0,0.9806551551145316,1
1452.0,0.9808613904232221,1
1122.0,0.9808717895673673,1
2080.0,0.9809906633576991,1
2466.0,0.9593271651671382,1
1071.0,0.9547006674826135,1
1683.0,0.9785498944659219,1
1558.0,0.980818213424136,1
825.0,0.9811297789344016,1
637.0,0.9813228871004462,1
855.0,0.9813251187230405,1
416.0,0.9811633906001118,1
1190.0,0.9810939953078053,1
1740.0,0.9813310610865299,1
490.0,0.9814148685842304,1
1328.0,0.9813753232373056,1
1012.0,0.9815721191230292,1
2888.0,0.9814508418730854,0
846.0,0.9327301251279888,1
1232.0,0.9648084544312692,1
2394.0,0.9675296502009281,1
2074.0,0.9326719824555758,1
1751.0,0.9277945273627123,1
1125.0,0.9655217992914472,1
2740.0,0.9686788167669258,0
2106.0,0.90800622176252,1
1408.0,0.9025855367194123,1
682.0,0.953208021374051,1
1924.0,0.9563945707685949,1
2400.0,0.9571049693784746,1
2430.0,0.9114567175935323,1
1261.0,0.9074090017740656,1
1862.0,0.9556343970454101,1
3080.0,0.9585907595716361,0
690.0,0.8880064465231915,1
533.0,0.9437380169129962,1
880.0,0.9461006641730187,1
490.0,0.9469892330978449,1
1045.0,0.947610446962879,1
825.0,0.9482501864750343,1
702.0,0.948847402702465,1
2071.0,0.949460267217176,1
1521.0,0.8966202804755982,1
319.0,0.9488114449330644,1
1342.0,0.9512885830542815,1
592.0,0.9520080178393895,1
1485.0,0.9525679992515266,1
3020.0,0.9532149922985387,0
231.0,0.8784092570394122,1
1573.0,0.9395900579521322,1
869.0,0.941475550158885,1
1140.0,0.9423193418111089,1
950.0,0.9429562581031733,1
1090.0,0.9435813545554057,1
913.0,0.9443285258200349,1
1696.0,0.9449622131510111,1
512.0,0.9455658086263785,1
1881.0,0.9463798933359728,1
1349.0,0.9469739295433068,1
2096.0,0.9475786215301536,1
1425.0,0.8929283195167912,1
900.0,0.9472882572040855,1
704.0,0.9492921749500496,1
890.0,0.9498780927887281,1
1406.0,0.9506672083128084,1
1740.0,0.9513074748815881,1
390.0,0.951821176835563,1
375.0,0.9522867175118614,1
475.0,0.9529462784977631,1
540.0,0.9535843210702846,1
2190.0,0.9542357751991538,1
1456.0,0.905880782976197,1
3080.0,0.9536093312787912,0
448.0,0.8826245335737547,1
1320.0,0.9420668080328232,1
1946.0,0.9436406133641614,1
714.0,0.9443510211221512,1
940.0,0.9450419811191533,1
969.0,0.9456749679333731,1
1764.0,0.9464047725282588,1
1375.0,0.9472280315107242,1
1638.0,0.947857548302988,1
1824.0,0.9484064480248788,1
1095.0,0.9491758547513083,1
539.0,0.9497500014714778,1
2620.0,0.9503131305446746,1
1458.0,0.8985582875078144,1
741.0,0.9502794119960218,1
1090.0,0.9519725365669083,1
1734.0,0.9525962333817287,1
2397.0,0.9531533554036522,1
539.0,0.9039908474393229,1
1204.0,0.9530576258840168,1
1507.0,0.9547148244067906,1
1644.0,0.9551396257584774,1
1836.0,0.9556727459164168,1
1152.0,0.9563099113735963,1
360.0,0.9569153123511722,1
1824.0,0.9573316573561073,1
1360.0,0.9577269121009988,1
2646.0,0.9581178638935628,1
858.0,0.9132330730185968,1
1820.0,0.9575258508008638,1
1518.0,0.9592095370652368,1
363.0,0.959718245257802,1
910.0,0.9602066454177973,1
2072.0,0.9607492155400834,1
1872.0,0.9186540943512677,1
1530.0,0.9601941386496067,1
1274.0,0.9619542935433981,1
2812.0,0.9624422827828286,0
1210.0,0.8964858262370649,1
1510.0,0.9491118647843513,1
410.0,0.9506453166683253,1
880.0,0.9513615866453832,1
360.0,0.9520382991064852,1
675.0,0.9525663303474201,1
430.0,0.95323721853728,1
768.0,0.953838544969666,1
495.0,0.9544726817892845,1
1332.0,0.9549472017018433,1
1332.0,0.9553466724888023,1
1691.0,0.9557405513304249,1
1782.0,0.9561009236741418,1
1136.0,0.9566254946006911,1
1900.0,0.957048061559211,1
855.0,0.9576476222379239,1
1807.0,0.9580035775717392,1
378.0,0.9583694101401895,1
1612.0,0.9589115245114438,1
2622.0,0.9594686377507544,1
1349.0,0.9163128389150962,1
530.0,0.9591277483120968,1
1666.0,0.9605236608445071,1
1134.0,0.9608658274829547,1
250.0,0.9611529216577148,1
731.0,0.9615056194052125,1
464.0,0.9619688199753328,1
737.0,0.9623660878497102,1
616.0,0.9626585312856929,1
540.0,0.9628950387262162,1
790.0,0.9632383179938032,1
602.0,0.9636087263322823,1
1441.0,0.9640814316329496,1
1520.0,0.9645780783133352,1
594.0,0.9649074400363296,1
528.0,0.9653601112857609,1
986.0,0.9657634811446824,1
880.0,0.966119234118285,1
979.0,0.9665569631645599,1
780.0,0.966754980611036,1
1380.0,0.9672024433987813,1
1040.0,0.967453557580694,1
1428.0,0.9676707237473267,1
2460.0,0.9680830049552219,1
840.0,0.9333236800468782,1
1274.0,0.96752396095882,1
2640.0,0.968972616090066,1
2414.0,0.9350802392816372,1
700.0,0.9332429632148038,1
250.0,0.9687273764659039,1
1173.0,0.9701711522361186,1
1778.0,0.9706014141822296,1
780.0,0.9709536762738538,1
1482.0,0.9712957568742753,1
1414.0,0.9714955020940989,1
560.0,0.9716631833481831,1
1496.0,0.9719993662532035,1
1050.0,0.9722939304145338,1
2412.0,0.9723533147409237,1
608.0,0.9417615868395182,1
976.0,0.9714519652195951,1
2760.0,0.9728908821131006,0
828.0,0.9180295590085978,1
2940.0,0.959733475661238,0
1507.0,0.8942548872741641,1
1700.0,0.9485687926319848,1
1472.0,0.9494551694457322,1
1122.0,0.9501878248810589,1
594.0,0.9509027355539936,1
1326.0,0.9514750522920904,1
598.0,0.9520116372061447,1
2016.0,0.9526842476704912,1
546.0,0.9028189426187295,1
1300.0,0.9530556352387394,1
1176.0,0.9541580182958994,1
1178.0,0.9545944237029916,1
1480.0,0.9550627894101344,1
918.0,0.9555504825761597,1
3080.0,0.9561528924201232,0
860.0,0.8867107081105363,1
2106.0,0.9451003264002984,1
1955.0,0.8883896047365399,1
740.0,0.946323972899428,1
1834.0,0.9470521205298176,1
1400.0,0.947644947264999,1
2192.0,0.9483478247444372,1
1624.0,0.894546942136676,1
663.0,0.9493315580311391,1
1364.0,0.9500036930274205,1
3060.0,0.9506731740840242,0
1615.0,0.8769916019492859,1
1782.0,0.9407172484940011,1
320.0,0.9408030577446367,1
1482.0,0.9414037788968685,1
1920.0,0.9421944999147374,1
689.0,0.9428551876398205,1
1529.0,0.9436017666689589,1
616.0,0.9441717112913681,1
1134.0,0.9448046302755158,1
1674.0,0.9453080768598553,1
798.0,0.9459543326515898,1
840.0,0.9465944525646924,1
1098.0,0.947085535408157,1
2358.0,0.9476472685828246,1
1320.0,0.8930677965654396,1
500.0,0.9488781510602589,1
1159.0,0.9495464367213922,1
2888.0,0.9500766727050067,0
1120.0,0.8761663035493842,1
850.0,0.9404911844782744,1
1840.0,0.9404743980759498,1
1400.0,0.9412163531614423,1
2014.0,0.9418434594088564,1
1824.0,0.8822310139966867,1
560.0,0.9437440420886277,1
640.0,0.9437240672534897,1
1160.0,0.9444484563446823,1
1156.0,0.9449808873596178,1
2840.0,0.9456619001010078,0
3040.0,0.8686019328608682,0
1157.0,0.8600264829453176,1
600.0,0.9312580538818225,1
1634.0,0.9336897316980252,1
1164.0,0.9344710680118498,1
975.0,0.9352891029348039,1
1860.0,0.9359239628238454,1
572.0,0.9365545515883041,1
1760.0,0.9372311417112309,1
1152.0,0.9380274244615042,1
1616.0,0.9386190417117372,1
1738.0,0.9393218727949408,1
1121.0,0.9399085395912319,1
1350.0,0.9405375711427265,1
1254.0,0.9412102535219703,1
1512.0,0.9419272161141539,1
1035.0,0.9426057016229829,1
611.0,0.943203843205909,1
1440.0,0.9438945590175508,1
1216.0,0.9445643282503904,1
1976.0,0.9452370333959665,1
1470.0,0.9458751843598519,1
1170.0,0.9463240293151081,1
1496.0,0.9469310989969352,1
2142.0,0.9474062777536767,1
620.0,0.8924297015450678,1
