Action: 0
[0.35079665058247655, 0.6492033494175234]
[0.6784167150824411, 0.32158328491755894]
[0.30977412629092327, 0.6902258737090766]
[0.6790053350122749, 0.3209946649877251]
[0.6667567292427002, 0.33324327075729976]
[0.6885903351493441, 0.3114096648506559]

Action: 1
[0.08019931780090458, 0.9198006821990954]
[0.4185198240283558, 0.5814801759716443]
[0.9766538369259945, 0.023346163074005465]
[0.09178312975165785, 0.9082168702483421]
[0.36684055353830813, 0.6331594464616919]
[0.9678243644739798, 0.03217563552602025]

