135.0,0.5,1
87.0,0.4444444444444444,0
76.0,0.27058823529411763,0
117.0,0.2,1
94.0,0.4941356335629874,0
79.0,0.2969970091288736,0
75.0,0.20678528804848254,0
73.0,0.19001673445717635,0
114.0,0.1946435736989256,1
26.0,0.4871845563116509,0
79.0,0.3004092242446225,0
100.0,0.21587836978313804,0
113.0,0.27463465109426793,1
73.0,0.5061509839395497,0
22.0,0.3226497382492428,0
42.0,0.20439037044020752,0
129.0,0.1890350823902078,1
69.0,0.5047960820498819,0
32.0,0.2986812062255799,0
131.0,0.22223654561206724,1
125.0,0.5005634281017896,1
92.0,0.5871475648585485,0
156.0,0.32349704365421783,1
41.0,0.5312118183713,0
83.0,0.32667011770761856,0
115.0,0.20170459744393532,1
40.0,0.5225803586966546,0
48.0,0.3147542436816901,0
95.0,0.2063558576810266,0
118.0,0.19876906052255536,1
89.0,0.5163593373870237,0
135.0,0.30407060417120313,1
138.0,0.5145903537430158,1
68.0,0.6128099210468223,0
44.0,0.33876036532535925,0
92.0,0.23135515412710447,0
79.0,0.20240261223999373,0
39.0,0.20622191392845274,0
28.0,0.1988499708804519,0
119.0,0.20276680320325782,1
77.0,0.5341718765150307,0
67.0,0.3073927879784462,0
110.0,0.22069078356854627,1
93.0,0.48908342688621853,0
25.0,0.30597631831136224,0
135.0,0.22873634304080495,1
58.0,0.49450754744200076,0
26.0,0.3063691967731999,0
135.0,0.19841477569191507,1
30.0,0.5051768187273885,0
139.0,0.30415104656773784,1
72.0,0.5052507905620084,0
64.0,0.32511834223054514,0
41.0,0.23265966618661882,0
66.0,0.1934996999942747,0
46.0,0.18452478699453942,0
90.0,0.1816724642296224,0
117.0,0.185052626969003,1
149.0,0.47100567050744496,1
106.0,0.549145094669604,1
23.0,0.5762411663159854,0
107.0,0.3063240609968238,1
45.0,0.52792302612972,0
31.0,0.3215776796707128,0
145.0,0.20152147174379575,1
126.0,0.5303964892350225,1
85.0,0.5921092162339316,0
141.0,0.3270554178349036,1
138.0,0.5269886831845142,1
111.0,0.6076447486680314,1
34.0,0.6208955445348922,0
111.0,0.30898161974458477,1
65.0,0.5258430591722272,0
55.0,0.33086567857153965,0
83.0,0.22427385590215007,0
132.0,0.1928866403031927,1
120.0,0.474672795345908,1
51.0,0.5643799587894882,0
74.0,0.3051642157768382,0
119.0,0.2216575725204532,1
52.0,0.5287827519125969,0
139.0,0.31339223394219534,1
25.0,0.5065456129569501,0
92.0,0.32978561296945036,0
117.0,0.2131968557411004,1
115.0,0.5251868749668316,1
95.0,0.5983423744726662,0
80.0,0.3288693258467864,0
125.0,0.22957552661640068,1
41.0,0.5067370675255232,0
88.0,0.30391133257975184,0
107.0,0.20575395047765418,1
127.0,0.48522852666070204,1
121.0,0.5619037995282735,1
70.0,0.5893187599261482,0
55.0,0.28841467816660427,0
87.0,0.209587557306381,0
47.0,0.19861981533753312,0
156.0,0.18754388620900422,1
72.0,0.48404218344415323,0
83.0,0.296064151332737,0
126.0,0.21212865246618265,1
78.0,0.5289994767757924,0
38.0,0.31873597809234194,0
98.0,0.2115586633882517,0
89.0,0.18838206552805523,0
69.0,0.18494345687767938,0
120.0,0.1870881118799723,1
89.0,0.4741530752054599,0
155.0,0.2946731469635844,1
88.0,0.5104624853055505,0
85.0,0.3199252127801307,0
64.0,0.23938169691489766,0
41.0,0.19541872227385385,0
66.0,0.18546342792083376,0
125.0,0.18486087326230224,1
64.0,0.5131364856968544,0
61.0,0.3043271421108672,0
148.0,0.21848383855255454,1
29.0,0.4894418407652939,0
56.0,0.3036926910140477,0
44.0,0.1968170694721382,0
98.0,0.19186401493750743,0
26.0,0.18492907947302226,0
83.0,0.18798464003480891,0
114.0,0.19308790793455166,1
110.0,0.5218779956552675,1
51.0,0.5590522211681637,0
78.0,0.3066870741614611,0
38.0,0.21480912609649505,0
55.0,0.19147121071298098,0
50.0,0.18991231614863027,0
48.0,0.19581947923537285,0
104.0,0.18711200782362752,0
70.0,0.2657259033937253,0
126.0,0.19811423370250653,1
104.0,0.4841166936068573,0
133.0,0.41076651363202094,1
60.0,0.47444055899496806,0
44.0,0.33324630404375816,0
122.0,0.21027528897601358,1
133.0,0.4905508302567634,1
129.0,0.5483036355922911,1
92.0,0.5910387025728459,0
28.0,0.30540269502287304,0
148.0,0.23481195535896174,1
57.0,0.5267353098515688,0
120.0,0.3152350764525959,1
133.0,0.5051128128490502,1
121.0,0.588581423195219,1
80.0,0.6194045865136181,0
23.0,0.33283316776459143,0
149.0,0.22701308699557968,1
66.0,0.5290013592110434,0
88.0,0.3090231663570131,0
37.0,0.21073748623015096,0
80.0,0.19100418215398807,0
122.0,0.19417363521687833,1
104.0,0.4908497060963655,0
114.0,0.4110430038304159,1
66.0,0.4748407912202047,0
52.0,0.3436376140801346,0
67.0,0.22376027489313588,0
142.0,0.19484466111282692,1
111.0,0.48916392521382496,1
129.0,0.5665532479171563,1
73.0,0.5936856309760589,0
133.0,0.31908236554979014,1
29.0,0.5301003193152379,0
61.0,0.32403568386287,0
113.0,0.21585664777683325,1
102.0,0.48796561071506883,0
111.0,0.40702815936235903,1
77.0,0.4688039983300226,0
58.0,0.34103522569081396,0
112.0,0.23392761759121924,1
98.0,0.4936379856801897,0
132.0,0.3046769031158203,1
82.0,0.5035838432939299,0
133.0,0.3270687723737576,1
104.0,0.5112390706692207,0
105.0,0.44080882447907827,1
26.0,0.4676650939820325,0
82.0,0.3492855476138598,0
137.0,0.23218682733397875,1
156.0,0.5074158243898964,1
41.0,0.5671641077782987,0
23.0,0.3214867817645008,0
33.0,0.234270043057847,0
147.0,0.1995406268801414,1
81.0,0.5500642628076046,0
73.0,0.3139326668068485,0
34.0,0.20973824438095356,0
155.0,0.19131281785960913,1
41.0,0.495162520271236,0
113.0,0.30038819230642144,1
59.0,0.5105196155306156,0
107.0,0.3320701174594987,1
64.0,0.5039200658760035,0
66.0,0.32417079936195936,0
119.0,0.22707625568727874,1
117.0,0.5115102422022658,1
79.0,0.5681718963440334,0
86.0,0.32406403276410234,0
146.0,0.21355836184254529,1
130.0,0.5367807525912618,1
65.0,0.581181961561586,0
100.0,0.32085972183928446,0
114.0,0.3281977522662556,1
47.0,0.484764900178856,0
105.0,0.31795947043597783,1
38.0,0.5093863592419486,0
95.0,0.3300945215830164,0
70.0,0.22334347039296829,0
112.0,0.1919013224457141,1
118.0,0.5085517158529509,1
66.0,0.5467121630681647,0
67.0,0.313718297203555,0
93.0,0.20670729745728142,0
22.0,0.189738407898366,0
125.0,0.19476322535888888,1
60.0,0.47839968076350925,0
147.0,0.2919080307716556,1
45.0,0.5100305677385485,0
49.0,0.32922630855627816,0
105.0,0.20997654676719796,1
85.0,0.53734556715507,0
116.0,0.3143721954243017,1
35.0,0.5161843761620557,0
111.0,0.3312599575445003,1
56.0,0.5100146297909316,0
42.0,0.3272062980215237,0
146.0,0.23090160551241315,1
143.0,0.48672396746711427,1
44.0,0.5507056551597662,0
142.0,0.3243517740515598,1
115.0,0.5249966418734772,1
67.0,0.614034754725729,0
31.0,0.32520635356033345,0
70.0,0.24424190773600654,0
82.0,0.206091516597078,0
122.0,0.20593810877826527,1
141.0,0.5207698803291863,1
86.0,0.5856034542368103,0
71.0,0.31496636305476633,0
97.0,0.23684196177841813,0
112.0,0.20239254652738414,1
75.0,0.4965446203759283,0
61.0,0.29885541604793253,0
135.0,0.21046439447271834,1
99.0,0.48608593165872016,0
40.0,0.3023382150992253,0
136.0,0.21594043837637023,1
158.0,0.49045302743189034,1
25.0,0.5398824853891843,0
75.0,0.3066401110446931,0
103.0,0.23179793087936781,0
55.0,0.2826534103356022,0
72.0,0.1945948385290561,0
40.0,0.19413750884838002,0
115.0,0.19919041367013304,1
143.0,0.5252474168030632,1
44.0,0.590522918103797,0
50.0,0.31725499448665556,0
134.0,0.23734904830468237,1
124.0,0.5145412242148633,1
120.0,0.5696515458238506,1
63.0,0.6023948594803112,0
81.0,0.30078020427577445,0
133.0,0.21784271772011163,1
101.0,0.5060279166875594,0
94.0,0.418852717572654,0
128.0,0.22168463805338884,1
98.0,0.5026947491873636,0
40.0,0.3061624667960033,0
128.0,0.20007675100451344,1
134.0,0.5058181876700492,1
36.0,0.5812952975239867,0
137.0,0.3096353798213986,1
72.0,0.5225393914953171,0
119.0,0.3278573193956001,1
79.0,0.5128073951037978,0
120.0,0.32718414956302505,1
117.0,0.5119784177453136,1
79.0,0.5995728333157229,0
108.0,0.34355504772344914,1
56.0,0.5174749853051636,0
35.0,0.32793163771374584,0
121.0,0.20783269463067705,1
102.0,0.5052625216512275,0
120.0,0.41030019781822435,1
129.0,0.472382855924864,1
87.0,0.5937307149206287,0
24.0,0.3344640835245149,0
30.0,0.25750145562932675,0
44.0,0.20833645096437187,0
43.0,0.20679776859039953,0
105.0,0.20499144006092898,1
96.0,0.5250329989473866,0
113.0,0.3077583467369887,1
127.0,0.5076730625548888,1
66.0,0.615911984034519,0
127.0,0.3096851523280174,1
60.0,0.524103888123484,0
54.0,0.3272541561035616,0
108.0,0.2130044830109772,1
149.0,0.4947926571188664,1
132.0,0.5721138858360472,1
54.0,0.6021164720201714,0
62.0,0.3099175557867861,0
23.0,0.2297673813970085,0
83.0,0.20396428302358585,0
22.0,0.19471365431612753,0
95.0,0.19411474880739163,0
120.0,0.19513305214345603,1
154.0,0.5523544439069681,1
85.0,0.5962139579031454,0
145.0,0.3062790573215736,1
46.0,0.5162617601894806,0
69.0,0.32244841941376634,0
152.0,0.20394830175512793,1
39.0,0.5219330739641692,0
140.0,0.31026093500670215,1
40.0,0.5147902658318583,0
90.0,0.32980146626243073,0
133.0,0.20884577966191548,1
141.0,0.49625599591294595,1
90.0,0.5815655193310121,0
80.0,0.32381523599238554,0
81.0,0.22934690789969805,0
60.0,0.20515754410908582,0
149.0,0.19535299913488846,1
50.0,0.480723359200674,0
113.0,0.29416056433414334,1
37.0,0.5122279958439865,0
100.0,0.3279828466286948,0
131.0,0.3013449317986361,1
28.0,0.5064560520873199,0
117.0,0.3230995985898078,1
156.0,0.5089861656077403,1
32.0,0.5878403229205684,0
141.0,0.327032935831918,1
138.0,0.515674099932232,1
81.0,0.6061833135986487,0
125.0,0.3205628629076588,1
57.0,0.5208802273873611,0
51.0,0.327710055536231,0
108.0,0.22377686281863807,1
112.0,0.5083463961673641,1
141.0,0.5822296039837234,1
21.0,0.6080238984578064,0
68.0,0.2991055668784527,0
58.0,0.23295481260707257,0
83.0,0.19956454474823948,0
71.0,0.19529244824252504,0
45.0,0.201368340505462,0
115.0,0.18993644134447463,1
65.0,0.5437455565673421,0
41.0,0.3079873388388326,0
60.0,0.20885236498551674,0
140.0,0.19198554482235927,1
37.0,0.5365105905682807,0
57.0,0.3079824997494387,0
94.0,0.1988560004342897,0
96.0,0.18410505336221264,0
124.0,0.18539640345579428,1
151.0,0.5256824450937584,1
91.0,0.5996739762475368,0
150.0,0.3125658566996867,1
44.0,0.5234662408982172,0
84.0,0.3275200053982629,0
27.0,0.20546301971175843,0
138.0,0.1961768627572722,1
91.0,0.5227344023296818,0
122.0,0.3079269362217401,1
92.0,0.5129750404079674,0
105.0,0.3225200694454286,1
99.0,0.49836133608702293,0
42.0,0.33206569476446385,0
82.0,0.1993205090082686,0
96.0,0.19098776848682938,0
142.0,0.18331052871725229,1
131.0,0.5261250974576169,1
118.0,0.5869103668322967,1
111.0,0.6063854390068129,1
45.0,0.6122396928700555,0
138.0,0.30278303202382095,1
136.0,0.5275997575494643,1
58.0,0.609023989469087,0
108.0,0.3137929026964303,1
94.0,0.5307656202979502,0
58.0,0.33058623844794444,0
148.0,0.24279869327204892,1
148.0,0.4937135868467605,1
128.0,0.5807750068300034,1
112.0,0.5956969955866616,1
144.0,0.600708704224902,1
99.0,0.6119921705306038,0
78.0,0.3369291336066842,0
134.0,0.2493738205498156,1
60.0,0.5294420646222168,0
62.0,0.3121654827121946,0
133.0,0.21744734443558078,1
133.0,0.5072800096151567,1
110.0,0.5749006299133005,1
133.0,0.6045745065075296,1
145.0,0.6008272533289155,1
71.0,0.5994558262668446,0
53.0,0.3275247081589505,0
89.0,0.22965559300912733,0
65.0,0.20885380235450643,0
76.0,0.21047819984560742,0
51.0,0.20304494473248447,0
136.0,0.19436314022938664,1
73.0,0.4909469420875692,0
149.0,0.2961162258150712,1
112.0,0.511394617338753,1
33.0,0.5813727033920698,0
140.0,0.3365484651062568,1
116.0,0.5245896409585871,1
66.0,0.588157648937714,0
140.0,0.3122243101956994,1
95.0,0.5233326054767241,0
63.0,0.3304504250653353,0
54.0,0.20916936753201104,0
69.0,0.1923189921726853,0
93.0,0.19571718152207992,0
68.0,0.1842995936867473,0
95.0,0.18511920332091766,0
128.0,0.1827009118946768,1
77.0,0.5240708178120106,0
119.0,0.30832664923088077,1
68.0,0.505813747953897,0
130.0,0.32176075380475555,1
67.0,0.5072992537785749,0
24.0,0.3300478690085431,0
29.0,0.20176833985499373,0
152.0,0.18997748141276638,1
147.0,0.487457845138669,1
68.0,0.5507374610728365,0
64.0,0.32035349820279807,0
30.0,0.2309919262434766,0
80.0,0.2019446909381397,0
152.0,0.20821045549410264,1
78.0,0.5075734559296529,0
119.0,0.3053785052549447,1
135.0,0.5118719150341118,1
148.0,0.5954436237740872,1
134.0,0.6223358733202731,1
103.0,0.6237437121141677,0
55.0,0.4523176680062577,0
150.0,0.2496873136795988,1
46.0,0.5254611463496476,0
86.0,0.3135653184916387,0
111.0,0.20677948838123963,1
101.0,0.5425431846440485,0
142.0,0.41898506405332864,1
77.0,0.46692244344988565,0
67.0,0.33591039201693734,0
45.0,0.23157977898469723,0
29.0,0.19288476550861072,0
93.0,0.18713979461488187,0
97.0,0.19591526063246176,0
93.0,0.18325995807194398,0
154.0,0.1801083879557512,1
99.0,0.4803814563887963,0
60.0,0.293245354310387,0
111.0,0.1980866195754108,1
106.0,0.4898492462217974,1
32.0,0.5561065306577464,0
124.0,0.3191651097414076,1
129.0,0.5246889927841799,1
141.0,0.5878681178951753,1
131.0,0.6181575779102422,1
40.0,0.6277923358414508,0
98.0,0.31074904657263513,0
54.0,0.24366674743027902,0
47.0,0.20256463202128547,0
35.0,0.20130318835834035,0
92.0,0.1965902450852771,0
114.0,0.19810306501429006,1
99.0,0.4966490081633625,0
64.0,0.30418035900722806,0
45.0,0.21021448303551563,0
80.0,0.19598830380188467,0
124.0,0.19923159687240127,1
95.0,0.4915335767743496,0
153.0,0.29897965121003095,1
66.0,0.5072515602202948,0
51.0,0.3300031660331485,0
106.0,0.21365683953972334,1
66.0,0.4865375766225131,0
83.0,0.3008405716749616,0
142.0,0.20190288919063332,1
31.0,0.50906201715296,0
79.0,0.30193450923556553,0
46.0,0.21803289650974114,0
77.0,0.19457028920777775,0
102.0,0.1821538927721981,0
78.0,0.26898223877080246,0
