4705.35382213986,0.5,0
2806.0,0.4545454545454545,1
3100.0,0.6161137440758293,1
2700.0,0.6250000000000001,1
2160.0,0.7395468738152843,1
3654.0,0.7836400609717177,0
2054.0,0.624406827349528,1
4347.0,0.7192505075493045,0
2639.0,0.5771381990215114,1
3325.0,0.6904622823780262,1
3770.0,0.637686262590811,0
672.0,0.6007465302817867,1
2403.0,0.688753090686562,1
3278.0,0.6947992724934675,1
3480.0,0.6560678934943118,1
2697.0,0.685625242781453,1
3078.0,0.7561980855356591,1
2871.0,0.7066822983738466,1
952.0,0.7809168591750335,1
1400.0,0.7862930326295146,1
3128.0,0.7968469685697531,1
3030.0,0.75712774303715,1
960.0,0.7693901676660935,1
1250.0,0.8235761216719811,1
598.0,0.8292731087985782,1
1764.0,0.8358112517073593,1
700.0,0.8419936951988433,1
2178.0,0.8477327334559571,1
2576.0,0.8529391663215641,1
624.0,0.8579302582340778,1
3864.0,0.8625438417022352,0
3224.0,0.7929905127997918,1
2310.0,0.799476332994328,1
2260.0,0.8462815191925569,1
3174.0,0.8497644308800802,1
1449.0,0.8144659828598309,1
3255.0,0.858841329291451,1
1725.0,0.8245599438553706,1
1056.0,0.8662824537945365,1
3330.0,0.8696968471389396,1
3984.0,0.8375317785597182,0
3525.0,0.813222935276048,1
2990.0,0.8173035820536667,1
624.0,0.8597049865049438,1
1269.0,0.8618486926869102,1
860.0,0.8651926152709914,1
3150.0,0.8682088793233353,1
3348.0,0.8353788448248006,1
2720.0,0.8394778382433792,1
4530.0,0.8772249428542827,0
2112.0,0.8203354181794656,1
4350.0,0.8627318427769813,0
4082.0,0.8021748369509538,0
3240.0,0.7865041138074973,1
2808.0,0.7905362085778793,1
3335.0,0.8373907626940724,1
2016.0,0.7987586275785918,1
4592.0,0.8434470568986289,0
1392.0,0.783859310540436,1
3060.0,0.8318838013651074,1
2457.0,0.7908502036236794,1
1449.0,0.8379517894159225,1
1863.0,0.8406064215255383,1
1950.0,0.8435598013800031,1
960.0,0.8463793523957698,1
2828.0,0.8490648571387607,1
1296.0,0.8516949279881958,1
966.0,0.8542887967685551,1
2222.0,0.8568579335734938,1
4760.0,0.859301077500096,0
3030.0,0.8040858877692323,1
4104.0,0.8069251234871249,0
3942.0,0.7918011073304568,0
3864.0,0.7778247032370907,0
4704.0,0.7641170960584034,0
1269.0,0.7506433040100148,1
4144.0,0.803355643718717,0
3634.0,0.7462618713779051,0
1892.0,0.7290104100966676,1
3888.0,0.7844074683681714,0
3549.0,0.7257358667517154,1
1000.0,0.7239589870072558,1
1474.0,0.7802551923767431,1
3336.0,0.788083118773956,1
3540.0,0.7402701527979685,1
3388.0,0.7380516079305851,1
2480.0,0.7407139778800496,1
2016.0,0.794767195275303,1
644.0,0.802927071800292,1
1593.0,0.8062361463398835,1
1300.0,0.8089864187132746,1
2496.0,0.8116231207966529,1
3213.0,0.8141815688860584,1
728.0,0.7696493376691915,1
1775.0,0.8132766741212685,1
2816.0,0.8208016392890392,1
3318.0,0.8238348961167853,1
1640.0,0.7809655216467423,1
2407.0,0.8224405829301416,1
3519.0,0.8298772528639063,1
3087.0,0.788760938818467,1
1170.0,0.78403313187184,1
1430.0,0.8297468190873495,1
2520.0,0.8380274240113998,1
4260.0,0.8409085215145886,0
1200.0,0.7868722481344091,1
975.0,0.8268518287463941,1
780.0,0.8334675902942813,1
3600.0,0.8360856179350238,1
1541.0,0.7952876791003922,1
1288.0,0.8345691648855623,1
1780.0,0.8412785437098147,1
1608.0,0.8437605108168679,1
3536.0,0.8456868091253154,1
1943.0,0.8064974486126002,1
1826.0,0.8435874709369129,1
700.0,0.8502502607057233,1
3045.0,0.8526428330866499,1
3120.0,0.81494752526419,1
1950.0,0.8100489196625902,1
1700.0,0.8510020045895167,1
1664.0,0.8583972383630311,1
4350.0,0.8607933156364634,0
1508.0,0.81144430204566,1
825.0,0.8471191840116834,1
1144.0,0.8530949318591476,1
1560.0,0.8552740713965249,1
2700.0,0.8569326821917597,1
1375.0,0.8585265907650086,1
4080.0,0.8601186315133095,0
4480.0,0.8109301486572877,0
3094.0,0.7967430193287612,1
2465.0,0.7971241793225147,1
1674.0,0.8411462810460736,1
1972.0,0.8487649026224686,1
750.0,0.8512015539159609,1
4340.0,0.8528737288969143,0
1680.0,0.8024355209388374,1
3796.0,0.8394323327503813,0
720.0,0.7918772300947348,1
2600.0,0.8319964698570622,1
2548.0,0.8377766879399057,1
3969.0,0.8399310649477315,0
3887.0,0.7874605089304014,0
2205.0,0.7746788108408921,1
1479.0,0.8216459495037869,1
3973.0,0.8286445480403751,0
2640.0,0.7751200373083014,1
2100.0,0.8177281078642724,1
1560.0,0.8234786774278885,1
2424.0,0.8256847270468244,1
1100.0,0.8274829232068251,1
2310.0,0.8292250177086079,1
2581.0,0.8309646277239805,1
3000.0,0.8326669778440087,1
3266.0,0.7907082193192474,1
1276.0,0.7868240732462001,1
2250.0,0.8320130204353997,1
2835.0,0.8385588605938006,1
2300.0,0.8406987310513439,1
1728.0,0.8423510085429938,1
1716.0,0.843927389231683,1
2783.0,0.845479614304483,1
4452.0,0.8470279314513016,0
2340.0,0.7966526303730074,1
3588.0,0.8353803151544016,1
3360.0,0.7984952517004886,1
3841.0,0.7952985030990699,0
1080.0,0.7862427918687449,1
3432.0,0.8315102969507896,1
2490.0,0.7938752712840695,1
1728.0,0.8348228191913376,1
696.0,0.84008505911557,1
2024.0,0.8419693989562137,1
1998.0,0.8434798723276533,1
4230.0,0.8449669883924509,0
4760.0,0.7946869094493508,0
1575.0,0.7836375274366691,1
3672.0,0.8289850966497967,0
4650.0,0.7815067736578643,0
4250.0,0.7705956082906777,0
1800.0,0.7637315479861905,1
1428.0,0.8127649946229932,1
1596.0,0.8204994553490685,1
2880.0,0.8228742553846988,1
2354.0,0.8245790297908169,1
910.0,0.8261331678640657,1
3321.0,0.827701536187009,1
1350.0,0.7845750111232845,1
1755.0,0.8244505876847253,1
2580.0,0.8313020694064865,1
2210.0,0.8335119881502303,1
2520.0,0.8351091426030924,1
2511.0,0.8365810733045469,1
3550.0,0.8380293633649318,1
754.0,0.7968301925102477,1
1520.0,0.8344128427500683,1
2314.0,0.8412169860032017,1
3496.0,0.8434001783648719,1
2464.0,0.8032978336554119,1
3105.0,0.8397322387472355,1
2090.0,0.8052856879218061,1
1679.0,0.8421364743180253,1
3432.0,0.8490454034996354,1
2158.0,0.8109631938898885,1
2420.0,0.8460481655930773,1
1222.0,0.8527530441228341,1
2604.0,0.854941346773743,1
1248.0,0.8563239129950897,1
1032.0,0.8576134371155054,1
2856.0,0.8588398230372628,1
1173.0,0.8600588532576229,1
1342.0,0.8612286951266542,1
3886.0,0.8624217708346438,0
1107.0,0.8160492201865339,1
840.0,0.8493029953293463,1
1860.0,0.8554956589106875,1
4800.0,0.8575136343346105,0
3366.0,0.810534898296908,1
1880.0,0.8038001942967817,1
2900.0,0.8453353513215527,1
1725.0,0.8523188534677003,1
3950.0,0.8544000146122644,0
3570.0,0.8068665097976458,1
1700.0,0.800670854689982,1
2828.0,0.8428716692352356,1
1350.0,0.8494696713219663,1
3280.0,0.8514133165069776,1
1080.0,0.8128054588312306,1
4698.0,0.8485339544297898,0
1988.0,0.8055205458605932,1
987.0,0.842490362828857,1
3550.0,0.8481118314368673,1
1809.0,0.8093811342102619,1
2030.0,0.8461118823753672,1
3420.0,0.8517683024312012,1
2407.0,0.8137694664923438,1
3925.0,0.8496183728856707,0
1950.0,0.8066543968519371,1
1134.0,0.8436798261580609,1
2940.0,0.848972645916371,1
4368.0,0.850648566067578,0
4050.0,0.8024605551057759,0
2464.0,0.7920576125098543,1
1196.0,0.8355370058442385,1
1326.0,0.8418656072161967,1
2507.0,0.8437675782816456,1
3780.0,0.8450965915683948,0
1955.0,0.7959539738666815,1
1475.0,0.8342922968484053,1
3807.0,0.8396434352780145,0
5010.0,0.7899649005467979,0
2568.0,0.779802499764499,1
3276.0,0.825385750601607,1
2340.0,0.7876059743472088,1
2415.0,0.828542197729761,1
3874.0,0.8344824788755185,0
3618.0,0.784105123149479,0
780.0,0.7735951015903009,1
4466.0,0.8200933259746664,0
3614.0,0.7730009473296495,0
784.0,0.762889899138044,1
2160.0,0.8111467359761231,1
2784.0,0.8181867616020952,1
3219.0,0.8202797254718504,1
3519.0,0.7756506825328491,1
2640.0,0.7703941642002294,1
4060.0,0.817761453940369,0
837.0,0.7708662904067533,1
2813.0,0.8134225319332068,1
2080.0,0.8195445223191334,1
3066.0,0.8214904096373878,1
4508.0,0.7770476989405083,0
2952.0,0.7640302980128761,1
1250.0,0.8118187914830292,1
2520.0,0.8180962398093161,1
2530.0,0.8200232040034535,1
3360.0,0.8214246427594614,1
1392.0,0.776910386876663,1
1218.0,0.8189639938538603,1
4482.0,0.8248991380968372,0
1014.0,0.7732662481616149,1
2352.0,0.8154142282812886,1
1584.0,0.8209127644142905,1
2300.0,0.8226619723032905,1
2375.0,0.8240037677773587,1
525.0,0.8252880235106232,1
3125.0,0.826578124340737,1
3103.0,0.782935308836418,1
3458.0,0.778459065334694,1
1617.0,0.7791229341364767,1
2996.0,0.8257940953675756,1
3375.0,0.8322228638887246,1
2000.0,0.7903084260312601,1
1232.0,0.830161452493662,1
1056.0,0.8359088118700291,1
2490.0,0.837635886636976,1
1943.0,0.8388998916756315,1
2912.0,0.8401149233068155,1
1012.0,0.8413277753427512,1
2793.0,0.842470397999986,1
4727.0,0.8436339017812615,0
1110.0,0.7948493844919264,1
3388.0,0.8330495554399551,1
2408.0,0.7956474265287679,1
4420.0,0.8351455364539296,0
740.0,0.7901600464002838,1
4110.0,0.8300107301932284,0
3450.0,0.7835960634551252,1
1050.0,0.7794214883560081,1
810.0,0.8255813202814117,1
4100.0,0.831053967391194,0
3450.0,0.7805609548493029,1
4144.0,0.7764284868947666,0
2552.0,0.7698139278427069,1
1222.0,0.8173447678470804,1
825.0,0.8220195556684831,1
1100.0,0.8235471723220696,1
2645.0,0.8248145574845133,1
4770.0,0.8260525153639592,0
1242.0,0.7744880647659659,1
1827.0,0.8180124073298184,1
4704.0,0.8221085341220603,0
816.0,0.770019666077222,1
3304.0,0.8146851948193743,1
2352.0,0.7717831905320325,1
1080.0,0.8170313614509958,1
3400.0,0.8209892020206353,1
2000.0,0.7764120138103857,1
4611.0,0.8205703875786878,0
3564.0,0.7714413314084172,1
3640.0,0.7690965865582637,0
2640.0,0.7631068112326675,1
4508.0,0.8117917002757965,0
1625.0,0.7603925882335771,1
2632.0,0.8077771442597041,1
2340.0,0.8106667999610849,1
3016.0,0.8119966126026104,1
1472.0,0.7656266523217278,1
3048.0,0.812588301305214,1
3507.0,0.7684890008669389,1
1470.0,0.7675852178835652,1
500.0,0.8159835881705586,1
2280.0,0.819321484074042,1
975.0,0.8206238864531257,1
777.0,0.8218418010957709,1
1197.0,0.8230361217168155,1
1008.0,0.8242182378348845,1
3624.0,0.8253620482626278,0
2244.0,0.7738647865387134,1
1612.0,0.8186555675392195,1
480.0,0.8217210107767233,1
3456.0,0.8229928091199089,1
1148.0,0.7785283458375901,1
1792.0,0.8231253415534802,1
2730.0,0.8263845647366029,1
3680.0,0.8276511410034942,0
1560.0,0.7766540110237633,1
1740.0,0.8210733543345785,1
4901.0,0.8240347485244752,0
2028.0,0.7725316926544323,1
3825.0,0.8180071263697953,0
1360.0,0.767144582950051,1
1000.0,0.8139600287821934,1
750.0,0.8162493879211812,1
2750.0,0.8174586347403098,1
744.0,0.8186537591951013,1
4611.0,0.8198505658811575,0
1122.0,0.7675438859642197,1
4050.0,0.8144357074229546,0
1848.0,0.7623350043132862,1
4250.0,0.8105185376015057,0
3857.0,0.7573599230343824,0
3864.0,0.7537164029204912,0
3423.0,0.7503611015013173,1
3718.0,0.7512559964212604,0
3132.0,0.7461301326439594,1
1840.0,0.7470083500304975,1
1720.0,0.7986409787820387,1
1794.0,0.8007622334140211,1
720.0,0.8020308732085047,1
1584.0,0.8032653720098943,1
1840.0,0.8044807372072076,1
500.0,0.8057052995565431,1
3857.0,0.8069093731869521,0
2064.0,0.7528028267249242,1
1012.0,0.8020907824164535,1
1554.0,0.8041127022162042,1
1536.0,0.8053273055395853,1
2079.0,0.8065004897814095,1
780.0,0.8076823349446991,1
650.0,0.8088606759420083,1
2640.0,0.8100138687038012,1
3942.0,0.8111561073036695,0
3666.0,0.7577691663087064,0
525.0,0.7533310310252628,1
1980.0,0.803510289399659,1
1950.0,0.8061066884224011,1
3059.0,0.8073122648469933,1
2280.0,0.7599593061198223,1
4234.0,0.807943186381767,0
1560.0,0.7559647156690139,1
2889.0,0.8043569326579323,1
960.0,0.8067536398136221,1
1000.0,0.8079512140223291,1
3180.0,0.809101425368265,1
2730.0,0.7620471321351914,1
2079.0,0.8097901884782983,1
2970.0,0.8124335532929535,1
2376.0,0.8136072197589331,1
3780.0,0.8146975618803128,0
729.0,0.7620974443099523,1
1875.0,0.8093985060797372,1
950.0,0.8117912225048525,1
3672.0,0.8129287461740429,0
1488.0,0.7599585283106595,1
2016.0,0.8078717927310681,1
3220.0,0.8100353807209746,1
828.0,0.7631537921987843,1
1508.0,0.8110278947356826,1
800.0,0.8133445978396734,1
1248.0,0.8144954650528284,1
3393.0,0.8155881785993159,1
1900.0,0.7696351402764563,1
2132.0,0.8162151005835075,1
2673.0,0.818763899563085,1
3762.0,0.8198828944786369,0
2300.0,0.7681298669091257,1
4620.0,0.8145566676284428,0
1725.0,0.7633339027712811,1
1800.0,0.810942535623504,1
4312.0,0.8128941159716013,0
3480.0,0.7599950362765449,1
2996.0,0.759915666979963,1
3381.0,0.8094830595043605,1
4410.0,0.763186780367477,0
2266.0,0.7576420722046903,1
2185.0,0.8071348533243172,1
2968.0,0.8085204277547405,1
2772.0,0.8096380020580732,1
740.0,0.810723041873381,1
3712.0,0.8118072936437373,0
1508.0,0.7587811858158099,1
3220.0,0.8078225809649171,1
2929.0,0.7606861141247289,1
2280.0,0.8098923195541479,1
3944.0,0.8112711601799731,0
1360.0,0.7581964113057066,1
2706.0,0.807515869223415,1
1050.0,0.8085888856414357,1
600.0,0.8096719343896016,1
2160.0,0.8107737782691806,1
810.0,0.8118552153323599,1
3784.0,0.8129287046455568,0
2208.0,0.760222703520063,1
3108.0,0.8092824129029084,1
3600.0,0.7620805841287326,1
1850.0,0.7632880317119425,1
2898.0,0.8123016062157941,1
3549.0,0.8134600438357891,1
3322.0,0.7670786472582765,1
750.0,0.7680020662905357,1
4620.0,0.8162614160213126,0
3744.0,0.7644943101124688,0
1449.0,0.7615503154721036,1
3276.0,0.8104390255272861,1
784.0,0.7640582850239367,1
713.0,0.8124426821723916,1
1776.0,0.8140735330646319,1
3630.0,0.8151477457764188,0
2500.0,0.7628149648648863,1
1980.0,0.8110277802047527,1
3325.0,0.8124060333011297,1
1700.0,0.7658591866240496,1
2280.0,0.8140289734128592,1
600.0,0.8155642519662073,1
2291.0,0.8166252813968501,1
2880.0,0.8176515338225036,1
3542.0,0.8186910174250985,1
780.0,0.7732523291878559,1
3025.0,0.8198851297288426,1
2212.0,0.775604062714071,1
2565.0,0.821767735185256,1
1708.0,0.8236777596632462,1
4290.0,0.8246850365931432,0
2140.0,0.7740304835242979,1
4316.0,0.8200672424884684,0
2184.0,0.769477865371312,1
1675.0,0.8166203031724548,1
3460.0,0.8179803332022957,1
986.0,0.7724047721002459,1
2160.0,0.8194915343562786,1
2247.0,0.8209995255349121,1
784.0,0.8219787399685476,1
2340.0,0.822971880121114,1
3726.0,0.8239623874856148,0
3225.0,0.7733513305899464,1
1125.0,0.7733664213832809,1
3772.0,0.820733372371968,0
1196.0,0.7701036962636088,1
