1693.2255212126415,0.5,1
1392.0,0.5533333333333333,1
1919.0,0.6427471377927587,1
456.0,0.7067745871724237,1
1560.0,0.753371785648935,1
700.0,0.7875403758314743,1
1360.0,0.8145013576479169,1
738.0,0.8357535732401358,1
518.0,0.852227859996177,1
2565.0,0.8657178694493004,1
3230.0,0.7644421317530716,0
2831.0,0.626090824676848,0
432.0,0.5017445624271976,1
2448.0,0.708790550364837,1
704.0,0.616272548666139,1
1185.0,0.7570861765875692,1
636.0,0.807720155720308,1
1170.0,0.8301505770871317,1
1410.0,0.842511752819472,1
1573.0,0.8515174567340008,1
1862.0,0.8588452440034359,1
1494.0,0.8657668710993107,1
2520.0,0.8719170473090688,1
2288.0,0.7661821223740198,1
516.0,0.710925665254784,1
1610.0,0.8257065674303095,1
1056.0,0.8684309281515179,1
546.0,0.8854168740404683,1
1344.0,0.8936112907288504,1
1000.0,0.8990196169877255,1
352.0,0.9025445839490346,1
546.0,0.9060130114626234,1
1940.0,0.9089803641983547,1
1485.0,0.9118854279223848,1
1264.0,0.9145847209139762,1
1350.0,0.9167241486718736,1
2220.0,0.9188644512702626,1
2664.0,0.8423706515835064,1
2040.0,0.7944193752354826,1
1820.0,0.7648088957569678,1
1280.0,0.8666393925764413,1
2788.0,0.9062562028309067,0
1344.0,0.7966389861039237,1
1170.0,0.8745020015317142,1
1495.0,0.8967985118724542,1
3280.0,0.9044373464583328,0
1744.0,0.7747440275669938,1
592.0,0.8639787931384142,1
2280.0,0.8827872976543057,1
1616.0,0.7849692651236534,1
1111.0,0.8719027247704167,1
1152.0,0.890718670299861,1
2754.0,0.8967631279582564,0
1496.0,0.7639718142720703,1
845.0,0.8626392359461197,1
900.0,0.8785590300256493,1
496.0,0.8834558933679182,1
470.0,0.8866691671743895,1
931.0,0.8895167674707215,1
1672.0,0.8919976124658412,1
1680.0,0.8943624813567581,1
803.0,0.8966921926566075,1
1290.0,0.899037694877855,1
1360.0,0.9013352637086962,1
490.0,0.9030750089736403,1
2130.0,0.9049453804388292,1
1500.0,0.8159438154815553,1
708.0,0.8935606722134493,1
2124.0,0.9074090104113026,1
2717.0,0.8239443990974162,0
2055.0,0.7685741855037495,1
486.0,0.7668878211481008,1
372.0,0.87961310024392,1
3400.0,0.8945106440257129,0
1258.0,0.7655122209049933,1
700.0,0.8702433763939292,1
940.0,0.8805252537012481,1
2346.0,0.8837597917255875,1
1344.0,0.7806441969566127,1
1120.0,0.8799134418851068,1
1428.0,0.8906792446992968,1
1064.0,0.8935716951323591,1
2420.0,0.8959630564710881,1
1905.0,0.8008953791291241,1
1904.0,0.8906585555795559,1
2538.0,0.9009632777426608,1
3287.0,0.8107762102667293,0
2128.0,0.7691289738451175,1
2176.0,0.7706844734707967,1
1848.0,0.7741084365590436,1
1824.0,0.8844414342420619,1
1744.0,0.8935580992393785,1
403.0,0.8960297876987607,1
1440.0,0.8980433340008874,1
948.0,0.9001456149330277,1
2768.0,0.901935963043451,0
715.0,0.7810287252931194,1
920.0,0.88271150350054,1
1036.0,0.8893966714851721,1
810.0,0.8915996638183081,1
1040.0,0.8937396674937036,1
1792.0,0.8956128756326478,1
2860.0,0.8973108942214427,0
2505.0,0.774176262372348,1
2224.0,0.7711164544005695,1
2299.0,0.7738557933820366,1
1668.0,0.7766769088427233,1
656.0,0.8859076397139524,1
1095.0,0.8913033310271928,1
2400.0,0.893235292444841,1
1121.0,0.795456726430463,1
1860.0,0.892898385786635,1
533.0,0.8986463994475475,1
768.0,0.9005205051456457,1
1620.0,0.9023476066457254,1
945.0,0.9041368694530199,1
2108.0,0.9056452523439283,1
1180.0,0.8170879679717592,1
385.0,0.9040786607288223,1
774.0,0.9100499767805981,1
400.0,0.9118363037900159,1
1638.0,0.9130825035029088,1
994.0,0.9145360978126349,1
1512.0,0.9160280877471708,1
1344.0,0.9171143428213909,1
1554.0,0.9184979167103653,1
1862.0,0.9199532079730434,1
2988.0,0.9209600633334679,0
720.0,0.8164443336599388,1
1071.0,0.903645312625941,1
493.0,0.9082635140616887,1
648.0,0.9098821598386496,1
2430.0,0.9113087283764539,1
1053.0,0.8270596532393582,1
3078.0,0.910085277984942,0
1856.0,0.804139570254001,1
1846.0,0.8984181465068493,1
1248.0,0.9022065741454841,1
456.0,0.9037001651630701,1
748.0,0.90507678317745,1
1105.0,0.9067732578783458,1
550.0,0.9083659857787383,1
1620.0,0.9099218735880186,1
1215.0,0.9111207958140831,1
330.0,0.9125583244357492,1
1551.0,0.9140663846303818,1
800.0,0.9155423970687606,1
1476.0,0.9169510181038457,1
1456.0,0.9182994066961626,1
882.0,0.919347002817222,1
1680.0,0.9205318540074519,1
1529.0,0.9215668772106597,1
1664.0,0.9225238400126461,1
364.0,0.9238499842920647,1
3114.0,0.9251123955496767,0
350.0,0.825078704597492,1
1694.0,0.9097974138815184,1
882.0,0.9132183976768385,1
1937.0,0.9143589903465537,1
2499.0,0.9157742787355732,1
1166.0,0.8344690136067794,1
680.0,0.9153781624856988,1
2862.0,0.9189067084700494,0
2576.0,0.8128153142763435,1
442.0,0.8117664944273321,1
2140.0,0.9058036457683032,1
1008.0,0.8191293617006256,1
1344.0,0.9086075612438943,1
2718.0,0.9112162344890402,0
1720.0,0.8004411708266421,1
2774.0,0.8988528065070318,0
1411.0,0.7795424260707331,1
1620.0,0.88919371062679,1
2900.0,0.8883878843072862,0
480.0,0.7625922064084981,1
636.0,0.8813314747583576,1
1608.0,0.878576476456919,1
1734.0,0.8806617021040685,1
1968.0,0.8826159078974881,1
1703.0,0.8844041092172332,1
728.0,0.8862389091470668,1
360.0,0.8880354681027891,1
2793.0,0.8897975311143344,0
1980.0,0.7668233820532421,1
2147.0,0.8840181842666168,1
1216.0,0.7713479113949263,1
1040.0,0.8870054389677922,1
1984.0,0.8843407463598233,1
1995.0,0.8862216982289419,1
559.0,0.8877507913804399,1
2740.0,0.8894054542506759,0
975.0,0.766883820868035,1
1152.0,0.8845512035895465,1
814.0,0.8807302965888861,1
576.0,0.8827310340908413,1
1960.0,0.8842951900741896,1
741.0,0.8859580265681698,1
3020.0,0.8875999082494551,0
3200.0,0.7642205326460434,0
1443.0,0.7586159671132598,1
1332.0,0.8746830938706945,1
1376.0,0.8745639388718192,1
1640.0,0.8763429432055653,1
828.0,0.8780805024252648,1
1220.0,0.8797081776959408,1
1144.0,0.8814829178080892,1
675.0,0.8831065455074993,1
656.0,0.8848019906448497,1
2512.0,0.8862769375504769,1
1232.0,0.7833225410380884,1
510.0,0.8891865906341224,1
1815.0,0.8909396873148763,1
900.0,0.8923761813453034,1
462.0,0.8938405375704527,1
1760.0,0.8952568472514673,1
836.0,0.8966428565163309,1
1480.0,0.8981852302657253,1
1920.0,0.8997609341119887,1
444.0,0.9010175843726651,1
1330.0,0.9025768865952077,1
2016.0,0.9038786530649614,1
2720.0,0.8131506481764853,0
1748.0,0.7905580370198136,1
1105.0,0.8931108834465917,1
1752.0,0.8949352475286468,1
1200.0,0.8964496272973345,1
1792.0,0.8979463754114805,1
2480.0,0.899305198262354,1
1712.0,0.8056216061384367,1
836.0,0.9010161952599596,1
1860.0,0.9034367027394312,1
1197.0,0.904944059800625,1
1391.0,0.9061549263915281,1
1155.0,0.907590405930561,1
957.0,0.9087366794665438,1
2384.0,0.9100144319080532,1
1507.0,0.824560844046154,1
1540.0,0.910901052414881,1
1090.0,0.9139152385523631,1
1079.0,0.9153533511335366,1
2064.0,0.916344289061256,1
540.0,0.835513117898818,1
1309.0,0.9165314432043942,1
576.0,0.9199091020766841,1
2740.0,0.9209184650058932,0
1566.0,0.8179817424661575,1
1360.0,0.9069418449655717,1
1725.0,0.9095294433472131,1
2628.0,0.9108717177786128,1
528.0,0.8260469409654709,1
2844.0,0.9119983527320971,0
2603.0,0.8061928532726975,1
1183.0,0.8067161718075397,1
990.0,0.9028413932695266,1
1918.0,0.9044104285644861,1
760.0,0.9057657796280287,1
2016.0,0.9071705067924113,1
1216.0,0.8190319215028856,1
900.0,0.9088949990189334,1
473.0,0.9108545499311412,1
702.0,0.912165277853481,1
1430.0,0.9134940712463502,1
1106.0,0.9146758174263051,1
1349.0,0.9157868133501719,1
1386.0,0.9167950080102897,1
1122.0,0.9181349320372948,1
700.0,0.9190939656975256,1
1764.0,0.9204195165578399,1
325.0,0.9215188916217404,1
500.0,0.9228280941717758,1
2016.0,0.923883867737693,1
1880.0,0.8493406428619602,1
377.0,0.9243192714148132,1
559.0,0.9271707459303747,1
517.0,0.9281971596625184,1
1911.0,0.9292321505273907,1
1387.0,0.9299867476585807,1
684.0,0.9307147339513641,1
1599.0,0.9317006077620974,1
736.0,0.9326077571191356,1
2210.0,0.9336881516985197,1
1705.0,0.8666402620772705,1
1854.0,0.9330643122175843,1
1764.0,0.9365899963888469,1
1188.0,0.937558159757479,1
840.0,0.9383399504239708,1
1728.0,0.9388786894669261,1
1320.0,0.9396156342421124,1
2610.0,0.9402390976338204,1
1479.0,0.8796392193776216,1
741.0,0.9394915102514935,1
1008.0,0.9427176539805264,1
544.0,0.9436168559578373,1
660.0,0.9440754660983703,1
1380.0,0.9445755601530358,1
1368.0,0.9449714662260227,1
1764.0,0.9457978252702753,1
1274.0,0.9465589773052993,1
2185.0,0.9471038303682732,1
1660.0,0.8916076660326877,1
1860.0,0.9450940120621811,1
640.0,0.9483697743744639,1
1764.0,0.9494094861095244,1
1848.0,0.9504283918690479,1
741.0,0.9506780936499346,1
2380.0,0.9510368508103204,1
2480.0,0.9005034750610001,1
3192.0,0.8959513888523979,0
1349.0,0.861790198533599,1
2340.0,0.9312195913193938,1
1050.0,0.8665105870599683,1
918.0,0.9334590258653558,1
1564.0,0.9368928180694426,1
1428.0,0.9380316653093915,1
1098.0,0.9393609364727644,1
330.0,0.9402745513910316,1
1600.0,0.9413528583833067,1
3320.0,0.9420129432096608,0
1060.0,0.8491108122026774,1
490.0,0.923626649940136,1
840.0,0.9259212200855791,1
1888.0,0.9269860374553688,1
1056.0,0.9283739662284545,1
1648.0,0.9297678075224725,1
2760.0,0.930769996758193,0
1582.0,0.8284210795535725,1
504.0,0.9136070412747199,1
2527.0,0.9155870522065757,1
1032.0,0.8350694953676321,1
1260.0,0.9181761563925209,1
2325.0,0.9203496583562965,1
605.0,0.8430456670963602,1
1926.0,0.9219871706424961,1
660.0,0.9244893674805278,1
2754.0,0.9259817516221509,0
1738.0,0.8220228851820762,1
400.0,0.9107311053180105,1
1802.0,0.9118055311789188,1
2223.0,0.9132606646592654,1
1776.0,0.8307836958665387,1
2158.0,0.91610834318418,1
1881.0,0.8357157857362836,1
2860.0,0.9188057917197004,0
2242.0,0.812221953065421,1
1358.0,0.8151009099394324,1
2592.0,0.9076327720639144,1
855.0,0.8186637069171069,1
2432.0,0.9104286867391032,1
1424.0,0.8237149449298268,1
1440.0,0.9128204149672727,1
1176.0,0.9137050803101046,1
2788.0,0.9150502779137129,0
2805.0,0.8044068190290456,0
928.0,0.7975676730882884,1
2812.0,0.8969783436623722,0
2115.0,0.7759364831537845,1
2603.0,0.7790114388452231,1
1972.0,0.7821466726035342,1
1568.0,0.8889156387633858,1
1926.0,0.8899441476801897,1
704.0,0.8917293507738115,1
1349.0,0.8936020223314276,1
1520.0,0.8955229089706589,1
2096.0,0.8973842167988965,1
782.0,0.802454413349123,1
1666.0,0.9001809425518248,1
1284.0,0.9024357381998777,1
864.0,0.9041382953889079,1
697.0,0.90584866816269,1
2236.0,0.9072716334688518,1
403.0,0.8192214935535472,1
970.0,0.9084694972180302,1
693.0,0.9112802175058616,1
1550.0,0.9128032240647665,1
728.0,0.9141682734238414,1
984.0,0.9152766689500513,1
1620.0,0.9168408654102224,1
1023.0,0.9181451398767099,1
990.0,0.9195162401697453,1
793.0,0.9205971883453814,1
1460.0,0.921744676391715,1
1584.0,0.9231824684004937,1
1898.0,0.9241762843581064,1
2140.0,0.9252622133046879,1
896.0,0.8519025073878593,1
2204.0,0.9247624567733153,1
1836.0,0.8555988979182589,1
1001.0,0.9269585938824069,1
2100.0,0.9305655087316086,1
960.0,0.8613876332760485,1
854.0,0.9297670462033916,1
1350.0,0.9332199882955876,1
1722.0,0.934247090346941,1
928.0,0.9353024304525475,1
2603.0,0.9360846131584275,1
2926.0,0.8713003000935367,0
550.0,0.8393918421588016,1
341.0,0.919326879367695,1
1030.0,0.9223638203279547,1
1024.0,0.9234187836298242,1
2016.0,0.9247762247598449,1
693.0,0.8508250574174256,1
1530.0,0.9249880810308416,1
270.0,0.9282215239378727,1
410.0,0.929511037418014,1
1700.0,0.9304481631366818,1
748.0,0.9318369623758326,1
640.0,0.9330317074256352,1
1150.0,0.9339524899669206,1
1188.0,0.9351516813876548,1
1024.0,0.9361313735340202,1
1974.0,0.9372524110429138,1
1309.0,0.9384471424195369,1
1960.0,0.9394068581373033,1
2422.0,0.9400068250038027,1
1068.0,0.8782541830753231,1
605.0,0.9386095843401782,1
728.0,0.9424065745915776,1
1648.0,0.9436044098624354,1
2700.0,0.9446707239202488,1
1450.0,0.8872800683818783,1
980.0,0.943232369886653,1
2538.0,0.9465860181636567,1
2190.0,0.8912134698873682,1
1792.0,0.8873804219924232,1
1507.0,0.9459274917257983,1
741.0,0.9492685110522534,1
559.0,0.9498797742069116,1
850.0,0.9504455210639752,1
760.0,0.950926172944902,1
1200.0,0.9514217254882126,1
2592.0,0.9516816843172193,1
2178.0,0.9015126612969442,1
756.0,0.8967394682429927,1
1470.0,0.9506011095517843,1
2652.0,0.9543144653371426,1
589.0,0.905976712220915,1
688.0,0.9521822398043158,1
330.0,0.9557808164486706,1
1572.0,0.9566821715135148,1
1632.0,0.9568316142696065,1
420.0,0.9570410793326589,1
1536.0,0.9572133444043887,1
3460.0,0.9580036210885499,0
2574.0,0.8781473061935458,1
525.0,0.8722847740294635,1
2032.0,0.938203234054922,1
1610.0,0.88126550105469,1
504.0,0.9407039695024213,1
551.0,0.9439699229134744,1
1170.0,0.9447171983847998,1
516.0,0.9456256063361985,1
1900.0,0.9461705637407961,1
495.0,0.9466436822432113,1
1740.0,0.9474135578695232,1
1469.0,0.948399888522363,1
900.0,0.949041316771834,1
1476.0,0.9494093801014454,1
2070.0,0.9499893842366937,1
338.0,0.8979431422440489,1
1095.0,0.94878851618839,1
1156.0,0.9517946039902887,1
2232.0,0.9527556068513919,1
2055.0,0.9033923363458646,1
300.0,0.8989099990851777,1
1482.0,0.9516162778774404,1
468.0,0.9552447634742433,1
1104.0,0.9562061238880853,1
1378.0,0.9569846592655196,1
589.0,0.9578492774071414,1
780.0,0.9585616207964128,1
986.0,0.9592033072755803,1
1240.0,0.9599243865414339,1
1133.0,0.9601599475151976,1
1703.0,0.9605526615097189,1
2400.0,0.9608841351312656,1
2363.0,0.9192158833974964,1
948.0,0.9154684047731817,1
2010.0,0.95983935394384,1
1937.0,0.9226743382946002,1
845.0,0.9610882928539007,1
840.0,0.9633927936934109,1
1548.0,0.9639645694160245,1
2088.0,0.9641512133580464,1
960.0,0.925107748759692,1
1808.0,0.9618955689930854,1
2808.0,0.9640856660981894,0
703.0,0.8876532622504417,1
2016.0,0.9423180908028008,1
2482.0,0.8871497690689266,1
2831.0,0.8846365658606737,0
1170.0,0.8536021424402451,1
1736.0,0.92700881255864,1
1326.0,0.9299692823626987,1
600.0,0.9309108607528658,1
1638.0,0.9323878669755631,1
1666.0,0.9337360565030907,1
990.0,0.9344936633002972,1
590.0,0.9354282175518958,1
560.0,0.9363535179481293,1
1190.0,0.9374600139669965,1
781.0,0.9383573205956326,1
1529.0,0.9391002342190473,1
2385.0,0.9399957288788726,1
585.0,0.8793507782271582,1
1639.0,0.9397528286001277,1
810.0,0.9429800341409263,1
308.0,0.9442113514530353,1
1394.0,0.9451133641952969,1
1938.0,0.945825287731934,1
1770.0,0.9462987333534905,1
954.0,0.9472493713747395,1
660.0,0.9479330857747463,1
1638.0,0.9483134574789064,1
2499.0,0.949010062034322,1
1630.0,0.8968475395220614,1
1738.0,0.9481264190553416,1
403.0,0.9507210384421969,1
1512.0,0.9512367026036385,1
2016.0,0.9523041682304011,1
700.0,0.9029076413784378,1
2820.0,0.9513464830665778,0
520.0,0.8666858544291172,1
1344.0,0.9324046982058397,1
2608.0,0.9350972436976848,1
1190.0,0.8706150750376719,1
1846.0,0.9358898927830301,1
480.0,0.9385305025537765,1
740.0,0.9394865241585851,1
1122.0,0.940647138842119,1
1476.0,0.9413025220742361,1
1984.0,0.9419034653128967,1
648.0,0.942699570056693,1
2295.0,0.9437775585133126,1
2261.0,0.8857733268431842,1
2440.0,0.883316025739412,1
2016.0,0.8849094918805956,1
2268.0,0.886278262128499,1
1595.0,0.8882974132339533,1
2567.0,0.9466407114285758,1
1921.0,0.896655825278063,1
1903.0,0.9487227122862698,1
1600.0,0.9516816202669611,1
798.0,0.9524721609545479,1
912.0,0.9534806007414349,1
2679.0,0.9539650911735731,1
450.0,0.9048647753310142,1
616.0,0.9527446034625064,1
1428.0,0.9554188348374111,1
1155.0,0.9560129483555216,1
1390.0,0.9561550157679518,1
798.0,0.9565921785171535,1
966.0,0.9574594388876698,1
1360.0,0.958218898830054,1
2380.0,0.9586065080900978,1
585.0,0.9138580188971221,1
1045.0,0.9571737587161031,1
598.0,0.9598607748910318,1
2584.0,0.9607423025132281,1
2752.0,0.9181854747671074,0
1386.0,0.8762178494566333,1
1190.0,0.9384587624833941,1
1020.0,0.9413497120363179,1
726.0,0.9419679677479749,1
636.0,0.9431084302788034,1
2080.0,0.9440366520919319,1
800.0,0.887254808035664,1
1284.0,0.9441754602971744,1
1500.0,0.9469190195029888,1
1155.0,0.9476625286351297,1
994.0,0.9487375180582217,1
1575.0,0.9497090870848859,1
2718.0,0.950209461979223,0
1125.0,0.8606781210425759,1
2236.0,0.9298943776441765,1
1480.0,0.8622607129958634,1
689.0,0.9319896802449604,1
3287.0,0.9347617604871103,0
832.0,0.8351806357539986,1
1200.0,0.9176375383341824,1
1148.0,0.9189621863530468,1
663.0,0.9202794126768152,1
1800.0,0.9218010641751123,1
1598.0,0.922957728172927,1
832.0,0.9242320065768406,1
2235.0,0.9253531629988196,1
462.0,0.8520819583353302,1
1980.0,0.9272187091839843,1
1710.0,0.9291479510796191,1
864.0,0.9304786974216357,1
2120.0,0.9317440894445319,1
1507.0,0.864413682103366,1
1287.0,0.9332547734301627,1
2080.0,0.9357415977468144,1
828.0,0.8706919977290521,1
2740.0,0.9363102639157372,0
378.0,0.8376063381407745,1
1802.0,0.9190321904734795,1
636.0,0.9207239937830582,1
1837.0,0.922066551455328,1
1008.0,0.9235243888345508,1
2567.0,0.9251190547061321,1
1570.0,0.8512992423578094,1
1278.0,0.9271465723479739,1
2198.0,0.9287156002323766,1
492.0,0.8578789223749911,1
560.0,0.9301733943164304,1
2520.0,0.9325013097503952,1
2580.0,0.8658627341092672,1
1360.0,0.8654267522746538,1
2422.0,0.9348310745145715,1
2640.0,0.8720783843842947,1
1584.0,0.8711559134464103,1
1440.0,0.9374342314507965,1
1344.0,0.9396591858669494,1
972.0,0.9402968588894689,1
2261.0,0.9416709226184342,1
1904.0,0.8820581786145714,1
1068.0,0.9421159968881212,1
1872.0,0.944086993673174,1
2592.0,0.9448372842893519,1
1170.0,0.8878265442460468,1
432.0,0.9448759153231381,1
950.0,0.9469714713096905,1
2058.0,0.9474314241509244,1
484.0,0.893990685154145,1
3173.0,0.9481669209185289,0
1188.0,0.8593113327180624,1
3040.0,0.9298531047904939,0
1236.0,0.8262305018941789,1
1670.0,0.9138662904024575,1
2145.0,0.9145458584980509,1
2451.0,0.833052147119121,1
2091.0,0.8370640031603734,1
1240.0,0.840055447764471,1
1098.0,0.921443484468883,1
1504.0,0.9224006943413025,1
1160.0,0.9238504995877524,1
1704.0,0.9249535298597769,1
1001.0,0.9265957222288352,1
2470.0,0.927900026450893,1
1216.0,0.8570672043250962,1
1848.0,0.9297499895841402,1
1352.0,0.9312416560179805,1
3154.0,0.9325471219269001,0
1640.0,0.8317509067907074,1
1404.0,0.9167675874869702,1
1768.0,0.9175773897162092,1
1440.0,0.9191063296325563,1
2565.0,0.9207754640966895,1
1845.0,0.8441636185611759,1
962.0,0.9240910277142735,1
1960.0,0.924884766672408,1
522.0,0.926194280275492,1
2190.0,0.927152202290273,1
2366.0,0.8558582210527302,1
1224.0,0.8573444883716078,1
1640.0,0.9306592505312191,1
1545.0,0.9319905307992384,1
2057.0,0.9333551445034389,1
1176.0,0.8669850824806178,1
810.0,0.9349456570191124,1
1040.0,0.9369096795076819,1
1632.0,0.937928047770671,1
1335.0,0.9388894111325604,1
1520.0,0.9400769636695248,1
869.0,0.9409171852612601,1
1956.0,0.94195666378423,1
1786.0,0.9426147403043708,1
600.0,0.9431146558099375,1
781.0,0.9439329536986781,1
1920.0,0.944799083510154,1
1615.0,0.9457197208296868,1
780.0,0.9466469609866446,1
1134.0,0.9474450419987505,1
3060.0,0.9478618153720993,0
1710.0,0.8617635917195925,1
476.0,0.9315405720584311,1
2184.0,0.933062933631854,1
1728.0,0.8664531638340258,1
3040.0,0.9344751455516872,0
710.0,0.8382507530790829,1
928.0,0.9203305787839923,1
1752.0,0.9206554768024882,1
858.0,0.9219270084218297,1
735.0,0.9229843226472243,1
513.0,0.9244214832007378,1
2430.0,0.9256422134818635,1
1292.0,0.8528286618818302,1
656.0,0.9284212406901698,1
1600.0,0.9295170556791176,1
2070.0,0.9307694958216137,1
2016.0,0.8622095268376013,1
2620.0,0.8634709989528111,1
1582.0,0.8654315757917113,1
1274.0,0.9345899121887257,1
816.0,0.9357474999410159,1
680.0,0.9366418179465126,1
468.0,0.9373687616139063,1
330.0,0.9380673908032776,1
1903.0,0.9388933345159279,1
860.0,0.9398541098257776,1
2184.0,0.9405805148275567,1
1122.0,0.8805986797742555,1
1932.0,0.9416062545915802,1
1240.0,0.9430693319277962,1
319.0,0.943759066785972,1
962.0,0.9445759480002568,1
1240.0,0.9457325591569974,1
2430.0,0.9461906064544898,1
703.0,0.8912185148882672,1
429.0,0.9471321608514853,1
1235.0,0.9486679274734475,1
3000.0,0.9491270376069968,0
1275.0,0.8617640395216819,1
600.0,0.9318006374159298,1
1749.0,0.9330738257531658,1
1632.0,0.9341350339079021,1
2360.0,0.9350923659100655,1
2249.0,0.8705522259957225,1
1060.0,0.8715309669997384,1
608.0,0.9380619626945327,1
2656.0,0.9397232459252896,1
2325.0,0.8787477332677519,1
1044.0,0.8787730193818999,1
2185.0,0.9413777515333013,1
731.0,0.8826730080256895,1
882.0,0.943121748889842,1
2235.0,0.9444162037789441,1
588.0,0.8880529784093598,1
1122.0,0.9452941210402143,1
795.0,0.9472306829975006,1
1118.0,0.9476470866920381,1
1116.0,0.9487104463571843,1
1666.0,0.9495720683480237,1
800.0,0.9499610339661796,1
1914.0,0.9503043700865128,1
1608.0,0.9505560985632027,1
570.0,0.9512392355114269,1
2224.0,0.9517082426467365,1
1530.0,0.9018027976796519,1
1755.0,0.9525304938797906,1
645.0,0.954426776372931,1
952.0,0.9549226258841733,1
1230.0,0.9557227184998021,1
1332.0,0.9562282720334363,1
1634.0,0.9569822067808657,1
1488.0,0.9575623386305652,1
816.0,0.9584186204749692,1
686.0,0.9592187724785639,1
1540.0,0.9597433359686243,1
2200.0,0.9598696871680404,1
2400.0,0.9161982568382033,1
592.0,0.9144455759189491,1
1552.0,0.9591955543936189,1
897.0,0.9605702085192451,1
1140.0,0.9608966706481237,1
1340.0,0.9617803085282928,1
585.0,0.9625998058071116,1
1570.0,0.9626660251293155,1
1512.0,0.9626455347332433,1
1260.0,0.9628713743337637,1
2907.0,0.9637221611217553,0
480.0,0.8846613485066307,1
2212.0,0.9429498800171937,1
720.0,0.8856414794358739,1
3140.0,0.9441314904202375,0
1330.0,0.8497602814623415,1
300.0,0.926313651794338,1
1460.0,0.9273788974094911,1
1092.0,0.9288735422335445,1
396.0,0.929848391903383,1
1672.0,0.9313560276459293,1
1469.0,0.9326276798184947,1
1036.0,0.933785434944496,1
1386.0,0.9347877775069852,1
576.0,0.9358403828627685,1
1764.0,0.9370199817777352,1
2178.0,0.9377919931131026,1
1520.0,0.8749544217826086,1
2260.0,0.9396892403564632,1
1273.0,0.8786593298313472,1
1898.0,0.9410174066370206,1
1316.0,0.9425059162377857,1
1980.0,0.9436267900397901,1
3140.0,0.9447329389599733,0
722.0,0.8519247967978956,1
550.0,0.9274262488410437,1
2502.0,0.9279730847193778,1
2576.0,0.857298796857098,1
1738.0,0.8602019966272414,1
1140.0,0.9323513028936556,1
608.0,0.9333127502206001,1
1168.0,0.9345678493379483,1
1105.0,0.9354807200593895,1
686.0,0.9368458342355339,1
605.0,0.9376186838375127,1
2055.0,0.9386860257305776,1
448.0,0.8760650005897566,1
1962.0,0.9398524892793293,1
1529.0,0.9413693285954482,1
3460.0,0.9423598385542277,0
250.0,0.8466585161110478,1
2128.0,0.9251219634340556,1
1419.0,0.8497328630967563,1
1836.0,0.9273955754020987,1
1908.0,0.9280717806508727,1
2067.0,0.9291613588407159,1
1376.0,0.8594539166338221,1
2412.0,0.9319655802621751,1
2093.0,0.8642276750190196,1
1349.0,0.8673682776184131,1
3340.0,0.9358914457875227,0
868.0,0.8371955164781539,1
1090.0,0.9206632954553379,1
2214.0,0.9204266522025822,1
1404.0,0.8436853728905822,1
1276.0,0.9248283817787559,1
1510.0,0.9248818228649711,1
1498.0,0.926260626380287,1
930.0,0.9276556888705997,1
1736.0,0.9289972295905837,1
476.0,0.9301390310906075,1
1875.0,0.9314488563598875,1
1518.0,0.9325821999965492,1
1888.0,0.933420091485373,1
2898.0,0.9343710334675598,0
969.0,0.8347570968212724,1
1260.0,0.9196165104334644,1
1037.0,0.9189674022661394,1
2106.0,0.920449487526356,1
2034.0,0.8429660364443703,1
1264.0,0.8479725415421873,1
598.0,0.9258308770576748,1
924.0,0.9261759007489956,1
1456.0,0.9275755407003264,1
2236.0,0.9285516474508243,1
2025.0,0.8578533216845835,1
1755.0,0.8610904278503899,1
1005.0,0.9327854411763443,1
605.0,0.9334582214750511,1
867.0,0.9347596465301135,1
594.0,0.9358184597745789,1
1989.0,0.93696869530549,1
792.0,0.9379201675957354,1
2672.0,0.9391089326614515,1
513.0,0.8772321701418628,1
1148.0,0.9406108411474068,1
1450.0,0.9416154537152261,1
980.0,0.9426305098687595,1
2180.0,0.9432880520389939,1
2520.0,0.885580959291006,1
1209.0,0.8867120748981479,1
735.0,0.9457134099604592,1
530.0,0.9471527459552227,1
2412.0,0.9475617879152496,1
1105.0,0.8931572259505605,1
1050.0,0.9485096049823701,1
1420.0,0.9494285207536524,1
780.0,0.9500725223482639,1
1122.0,0.950721048682436,1
637.0,0.951650722685174,1
1968.0,0.9523713402353945,1
2272.0,0.9526942639684178,1
2256.0,0.9030231065827552,1
1056.0,0.9026753261774817,1
1812.0,0.95371806843668,1
912.0,0.9554222973020549,1
882.0,0.955638254876041,1
748.0,0.956293816470453,1
2132.0,0.9569706012557392,1
540.0,0.9114477645777044,1
1110.0,0.9568579675429483,1
782.0,0.9583860347100746,1
2232.0,0.9591998823416384,1
405.0,0.9159175545751896,1
348.0,0.9596195983118666,1
1022.0,0.9611334457325968,1
1309.0,0.9617383482547407,1
1526.0,0.9616616601932346,1
1494.0,0.9622296146174123,1
897.0,0.9625428972497716,1
1496.0,0.962749598721929,1
1320.0,0.9626608150680264,1
910.0,0.9628008190576602,1
848.0,0.9634927662889841,1
1995.0,0.9642737525385454,1
752.0,0.9645865566102497,1
710.0,0.9653082021283114,1
1952.0,0.9656988987718648,1
2016.0,0.965868024490015,1
2376.0,0.9293588149468939,1
850.0,0.9286002205940918,1
1050.0,0.9665698600950241,1
611.0,0.9683111232978715,1
670.0,0.9686355994042193,1
1881.0,0.9688347989166063,1
882.0,0.9688176814055849,1
2070.0,0.9689253613781889,1
2880.0,0.9340294084267349,0
1920.0,0.898170364891875,1
1292.0,0.9504691235460787,1
378.0,0.9513094939721622,1
2140.0,0.9523391126889937,1
620.0,0.9019034398780216,1
2033.0,0.9527805519610878,1
2656.0,0.9042224882029889,1
1450.0,0.9042230037626962,1
1092.0,0.9546672565061856,1
1710.0,0.9560789059060832,1
1296.0,0.9566073164987385,1
750.0,0.9574631963197364,1
648.0,0.9578545130551445,1
2282.0,0.9586352205948382,1
1976.0,0.9142651901964681,1
684.0,0.9585894627192417,1
2656.0,0.9599865738427974,1
1896.0,0.9171831528901567,1
1470.0,0.9595942146581995,1
1560.0,0.9610335788312814,1
2004.0,0.9612836165539232,1
1178.0,0.9190314260464976,1
2080.0,0.9609569312092009,1
2366.0,0.9202558256659819,1
2180.0,0.9196828055864745,1
960.0,0.920492408949459,1
1562.0,0.9624090845456602,1
1080.0,0.96354521326399,1
957.0,0.9637180697477248,1
1722.0,0.9638365291261901,1
2090.0,0.9643023344938458,1
969.0,0.9259675668282223,1
2430.0,0.9636335596225789,1
550.0,0.9267674895709244,1
780.0,0.9640947130647797,1
1962.0,0.9656557544751969,1
2023.0,0.9654685636594214,1
2800.0,0.9281639522780678,0
1710.0,0.8894424935495664,1
539.0,0.9462435806598235,1
3360.0,0.9474141271734746,0
893.0,0.8556729584856887,1
1610.0,0.9300435840379194,1
1615.0,0.9301928471335723,1
1056.0,0.9313120466024083,1
1349.0,0.9328283758780804,1
1326.0,0.9343031932359267,1
2640.0,0.9356371637726795,1
1500.0,0.8715151649003294,1
960.0,0.9383457544015203,1
530.0,0.9392606667373052,1
1476.0,0.9401028203455922,1
768.0,0.940889339632608,1
2048.0,0.942031472183056,1
1287.0,0.8831026197173499,1
2300.0,0.9439097749208798,1
1498.0,0.8861235945313723,1
2499.0,0.9451869994675318,1
680.0,0.8896411174559198,1
2754.0,0.9467931790964333,0
1744.0,0.8564439314812596,1
1862.0,0.9304877171783705,1
1992.0,0.9302496560221076,1
2924.0,0.9312776658595627,0
2480.0,0.8285767031661433,1
2576.0,0.8351554569426541,1
425.0,0.837885668778815,1
480.0,0.9201189042339519,1
1274.0,0.9191354011211196,1
1400.0,0.920622941429741,1
1680.0,0.9221359569016316,1
960.0,0.9234507767222574,1
2376.0,0.9251033102957369,1
1708.0,0.8512802914251183,1
1716.0,0.9292358851410483,1
1188.0,0.9289926795063359,1
952.0,0.930541061965816,1
1957.0,0.9318064281663712,1
1309.0,0.9329359395367165,1
2600.0,0.9338973921936881,1
1820.0,0.8672507800424535,1
546.0,0.9367751947964816,1
1562.0,0.9368073342637238,1
1860.0,0.9380972407833907,1
1805.0,0.9388670316278538,1
1580.0,0.9399531290377326,1
910.0,0.9405979418818663,1
672.0,0.9412862101049582,1
744.0,0.9423825809086854,1
2210.0,0.9432643135430103,1
1824.0,0.8848134496000284,1
848.0,0.9449015561335604,1
490.0,0.9454089348953754,1
1767.0,0.9460716861149409,1
1248.0,0.9467527377404719,1
2002.0,0.9475289410608903,1
1744.0,0.8934425305943496,1
1690.0,0.9493141531144863,1
1155.0,0.9503546293823816,1
1296.0,0.9514010135667369,1
