145.0,0.5,1
142.0,0.4444444444444444,1
98.0,0.5188284518828452,0
124.0,0.3169497390088578,1
85.0,0.5479785637023793,0
111.0,0.3349247693089117,1
28.0,0.5602108872634222,0
51.0,0.33171297959980484,0
141.0,0.19530570635470226,1
95.0,0.4273424285057536,0
40.0,0.2612547575719951,0
54.0,0.21461733397222513,0
143.0,0.17605316275212743,1
221.0,0.45454545454545453,1
182.0,0.6464003511852502,1
97.0,0.29878574707298944,0
173.0,0.40309890341409205,1
210.0,0.6605049377984737,1
145.0,0.3618018202409027,1
163.0,0.6762366169566221,1
40.0,0.5007872866073899,0
211.0,0.599975025790445,1
34.0,0.5018970846985253,0
227.0,0.6551489928785897,1
116.0,0.4435865239230645,1
160.0,0.784990015697256,1
43.0,0.43807277481329737,0
193.0,0.6998511929296146,1
132.0,0.3863085738973503,1
196.0,0.8143438046310816,1
98.0,0.4673463303313351,0
164.0,0.739528766482648,1
123.0,0.407386014652915,1
216.0,0.8390202319032234,1
25.0,0.553807846431259,0
163.0,0.7727589162802915,1
151.0,0.41471749988252404,1
242.0,0.8569624731346579,1
143.0,0.5504223172913001,1
202.0,0.8646689251507504,1
54.0,0.5902816674967197,0
220.0,0.8040517366980067,1
45.0,0.5438819950385836,0
173.0,0.8121847192531157,1
59.0,0.4194252030862521,0
183.0,0.8173348109837562,1
69.0,0.3899359768676418,0
173.0,0.8255226258923206,1
129.0,0.3632292849112222,1
208.0,0.8919266336579481,1
111.0,0.48769078908918484,1
249.0,0.8956680429377262,1
113.0,0.5252475115739107,1
201.0,0.8992001179466119,1
25.0,0.5572320981125878,0
219.0,0.8480934561521316,1
120.0,0.5259610519857885,1
207.0,0.9051446661662657,1
125.0,0.5544612786973917,1
154.0,0.9080712205155561,1
153.0,0.4904408948231696,1
184.0,0.909479279451467,1
27.0,0.5139129542108797,0
187.0,0.8607797094186151,1
143.0,0.4811712864802127,1
204.0,0.9134438247157028,1
98.0,0.5954041516647677,0
211.0,0.8692352952678863,1
83.0,0.5660128108068456,0
246.0,0.8726451050395454,1
79.0,0.5424100303160747,0
205.0,0.8743995762982554,1
59.0,0.5208215819729332,0
162.0,0.8759865136121889,1
30.0,0.4118661713716717,0
228.0,0.8778749699259523,1
152.0,0.4798667228601277,1
244.0,0.9245415047733536,1
119.0,0.5046432997588357,1
224.0,0.9263232469001261,1
87.0,0.5292827507617586,0
211.0,0.8862971922347198,1
134.0,0.5083376664970205,1
248.0,0.9296118481780227,1
104.0,0.5299889058389236,0
189.0,0.9310840865820436,1
28.0,0.4202847468689407,0
210.0,0.8920566022463143,1
27.0,0.491893238058038,0
172.0,0.895318459929114,1
98.0,0.3862500367509691,0
213.0,0.8965596389963703,1
152.0,0.4572234315518834,1
170.0,0.9359006264655414,1
137.0,0.4009075471247827,1
170.0,0.9365148746839114,1
135.0,0.4296214224061475,1
216.0,0.9376572281795217,1
96.0,0.5457256342212481,0
238.0,0.9012642694094235,1
81.0,0.520989413700091,0
195.0,0.903318310803247,1
37.0,0.40983851022406587,0
190.0,0.9050788697784526,1
128.0,0.3902718137246046,1
207.0,0.9419506575573616,1
61.0,0.5024878360907593,0
197.0,0.9076248529902269,1
43.0,0.39486203944465853,0
180.0,0.9102396412178659,1
29.0,0.376876249704663,0
164.0,0.9112632390787703,1
24.0,0.36015849421185875,0
186.0,0.9132992991240989,1
111.0,0.3442552184164466,1
206.0,0.9468076213947658,1
26.0,0.4566870508660792,0
231.0,0.9131679977239542,1
79.0,0.4395154765316403,0
229.0,0.9150144760271454,1
115.0,0.40649244996881045,1
229.0,0.9484407506314199,1
156.0,0.5320373594888677,1
176.0,0.9475560014202666,1
68.0,0.5140813980199603,0
195.0,0.9163098676116763,1
105.0,0.44038860192464585,1
192.0,0.9487416000010575,1
86.0,0.49682857475788134,0
177.0,0.9182333974844912,1
101.0,0.4386415023891573,0
198.0,0.9500963424542425,1
133.0,0.3934465080452047,1
168.0,0.9513211781197283,1
61.0,0.4409999546766596,0
230.0,0.9223434665978547,1
74.0,0.4920750049331666,0
162.0,0.9228485843088018,1
83.0,0.35544135811218114,0
213.0,0.9252747321451817,1
129.0,0.3956409458686446,1
168.0,0.9537591218267583,1
40.0,0.42167835830588885,0
233.0,0.9255956687949837,1
123.0,0.45040950975861294,1
199.0,0.9533561770800654,1
140.0,0.43625346976421636,1
231.0,0.9533059019707797,1
53.0,0.5851911097994413,0
200.0,0.9224371083714551,1
122.0,0.4370450206416752,1
193.0,0.9536821867638224,1
112.0,0.48530558238697574,1
183.0,0.9538833359371894,1
109.0,0.5260729470291056,1
244.0,0.9538466653984063,1
144.0,0.6473639213004215,1
152.0,0.5439409626730305,1
231.0,0.9534466825548292,1
79.0,0.7115821605069786,0
90.0,0.3714039230834549,0
248.0,0.9271684896804175,1
141.0,0.5831904026552244,1
212.0,0.9534849664691802,1
117.0,0.6450687451093593,1
36.0,0.5210408417746364,0
184.0,0.9263054272911209,1
100.0,0.4793849052527301,0
239.0,0.9552290618147192,1
126.0,0.49908521838055264,1
205.0,0.9551392843893975,1
76.0,0.5626995534241922,0
232.0,0.9279976802249834,1
68.0,0.5038117335789466,0
157.0,0.9279585817009621,1
131.0,0.36541289167507357,1
185.0,0.9568332054192275,1
142.0,0.42534596466467056,1
177.0,0.957087648390848,1
155.0,0.47456951931292446,1
206.0,0.9572314748429156,1
21.0,0.6044103706137142,0
188.0,0.930344878421822,1
140.0,0.4488131836882547,1
182.0,0.9575371969763318,1
110.0,0.4972273164441273,1
211.0,0.9569597111666165,1
61.0,0.6234410445111327,0
173.0,0.9291853254598074,1
73.0,0.47385486992028464,0
244.0,0.9312941672075552,1
99.0,0.5200509112552357,0
196.0,0.9318283101980006,1
138.0,0.3944960615902903,1
230.0,0.9590065540106224,1
56.0,0.5246044878562015,0
222.0,0.9321958952973585,1
153.0,0.4895225040691399,1
176.0,0.9581129391179386,1
33.0,0.43672281589987827,0
215.0,0.9326397913192311,1
58.0,0.49461735878528146,0
217.0,0.9322072236524477,1
23.0,0.4674439356448653,0
179.0,0.9317700519983735,1
73.0,0.3564300141251867,0
168.0,0.9327753828786922,1
51.0,0.33515530515581254,0
160.0,0.9342609428432322,1
47.0,0.3150990373386019,0
211.0,0.9339721468897627,1
110.0,0.37596226834607516,1
220.0,0.9587005319312973,1
148.0,0.4698627792885057,1
159.0,0.9587306657615026,1
64.0,0.44067628933226743,0
159.0,0.9334238201114387,1
77.0,0.393261142369129,0
249.0,0.9348442096226444,1
48.0,0.44291964219095636,0
224.0,0.934297396400387,1
139.0,0.4080518431787179,1
160.0,0.9603847952316402,1
23.0,0.38364137069287024,0
164.0,0.9354399243086259,1
70.0,0.34712205035071536,0
247.0,0.935258991292017,1
137.0,0.3992476218729689,1
171.0,0.9594178138557408,1
125.0,0.4900192392972115,1
241.0,0.9589447207732822,1
71.0,0.658437055554544,0
231.0,0.9326351409657834,1
116.0,0.5177944297760259,1
245.0,0.9595859771389089,1
44.0,0.6013947419295167,0
207.0,0.933603194784552,1
101.0,0.4731448669082351,0
164.0,0.9598305346116717,1
136.0,0.3170680910969091,1
178.0,0.9601364911187757,1
76.0,0.4457711531399288,0
157.0,0.9346477615501774,1
38.0,0.3702942427033534,0
210.0,0.9361016279380456,1
61.0,0.3742249300625471,0
239.0,0.9359617224002479,1
88.0,0.31402100880264666,0
151.0,0.9367970853740427,1
27.0,0.22996931577605725,0
152.0,0.937853716727463,1
113.0,0.22201705770237778,1
171.0,0.9621394742218154,1
100.0,0.4708596451152723,0
213.0,0.960235063701447,1
138.0,0.4527195231193413,1
151.0,0.9607296255781028,1
118.0,0.4665723176020546,1
193.0,0.9609096463710867,1
102.0,0.5401804390367229,0
164.0,0.9600906884382977,1
29.0,0.43251246334984983,0
246.0,0.9362470567013357,1
95.0,0.4531543103374581,0
169.0,0.9352432152434456,1
142.0,0.31769975589719224,1
205.0,0.9610553822623169,1
55.0,0.48462993385311315,0
212.0,0.9345066835211511,1
127.0,0.4319945050095176,1
207.0,0.9601155558074355,1
26.0,0.5033682754386789,0
244.0,0.9353359217125677,1
49.0,0.45453237392379553,0
224.0,0.9363528784499364,1
24.0,0.415201911657971,0
187.0,0.9363229298322606,1
31.0,0.2948251660930906,0
161.0,0.9382435595948301,1
40.0,0.2491270702065387,0
245.0,0.9399416098143423,1
62.0,0.31342094234382356,0
152.0,0.9391377058406991,1
26.0,0.21250441328070685,0
155.0,0.9393074855696391,1
46.0,0.22026480187128342,0
236.0,0.9394880241041039,1
62.0,0.27792650478170194,0
167.0,0.9392291698976771,1
105.0,0.19956997699575768,1
176.0,0.9631799441264535,1
54.0,0.4473266665937011,0
233.0,0.9377872562333998,1
144.0,0.4380217680816853,1
232.0,0.9621365064194687,1
27.0,0.5550587368541533,0
166.0,0.9379387421102042,1
44.0,0.3852713318659697,0
225.0,0.939413531103545,1
77.0,0.4135088014805867,0
208.0,0.9392994504624537,1
94.0,0.36726841781252917,0
181.0,0.9387369016419671,1
126.0,0.2536817796112095,1
244.0,0.9627557264991385,1
81.0,0.5323025544801772,0
153.0,0.9365430706853553,1
98.0,0.35950377306682696,0
199.0,0.9377524238340035,1
80.0,0.3041545269491339,0
236.0,0.9390794806585598,1
103.0,0.33996433720533564,0
246.0,0.9618473894449595,1
57.0,0.3216468684218126,0
181.0,0.9387615074971054,1
148.0,0.2396397170751564,1
179.0,0.9630442585082136,1
158.0,0.5315035204003917,1
212.0,0.9618823195533202,1
144.0,0.7031521611206086,1
116.0,0.5822556788404927,1
199.0,0.9622088142923314,1
52.0,0.6189741227415168,0
62.0,0.2794420807296003,0
225.0,0.9403477205297781,1
104.0,0.4835352639577489,0
241.0,0.9625886462823063,1
30.0,0.3897865491350701,0
211.0,0.939048573585475,1
32.0,0.33007895291446776,0
242.0,0.9397216456113582,1
148.0,0.2942128262198187,1
204.0,0.9631674260773748,1
84.0,0.464804938697972,0
170.0,0.9398498844389065,1
42.0,0.3115785726493489,0
216.0,0.9396555571805103,1
75.0,0.36005491995604255,0
227.0,0.9402705208791885,1
85.0,0.32692325556115587,0
177.0,0.940776516434193,1
105.0,0.24635647722284026,1
210.0,0.9632252996376065,1
106.0,0.5247334104247672,1
222.0,0.9622980606427882,1
146.0,0.6192038502967541,1
110.0,0.48545460186620215,1
228.0,0.9626095028759253,1
152.0,0.6970652795731421,1
45.0,0.5591729672678929,0
40.0,0.2611529130026642,0
154.0,0.9399701315856742,1
24.0,0.4054551457190693,0
211.0,0.9389657763317261,1
146.0,0.4013331452787741,1
159.0,0.9618592455217987,1
67.0,0.44244128224504714,0
224.0,0.9382975072258659,1
55.0,0.4501026415216883,0
230.0,0.9377630917862778,1
142.0,0.39107279282265145,1
193.0,0.9613150203328762,1
59.0,0.4938877868274071,0
219.0,0.9365315196348913,1
26.0,0.47273652358571283,0
184.0,0.9358683653621538,1
147.0,0.3190398430805897,1
201.0,0.9607572823481207,1
128.0,0.527207965262682,1
158.0,0.9603733331672304,1
150.0,0.5098503992012001,1
178.0,0.9605349848385789,1
50.0,0.56607718626873,0
163.0,0.9365512387181921,1
128.0,0.4740002832773167,1
150.0,0.9609365204342597,1
139.0,0.5321545540592645,1
245.0,0.9611146112707405,1
136.0,0.6628977858808333,1
139.0,0.5031441110201229,1
237.0,0.9606599180841088,1
58.0,0.7179500236276785,0
147.0,0.2488241710970649,1
214.0,0.9608158126846083,1
89.0,0.4696448440463722,0
236.0,0.9362705820608866,1
38.0,0.382448504145472,0
179.0,0.9359894473473963,1
29.0,0.25769339034411953,0
227.0,0.9370348210994324,1
119.0,0.3037725803177514,1
249.0,0.9616370225819193,1
128.0,0.5253221647851952,1
210.0,0.9616757965882,1
114.0,0.6174641847401346,1
108.0,0.5250553962658148,1
191.0,0.9618236159729477,1
150.0,0.6438777004917502,1
94.0,0.5763880665476533,0
185.0,0.9380033071001912,1
127.0,0.4178776366037514,1
208.0,0.9625536327468938,1
130.0,0.6060774668281954,1
198.0,0.9627418701590327,1
69.0,0.5880994951407276,0
178.0,0.9390485763413552,1
43.0,0.4677798131040709,0
206.0,0.9393826458962746,1
126.0,0.4844669609668727,1
227.0,0.9631351323831705,1
147.0,0.5535458108822233,1
157.0,0.9636049347332102,1
115.0,0.5174423151588821,1
214.0,0.9633284455627991,1
26.0,0.647535911099681,0
45.0,0.3479409750767145,0
196.0,0.9413151000188329,1
29.0,0.48286012832758396,0
195.0,0.9418717844903465,1
109.0,0.41732159392933427,1
189.0,0.9644419648984429,1
143.0,0.4739947069742603,1
248.0,0.9640142467842288,1
64.0,0.6073154571746359,0
180.0,0.9415103932482134,1
73.0,0.45907459038059273,0
192.0,0.9417234470796779,1
125.0,0.4158383607542871,1
230.0,0.9636866359644511,1
105.0,0.548697840917636,1
152.0,0.9633697737649095,1
30.0,0.4943128581298015,0
175.0,0.9399779364516152,1
97.0,0.4513093448109205,0
184.0,0.9400019962217527,1
23.0,0.4185195288281229,0
157.0,0.9391298319006331,1
98.0,0.3902329179673904,0
200.0,0.9394209720944264,1
77.0,0.3650615182919907,0
167.0,0.9394706467020342,1
61.0,0.33885017375916027,0
244.0,0.9394624786099296,1
139.0,0.3932462092707879,1
237.0,0.9621601699874894,1
103.0,0.46440272317962394,0
178.0,0.9621423991477547,1
66.0,0.3386265019425589,0
241.0,0.937935300875454,1
123.0,0.3861791668400664,1
206.0,0.9619372768060741,1
25.0,0.48025045574747216,0
211.0,0.9383044148715707,1
42.0,0.42664996852268294,0
151.0,0.9377183572224226,1
69.0,0.30307766209452297,0
216.0,0.9387302493303533,1
138.0,0.3497614408315622,1
226.0,0.9628350614290012,1
143.0,0.6249886432681901,1
68.0,0.5181148675191554,0
164.0,0.9391352667659206,1
151.0,0.46708230522624833,1
223.0,0.9623001847405654,1
26.0,0.63709408595575,0
102.0,0.30230127480498936,0
203.0,0.9620974676672945,1
40.0,0.5370445202892586,0
201.0,0.9384683450611475,1
108.0,0.46579026506645665,1
165.0,0.962693863209037,1
158.0,0.45337158735627725,1
235.0,0.9628054215021851,1
119.0,0.5975528665319814,1
184.0,0.9622545863924719,1
109.0,0.5542676941678055,1
160.0,0.9618520361098608,1
21.0,0.5929608986313668,0
63.0,0.2975774610956516,0
243.0,0.9394849354143133,1
113.0,0.5646675154273526,1
103.0,0.41446909802932697,0
228.0,0.9619056568473259,1
90.0,0.4744130590396939,0
182.0,0.9370656118872945,1
44.0,0.3128627871959359,0
158.0,0.9370326938223303,1
31.0,0.2719177537408891,0
194.0,0.937640125415409,1
151.0,0.24265755051235646,1
150.0,0.9622463921749222,1
90.0,0.45599986489411615,0
189.0,0.9377666165228417,1
62.0,0.35642240966575534,0
163.0,0.938205544882746,1
92.0,0.2940010313150999,0
177.0,0.9394844362596224,1
63.0,0.2532819167509249,0
184.0,0.9391834853787129,1
39.0,0.22566027285154655,0
