4110.0,0.5,0
828.0,0.4545454545454545,1
667.0,0.6161137440758295,1
4185.0,0.6896551724137931,0
2688.0,0.5063291139240506,1
4230.0,0.6478132193357446,0
2838.0,0.47771656734565215,1
4860.0,0.6336963914866867,0
1798.0,0.4587884390996556,1
3744.0,0.6288452130196623,0
4424.0,0.44362427408555,0
3720.0,0.4786125266123457,0
1456.0,0.4177183730853372,1
1924.0,0.5338248158717299,1
1326.0,0.5372405572405747,1
588.0,0.5732312064453479,1
3848.0,0.5967197642398536,0
3818.0,0.49459581014233,0
2940.0,0.4825150445767023,1
2028.0,0.5745676812178898,1
702.0,0.583817440864241,1
750.0,0.6046499498459615,1
3912.0,0.6221677506791394,0
1537.0,0.5271638500522318,1
968.0,0.6214617054452444,1
2100.0,0.6268854335799456,1
4844.0,0.6420579508405408,0
2240.0,0.5507519906512173,1
4002.0,0.6415636337482058,0
1525.0,0.5409984536961061,1
4088.0,0.6372829831949351,0
3381.0,0.5327331083574821,1
1610.0,0.564860147421681,1
936.0,0.6396077534492651,1
1056.0,0.6378384529573319,1
2040.0,0.6504216214083849,1
1848.0,0.6598020544033351,1
1647.0,0.6690882915798392,1
4420.0,0.677840357753477,0
1995.0,0.5948579607424728,1
3752.0,0.6797226016001645,0
3300.0,0.5851578894235824,1
728.0,0.6091626753947776,1
1188.0,0.6793423107290616,1
2727.0,0.676294180745366,1
1015.0,0.685199449559791,1
1586.0,0.6918822089225942,1
1560.0,0.6985475204237755,1
3795.0,0.704902806061157,0
5010.0,0.6271921330619292,0
3275.0,0.6216465274777597,1
3564.0,0.6280278949102394,1
3864.0,0.6341464236362482,0
3752.0,0.6219523195830579,0
1540.0,0.6087896015404329,1
2646.0,0.6811777224050577,1
1410.0,0.6812500203134088,1
3180.0,0.6874496598158364,1
3100.0,0.6286155290860285,1
1428.0,0.6382932766120536,1
2640.0,0.7062148992938332,1
1920.0,0.7083643301688998,1
3408.0,0.7133076148700628,1
2369.0,0.6562898516607717,1
3564.0,0.723616375128295,1
2716.0,0.6662445374748751,1
3000.0,0.7315103672864963,1
1456.0,0.6756756756756758,1
2130.0,0.7389749702026223,1
1512.0,0.7431840314930778,1
2688.0,0.7469627424196452,1
2146.0,0.7506302654441225,1
2080.0,0.7541943941072876,1
2346.0,0.7576594271075054,1
1988.0,0.7610293866982986,1
2520.0,0.7643080823768963,1
2075.0,0.7674991254314708,1
4524.0,0.7706059415161952,0
648.0,0.7053824433069904,1
2783.0,0.762887143075047,1
3042.0,0.7670884099606883,1
1518.0,0.7152575820002611,1
1701.0,0.7711650881840857,1
1924.0,0.7757101573930429,1
1218.0,0.7785184625226468,1
1148.0,0.7812009591383032,1
1080.0,0.7838176673459426,1
3500.0,0.7863730538275208,1
3864.0,0.7370014444071353,0
3915.0,0.7249894251648052,0
2900.0,0.7149271585687397,1
3276.0,0.7724881591068871,1
1403.0,0.7247107299110606,1
3036.0,0.7774227517115043,1
2900.0,0.7303170765253034,1
4669.0,0.7819338182023183,0
2442.0,0.7242721502920872,1
1008.0,0.777391924183117,1
943.0,0.7822579817979445,1
3360.0,0.7846614304534125,1
1780.0,0.734700426086454,1
980.0,0.7858785863864178,1
1769.0,0.7909987745262,1
4814.0,0.7932792605177882,0
2877.0,0.7339271135534291,1
3136.0,0.7855418159637839,1
3120.0,0.738225363192323,1
1140.0,0.7375979176917571,1
1378.0,0.7911017414937503,1
1220.0,0.7958319730483695,1
1250.0,0.7979005415707898,1
2072.0,0.799786497920842,1
4830.0,0.8016295923308567,0
2016.0,0.7442209488776131,1
4950.0,0.794320825389767,0
2500.0,0.7384415626788616,1
3264.0,0.7903096645123655,1
1596.0,0.7424741167245935,1
1410.0,0.793730471154633,1
675.0,0.7971261373969363,1
4500.0,0.7989247674494804,0
2150.0,0.7415898711464042,1
4050.0,0.7932178427856088,0
2400.0,0.7363372740231718,1
1456.0,0.7895168508861279,1
621.0,0.7915659803422934,1
2046.0,0.7932738693917156,1
3570.0,0.7949517054996806,1
1276.0,0.7460230250216513,1
3500.0,0.7973877225143868,1
2424.0,0.7497788005929593,1
4108.0,0.800375507758057,0
2448.0,0.7450359948173985,1
1800.0,0.796820600290115,1
2835.0,0.7986992276648919,1
588.0,0.8002381893064516,1
3450.0,0.8017514350441777,1
2576.0,0.753803148519899,1
1500.0,0.8039341534107965,1
2670.0,0.8061439749960668,1
1188.0,0.8075830745499573,1
2610.0,0.808988446471934,1
2040.0,0.8103733325550065,1
2970.0,0.8117384083601437,1
3456.0,0.8130840980058696,1
1742.0,0.7669640623575326,1
3887.0,0.8143450410702812,0
3404.0,0.7624048207983526,1
1590.0,0.7628735857304788,1
3538.0,0.8121581377633911,1
3624.0,0.7668135596751073,0
756.0,0.7602099923899084,1
2754.0,0.8100949467560048,1
4480.0,0.8116983131608649,0
4312.0,0.7580053278374799,0
2250.0,0.7516698991560555,1
3725.0,0.8028410831982693,0
784.0,0.7488019931392146,1
1450.0,0.7998385177078182,1
3074.0,0.8014264394818761,1
2976.0,0.753177791376032,1
756.0,0.8034487123963032,1
2898.0,0.8052160905032341,1
2660.0,0.8064551952355331,1
1430.0,0.8076726927612192,1
3219.0,0.808874985751122,1
2132.0,0.7618291132881073,1
4440.0,0.8102971996602867,0
1161.0,0.7579166631148917,1
2929.0,0.8073779133234551,1
2204.0,0.8089428449067683,1
3828.0,0.8100989289633618,0
1885.0,0.7567233227205942,1
2960.0,0.8067226417091031,1
1968.0,0.8078857211096848,1
2552.0,0.8090179480977099,1
1771.0,0.8101369607950354,1
2220.0,0.8112430174973463,1
4424.0,0.8123363406198402,0
1080.0,0.7595449022009637,1
2726.0,0.8092340315973093,1
924.0,0.810175714288428,1
3375.0,0.81125136265543,1
3168.0,0.7644870710749815,1
2730.0,0.7656007249686148,1
1428.0,0.8142365823975184,1
1140.0,0.8154337224380341,1
2610.0,0.8164516807611311,1
2646.0,0.8174577482525243,1
3297.0,0.8184529043556636,1
725.0,0.7729173238730855,1
798.0,0.819906801465195,1
2760.0,0.8213686155762185,1
3120.0,0.8223278364226508,1
4582.0,0.7774705880005875,0
4455.0,0.7723063264493564,0
2002.0,0.7672271858797387,1
2132.0,0.8156877092127578,1
2156.0,0.8177335825163415,1
2793.0,0.8187047585089098,1
1334.0,0.8196406011807947,1
1269.0,0.820566252660573,1
920.0,0.8214824866611592,1
3024.0,0.8223894614062759,1
1050.0,0.777489875393532,1
1846.0,0.8227242588380539,1
1848.0,0.825008692399023,1
3192.0,0.8259259059169062,1
3340.0,0.7816597759851464,1
4455.0,0.7807558781326602,0
2522.0,0.7765807283406245,1
2880.0,0.8234844994987509,1
2352.0,0.8255519227289694,1
1752.0,0.8264292793881683,1
3741.0,0.82726621124836,0
1352.0,0.777979076331244,1
775.0,0.823498647667844,1
3390.0,0.8252430933012667,1
1452.0,0.7808240639854548,1
3660.0,0.8258518817728141,0
1248.0,0.7776262707690315,1
3672.0,0.8234706480667665,0
2697.0,0.7744022658947722,1
2604.0,0.8211352803949963,1
1298.0,0.8222419002908966,1
3630.0,0.8230584729252419,0
2160.0,0.7732037493828204,1
3484.0,0.8203991130820398,1
4325.0,0.7750229653617393,0
3520.0,0.7712412910627143,1
3000.0,0.7723124895800881,1
1628.0,0.7732162550833817,1
4816.0,0.8204458891253005,0
2380.0,0.7699630256785076,1
936.0,0.8182572136039691,1
2162.0,0.8184549484452681,1
4698.0,0.8192553137305784,0
2678.0,0.7688969894188382,1
1972.0,0.8176104791074776,1
1276.0,0.8175289270435842,1
4920.0,0.8183280472458561,0
3080.0,0.7678659131406694,1
1890.0,0.7700129475517808,1
3818.0,0.8176915379755513,0
1386.0,0.7659098487603443,1
3920.0,0.8156587127479268,0
4860.0,0.7630805313521669,0
1040.0,0.761002502701458,1
4420.0,0.8102137842255638,0
1092.0,0.757184922460552,1
4785.0,0.8082804204949962,0
918.0,0.7544845502820579,1
2320.0,0.806358208417759,1
1914.0,0.8053268650821421,1
780.0,0.8061825148020099,1
1260.0,0.8069659488148373,1
1334.0,0.8077452988022342,1
2860.0,0.8085183454803783,1
980.0,0.8092852378859333,1
2904.0,0.8100460464751863,1
2574.0,0.8108008430189539,1
1971.0,0.8115496980970156,1
1850.0,0.8122926811970985,1
3712.0,0.8130298607335812,0
1242.0,0.7619489247137704,1
1288.0,0.8123481253291598,1
1260.0,0.8115146645636029,1
2160.0,0.81229171791193,1
1180.0,0.8130137017625998,1
1640.0,0.8137316301431455,1
2130.0,0.8144440545064591,1
3562.0,0.8151510800492581,1
1950.0,0.768669951367805,1
2280.0,0.8176974279099957,1
2850.0,0.8172134125725082,1
2300.0,0.8179269945570814,1
672.0,0.8186072923478739,1
1560.0,0.8192831778645889,1
2912.0,0.819954056989529,1
1378.0,0.8206199986571611,1
3718.0,0.8212810566139448,0
1020.0,0.7718823361070748,1
1700.0,0.8203063122989015,1
3000.0,0.8197898159056085,1
2484.0,0.7741456943386993,1
3432.0,0.8221493662024685,1
936.0,0.7756570319112654,1
2970.0,0.8233565682242323,1
2574.0,0.8230252585072212,1
2660.0,0.8236760012972605,1
1008.0,0.8243027843748464,1
660.0,0.8249255128047492,1
2430.0,0.8255438566087364,1
4050.0,0.8261578684170009,0
2800.0,0.7777998366044542,1
720.0,0.8250993200481612,1
1360.0,0.8246903166427435,1
3979.0,0.8253205857837542,0
2950.0,0.7768479554915236,1
1144.0,0.8244966343540266,1
4320.0,0.8238711883120323,0
2828.0,0.7751985722008176,1
1344.0,0.8233432841229664,1
1188.0,0.8224679309006496,1
900.0,0.8231152411495853,1
3984.0,0.8237121000772459,0
3406.0,0.7750220581779707,1
900.0,0.7775542815593007,1
2296.0,0.8238384664748686,1
1848.0,0.822890796751358,1
3213.0,0.8235307340212157,1
2121.0,0.7784735517396961,1
2600.0,0.8261008181200513,1
828.0,0.8252310977247322,1
1800.0,0.8258483746348851,1
2508.0,0.8264171564796895,1
1326.0,0.8269835468891797,1
2992.0,0.8275462326828859,1
3000.0,0.8281052877431956,1
2583.0,0.7838903499324624,1
1792.0,0.8303381421100904,1
3129.0,0.8297334773881069,1
2904.0,0.7858550477673941,1
1035.0,0.8318746727875371,1
3519.0,0.8313622089642425,1
3030.0,0.7877835690798534,1
2496.0,0.789534080385837,1
884.0,0.8338580339006165,1
1679.0,0.8334861114995328,1
1275.0,0.8340252010102933,1
3276.0,0.8345429331069423,1
899.0,0.7915384383722374,1
1827.0,0.8363226588550448,1
1071.0,0.8360654434292274,1
1995.0,0.8365836197101392,1
3128.0,0.8370857261294105,1
3360.0,0.7945683610219825,1
2444.0,0.7958996188223058,1
2548.0,0.8391501236239642,1
1386.0,0.8390570727545763,1
672.0,0.8395519390716415,1
2400.0,0.8400361696877254,1
814.0,0.8405175923192797,1
4350.0,0.8409961358175843,0
3406.0,0.795943324998611,1
1222.0,0.7972736126200071,1
4704.0,0.8402786382070765,0
2520.0,0.7943263461793157,1
2079.0,0.8387000643254579,1
2020.0,0.8382855386979694,1
1560.0,0.8387787850820868,1
3318.0,0.8392512689339461,1
3450.0,0.7971335132775303,1
3330.0,0.798589671260483,1
2256.0,0.7990994253934706,1
2289.0,0.8417945804241423,1
660.0,0.8415638135613459,1
3120.0,0.8420313533412634,1
3772.0,0.8004572700259873,0
1350.0,0.798714417635935,1
1700.0,0.8415319307898537,1
2420.0,0.8411570166281352,1
1760.0,0.8416242819039931,1
4128.0,0.8420729393016797,0
3696.0,0.7973831872455635,0
1219.0,0.795537053140419,1
1660.0,0.8388964622951334,1
3400.0,0.8388880191442578,1
4788.0,0.7966797948826957,0
1690.0,0.7947714678194193,1
840.0,0.838253658377802,1
2898.0,0.8380803809313199,1
1218.0,0.8385374412073842,1
3654.0,0.8389832064069133,0
2662.0,0.7937496395840935,1
3456.0,0.8380617701103674,1
1971.0,0.7947489453638362,1
1656.0,0.8389024447833339,1
3276.0,0.8386213337313224,1
3300.0,0.7963527812667002,1
2037.0,0.7976428312327498,1
4300.0,0.8405442496824952,0
3042.0,0.7949366804724346,1
1700.0,0.7963964785187698,1
2134.0,0.8394999367992387,1
4498.0,0.8391429934104786,0
682.0,0.7940353262015325,1
868.0,0.838496639390891,1
4480.0,0.8379385572164554,0
4843.0,0.7926216832060088,0
4340.0,0.7911907645019535,0
4002.0,0.7885205644292229,0
3552.0,0.7858783255431766,1
1612.0,0.7864724037636918,1
1452.0,0.8312433877993081,1
990.0,0.8319540063680232,1
4275.0,0.8323940363546831,0
720.0,0.7860206966636617,1
4495.0,0.8307267907484224,0
4050.0,0.7841750210880025,0
1675.0,0.7815939863483057,1
792.0,0.8272322379454652,1
2829.0,0.828024470631197,1
2618.0,0.8284684961427138,1
1587.0,0.8289074220463128,1
4292.0,0.8293440924836847,0
2727.0,0.7824390068967357,1
2550.0,0.8275984945285891,1
1716.0,0.8282670571267057,1
1950.0,0.828702412263187,1
1560.0,0.829134268292978,1
2520.0,0.8295639536545583,1
1232.0,0.829991492656136,1
4350.0,0.8304169013240765,0
2340.0,0.7837597971738228,1
2300.0,0.8287612872961331,1
4800.0,0.8293542086299859,0
2016.0,0.782511617698654,1
2987.0,0.8278914156279569,1
2622.0,0.828308308742801,1
4100.0,0.8287308163698461,0
4150.0,0.7817899838796806,0
1012.0,0.7794279500168944,1
3340.0,0.8253943374355648,1
3288.0,0.780816330423409,1
3225.0,0.7809564454313564,1
3900.0,0.7814286084188496,0
3718.0,0.7794002309243409,0
1785.0,0.7770070980458813,1
900.0,0.8233560917183645,1
1633.0,0.8243265269167807,1
3051.0,0.8247552142098941,1
3140.0,0.7797361246706703,1
1080.0,0.7794807492047873,1
775.0,0.8253443686040574,1
1892.0,0.8264130423727744,1
1120.0,0.8268347826650829,1
4108.0,0.8272449768463305,0
3780.0,0.7801067235572305,0
1890.0,0.7770384155583894,1
1485.0,0.8233521748153635,1
3339.0,0.8246930528865895,1
3360.0,0.779673944644527,1
1176.0,0.7789875451328888,1
3200.0,0.8249070619990875,1
1917.0,0.7811003376143575,1
3920.0,0.8257009387613509,0
1107.0,0.7795305344059843,1
1008.0,0.8245273849545269,1
1014.0,0.8257673212940306,1
3197.0,0.8261842717401037,1
1840.0,0.7814136093304255,1
1846.0,0.8260467874161336,1
3339.0,0.8273564060750005,1
4379.0,0.7828270239467428,0
1508.0,0.7797615992873322,1
5130.0,0.8256209156771988,0
2256.0,0.7792029801086329,1
4050.0,0.8244910541340468,0
3003.0,0.7776340627422422,1
3332.0,0.7775697081964635,1
2400.0,0.7780093887714198,1
2916.0,0.8240968041761183,1
3483.0,0.8249448440227848,1
1196.0,0.779932540507857,1
3690.0,0.8252122587608162,0
2268.0,0.7784250168504637,1
3472.0,0.8240902557422439,1
1664.0,0.7793014789013168,1
1736.0,0.824823658294302,1
4032.0,0.8255810755309606,0
2730.0,0.7782797434283137,1
3030.0,0.824078708738209,1
1357.0,0.779144024750063,1
2025.0,0.8248044545743028,1
3984.0,0.8254414320850957,0
3712.0,0.7781323048723294,0
1050.0,0.7757640856781479,1
2714.0,0.8222624671778521,1
900.0,0.8231165576336085,1
2920.0,0.8235032809979632,1
1254.0,0.8238834021126196,1
3024.0,0.824261842179717,1
1776.0,0.7790974753209534,1
3146.0,0.8244246328810766,1
480.0,0.7799795162097986,1
4108.0,0.8251316234673138,0
1475.0,0.7785423742328658,1
3484.0,0.8240579804885366,1
2024.0,0.7793815152216567,1
550.0,0.824760192953378,1
2059.0,0.8256150590690327,1
870.0,0.8259875036595233,1
2910.0,0.8263530084090278,1
1219.0,0.8267169251588399,1
1210.0,0.8270793257551554,1
2352.0,0.8274402203567331,1
3836.0,0.8277996182993054,0
966.0,0.7810177749141569,1
759.0,0.826117680685981,1
