918.0,0.5,1
1392.0,0.5533333333333332,1
455.0,0.6427471377927587,1
1656.0,0.6767461636432124,1
671.0,0.6947252996109003,1
1808.0,0.6882465711223744,1
2010.0,0.7182638112204178,1
1904.0,0.5262236728320545,1
940.0,0.6400329522366168,1
1072.0,0.6813132515761131,1
585.0,0.6728366522292473,1
2718.0,0.7079704232165502,0
854.0,0.36173603608693444,1
2272.0,0.6564935473773919,1
1368.0,0.4832687205124486,1
1728.0,0.7125799682786826,1
252.0,0.7459993292187912,1
1560.0,0.7650355911821236,1
600.0,0.7337451869270909,1
1820.0,0.7440674441316684,1
1677.0,0.7540617619969974,1
2527.0,0.7772496290950142,1
770.0,0.589637780710648,1
2002.0,0.7274458259607874,1
2412.0,0.5583774233239985,1
364.0,0.5711419033238073,1
855.0,0.7618458856710044,1
1974.0,0.7733175395888995,1
231.0,0.7554761160468402,1
1599.0,0.7733388320048245,1
1920.0,0.7794097919464146,1
2584.0,0.7736654522136506,1
1677.0,0.5928632037547936,1
1300.0,0.7542221410772489,1
1638.0,0.7657680326010606,1
1976.0,0.7827224992627553,1
270.0,0.7782053928597134,1
714.0,0.7209022883017822,1
1300.0,0.7622009327744661,1
310.0,0.7816561140603636,1
1768.0,0.7752426014950785,1
660.0,0.7213619985073403,1
507.0,0.751354571292424,1
2520.0,0.777983027766951,1
2920.0,0.6293994447213532,0
462.0,0.3788353148336982,1
980.0,0.6329647892799216,1
1463.0,0.6516054188226792,1
1296.0,0.7000402473382386,1
1620.0,0.7325952707493777,1
1792.0,0.7566903197530903,1
504.0,0.762417031285862,1
1207.0,0.7304785093594148,1
1727.0,0.7388955845890475,1
1368.0,0.7724333735842052,1
2180.0,0.7200001223932089,1
781.0,0.5824993914685648,1
2329.0,0.7581414606329848,1
2679.0,0.6127610476332045,1
1080.0,0.6108925775270289,1
2145.0,0.7272538188980205,1
1066.0,0.5331386609818362,1
588.0,0.7269870024327298,1
1638.0,0.7629171415415456,1
464.0,0.7843267888478778,1
260.0,0.729550118034426,1
374.0,0.7597241397073887,1
2603.0,0.7771399009054966,1
1240.0,0.6016873106755606,1
966.0,0.7655768987888767,1
1331.0,0.7842204439616424,1
780.0,0.7828505520111888,1
1768.0,0.7899747185485789,1
1989.0,0.7875645251813971,1
1064.0,0.7896534252646115,1
1026.0,0.7378156830554083,1
1443.0,0.7713991497856436,1
1130.0,0.7169356594723582,1
352.0,0.7626884066510206,1
2520.0,0.7803245220420357,1
832.0,0.5888435581912883,1
1376.0,0.7416514040130949,1
2190.0,0.740087245501312,1
1547.0,0.594616741473117,1
1976.0,0.7637156458018479,1
550.0,0.7844520815225466,1
1220.0,0.77410643276314,1
1820.0,0.7155933354115817,1
1340.0,0.7563171127680148,1
1290.0,0.7616383811627917,1
1612.0,0.7529169352954797,1
1185.0,0.7505172728697557,1
1946.0,0.7392334802864446,1
2010.0,0.7678537701109477,1
1152.0,0.5785626048716219,1
828.0,0.7591183658799854,1
1536.0,0.77967227702616,1
1960.0,0.781988399963341,1
1820.0,0.7498131843044227,1
544.0,0.7674190299182415,1
377.0,0.7647337867874937,1
792.0,0.7774906117738112,1
1767.0,0.7564579808137175,1
1984.0,0.777559708791719,1
728.0,0.7897762292699553,1
1380.0,0.7948186366313132,1
1482.0,0.7886279885629472,1
1232.0,0.7867305616251424,1
790.0,0.7905246728074887,1
2020.0,0.760015288739912,1
1420.0,0.6065887266364776,1
910.0,0.743865127065651,1
1700.0,0.7716573634018848,1
1562.0,0.7208928700467551,1
720.0,0.7239588880135787,1
2680.0,0.7508881084594691,1
392.0,0.6011243284250698,1
1524.0,0.7707875842327634,1
1692.0,0.7823146554078692,1
900.0,0.774534096901538,1
770.0,0.7561449845328012,1
1515.0,0.7775495414865055,1
1204.0,0.7776297698230185,1
880.0,0.7767890770991649,1
1364.0,0.7838727387711782,1
2340.0,0.7771064841008272,1
1022.0,0.6041305747550653,1
648.0,0.7586970326428035,1
1207.0,0.7852564954241266,1
1288.0,0.791246311579788,1
3140.0,0.776353877473544,0
1500.0,0.43420689421705577,1
960.0,0.7026293724998984,1
1760.0,0.709529486097516,1
1170.0,0.7393510566786181,1
1062.0,0.7551978712250582,1
1820.0,0.7850831105943287,1
1425.0,0.7413061040340704,1
1767.0,0.7648748149205058,1
1794.0,0.7907507742876057,1
2432.0,0.7929210538814285,1
2489.0,0.5999649943526096,1
1335.0,0.6298624439543873,1
608.0,0.7650820732558308,1
540.0,0.7740711302073245,1
948.0,0.7876690803660173,1
528.0,0.7983066652257342,1
1160.0,0.7611167342956224,1
924.0,0.7797923438221452,1
1960.0,0.7805172529579997,1
1104.0,0.7761161222513044,1
1173.0,0.783204912496554,1
510.0,0.7900203088551883,1
1752.0,0.7945144524281381,1
1020.0,0.7759898608899961,1
2567.0,0.7740773454493397,1
1349.0,0.6314551644476082,1
1008.0,0.7946798601263843,1
1350.0,0.7985486536388049,1
1216.0,0.7633199821174029,1
2920.0,0.77821276009594,0
2244.0,0.3044920964112662,1
980.0,0.46094558146064235,1
684.0,0.7139705612146473,1
1445.0,0.7412273132130074,1
1140.0,0.7599895915501157,1
1200.0,0.7635129990318972,1
1419.0,0.7419208560730038,1
504.0,0.7781422337912416,1
920.0,0.7774455866415906,1
2380.0,0.78119010246234,1
790.0,0.5551345154696651,1
2840.0,0.7542576792887037,0
1452.0,0.38688143481990417,1
1235.0,0.6803285241579486,1
812.0,0.678361070426269,1
1136.0,0.7252526386617777,1
3020.0,0.7551822591887194,0
1156.0,0.4289834430063335,1
406.0,0.6757267840528748,1
374.0,0.6832696763814372,1
1188.0,0.7196098091732244,1
938.0,0.743535648370457,1
1596.0,0.7546566550319206,1
938.0,0.7561991827823473,1
2280.0,0.7715289687121026,1
1540.0,0.6142210614956574,1
684.0,0.7637168029266272,1
1694.0,0.7627978378689318,1
1430.0,0.7832501427280224,1
1376.0,0.793643509542896,1
800.0,0.7574659350670653,1
1708.0,0.7668298381513585,1
1625.0,0.7822969687564271,1
492.0,0.7934196073895523,1
1190.0,0.7532989662027736,1
1287.0,0.76941677961851,1
1848.0,0.7667796799788391,1
416.0,0.7700313912904174,1
720.0,0.7821820695450441,1
1632.0,0.7872397855419635,1
1560.0,0.7896666975950406,1
1152.0,0.768580194154179,1
2831.0,0.7781337870677355,0
2416.0,0.31552403366112014,1
2055.0,0.4897724830390294,1
2793.0,0.5244556430327377,0
957.0,0.4462218051606521,1
493.0,0.67258528263122,1
1352.0,0.6696415876595934,1
408.0,0.7152297051236852,1
1872.0,0.74289214501737,1
1128.0,0.7670898634509955,1
1764.0,0.7868627886619453,1
728.0,0.797413055443917,1
559.0,0.7757476880044281,1
1386.0,0.7987659015270644,1
504.0,0.759151659784885,1
1980.0,0.7515689928256152,1
1248.0,0.7843181934504208,1
2071.0,0.7732397186152189,1
1235.0,0.6415402997863603,1
760.0,0.8045336062033971,1
468.0,0.7849618966687927,1
1370.0,0.7696743455989415,1
1309.0,0.739141940915308,1
793.0,0.7821094872986742,1
2242.0,0.7944915238582261,1
513.0,0.6168041734856331,1
1995.0,0.792358894847281,1
1577.0,0.7580950181336696,1
1599.0,0.7823107685599677,1
2227.0,0.7364326445217604,1
2940.0,0.5813161992368896,0
470.0,0.4504055743788922,1
752.0,0.6841120751812504,1
1547.0,0.6888465402479571,1
2698.0,0.7351511027433517,1
1716.0,0.5908196403393748,1
1501.0,0.7769680625282247,1
780.0,0.7769557560822207,1
2460.0,0.7881488566917494,1
2160.0,0.6340687262585365,1
900.0,0.600897663276529,1
494.0,0.7982067863734971,1
1008.0,0.8010645505341929,1
1600.0,0.8067754233018237,1
1064.0,0.8098172090239998,1
2800.0,0.7582196449349117,0
403.0,0.3963556009796185,1
1840.0,0.6984313313213296,1
1564.0,0.6845357795550568,1
1440.0,0.7347942840121866,1
2325.0,0.7611400032146838,1
1577.0,0.623375057996181,1
1241.0,0.7890821193610947,1
1540.0,0.7966162184210934,1
504.0,0.787121080504643,1
1946.0,0.8042984721194525,1
1734.0,0.8068489325286164,1
660.0,0.7891499554392297,1
2376.0,0.7854126567190891,1
1781.0,0.6435674016935365,1
804.0,0.7498598401591903,1
1071.0,0.7875743931093098,1
2268.0,0.7562183404985101,1
1292.0,0.6219785152495974,1
938.0,0.7969122867325172,1
782.0,0.784475239525859,1
1660.0,0.7947746852226855,1
2304.0,0.8034130549952604,1
2227.0,0.6616764723302968,1
645.0,0.613112420207175,1
1224.0,0.7653002155770062,1
2190.0,0.7904257631647342,1
352.0,0.6444734761922191,1
352.0,0.7854946611612676,1
952.0,0.789849161952269,1
1474.0,0.7893441802195008,1
1368.0,0.7958846069178506,1
570.0,0.7634857789480537,1
630.0,0.7980134924297845,1
1080.0,0.7866365648768879,1
836.0,0.7918978773232479,1
1410.0,0.7664353312074473,1
910.0,0.7595894302857493,1
924.0,0.7763412580326916,1
722.0,0.7942693249368816,1
880.0,0.7691735818804663,1
1200.0,0.7901462265544837,1
1212.0,0.8008816342295032,1
1372.0,0.8021500510956681,1
728.0,0.7961669862272823,1
456.0,0.7729333943783238,1
884.0,0.7922045712415925,1
2926.0,0.800038308272847,0
504.0,0.44676927667715144,1
1392.0,0.7012084783501833,1
364.0,0.7088332250492059,1
930.0,0.745697705633775,1
2520.0,0.7582728827648437,1
680.0,0.610295176360481,1
936.0,0.7846847581871577,1
765.0,0.7816699852346132,1
1440.0,0.761954898319752,1
969.0,0.7437803012405488,1
480.0,0.7760848227892566,1
864.0,0.797551348565373,1
1032.0,0.7406743659433966,1
1067.0,0.777448118174968,1
1417.0,0.7756379441991864,1
930.0,0.7949890749818339,1
1590.0,0.8053964912320225,1
2790.0,0.7868663343905536,0
1159.0,0.42403484541255115,1
744.0,0.6592115840141034,1
1460.0,0.6819201756710422,1
378.0,0.7195031441753859,1
1649.0,0.7516990472257125,1
1248.0,0.7644635808736011,1
858.0,0.7720180766361647,1
312.0,0.775617132479984,1
1872.0,0.7477423199954969,1
336.0,0.76339704465204,1
1573.0,0.7380437308735741,1
465.0,0.7650529921230453,1
518.0,0.7835441250152958,1
1001.0,0.7898995883785928,1
735.0,0.7752602765585747,1
1872.0,0.7891406144756393,1
1106.0,0.7929909920521305,1
2160.0,0.7663162257279222,1
494.0,0.6208111623847851,1
1904.0,0.750274871910882,1
915.0,0.7583768099568597,1
680.0,0.7535514589688384,1
1072.0,0.7684700677807742,1
1200.0,0.7842397493392793,1
1090.0,0.7715160771435877,1
2620.0,0.745984131459384,1
1273.0,0.6117867187146885,1
754.0,0.7624081952195175,1
1045.0,0.7714448949726689,1
2193.0,0.7730452665200869,1
616.0,0.6099651486953722,1
2460.0,0.7627977104440317,1
1926.0,0.6219786440871286,1
2312.0,0.7746671092191282,1
2680.0,0.616037863557484,1
540.0,0.5629290497664489,1
1668.0,0.76008532974963,1
1824.0,0.7413145355234244,1
1935.0,0.7459207985804202,1
1638.0,0.7758929384856265,1
555.0,0.7514660401766688,1
1020.0,0.7387202153141159,1
1054.0,0.729183233372653,1
1470.0,0.7449323005378181,1
1898.0,0.7326074052675801,1
2584.0,0.7563774051564752,1
396.0,0.6032181538464377,1
1536.0,0.7519325681585464,1
1020.0,0.7672925962722966,1
638.0,0.7632916680731967,1
1652.0,0.7810971505787511,1
341.0,0.7696559093273667,1
850.0,0.782467210573899,1
1728.0,0.7169194337978764,1
396.0,0.7521077056458935,1
1045.0,0.7512288488882468,1
630.0,0.7164489592162958,1
576.0,0.7445525420458617,1
912.0,0.7484447369271787,1
539.0,0.7577960302968727,1
494.0,0.7692547718682856,1
2071.0,0.7756040236324724,1
1862.0,0.6086038269189533,1
242.0,0.7581081869837527,1
1035.0,0.7729336713300887,1
2192.0,0.7830633063346114,1
1932.0,0.5636210772714557,1
792.0,0.7577473631698952,1
1512.0,0.7696632217000368,1
407.0,0.7853230808161625,1
589.0,0.754805628171262,1
828.0,0.7601080947628501,1
960.0,0.772978990938607,1
2618.0,0.7892332789842362,1
368.0,0.6299655700691061,1
1938.0,0.7788237680849176,1
1960.0,0.7635777817344608,1
1690.0,0.7804052927972835,1
850.0,0.7918932378720624,1
1430.0,0.7774389716661201,1
935.0,0.7820610671332674,1
900.0,0.7663115351876831,1
377.0,0.745363763819822,1
806.0,0.7468153860462751,1
1944.0,0.7722215932252946,1
460.0,0.7636862058356019,1
1976.0,0.7609873710334433,1
460.0,0.7794152244984849,1
1815.0,0.7845899103788818,1
2964.0,0.7452223360034105,0
2025.0,0.413803805762008,1
396.0,0.5034150771357074,1
1768.0,0.7158193080933232,1
1245.0,0.7332919508861082,1
414.0,0.7482333571392412,1
1080.0,0.7733091191330106,1
1870.0,0.785528174789615,1
2002.0,0.7643241384248173,1
1808.0,0.60102928893124,1
846.0,0.7813923488834821,1
1819.0,0.7887607056672471,1
1260.0,0.8016152894105891,1
897.0,0.7826539130059862,1
666.0,0.7803779419207922,1
2156.0,0.786900624709331,1
450.0,0.6340502637981571,1
1300.0,0.7676556286736557,1
2002.0,0.7873987994755441,1
2190.0,0.6249348495456842,1
1512.0,0.6045903387508872,1
675.0,0.7826231053002407,1
551.0,0.7804655328057325,1
1764.0,0.7802299637873397,1
990.0,0.7973640085970509,1
1232.0,0.7683397987217886,1
2720.0,0.7930082751951347,0
1920.0,0.44333921025946094,1
2550.0,0.6840977695294683,1
2400.0,0.5176375564390077,1
2698.0,0.564176802944624,1
1173.0,0.5779267347208603,1
1023.0,0.7671185710013174,1
986.0,0.7661253221152867,1
2286.0,0.7228555286968716,1
2466.0,0.6006459794466703,1
2023.0,0.5913350699219866,1
2964.0,0.6064026542993148,0
1668.0,0.4501674062352822,1
1326.0,0.6754232158168714,1
1648.0,0.6926810009073446,1
2533.0,0.7309921857587701,1
968.0,0.5893049016241648,1
1887.0,0.7678401871935254,1
1740.0,0.7481041085370193,1
1200.0,0.7819398459653422,1
408.0,0.7412701471281452,1
2086.0,0.7721145569798964,1
1463.0,0.6329094323665013,1
462.0,0.7819841517653279,1
850.0,0.7970413582880862,1
1254.0,0.7291080929467935,1
1792.0,0.768416340466565,1
1092.0,0.7864952946700475,1
756.0,0.731571513731482,1
1134.0,0.7670845047059778,1
1638.0,0.761398735524176,1
640.0,0.7531221196773615,1
2431.0,0.7830394505780969,1
1284.0,0.6305207553411853,1
1360.0,0.7320190348924327,1
2337.0,0.7702931054282824,1
341.0,0.6273478643912649,1
2480.0,0.7444419769620084,1
798.0,0.6113514577543947,1
648.0,0.7657620181367382,1
1443.0,0.7820901617459277,1
1470.0,0.7514685883328547,1
686.0,0.7815960366206567,1
627.0,0.7933078966144184,1
1442.0,0.7907357229064345,1
1365.0,0.8014204219233035,1
1425.0,0.7318143302697976,1
1485.0,0.7590410017972038,1
1092.0,0.7815529278609845,1
957.0,0.7636262567779166,1
2114.0,0.7789381602783164,1
1680.0,0.6339536680227651,1
330.0,0.7801893359588493,1
1120.0,0.7702584602771957,1
1440.0,0.7838574398987518,1
2147.0,0.7323133802315205,1
1100.0,0.613620535793352,1
270.0,0.7702154019407571,1
2448.0,0.7826324955750399,1
1577.0,0.6272897468028413,1
1482.0,0.7628359858213044,1
2358.0,0.7771858323601992,1
2480.0,0.6288167782122867,1
1932.0,0.6185459101424094,1
1480.0,0.7749176335809481,1
1080.0,0.7899443565093889,1
1704.0,0.7976373222809313,1
2820.0,0.7530002011569851,0
1207.0,0.3816881016315661,1
1044.0,0.667596474260316,1
2448.0,0.6722204372560959,1
629.0,0.5388058929591927,1
578.0,0.7489933884658727,1
1027.0,0.7648741071751648,1
1170.0,0.7783203526063003,1
1080.0,0.7806938195575274,1
1122.0,0.7935580210907923,1
1221.0,0.7959358130326227,1
660.0,0.7905032856492091,1
322.0,0.7788101018913438,1
913.0,0.7947456242073903,1
352.0,0.764427072594589,1
817.0,0.7739292456012392,1
384.0,0.7934154704952482,1
1160.0,0.7638286140257978,1
1130.0,0.7442947527973792,1
338.0,0.7655322307993401,1
230.0,0.7870254825111721,1
990.0,0.7540393333251536,1
2057.0,0.7631081278805207,1
1144.0,0.6311449286841814,1
2196.0,0.782552567695977,1
1651.0,0.6460002572396587,1
2193.0,0.7511906007852229,1
1166.0,0.6000351996375909,1
507.0,0.7595086701892485,1
1800.0,0.7878915159317089,1
2109.0,0.7721978131048653,1
1696.0,0.6234582945794991,1
416.0,0.7891044925957789,1
492.0,0.7738881472689496,1
1824.0,0.7573614454292298,1
912.0,0.7814359179692643,1
680.0,0.7601930149680746,1
731.0,0.7866326218986042,1
2584.0,0.786579657486322,1
1856.0,0.5612926148040404,1
637.0,0.7663700102976857,1
2610.0,0.7841510341883754,1
780.0,0.6298999687290432,1
1183.0,0.7704180226461466,1
704.0,0.7623726878742457,1
576.0,0.7881722120660125,1
1316.0,0.797702698926167,1
2020.0,0.753082426414349,1
1584.0,0.5933647130492979,1
253.0,0.7436400863561209,1
315.0,0.7794544603560039,1
832.0,0.7313993525493018,1
1792.0,0.7323704640407215,1
484.0,0.7742704134388505,1
756.0,0.7774684081835371,1
1472.0,0.7732250801960749,1
704.0,0.7560022203724289,1
2144.0,0.772469255949805,1
1260.0,0.629308689379014,1
960.0,0.7724248072869744,1
2448.0,0.7785230726351877,1
1776.0,0.6141430266533163,1
949.0,0.7832407677654644,1
1510.0,0.7978290984745948,1
682.0,0.7698838440252986,1
799.0,0.7796116031524861,1
564.0,0.7343300752184335,1
612.0,0.7770783051918241,1
2091.0,0.7925932993011653,1
1513.0,0.6461959245295356,1
336.0,0.7414805518024152,1
1820.0,0.773125854453208,1
2160.0,0.7611370364062191,1
2500.0,0.5664577185611561,1
1368.0,0.6109115479313163,1
1292.0,0.7816493917251333,1
580.0,0.7988774298775254,1
1320.0,0.7870189722432092,1
528.0,0.7821170865665781,1
476.0,0.7618666693674576,1
1170.0,0.7887713064819363,1
270.0,0.7549708808688879,1
1320.0,0.7758358693243738,1
1568.0,0.7883853131720061,1
1573.0,0.7803267622547341,1
900.0,0.7925238312409507,1
396.0,0.8023749417152243,1
555.0,0.7772908890526958,1
1102.0,0.7869405878137992,1
2227.0,0.785889950836133,1
1292.0,0.6166472266396887,1
2760.0,0.7761268433085343,0
1404.0,0.3777784535117091,1
1547.0,0.6895686338822686,1
2006.0,0.6800762797130845,1
1300.0,0.5552097567093207,1
1955.0,0.7711172138428737,1
2945.0,0.7858096323491817,0
1848.0,0.4211293883792159,1
462.0,0.6966687281758738,1
935.0,0.6952996605534536,1
1424.0,0.735863378938193,1
1692.0,0.744432994418913,1
714.0,0.7806489550458903,1
570.0,0.793999140955011,1
814.0,0.7644604721928271,1
793.0,0.7565141742074566,1
2774.0,0.7584295428090854,0
2304.0,0.38472409274180486,1
2074.0,0.4703081726561734,1
1539.0,0.5072737348107377,1
1824.0,0.7251466107035369,1
1518.0,0.741742597868981,1
902.0,0.7541009802973915,1
1391.0,0.7725522448314662,1
3020.0,0.7839722950517459,0
2600.0,0.44491392071840846,1
1150.0,0.511583585450921,1
864.0,0.7242009862356514,1
792.0,0.7423295979354494,1
2754.0,0.7632830753311776,0
2431.0,0.3986255219176594,1
1805.0,0.45736713886106195,1
1722.0,0.6808216243722026,1
1728.0,0.7039970789660039,1
2907.0,0.7317091908404596,0
242.0,0.42767168974855124,1
580.0,0.6938616250089493,1
378.0,0.6927100042394497,1
1632.0,0.7283023206244604,1
1469.0,0.7514426475090391,1
728.0,0.7652317690981191,1
1508.0,0.7656499837030256,1
1548.0,0.7445233848841246,1
836.0,0.770173629716207,1
968.0,0.7859426926105858,1
484.0,0.7585615728641364,1
720.0,0.7871209657871271,1
738.0,0.79883114207063,1
1090.0,0.7680495083986134,1
2318.0,0.7587343865016162,1
432.0,0.6127678965127885,1
2074.0,0.7571907047829791,1
975.0,0.6014311759036483,1
1800.0,0.7513598103309725,1
882.0,0.7694284929795698,1
885.0,0.7571516417793136,1
1410.0,0.7876995736402008,1
1768.0,0.7997321217701203,1
588.0,0.7754509322363485,1
1661.0,0.7794532430911323,1
420.0,0.78172366069218,1
996.0,0.7817209146176826,1
832.0,0.7650671206980775,1
912.0,0.7809738247205305,1
2400.0,0.7837578497777208,1
948.0,0.6453605569601866,1
520.0,0.7781789707557828,1
2112.0,0.752425753468282,1
1280.0,0.6142800241695939,1
2320.0,0.7890894281348023,1
480.0,0.6454485621749657,1
880.0,0.7422654475169216,1
1156.0,0.7769859584309728,1
429.0,0.7564315313591233,1
530.0,0.7830536874584169,1
648.0,0.72861059345498,1
1372.0,0.7576550887656992,1
444.0,0.7866087171892232,1
2888.0,0.7416128039312803,0
2584.0,0.38710417006181436,1
868.0,0.4837472070305088,1
561.0,0.7018126111584988,1
1088.0,0.7201998798767177,1
2840.0,0.7502564001080336,0
1716.0,0.4620922967149475,1
1485.0,0.6962001112836618,1
1980.0,0.7036949833304312,1
1380.0,0.7349662517555944,1
962.0,0.7552069606973962,1
1050.0,0.7740240976271029,1
1911.0,0.7424074601690498,1
1540.0,0.7797275816493988,1
780.0,0.774748709204381,1
630.0,0.7908239419106151,1
2288.0,0.76827349487842,1
966.0,0.6261592516175327,1
2280.0,0.7854307820851345,1
1280.0,0.6446476616810822,1
2556.0,0.7859482871461269,1
720.0,0.5589753160679867,1
1856.0,0.7529161354163942,1
2261.0,0.7672198678499881,1
636.0,0.6318455523616245,1
1750.0,0.7587335212963611,1
1365.0,0.7681332554781686,1
1216.0,0.7544567248988262,1
1980.0,0.7825989950311185,1
1349.0,0.7724749011266816,1
728.0,0.7600781978366004,1
1890.0,0.7517332741942612,1
1652.0,0.7710579292624955,1
1080.0,0.7440150208276676,1
2265.0,0.739009691009117,1
1680.0,0.6072907013642999,1
675.0,0.7876887957167915,1
2394.0,0.7764641082020447,1
2736.0,0.6122091778458414,0
2220.0,0.4570302335751413,1
2384.0,0.470891774519204,1
2907.0,0.5158274079431336,0
1494.0,0.45343869660589514,1
952.0,0.6594090353155491,1
1680.0,0.6668668394497866,1
666.0,0.6998329596989962,1
1650.0,0.7250195486917199,1
2250.0,0.7460456323862393,1
2352.0,0.5972243138966756,1
2125.0,0.6059005465656607,1
2160.0,0.601065549779097,1
1185.0,0.569814498078158,1
816.0,0.7684455818798755,1
1428.0,0.7516264826804866,1
2600.0,0.7587375346634527,1
630.0,0.5857022030997365,1
2091.0,0.7613880019973972,1
715.0,0.5920410619740275,1
1209.0,0.7506007186110957,1
2500.0,0.7601009437713578,1
570.0,0.6214472053088087,1
384.0,0.7843216661434983,1
1110.0,0.7880869416456925,1
1155.0,0.7512798566083432,1
264.0,0.7807511510559418,1
2322.0,0.7862750108203769,1
720.0,0.5482407338358283,1
264.0,0.7628880024831444,1
1232.0,0.7900482104066786,1
2227.0,0.7244701923049073,1
640.0,0.6050310688831276,1
510.0,0.7767583080186707,1
459.0,0.7909545472912383,1
1751.0,0.7829279603157439,1
1455.0,0.7779971679700243,1
2380.0,0.7599048779167551,1
840.0,0.5898264050740754,1
1921.0,0.7733552540796669,1
1846.0,0.7860631105383163,1
1677.0,0.7799848396674693,1
2329.0,0.7776713752142459,1
1060.0,0.6328874975714738,1
946.0,0.7773983252891391,1
1365.0,0.7407058268120384,1
1740.0,0.7350991924088334,1
300.0,0.7337669886915932,1
936.0,0.7734907977208884,1
1420.0,0.7731898670011929,1
1440.0,0.7509995263255754,1
1370.0,0.7759710824962561,1
1962.0,0.7886325931770125,1
1812.0,0.7858891423155914,1
840.0,0.7510988514045007,1
2520.0,0.7758193607391068,1
930.0,0.6300215752278423,1
1188.0,0.7676928641406923,1
1548.0,0.7767068353008952,1
2108.0,0.7808340059933503,1
540.0,0.6165953888062856,1
1610.0,0.7712285419045174,1
610.0,0.7779742665778084,1
1936.0,0.781108896282474,1
1742.0,0.7900641414522557,1
1845.0,0.7779082836505891,1
770.0,0.7888353070896252,1
2356.0,0.7898128050641051,1
938.0,0.6281691696436633,1
546.0,0.7680946822366039,1
1786.0,0.7714626907598096,1
1332.0,0.7601105835716474,1
1965.0,0.7611733570529966,1
1215.0,0.7738958361524828,1
928.0,0.7813258598897883,1
1184.0,0.7678620001950783,1
1584.0,0.7825012693071004,1
528.0,0.7396244521968799,1
559.0,0.7427184786926918,1
1422.0,0.7641329048215724,1
1558.0,0.7762473844917392,1
1482.0,0.7609717752393872,1
615.0,0.7761782565780322,1
2603.0,0.779609697559423,1
1564.0,0.6126419642671751,1
1666.0,0.7489131873772764,1
1330.0,0.7697877295898233,1
1696.0,0.7728928815478537,1
1026.0,0.7846923979429402,1
2016.0,0.7467434224388779,1
375.0,0.6159995510681602,1
2900.0,0.7816183422572541,0
1725.0,0.39771394139565897,1
1007.0,0.676310513953001,1
810.0,0.6832172037856152,1
1963.0,0.7253549546596256,1
2448.0,0.7491931927166434,1
680.0,0.5692689621384558,1
2002.0,0.7670326742906376,1
1260.0,0.6078619420530992,1
1512.0,0.7818971840841502,1
512.0,0.7664852560621783,1
1640.0,0.730322499529708,1
1716.0,0.7606801850840925,1
918.0,0.7534948862115214,1
1995.0,0.7782879949390638,1
2964.0,0.784004131115544,0
504.0,0.43196402826483116,1
700.0,0.6973455844107549,1
1155.0,0.7041164389219658,1
1462.0,0.7405074344655279,1
1190.0,0.7682196550371567,1
1100.0,0.7853638435985059,1
735.0,0.7955584530213728,1
2718.0,0.7485228112031399,0
1377.0,0.4148876465842781,1
684.0,0.664861238265999,1
1700.0,0.6795198878451794,1
1296.0,0.7218346149090841,1
1260.0,0.7401210842063921,1
476.0,0.7506171703788602,1
252.0,0.7396695617564668,1
665.0,0.7770412610244093,1
1250.0,0.787200018496913,1
1332.0,0.720846844598321,1
1545.0,0.7452524228260552,1
1122.0,0.7683634142153264,1
473.0,0.7520763567182667,1
1020.0,0.7792265658251983,1
1624.0,0.781396459630501,1
852.0,0.767400715086887,1
2176.0,0.7390882157842156,1
1734.0,0.5828894541927127,1
434.0,0.769694502552685,1
1830.0,0.7746772683732401,1
2516.0,0.767947425335408,1
1989.0,0.5687051324182644,1
1170.0,0.7436640013427858,1
1332.0,0.77311245956097,1
1924.0,0.7889481076293682,1
1881.0,0.7826195335416626,1
671.0,0.7617067612493916,1
2540.0,0.7812329312750327,1
1232.0,0.5984896914905189,1
385.0,0.7404610693204358,1
1326.0,0.7735152769538399,1
2508.0,0.7273976983766199,1
380.0,0.5925998537822172,1
2160.0,0.762054276129286,1
420.0,0.599082763233503,1
1900.0,0.7757530463834379,1
2033.0,0.7717497652716689,1
1573.0,0.5926689867596815,1
1095.0,0.7705890708242236,1
2489.0,0.7820630523491169,1
1632.0,0.6103000427497047,1
1408.0,0.7795652433003839,1
920.0,0.739606424226835,1
1540.0,0.7761214712319019,1
2204.0,0.7820979654495112,1
242.0,0.6135501870892428,1
950.0,0.767318256882075,1
1106.0,0.7716760869537452,1
2261.0,0.7844814239699355,1
364.0,0.5494589949061941,1
1188.0,0.7623577285272596,1
2108.0,0.7545441729205141,1
1836.0,0.6092753788862022,1
2112.0,0.7755184245893547,1
780.0,0.5459479161120824,1
2380.0,0.7608399850268033,1
1326.0,0.6186894926591531,1
2720.0,0.7681281949816489,0
2250.0,0.33240394134397616,1
1608.0,0.4867407589137888,1
1164.0,0.6948499316178605,1
1105.0,0.7159898452683018,1
2754.0,0.7501921873789356,0
1455.0,0.4478468786760384,1
640.0,0.6996497622123307,1
750.0,0.7116662596748231,1
1488.0,0.7510864701818107,1
1118.0,0.77032508092464,1
1140.0,0.740749160338136,1
980.0,0.7758696749165618,1
1840.0,0.7856425019883311,1
1617.0,0.7994980108780624,1
1460.0,0.8065810120675555,1
2394.0,0.8011077915329853,1
494.0,0.6056265467292007,1
912.0,0.7747789622710608,1
864.0,0.7844173326163142,1
615.0,0.7678936527733532,1
1848.0,0.7688698141749422,1
988.0,0.7563019143738742,1
1920.0,0.764570580215782,1
1342.0,0.7826054411529296,1
1428.0,0.7911015461319244,1
884.0,0.8016755311167986,1
416.0,0.7398108930362671,1
1185.0,0.7786285014906182,1
330.0,0.7726472258745005,1
1168.0,0.7908659414223844,1
1898.0,0.7449745182816275,1
768.0,0.779321463516087,1
696.0,0.7996974838739734,1
1236.0,0.7704057844779525,1
1260.0,0.7962114872419137,1
1023.0,0.8046253681964487,1
1935.0,0.7298396458034355,1
432.0,0.7724822774386377,1
960.0,0.7947712713644117,1
612.0,0.7373391901247094,1
1599.0,0.7657458112215687,1
2256.0,0.7727410350792654,1
1708.0,0.6111018612565715,1
1414.0,0.7755612157434381,1
504.0,0.7548368309836266,1
1998.0,0.7659831265988422,1
1300.0,0.7332584244361287,1
432.0,0.76354621850724,1
2080.0,0.7899449941827392,1
462.0,0.6405881956778375,1
1024.0,0.7961472289063332,1
1584.0,0.8066112740123845,1
1188.0,0.8026661317665154,1
1540.0,0.7960835388715809,1
1080.0,0.7958418967728002,1
1428.0,0.8028806650704065,1
2368.0,0.8097596506189692,1
630.0,0.6051550748265925,1
1600.0,0.7779869553942516,1
338.0,0.796141826596814,1
660.0,0.8053518993074615,1
420.0,0.7819524955596364,1
2700.0,0.7996023130833014,1
350.0,0.6527793471589383,1
400.0,0.7996507210324799,1
860.0,0.8097460540835018,1
2100.0,0.8067620844929846,1
1428.0,0.6139321171006645,1
2220.0,0.7945905332125115,1
2736.0,0.6266727293214863,0
572.0,0.4645473304064193,1
1617.0,0.6842864158723228,1
1919.0,0.6994668839115031,1
1560.0,0.7364496311780702,1
588.0,0.7615403761192356,1
1012.0,0.7800975515056134,1
902.0,0.7826840097379499,1
2114.0,0.7983095543464529,1
1632.0,0.6196867497208166,1
1740.0,0.7738025338511157,1
2470.0,0.7896567080259655,1
612.0,0.6445029040540807,1
870.0,0.7822710673469966,1
1530.0,0.7897968080339256,1
1050.0,0.7633193133794834,1
2620.0,0.7899783702860914,1
1860.0,0.6230823889328608,1
704.0,0.7885792415545261,1
2000.0,0.7428053564444028,1
930.0,0.6004973984233201,1
1722.0,0.7758951893882371,1
384.0,0.7786070460411975,1
672.0,0.7981157768564484,1
1515.0,0.7289992831235921,1
1260.0,0.7791824331097457,1
2144.0,0.7816797840924015,1
688.0,0.6362575063578596,1
675.0,0.798126445852366,1
2622.0,0.7895338810497229,1
1216.0,0.5599823566945175,1
2265.0,0.7737397839419438,1
1072.0,0.58560247351199,1
702.0,0.7781877983730825,1
1111.0,0.7300175915837576,1
2780.0,0.7712502060818381,0
1287.0,0.3549850683466621,1
1500.0,0.6764659394468022,1
2465.0,0.6643157182446179,1
1026.0,0.5371410447853786,1
990.0,0.7511930185395064,1
416.0,0.7471271108029203,1
1524.0,0.7793295016564372,1
1300.0,0.7587156544887508,1
1140.0,0.7498647247070588,1
924.0,0.7526920073224166,1
1302.0,0.7804792252823501,1
616.0,0.7837056823275353,1
1995.0,0.73209134193731,1
672.0,0.7687937579740444,1
1794.0,0.7808802526251526,1
377.0,0.7696270967486523,1
1404.0,0.7863165605221039,1
1376.0,0.8021387575468871,1
1170.0,0.7312978666992902,1
