69.0,0.5,0
95.0,0.33333333333333326,0
83.0,0.24137931034482757,0
69.0,0.18575623416889453,0
142.0,0.1528508811847621,1
79.0,0.3412211465414421,0
122.0,0.21945504645362032,1
103.0,0.3900372477086802,0
133.0,0.3373322777325484,1
135.0,0.3942868547006562,1
62.0,0.4464271286279989,0
130.0,0.3001228512212607,1
106.0,0.47275222824499646,1
26.0,0.47811494222473117,0
126.0,0.33662309280159336,1
111.0,0.506375947410499,1
32.0,0.5012037171002486,0
32.0,0.3625822103682313,0
55.0,0.3509140620967811,0
120.0,0.32059305206855454,1
133.0,0.46127229642145445,1
125.0,0.4674423629631266,1
112.0,0.48897157015204895,1
28.0,0.5075607351905801,0
23.0,0.3707747139898344,0
109.0,0.34986408857180656,1
135.0,0.48606546034534626,1
21.0,0.49815413455739466,0
63.0,0.3653607088574555,0
103.0,0.3473298229620723,0
47.0,0.43812901569054874,0
95.0,0.31593214257691715,0
94.0,0.29397268117853964,0
96.0,0.27862703786061516,0
81.0,0.26483262520261636,0
50.0,0.2520706826415462,0
129.0,0.24017926689781605,1
70.0,0.3588469620899164,0
23.0,0.2628840478167935,0
92.0,0.2441649928208964,0
130.0,0.23231268740079344,1
53.0,0.34943656721174865,0
112.0,0.25330687318214884,1
137.0,0.36714128872818513,1
137.0,0.3829682486591077,1
40.0,0.39421997863503955,0
63.0,0.28167065041891004,0
102.0,0.2630912513449179,0
26.0,0.3491191014852791,0
80.0,0.25027959176299047,0
86.0,0.23099879962375422,0
100.0,0.22027297797669004,0
95.0,0.2994862656924073,0
32.0,0.2143622268187469,0
76.0,0.19515664621199133,0
24.0,0.18512213827354831,0
117.0,0.17676369819246918,1
122.0,0.2888099333957086,1
145.0,0.314343873720514,1
143.0,0.3258531153285871,1
82.0,0.334588603316225,0
29.0,0.2347674790578215,0
92.0,0.2087404761005285,0
75.0,0.19537728258349396,0
42.0,0.18488463580206774,0
109.0,0.17533785916534667,1
119.0,0.29166962618346465,1
82.0,0.32186751904265376,0
145.0,0.2292483838865594,1
106.0,0.33816978655397373,1
97.0,0.36244763919063955,0
123.0,0.2602124947000135,1
123.0,0.37381799813948613,1
33.0,0.39446280888246216,0
133.0,0.2858261177424289,1
23.0,0.40335766689160696,0
30.0,0.3003378433270167,0
57.0,0.27879647871495045,0
114.0,0.2635020943446908,1
111.0,0.38670412167421,1
149.0,0.4033421730077626,1
102.0,0.4108775632942199,0
26.0,0.40525370548304457,0
58.0,0.28717816772083843,0
72.0,0.263318424242877,0
105.0,0.2497187813939322,1
153.0,0.368728877580266,1
31.0,0.3888424393698071,0
30.0,0.2820210261786286,0
66.0,0.25983669206605303,0
53.0,0.24712558732887716,0
33.0,0.236091672808793,0
123.0,0.22577282183278702,1
22.0,0.3411423696184968,0
141.0,0.2554440277959074,1
111.0,0.3645117573333086,1
127.0,0.38153518968921113,1
119.0,0.3883586285914975,1
30.0,0.393835742504839,0
46.0,0.2850272944317612,0
77.0,0.2620358349432094,0
104.0,0.24939511425451139,0
50.0,0.3338006414276744,0
129.0,0.24343468106946578,1
88.0,0.3457191576045864,0
147.0,0.25877182856697645,1
76.0,0.3670575968425146,0
135.0,0.2737498430480726,1
67.0,0.3857489524411214,0
64.0,0.2863384411461208,0
67.0,0.26921597577593753,0
58.0,0.2578138823100369,0
110.0,0.24737630772507846,1
111.0,0.3630028584126976,1
71.0,0.37831375505360043,0
49.0,0.27346463494351186,0
33.0,0.2554905445330099,0
28.0,0.24492666010665595,0
120.0,0.23543347489818703,1
88.0,0.3490201511805323,0
85.0,0.25875036661965833,0
85.0,0.242282925328997,0
79.0,0.23245337154763507,0
57.0,0.22362310872506355,0
74.0,0.21506691021066054,0
113.0,0.20662176679245134,1
143.0,0.31598466125571867,1
27.0,0.3342612712810876,0
70.0,0.2383954494887615,0
64.0,0.21967712046166213,0
48.0,0.20961468123198124,0
151.0,0.20084493101388187,1
99.0,0.3121854325907967,0
36.0,0.23132039222792805,0
89.0,0.21389459239334,0
37.0,0.20335607719998533,0
47.0,0.19389189430279072,0
86.0,0.18528840694840415,0
70.0,0.1766981022186735,0
66.0,0.16870790204478317,0
112.0,0.16051366408901593,1
73.0,0.2762179651359296,0
45.0,0.20554894291894737,0
146.0,0.18687216965426287,1
49.0,0.30598192896299037,0
102.0,0.22572779172237145,0
127.0,0.29358303838953503,1
107.0,0.33560128184267113,1
38.0,0.34274501746807534,0
90.0,0.24401696912674053,0
21.0,0.2233690965456875,0
103.0,0.20949731877754663,0
71.0,0.2820399898460774,0
144.0,0.19629110230115956,1
65.0,0.3071323421954138,0
23.0,0.22518808659285458,0
68.0,0.20595678130737186,0
73.0,0.19322392998017315,0
158.0,0.1817480184546073,1
113.0,0.2998440583317893,1
109.0,0.31594308479114264,1
91.0,0.3208648995209247,0
85.0,0.22643728889930942,0
72.0,0.20536098682752352,0
119.0,0.19238471459903989,1
50.0,0.31246776972823836,0
29.0,0.23010782302142294,0
45.0,0.21075854804644972,0
83.0,0.19769662298202564,0
143.0,0.1859020019005813,1
46.0,0.30710630085527185,0
110.0,0.22558823156802257,1
140.0,0.34410510649872816,1
49.0,0.35408664762058806,0
137.0,0.2535587626583635,1
128.0,0.3757004317646698,1
40.0,0.38158418285650564,0
149.0,0.2760721174354843,1
101.0,0.4020777665128564,0
53.0,0.39750305641707157,0
25.0,0.2784098874129164,0
139.0,0.2635456391510159,1
43.0,0.3864480990352091,0
151.0,0.27999281756811856,1
143.0,0.4046703396058902,1
153.0,0.40377907428843884,1
73.0,0.40739023193911095,0
130.0,0.2979679340746423,1
71.0,0.4252064451916788,0
123.0,0.3077811153738889,1
126.0,0.438678997350084,1
70.0,0.4317821349521189,0
85.0,0.3198104669758959,0
145.0,0.3139401126332625,1
55.0,0.437622077649115,0
65.0,0.3159508497131032,0
39.0,0.3124281315689705,0
150.0,0.3010536849183626,1
30.0,0.4221115551648485,0
35.0,0.304193718096961,0
62.0,0.3006396841455023,0
97.0,0.29081369506799215,0
89.0,0.2817996197126852,0
51.0,0.273221256409325,0
157.0,0.2650501026099152,1
100.0,0.3789720586229983,0
119.0,0.3753874483154039,1
72.0,0.3860724272016004,0
106.0,0.27978865586415835,1
79.0,0.3992049709521492,0
116.0,0.285516420911341,1
41.0,0.40802630853327837,0
144.0,0.29065769185556817,1
94.0,0.4160997270089651,0
147.0,0.2951725454401141,1
38.0,0.4235183385761054,0
97.0,0.2991279015841477,0
109.0,0.3042627764717939,1
48.0,0.42009874605697406,0
146.0,0.296983026136805,1
118.0,0.42791291065223536,1
144.0,0.4134947950248657,1
33.0,0.41948077701315123,0
83.0,0.30812387366027605,0
94.0,0.3128392122244731,0
60.0,0.304909397936329,0
27.0,0.2985267636307961,0
80.0,0.29227065022773197,0
135.0,0.28624768216226154,1
36.0,0.39959063906953446,0
86.0,0.2837506334465388,0
46.0,0.28612209730510757,0
35.0,0.28002122465179313,0
99.0,0.2746565876191743,0
118.0,0.2694168098694776,1
23.0,0.379460451658502,0
117.0,0.2690079537397659,1
145.0,0.38567294421059206,1
115.0,0.38077394929251523,1
135.0,0.38504449507489596,1
124.0,0.3887473267665074,1
86.0,0.39249760920921667,0
65.0,0.28511944361644476,0
75.0,0.2836110102465889,0
30.0,0.2784274999735941,0
103.0,0.2734911779878411,0
149.0,0.37019705900029937,1
47.0,0.3759852695594628,0
85.0,0.27125129239334816,0
42.0,0.2687142970218406,0
156.0,0.2640328386987435,1
67.0,0.3723528048427339,0
95.0,0.2664313421269643,0
75.0,0.2642196709373604,0
41.0,0.25968659035534103,0
110.0,0.2552558932861332,1
139.0,0.3619695044842471,1
133.0,0.363928119448673,1
36.0,0.36749971620618155,0
34.0,0.2642491068176353,0
102.0,0.2600187804437689,0
127.0,0.3546033079579383,1
38.0,0.3624388968236508,0
41.0,0.2600846275632693,0
120.0,0.2561665699102992,1
100.0,0.36298963178601257,0
140.0,0.3595736318079027,1
28.0,0.366172621101351,0
39.0,0.2631111471340237,0
92.0,0.26134679877120787,0
96.0,0.25691997480006035,0
62.0,0.2526334339884665,0
130.0,0.2484002572561689,1
38.0,0.35384817722156375,0
145.0,0.25181949401409653,1
145.0,0.35992899020942715,1
118.0,0.36025679285695034,1
44.0,0.3639322382163283,0
137.0,0.2612833658615696,1
116.0,0.370733373737733,1
154.0,0.37144613667602167,1
95.0,0.3751347136780529,0
113.0,0.2705701567505153,1
39.0,0.3812451853449987,0
124.0,0.2734430175064058,1
145.0,0.3863053559960653,1
63.0,0.38545796163463564,0
59.0,0.2793511654484549,0
74.0,0.27810579609604635,0
83.0,0.2735616370649102,0
94.0,0.2692042214638124,0
88.0,0.2649374117103134,0
43.0,0.2607367817801339,0
148.0,0.25658005817514296,1
68.0,0.3630025928955907,0
78.0,0.26012746383720003,0
36.0,0.2569651693944014,0
24.0,0.2528911111921068,0
101.0,0.24887377807102976,0
32.0,0.3416280638292777,0
91.0,0.24257307357058253,0
93.0,0.23704364861529797,0
33.0,0.2331100913858881,0
135.0,0.22920152191857288,1
121.0,0.33097567355409047,1
84.0,0.3370614246759045,0
35.0,0.2394671213431855,0
52.0,0.23296338183375676,0
65.0,0.22872158080199353,0
57.0,0.22452954678469006,0
150.0,0.22035565046664646,1
144.0,0.32126641620262486,1
104.0,0.3287930914775988,0
86.0,0.3269721792648219,0
94.0,0.22905113088680368,0
106.0,0.2205364445450672,1
105.0,0.32208484131782594,1
64.0,0.3299059500873177,0
101.0,0.23383871024151393,0
72.0,0.31759811790812176,0
53.0,0.22502438313936365,0
66.0,0.21565340950338657,0
69.0,0.21047907371415195,0
100.0,0.20545765673633629,0
49.0,0.2860973875799091,0
61.0,0.20192870399087745,0
40.0,0.19043094730867136,0
130.0,0.18453827417378052,1
105.0,0.2848136615897099,1
149.0,0.29675265613611645,1
147.0,0.30068955416096566,1
50.0,0.3038067712088507,0
32.0,0.21292265897082044,0
61.0,0.19885764184022095,0
124.0,0.19183344081813053,1
147.0,0.2967053803390151,1
38.0,0.31026113023946805,0
123.0,0.21898435812929734,1
81.0,0.3203189094800617,0
99.0,0.2324623864403888,0
126.0,0.21929354835637085,1
110.0,0.32927795094692086,1
100.0,0.3389282661919649,0
91.0,0.3373392319084636,0
50.0,0.23389854664841733,0
39.0,0.21949587753754057,0
116.0,0.2108912256978296,1
109.0,0.3205102306153661,1
99.0,0.33140913075043443,0
93.0,0.23547648285965728,0
88.0,0.22118596741567267,0
69.0,0.21212594555896516,0
113.0,0.20362831429686745,1
121.0,0.3141182638882902,1
49.0,0.32603986101227717,0
84.0,0.231325145191263,0
67.0,0.21598531908825055,0
101.0,0.2063709882051228,0
53.0,0.2823633741229012,0
27.0,0.1978710982279727,0
23.0,0.18160922010230207,0
124.0,0.17283038778111276,1
37.0,0.28503419748890507,0
110.0,0.20839372138983053,1
138.0,0.3193277457473271,1
95.0,0.33001701186399696,0
103.0,0.23438756330076774,0
111.0,0.30746568924464374,1
54.0,0.3404639887861779,0
78.0,0.24369126380372952,0
77.0,0.22775521573506347,0
81.0,0.21589719251001616,0
133.0,0.20505796072526694,1
103.0,0.32118648402198874,0
38.0,0.3267141809877205,0
22.0,0.22315987115002217,0
91.0,0.20662240724187475,0
46.0,0.1959585513783071,0
154.0,0.18632100190649686,1
93.0,0.2982163700184478,0
28.0,0.2158373049671577,0
34.0,0.20088830687142678,0
66.0,0.1905559618111965,0
135.0,0.1808587102882214,1
43.0,0.29424433712504666,0
97.0,0.21254463528569623,0
135.0,0.19737344609588972,1
58.0,0.3140124478280337,0
150.0,0.22571550168963847,1
95.0,0.34374149925559216,0
150.0,0.2456429823342979,1
122.0,0.3682884406868933,1
58.0,0.3674990383057913,0
123.0,0.2645731564475885,1
156.0,0.39110847960656964,1
29.0,0.386876539643434,0
98.0,0.2810011330148319,0
83.0,0.2718232765805481,0
55.0,0.2590991597308149,0
141.0,0.2474092773138953,1
55.0,0.36559783979494986,0
28.0,0.2608019772919979,0
98.0,0.25178488717072,0
46.0,0.24129320916213462,0
52.0,0.23138535050557651,0
38.0,0.2219896692721995,0
81.0,0.21306443466382188,0
40.0,0.20457049921659515,0
59.0,0.1964579488168502,0
99.0,0.18843601563214668,0
101.0,0.18071668324805484,0
82.0,0.25098628219455005,0
156.0,0.17308213933458602,1
82.0,0.27375938389981674,0
137.0,0.19595009065312607,1
152.0,0.30421997776243226,1
54.0,0.31147806790655663,0
78.0,0.21922291372406144,0
31.0,0.20566712787185945,0
54.0,0.19541274536590725,0
82.0,0.18594721521918697,0
56.0,0.17711765049642383,0
26.0,0.1688316667045132,0
114.0,0.1605730773825192,1
106.0,0.27275845985456965,1
145.0,0.28422449149082424,1
37.0,0.2878286932835539,0
31.0,0.20054492418915423,0
80.0,0.18423428208933862,0
81.0,0.17385564168055925,0
132.0,0.164225532631084,1
38.0,0.2798177647136181,0
141.0,0.2018877692339025,1
141.0,0.319267768871896,1
142.0,0.32633021342349045,1
62.0,0.32964802358134004,0
73.0,0.23349956464450317,0
43.0,0.21618951303544942,0
25.0,0.20298577856226913,0
98.0,0.19099147571903788,0
96.0,0.18007078857680747,0
84.0,0.1695015918491185,0
54.0,0.16010864502854427,0
129.0,0.15107379436269397,1
97.0,0.26950976727843057,0
82.0,0.19563448637807682,0
107.0,0.17865941884676886,1
97.0,0.30086927929254703,0
33.0,0.21656065323746462,0
141.0,0.19920979955094864,1
51.0,0.3235260069703687,0
57.0,0.23137618512081431,0
133.0,0.21483398812164706,1
58.0,0.33960813760796976,0
115.0,0.2415991980447341,1
104.0,0.368601563713407,0
142.0,0.3605027714809052,1
22.0,0.38342399033003405,0
152.0,0.27615502123018354,1
151.0,0.41178559608562937,1
61.0,0.39918868952082315,0
124.0,0.2924106775292722,1
60.0,0.43081004539708134,0
139.0,0.30032537577365814,1
68.0,0.44521149526548215,0
67.0,0.30786600111662404,0
71.0,0.31343193862055563,0
34.0,0.29738708595676017,0
42.0,0.2853871485612871,0
83.0,0.2739185708960837,0
150.0,0.26324934566125835,1
27.0,0.38110630013625124,0
94.0,0.2666323641933397,0
52.0,0.26523320218582735,0
122.0,0.2553076530093352,1
57.0,0.3704098077500231,0
111.0,0.25864552728627,1
71.0,0.38292437777501914,0
125.0,0.2656563609614955,1
103.0,0.3938282516537358,0
66.0,0.37379821699024113,0
115.0,0.26570439111179694,1
84.0,0.3928093394911446,0
127.0,0.27016919134932277,1
67.0,0.40205636266154715,0
103.0,0.2747840624693641,0
49.0,0.3884817954171775,0
126.0,0.26176584170675904,1
138.0,0.3910777222025373,1
48.0,0.3766246093906511,0
104.0,0.27351018778171277,0
141.0,0.38166970660746125,1
76.0,0.37556418029114624,0
152.0,0.2716684305637449,1
113.0,0.3999255533612992,1
25.0,0.3847993364403866,0
70.0,0.280345306432093,0
119.0,0.2870313514146501,1
44.0,0.3998104784126656,0
113.0,0.27536952219010274,1
