Timestep: 0, Trans probs: [0.14814814814814795, 0.07407407407407408, 0.29629629629629634, 0.14814814814814817, 0.07407407407407408, 0.03703703703703704, 0.14814814814814817, 0.07407407407407408]
Timestep: 1, Trans probs: [0.1557611228512077, 0.0519646867253668, 0.40657205693540427, 0.13563968455799089, 0.05193766837344334, 0.017327331858349195, 0.13556916049707346, 0.04522828820116439]
Timestep: 2, Trans probs: [0.3193712672511393, 0.08021662082311266, 0.3193712672511393, 0.08021662082311266, 0.08025454321861317, 0.020157568707134952, 0.08025454321861317, 0.020157568707134952]
Timestep: 3, Trans probs: [0.33098588471343515, 0.06651388409484868, 0.3608552661329435, 0.0725163411949214, 0.06737407113513284, 0.013539281780430604, 0.07345415467181511, 0.014761116276472681]
Timestep: 4, Trans probs: [0.2798858780047008, 0.047128892590160884, 0.45030007543854744, 0.07582427537958243, 0.0481800504937443, 0.00811285099804166, 0.07751545210723956, 0.013052524987982764]
Timestep: 5, Trans probs: [0.2535195918253571, 0.03694900164531842, 0.5070391836507142, 0.07389800329063684, 0.037412138860989125, 0.005452601001668646, 0.07482427772197825, 0.010905202003337292]
Timestep: 6, Trans probs: [0.4009151270518823, 0.051472815129842, 0.38405065438132424, 0.049307614005062374, 0.051714669461430905, 0.006639558951699629, 0.049539294747554426, 0.006360266271204172]
Timestep: 7, Trans probs: [0.23700682428683154, 0.027707676455717936, 0.5650245040147287, 0.06605512813355073, 0.027570510599236257, 0.0032231763355390626, 0.06572812459574323, 0.007684055578652621]
Timestep: 8, Trans probs: [0.48115000406684744, 0.051460790584859736, 0.33579441785767117, 0.03591446756911533, 0.050907425032875736, 0.005444739305182045, 0.035528273945878576, 0.003799881637570086]
Timestep: 9, Trans probs: [0.4166762141087625, 0.04076474749315641, 0.41306677572962186, 0.040411624758679, 0.040747605660142426, 0.003986466708303246, 0.040394631415998465, 0.0039519341253361736]
Timestep: 10, Trans probs: [0.36880694179996626, 0.0338082315447952, 0.4714791497582169, 0.0432201091057946, 0.03324379331375849, 0.0030474314184369424, 0.04249853684915155, 0.0038958062098799107]
Timestep: 11, Trans probs: [0.3302548197094725, 0.027966284507346492, 0.5208781438556819, 0.04410844443554607, 0.02747055713642493, 0.002326232262494796, 0.043326582862560595, 0.003668935230472697]
Timestep: 12, Trans probs: [0.2944660183916788, 0.023407648900831454, 0.5650221587823263, 0.04491465733874398, 0.022911316372082092, 0.0018212629505528176, 0.043962293197035665, 0.003494644066748796]
Timestep: 13, Trans probs: [0.26398012928092457, 0.01995894215377782, 0.602343022795555, 0.04554179733700466, 0.019313883321530424, 0.0014602791544548858, 0.04406991879843716, 0.0033320271583155594]
Timestep: 14, Trans probs: [0.21366071883829568, 0.01518480054997188, 0.6578778591956809, 0.04675517396199257, 0.015225866992266723, 0.0010820976112738358, 0.046881620710316776, 0.0033318621402016703]
Timestep: 15, Trans probs: [0.4095624374637797, 0.027236827364202416, 0.4673937487900176, 0.031082740218399366, 0.0283431062048114, 0.0018848805946321027, 0.03234522858945521, 0.0021510307747022502]
Timestep: 16, Trans probs: [0.4861112021090723, 0.03126957420880104, 0.39430903963713837, 0.025364311134241296, 0.032654137113184656, 0.002100509017802852, 0.026487399157673047, 0.0017038276220862536]
Timestep: 17, Trans probs: [0.38559828893621984, 0.02443996042616451, 0.4986970338080514, 0.03160837617962145, 0.024462740456732083, 0.0015504954918950807, 0.031637837756604704, 0.0020052669447107653]
Timestep: 18, Trans probs: [0.33544877783144655, 0.02078216930236423, 0.5514272771355211, 0.034162756846085045, 0.02072164580274347, 0.0012837749896725643, 0.03406326532665146, 0.0021103327655154764]
Timestep: 19, Trans probs: [0.47712557326261995, 0.028569029845292988, 0.4135799455531648, 0.024764084069372375, 0.028283375820984846, 0.0016935344765320257, 0.024516474671677446, 0.001467982300355552]
Timestep: 20, Trans probs: [0.28514322725102614, 0.01677888174787974, 0.6092156242136053, 0.035848499773911566, 0.015962762803123157, 9.393079822557592E-4, 0.0341048412723378, 0.0020068549558604504]
Timestep: 21, Trans probs: [0.5767066976115907, 0.03330865059620944, 0.3199979478681438, 0.018482011534089432, 0.0313160232015937, 0.0018087087928831238, 0.017376359944150162, 0.0010036004513397814]
Timestep: 22, Trans probs: [0.4449281986174549, 0.025211130557688026, 0.4541898387191237, 0.025735926285419024, 0.023385184689842676, 0.0013250833419038359, 0.02387197146798212, 0.0013526663205857099]
Timestep: 23, Trans probs: [0.3662371153995738, 0.020253621672763587, 0.5356565833293337, 0.02962284631758574, 0.018558634883280575, 0.0010263284464733288, 0.027143767070109, 0.0015011028808803414]
Timestep: 24, Trans probs: [0.3112600820517544, 0.016799771158568712, 0.5938496279498197, 0.03205209542577741, 0.015021489126097185, 8.107611426299133E-4, 0.02865933103269512, 0.0015468421126576995]
Timestep: 25, Trans probs: [0.27314176803676876, 0.01423083359937102, 0.6353586196578584, 0.03310252715014973, 0.012621073546690148, 6.575647466124368E-4, 0.02935804335185346, 0.0015295699106959966]
Timestep: 26, Trans probs: [0.30210883294735835, 0.015001279309791737, 0.6101285028765381, 0.030296062505762132, 0.013398103774900298, 6.652857349055934E-4, 0.027058344894499684, 0.0013435879562442177]
Timestep: 27, Trans probs: [0.41777938185869884, 0.019974849399668395, 0.4969776237122105, 0.023761472249997244, 0.018091552235510743, 8.649924984397283E-4, 0.021521159324014758, 0.0010289687214599273]
Timestep: 28, Trans probs: [0.28343133845792473, 0.012996411304056965, 0.6342936167024923, 0.029084789194640154, 0.011869266551519021, 5.442512843509243E-4, 0.026562341516397053, 0.0012179849886189327]
Timestep: 29, Trans probs: [0.49959947467448795, 0.022870314517319332, 0.4181517978051348, 0.019141859862876875, 0.02094491187106301, 9.588014926173565E-4, 0.01753034780403131, 8.024919724693768E-4]
Timestep: 30, Trans probs: [0.4308955213537553, 0.0195247980189442, 0.48830176414314536, 0.022125997706441365, 0.01755780833975563, 7.955818626567285E-4, 0.019896954973805017, 9.015736014963909E-4]
Timestep: 31, Trans probs: [0.37589537630384345, 0.01711106195167514, 0.5425780928894799, 0.024698594200182798, 0.015546862326274051, 7.077057638612926E-4, 0.022440783907346048, 0.001021522657337423]
Timestep: 32, Trans probs: [0.33258848757708387, 0.015020032328000817, 0.586454581924512, 0.026484881793657454, 0.01366020925796315, 6.169088598242865E-4, 0.024087100451796017, 0.0010877978071623055]
Timestep: 33, Trans probs: [0.2977630763929267, 0.013411947607933255, 0.6209064952284983, 0.02796708538986568, 0.012391091802574165, 5.581238482434074E-4, 0.02583835939765184, 0.0011638203323066163]
Timestep: 34, Trans probs: [0.26863209824463724, 0.011728173831796895, 0.6510152453327873, 0.028422589907553076, 0.011251865056383446, 4.912437127785442E-4, 0.027268281556815478, 0.0011905023572479862]
Timestep: 35, Trans probs: [0.2476641329973391, 0.010604105035916012, 0.6736899531312737, 0.028845028701520194, 0.010103667814014757, 4.3260343535075994E-4, 0.027483751537614412, 0.0011767573469712413]
Timestep: 36, Trans probs: [0.46781182680796374, 0.019294799953724434, 0.4560172375045683, 0.01880833460995968, 0.018513329325169282, 7.635783563744663E-4, 0.01804656661521643, 7.443268270237652E-4]
Timestep: 37, Trans probs: [0.2909019912328041, 0.012147696349512975, 0.18905559188429896, 0.00789472053338401, 0.2909019912328041, 0.012147696349512975, 0.18905559188429896, 0.00789472053338401]
Timestep: 38, Trans probs: [0.3613770769046765, 0.015081993381964951, 0.5261510128001036, 0.021958797610891374, 0.0294830141596023, 0.0012304671570321913, 0.04292612551228979, 0.0017915124734392736]
Timestep: 39, Trans probs: [0.42840640331209906, 0.01781055507229146, 0.46061112067924775, 0.019149433034480367, 0.03424673644007255, 0.0014237728024055812, 0.036821176175970444, 0.0015308024834327835]
Timestep: 40, Trans probs: [0.5027336114489847, 0.02093709006166657, 0.38746630182153746, 0.016136611263600838, 0.03942956836729064, 0.0016421031043045266, 0.030389114015393206, 0.001265599917221979]
Timestep: 41, Trans probs: [0.5587909124131526, 0.022896313174857765, 0.3343848995847012, 0.01370133481371641, 0.04220592871125351, 0.0017293770176671822, 0.025256361405456843, 0.0010348728791945176]
Timestep: 42, Trans probs: [0.4498882895234426, 0.018155546466647396, 0.4461613107410599, 0.01800514171498019, 0.03271557689960048, 0.0013202592519424143, 0.03244455348379346, 0.0013093219185336116]
Timestep: 43, Trans probs: [0.39257171171880556, 0.015865904847389926, 0.5053067077272545, 0.02042212391832011, 0.02766572291641036, 0.0011181185862939361, 0.03561050107909774, 0.0014392092064278393]
Timestep: 44, Trans probs: [0.34789871260001676, 0.013972809066447725, 0.5521730489632642, 0.02217716911666896, 0.023699913911534937, 9.518700701771724E-4, 0.037615700348235484, 0.0015107759236547985]
Timestep: 45, Trans probs: [0.48081704109188683, 0.018676754590605825, 0.4220801810706083, 0.01639519252793646, 0.031797932660862234, 0.0012351521140908132, 0.027913480655114422, 0.0010842652888951275]
Timestep: 46, Trans probs: [0.41854661942717497, 0.016242004763637123, 0.48577984158657267, 0.018851038653534814, 0.02699088267176398, 0.0010474007543760325, 0.03132656220355074, 0.0012156499393897876]
Timestep: 47, Trans probs: [0.37499247346784514, 0.014058824948974162, 0.5313807644122042, 0.019921970910607743, 0.023785497395493016, 8.91740949131852E-4, 0.03370509192106585, 0.0012636359946781171]
Timestep: 48, Trans probs: [0.33839093515185614, 0.012581374668142041, 0.5695777079636992, 0.021176898675778797, 0.02093927962428442, 7.785223978174575E-4, 0.03524487702207141, 0.0013104044963505826]
Timestep: 49, Trans probs: [0.30686697948754466, 0.011158172605795214, 0.6025062375816868, 0.02190808736160416, 0.018742236769445097, 6.814976092943828E-4, 0.03679872816124178, 0.0013380604233879097]
Timestep: 50, Trans probs: [0.2835722963625789, 0.010231958362211326, 0.6277381234361173, 0.022650274458258488, 0.016760793050854518, 6.047690088692863E-4, 0.037103020682922275, 0.0013387646381877818]
Timestep: 51, Trans probs: [0.2713400086353778, 0.00975782864403197, 0.6410247796623704, 0.023052295118517273, 0.01573913954462344, 5.66005092479085E-4, 0.037182789627699914, 0.0013371536748999688]
Timestep: 52, Trans probs: [0.23348736396610686, 0.008402662268560776, 0.6802382086023906, 0.024480176708348084, 0.013169396229930193, 4.739356636748194E-4, 0.03836750026919309, 0.001380756291795484]
Timestep: 53, Trans probs: [0.23456464809137476, 0.008202301231058093, 0.6813102340048883, 0.02382418585486865, 0.012892160936918405, 4.508155358632378E-4, 0.037446227537829654, 0.001309426807198897]
Timestep: 54, Trans probs: [0.4279857342430959, 0.014778111061220777, 0.4888643993629615, 0.016880217749405922, 0.023233997790333097, 8.022571134267651E-4, 0.026538908813535517, 9.163738660206653E-4]
Timestep: 55, Trans probs: [0.48295313941971507, 0.016975002285134794, 0.43464712864373006, 0.015277126080637303, 0.02549758538266713, 8.96197860223549E-4, 0.02294726210340109, 8.065582244912085E-4]
Timestep: 56, Trans probs: [0.6072788648504704, 0.021290435166441878, 0.3112472580156141, 0.010911938404353816, 0.031472226682408906, 0.0011033767853758196, 0.01613038889630646, 5.655111990285834E-4]
Timestep: 57, Trans probs: [0.4348336621931473, 0.015199851502750474, 0.4845404868966483, 0.016937381091319596, 0.022158939853959256, 7.745780157400792E-4, 0.024691978656385102, 8.631217900499802E-4]
Timestep: 58, Trans probs: [0.3364000283353688, 0.011441343778105758, 0.30833835972432155, 0.010486934828870498, 0.1682000141676844, 0.005720671889052879, 0.15416917986216078, 0.005243467414435249]
Timestep: 59, Trans probs: [0.502335998831988, 0.01719490956961131, 0.3904692408945527, 0.01336572195205586, 0.041691037983796864, 0.0014270799418346764, 0.03240673173232772, 0.001109279093832972]
Timestep: 60, Trans probs: [0.6572463742696497, 0.022879877630635228, 0.2371027775752532, 0.00825395582110863, 0.05291943613580177, 0.0018422166640551254, 0.01909077902401178, 6.645828794845245E-4]
Timestep: 61, Trans probs: [0.4647698567313583, 0.01639053972779436, 0.4311348396143748, 0.01520436967757181, 0.03632993225990782, 0.001281208730277624, 0.03370076456384711, 0.001188488694868303]
Timestep: 62, Trans probs: [0.3751261907898834, 0.01335376552851579, 0.5217683563179794, 0.018573942479990873, 0.028746766305535187, 0.0010233291792792294, 0.03998428628273926, 0.0014233631160769113]
Timestep: 63, Trans probs: [0.3138475645840374, 0.011069490952243253, 0.5846660391970134, 0.02062133392544544, 0.023548769936293547, 8.305716696949556E-4, 0.04386895933018407, 0.0015472704050879173]
Timestep: 64, Trans probs: [0.4649112113050558, 0.016611452545835372, 0.43496330835786334, 0.01554140270285977, 0.033905909113906195, 0.0012114708928787125, 0.03172181277295278, 0.0011334323086478963]
Timestep: 65, Trans probs: [0.43081135370764717, 0.015010432000111906, 0.4711443986656192, 0.01641572557812178, 0.030748217047300047, 0.0010713367165025725, 0.03362689981615722, 0.0011716364685400904]
Timestep: 66, Trans probs: [0.43160411728407455, 0.015018955454568475, 0.471760765059702, 0.016416326054140368, 0.03010324432501383, 0.0010475323738809396, 0.032904064175551986, 0.001144995273067828]
Timestep: 67, Trans probs: [0.24084488519027109, 0.24084488519027109, 0.22729237175987912, 0.22729237175987912, 0.016392582683299094, 0.016392582683299094, 0.015470160366550656, 0.015470160366550656]
Timestep: 68, Trans probs: [0.4867451325291909, 0.03407273896151978, 0.38930822241384017, 0.027252039211885796, 0.032517175106408544, 0.00227624098346837, 0.026007868990526147, 0.0018205818031605235]
Timestep: 69, Trans probs: [0.42190797398920604, 0.029030069246123398, 0.4559821876581439, 0.03137460133202748, 0.027745972189417645, 0.0019091070650881215, 0.029986797779641777, 0.0020632907403517614]
Timestep: 70, Trans probs: [0.45091680426544684, 0.03066457196800406, 0.4281433107851125, 0.029115861821953515, 0.029374342961136418, 0.0019976005445437876, 0.027890795660200734, 0.0018967119936023596]
Timestep: 71, Trans probs: [0.5409232651370385, 0.03639558441685566, 0.3396910375187078, 0.022855836730426606, 0.034609230024368276, 0.002328654051578195, 0.02173403514401044, 0.0014623569770147351]
Timestep: 72, Trans probs: [0.4717521289614792, 0.0312161136429908, 0.4107218176087025, 0.02717770232930077, 0.02964896877268086, 0.0019618895640025067, 0.025813298121932775, 0.0017080809989104481]
Timestep: 73, Trans probs: [0.41795011762923207, 0.027083804254456077, 0.4666965694648613, 0.030242648585220574, 0.02574631054983271, 0.0016684001410539036, 0.028749160014935465, 0.0018629893604080387]
Timestep: 74, Trans probs: [0.359314357181072, 0.023043994266240292, 0.5268439950511717, 0.033788212907518815, 0.021722710048325183, 0.0013931477988466392, 0.03185088242780837, 0.0020427003190168474]
Timestep: 75, Trans probs: [0.31075538443984296, 0.019613339656295088, 0.5767956113659117, 0.036404480193874135, 0.0185850720098763, 0.0011729976313152853, 0.0344959042030413, 0.0021772104998432967]
Timestep: 76, Trans probs: [0.42948633189979135, 0.02620962055153559, 0.4600919130005712, 0.0280773416123256, 0.02554297597739556, 0.0015587730234933974, 0.027363191348099957, 0.001669852586787547]
Timestep: 77, Trans probs: [0.4217160257897681, 0.0250062937247665, 0.4700894403382857, 0.027874668978955085, 0.024692446819787127, 0.0014641762233304123, 0.027524821909147013, 0.0016321262159601764]
Timestep: 78, Trans probs: [0.32180664214638177, 0.018532118631600238, 0.38731207360775993, 0.022304428670820067, 0.10729447627874615, 0.006178846867954549, 0.12913483021048644, 0.007436583586250868]
Timestep: 79, Trans probs: [0.47734784136533925, 0.02689958083128668, 0.39361854116343736, 0.02218125410274004, 0.04148187987626428, 0.0023375934362113962, 0.03420574186511384, 0.0019275673596071442]
Timestep: 80, Trans probs: [0.32397234113415435, 0.017710475632857527, 0.4334883048089942, 0.02369734413923103, 0.08156668692611306, 0.004458975776143968, 0.10913957876992085, 0.005966292812584929]
Timestep: 81, Trans probs: [0.5143926311522284, 0.02749064422124676, 0.33533116455512263, 0.01792107659169233, 0.060260727650755276, 0.0032205092453396894, 0.039283805319689225, 0.002099441263925693]
Timestep: 82, Trans probs: [0.3427305070125138, 0.017926205231489505, 0.509947864465822, 0.02667235594361708, 0.039236859516106753, 0.0020522479964095236, 0.05838042517135349, 0.0030535346626878682]
Timestep: 83, Trans probs: [0.5563194574049078, 0.02888459024922782, 0.2988313753351948, 0.015515585002966958, 0.062121801025288255, 0.003225417957749974, 0.033369214381395874, 0.0017325586432684]
Timestep: 84, Trans probs: [0.48748209544703064, 0.024710057721632105, 0.37079979003081953, 0.018795529723873116, 0.05309105519426543, 0.002691140968263937, 0.040383333669918045, 0.002046997244197315]
Timestep: 85, Trans probs: [0.4128514852331177, 0.02040180490976278, 0.44835145551977595, 0.02215610032590212, 0.043963486410768235, 0.002172535415245132, 0.04774378639055134, 0.0023593457948768437]
Timestep: 86, Trans probs: [0.3207570599245548, 0.015615060883905978, 0.5432684679635047, 0.026447337450816438, 0.033245074572147, 0.0016184331645145175, 0.05630741450988138, 0.0027411515306753824]
Timestep: 87, Trans probs: [0.4732963799308476, 0.022478415433772395, 0.39335376524808346, 0.018681675420751973, 0.048064099544298224, 0.002282723559315585, 0.03994578308790518, 0.00189715777502563]
Timestep: 88, Trans probs: [0.41994680219110647, 0.01968947807015579, 0.4486849596105151, 0.02103688521156945, 0.04185893815196945, 0.0019625834521967557, 0.044723464677100956, 0.0020968886353858627]
Timestep: 89, Trans probs: [0.29347904187648066, 0.013809289848820894, 0.5766347864172873, 0.027132829832191827, 0.028651605016134327, 0.0013481654968338559, 0.05629537303023042, 0.0026489084820207976]
Timestep: 90, Trans probs: [0.4682112822427065, 0.02164364223238624, 0.4043587326683223, 0.018691979615471147, 0.044668979845508675, 0.002064878518157326, 0.038577225207814994, 0.001783279669632835]
Timestep: 91, Trans probs: [0.4171264234626936, 0.018758818427398082, 0.45851841871130755, 0.020620280275752835, 0.03873752154275804, 0.0017420860728881893, 0.04258149597700849, 0.0019149555301934123]
Timestep: 92, Trans probs: [0.24593332149556357, 0.01100371980039501, 0.5500393739313991, 0.024610244407385004, 0.04980653753919379, 0.002228478759918796, 0.11139424523343038, 0.004984078832714285]
Timestep: 93, Trans probs: [0.3647474859366822, 0.015939650997546313, 0.48904668316463357, 0.021371589254778497, 0.04457276070086232, 0.0019478523552927986, 0.05976233317762105, 0.002611644412583357]
Timestep: 94, Trans probs: [0.45206760542854735, 0.01973193994301608, 0.40380154169623, 0.017625212853051207, 0.05403885994154798, 0.0023586992877865417, 0.04826927365259461, 0.0021068671972262042]
Timestep: 95, Trans probs: [0.21283467900557557, 0.10641733950278778, 0.3563237742274003, 0.17816188711370015, 0.03646283243037727, 0.018231416215188635, 0.06104538100331345, 0.030522690501656725]
Timestep: 96, Trans probs: [0.46214134959485365, 0.035035430464592156, 0.3474372080277376, 0.02633958669428569, 0.06847401611026963, 0.005191088467123457, 0.051478667729375, 0.003902652911762835]
Timestep: 97, Trans probs: [0.2698150010687696, 0.020074894140598324, 0.5435421700735978, 0.04044086311716029, 0.03894270534369816, 0.002897432256273987, 0.07845005832590983, 0.005836875673991915]
Timestep: 98, Trans probs: [0.5031196494536593, 0.03632832403269476, 0.31462630435427896, 0.022717948595733096, 0.0706989067378555, 0.005104894622022998, 0.04421162197297187, 0.003192350230783553]
Timestep: 99, Trans probs: [0.24642280621758603, 0.01754533639321378, 0.5746197556651694, 0.04091300259940068, 0.03376201903082552, 0.002403860220173261, 0.07872779075945469, 0.005605429114176699]
Timestep: 100, Trans probs: [0.4115414863451898, 0.028654569181344867, 0.4128810212335156, 0.028747837530714054, 0.05515148147165305, 0.003840054997414269, 0.055330995168389255, 0.003852554071779306]
Timestep: 101, Trans probs: [0.54610856917334, 0.03743943636911097, 0.28160284843385347, 0.019305780059922832, 0.07134235850094045, 0.004891001244608663, 0.03678794383004297, 0.0025220623881808154]
Timestep: 102, Trans probs: [0.3433578806473804, 0.023285021357394364, 0.4872827731922508, 0.03304537457966302, 0.043754957741005726, 0.0029672687971228585, 0.062095668544864896, 0.004211055140318044]
Timestep: 103, Trans probs: [0.5792549845233089, 0.038509302721968154, 0.25435445964654724, 0.01690967388614224, 0.07230459555897618, 0.004806863355455591, 0.031749396767815796, 0.0021107235397859535]
Timestep: 104, Trans probs: [0.4180927034246234, 0.027291118044900153, 0.41841185254002505, 0.027311950592588757, 0.051090470281576074, 0.003334944723988306, 0.05112946995380728, 0.00333749043849099]
Timestep: 105, Trans probs: [0.28814282480984565, 0.018363680408411815, 0.5305823898951896, 0.03381463843424389, 0.04271221677676294, 0.002722099705036553, 0.07864971154527925, 0.0050124384252303415]
Timestep: 106, Trans probs: [0.4843012959827574, 0.03034878014450805, 0.33369738808237814, 0.02091117399378018, 0.07284162408497656, 0.0045646263040406195, 0.050189953862317414, 0.003145157545241639]
Timestep: 107, Trans probs: [0.37663011702817484, 0.023362076223561984, 0.4446225343301065, 0.027579593527185198, 0.0551889259452708, 0.0034233265910954287, 0.06515209222874555, 0.004041334125859696]
Timestep: 108, Trans probs: [0.27160925811861236, 0.016410845297696548, 0.5533966338600832, 0.03343666047855351, 0.03885333917553749, 0.002347549354264758, 0.07916264439180817, 0.004783069323444041]
Timestep: 109, Trans probs: [0.4548905848083859, 0.027113136766239172, 0.3730951078763136, 0.022237828226157576, 0.06359975846849153, 0.0037907774028393126, 0.05216366207426483, 0.0031091443773081867]
Timestep: 110, Trans probs: [0.22540370733466575, 0.013060551378130798, 0.6062728741070431, 0.035129227088024385, 0.030775773556351735, 0.001783238512300342, 0.08277821561813918, 0.0047964124053447845]
Timestep: 111, Trans probs: [0.47550615371976573, 0.02704160292909112, 0.3591679246541996, 0.02042555354412621, 0.06353015354699504, 0.003612902110315251, 0.047986746804299776, 0.002728962691207264]
Timestep: 112, Trans probs: [0.5570768212856931, 0.03131087258231448, 0.2811940973951152, 0.015804700928172495, 0.07211373696074092, 0.00405320046201371, 0.03640064780951438, 0.002045922576435653]
Timestep: 113, Trans probs: [0.5860103447594123, 0.032837999323400806, 0.23037537677770795, 0.01290944184587805, 0.09371103716703512, 0.0052512434338504235, 0.036840161080174794, 0.0020643956125406364]
Timestep: 114, Trans probs: [0.5035912371541358, 0.02777652666615104, 0.31607650649933916, 0.01743379722200286, 0.07867724213054283, 0.004339592019924999, 0.04938137520850698, 0.0027237230993963483]
Timestep: 115, Trans probs: [0.3860655445428765, 0.02122511819675657, 0.4361751297528797, 0.023980043840618685, 0.058994571457971955, 0.003243404571742067, 0.06665180362278782, 0.0036643840143666673]
Timestep: 116, Trans probs: [0.5474952436928128, 0.029866701875123827, 0.27785248746953445, 0.015157277627730928, 0.08154087614428146, 0.004448179352228445, 0.04138179377471594, 0.0022574400635720455]
Timestep: 117, Trans probs: [0.30876603511063005, 0.016674844289307336, 0.5410435366778811, 0.029218941534833374, 0.03595304234554304, 0.0019416364323362183, 0.06299967928140986, 0.0034022843280589977]
Timestep: 118, Trans probs: [0.5628124657922865, 0.030291750220780393, 0.24418279889842961, 0.013142431630453871, 0.09898548591413271, 0.005327606968641844, 0.0429460157155696, 0.0023114448597054754]
Timestep: 119, Trans probs: [0.2924167198187406, 0.015381789867688817, 0.5183376429570336, 0.0272657483793005, 0.05023159098100386, 0.002642296848375956, 0.08904047787422936, 0.004683733273627312]
Timestep: 120, Trans probs: [0.2611704549875392, 0.013592067317124533, 0.552680139432048, 0.028763076054512286, 0.04386190284422141, 0.002282700530365418, 0.09281908468879387, 0.004830574145395435]
Timestep: 121, Trans probs: [0.4437422851864268, 0.022716823408156925, 0.373765436268485, 0.019134447392627305, 0.07262199235684529, 0.003717790778550394, 0.061169718465165404, 0.003131506143742966]
Timestep: 122, Trans probs: [0.35377938099624956, 0.017863986442717, 0.4668277062796784, 0.023572328586761986, 0.05661687057312524, 0.002858852331922914, 0.07470849135401052, 0.003772383435534455]
Timestep: 123, Trans probs: [0.22629868257453872, 0.011106581905289287, 0.5979257517601696, 0.029345779920829176, 0.03541608018919797, 0.0017381965768009174, 0.09357626889652614, 0.004592658176648072]
Timestep: 124, Trans probs: [0.4479100979398182, 0.02172198804517127, 0.379149901256825, 0.01838737206486291, 0.06860964890401976, 0.003327314968185333, 0.0580771492468556, 0.002816527574261853]
Timestep: 125, Trans probs: [0.3784968928783125, 0.0178604672673802, 0.4519816611651491, 0.021328057948659652, 0.0567235517090491, 0.0026766643469243383, 0.06773636880788322, 0.003196335876641781]
Timestep: 126, Trans probs: [0.3272641113596378, 0.015340631264486003, 0.5060049052100684, 0.023719174817548327, 0.047897298949845145, 0.0022452043357328805, 0.07405721364998964, 0.0034714604126918226]
Timestep: 127, Trans probs: [0.2881168929417783, 0.013194778391856038, 0.5484608901878951, 0.025117652174916936, 0.04120087565512124, 0.0018868606358655878, 0.07843021180606344, 0.003591838206503432]
Timestep: 128, Trans probs: [0.2603297770103362, 0.011863040659743767, 0.5787271600577529, 0.026372180353346875, 0.03641261902308046, 0.001659296854010719, 0.08094721948252419, 0.0036887065592049423]
Timestep: 129, Trans probs: [0.2381516223282627, 0.010821218550533352, 0.6032048907488476, 0.027408639461404302, 0.032602484551995686, 0.001481403347911035, 0.08257755265349577, 0.003752188357549585]
Timestep: 130, Trans probs: [0.26714799234487024, 0.011838366061518705, 0.5774504870028423, 0.02558907588089598, 0.035731986459059374, 0.0015834232258107306, 0.07723603984912757, 0.00342262917587513]
Timestep: 131, Trans probs: [0.21340192900149677, 0.009438144608081518, 0.6514642491108721, 0.028812362750762797, 0.022893039782245155, 0.001012492347160917, 0.06988688922067363, 0.0030908931787072312]
Timestep: 132, Trans probs: [0.4345041964637119, 0.019058968525668758, 0.3916055470968053, 0.017177274367748574, 0.06935875795258091, 0.003042332837188416, 0.06251095979056616, 0.0027419629657299445]
Timestep: 133, Trans probs: [0.3445169504282164, 0.01482648441940692, 0.4847571917243237, 0.020861803581399312, 0.05378584102035331, 0.00231470449532823, 0.07568008835312728, 0.003256935977844651]
Timestep: 134, Trans probs: [0.2387760247524868, 0.01011260578806119, 0.6347493061943146, 0.026882805819563746, 0.023465145154978502, 9.93792249275899E-4, 0.062378476324459226, 0.0026418437168599968]
Timestep: 135, Trans probs: [0.29735188843809707, 0.09928807982022919, 0.3285438883705103, 0.10970332821602596, 0.05880627740241773, 0.019635867777168366, 0.06497501374506097, 0.021695656230490457]
Timestep: 136, Trans probs: [0.45467615249563265, 0.03230284882262899, 0.33516108247580767, 0.023811800374880444, 0.08279667663849669, 0.005882359375545096, 0.06103294315138844, 0.0043361366656201475]
Timestep: 137, Trans probs: [0.4172909584579108, 0.02933138013935408, 0.3761521233604636, 0.026439731551537553, 0.07409385546460588, 0.005208056864337538, 0.06678927615390905, 0.004694618007881414]
Timestep: 138, Trans probs: [0.3826877596218907, 0.026493020792239617, 0.41422662237820174, 0.02867641894323377, 0.06643209204060609, 0.004599015127744567, 0.07190703233018683, 0.004978038765896583]
Timestep: 139, Trans probs: [0.443852327111598, 0.02988621372294684, 0.35715099174142173, 0.024048293133907148, 0.07531095443236413, 0.005070964242751025, 0.06059984463650012, 0.0040804109785109914]
Timestep: 140, Trans probs: [0.4840832183263809, 0.03171858976449943, 0.32091607715757964, 0.02102738747148796, 0.08028388892835424, 0.00526044209179794, 0.05322306107391496, 0.003487335185984918]
Timestep: 141, Trans probs: [0.38093596722283046, 0.02431160800368401, 0.41568886528904114, 0.02652956300787366, 0.06856403117126326, 0.004375805889741728, 0.0748191474935022, 0.004775011922063594]
Timestep: 142, Trans probs: [0.5181890238738872, 0.032638410103524466, 0.2708808421816447, 0.017061573304308908, 0.09960741242555565, 0.0062738256240784315, 0.05206930004741963, 0.003279612439581022]
Timestep: 143, Trans probs: [0.41558602560435953, 0.0258556201881106, 0.3769842867775969, 0.023454018988325342, 0.07805445702629818, 0.004856145949388718, 0.07080436299339063, 0.00440508247253013]
Timestep: 144, Trans probs: [0.335678038760544, 0.02055570466574519, 0.46060645653511906, 0.02820586751111642, 0.06155242201721475, 0.00376924690432235, 0.0844602259390822, 0.005172037666856009]
Timestep: 145, Trans probs: [0.3921477152356487, 0.023528184205010714, 0.4081030222164754, 0.02448547500923432, 0.07014649017573836, 0.0042086680046012235, 0.07300053914988296, 0.004379906003408494]
Timestep: 146, Trans probs: [0.4773863103822663, 0.028343235602578096, 0.32620319385956537, 0.019367237343843546, 0.0833870047528037, 0.004950828020203342, 0.05697923607186404, 0.003382953966875524]
Timestep: 147, Trans probs: [0.390844676704736, 0.02292683262375954, 0.4159966168382393, 0.02440223795987798, 0.06672759824111014, 0.003914221089456292, 0.07102170445834989, 0.004166112084470855]
Timestep: 148, Trans probs: [0.3560785290222896, 0.02070462981020681, 0.45405264957628666, 0.02640145714383159, 0.059300670332447965, 0.0034481113761666658, 0.07561710210393625, 0.0043968506348345615]
Timestep: 149, Trans probs: [0.4407295268765258, 0.025476111678233573, 0.3495054408742439, 0.020202956917740253, 0.0865131173583747, 0.005000839982458346, 0.06860626161817167, 0.003965744694251713]
Timestep: 150, Trans probs: [0.38636927994677245, 0.021798542182950485, 0.40797257112914287, 0.02301737680198215, 0.0740557959227587, 0.004178148924098263, 0.07819652088744003, 0.004411764204855152]
Timestep: 151, Trans probs: [0.3261174274529079, 0.018336379423564326, 0.4938434089218015, 0.027766992376156256, 0.0504336693073754, 0.0028356991019014006, 0.07637229132376139, 0.004294132092531909]
Timestep: 152, Trans probs: [0.4242995317549942, 0.023223958351478786, 0.3551686415327683, 0.01944009154238531, 0.09179693033594297, 0.005024488427073184, 0.07684050677463722, 0.004205851280720141]
Timestep: 153, Trans probs: [0.381886058699467, 0.020440503351374702, 0.40183073670719915, 0.021508044960637716, 0.08063312247326682, 0.004315898872453176, 0.08484433057540114, 0.004541304360200386]
Timestep: 154, Trans probs: [0.34728006898833924, 0.01850672577867103, 0.43976345848737036, 0.023435211117684433, 0.07164171421975946, 0.0038178222068469, 0.09072046118000256, 0.004834538021326101]
Timestep: 155, Trans probs: [0.3173010492423698, 0.016496290878047645, 0.47362971263822234, 0.02462372414721577, 0.06404713051934634, 0.0033297718285967112, 0.09560202872197157, 0.004970292024229839]
Timestep: 156, Trans probs: [0.3012331777546174, 0.015439894255183413, 0.5304518570454411, 0.02718864051196545, 0.043303597425173576, 0.002219552872951971, 0.0762547931876319, 0.003908486947035402]
Timestep: 157, Trans probs: [0.3627868891736321, 0.01834134711586512, 0.4136563426175444, 0.020913144308796726, 0.0819696411540082, 0.00414412341304047, 0.09346330580654295, 0.004725206410570171]
Timestep: 158, Trans probs: [0.2586021606166695, 0.012910906430847578, 0.5216336135368421, 0.026042948595244458, 0.057078301397543975, 0.0028496769200152773, 0.11513422989794857, 0.005748162604888494]
Timestep: 159, Trans probs: [0.40556787646733616, 0.01986566934539623, 0.3785836501631304, 0.018543918416871037, 0.08748713108277369, 0.0042853256357636964, 0.08166622493900665, 0.004000203949722138]
Timestep: 160, Trans probs: [0.2574149132562193, 0.012390622669448497, 0.5834643495476265, 0.02808495632544776, 0.03465236889641017, 0.0016679858294401993, 0.07854409685387517, 0.0037807066215324293]
Timestep: 161, Trans probs: [0.4304055757968386, 0.020546775441015963, 0.339856612900154, 0.016224133468707377, 0.10291279376349413, 0.00491286865778014, 0.08126194333751503, 0.0038792966344948308]
Timestep: 162, Trans probs: [0.39648134706827637, 0.018763707324819807, 0.3774626559721879, 0.01786363685223158, 0.0926567756019803, 0.0043850350890723465, 0.08821215139414793, 0.004174690697283811]
Timestep: 163, Trans probs: [0.22270566503798306, 0.010535878340338348, 0.5544255303232336, 0.02622905858845979, 0.05092343356870076, 0.0024091129458275237, 0.12677383692683172, 0.005997484268625092]
Timestep: 164, Trans probs: [0.4289057095942614, 0.020157197055737285, 0.35164696878736074, 0.01652628324907328, 0.09591897545596202, 0.004507885174760853, 0.07864110039520349, 0.0036958802876410706]
Timestep: 165, Trans probs: [0.3994928576001562, 0.018755160275302774, 0.38405149449218257, 0.018030228065753606, 0.08749772424696403, 0.0041077926945530824, 0.08411572603218997, 0.0039490165928978156]
Timestep: 166, Trans probs: [0.37391264424280773, 0.017641178043265246, 0.4123129048697141, 0.01945290023308012, 0.08023982802201622, 0.003785710684279971, 0.0884803364834063, 0.004174497421430308]
Timestep: 167, Trans probs: [0.35085622873195876, 0.016331854310279788, 0.4387692062261964, 0.020424077343081295, 0.07371315643049381, 0.003431241725206488, 0.09218323771057839, 0.004290997522205085]
Timestep: 168, Trans probs: [0.32997884207078026, 0.015259863029324503, 0.46261695507740713, 0.0213937091397216, 0.06794590081141202, 0.003142156428210672, 0.09525739755346077, 0.0044051758896830225]
Timestep: 169, Trans probs: [0.3111222408302059, 0.014174145278621297, 0.4847397138225294, 0.022083831447419888, 0.0627688644034996, 0.0028596316375685688, 0.09779616297030581, 0.004455409609849594]
Timestep: 170, Trans probs: [0.293552052579058, 0.013030819851196836, 0.5058137471133731, 0.022453148458630168, 0.058070555260325146, 0.0025777606990244947, 0.10006022746261908, 0.004441688575773172]
Timestep: 171, Trans probs: [0.22049110051257817, 0.009845702585603173, 0.5812183113106227, 0.025953440375451622, 0.04277916610502937, 0.0019102401201276957, 0.11276661336915683, 0.005035425621430395]
Timestep: 172, Trans probs: [0.36702891045862734, 0.0164933546951675, 0.4370708830766227, 0.01964086450984197, 0.06978857716203457, 0.0031361228611833073, 0.08310668227948712, 0.0037346049570356203]
Timestep: 173, Trans probs: [0.3368540711758155, 0.014875068468504678, 0.4702204010449587, 0.020764364332651313, 0.06287123200053286, 0.0027763175829899622, 0.0877630358519583, 0.003875509542588653]
Timestep: 174, Trans probs: [0.31441484930852115, 0.013793409779909963, 0.4953174609403952, 0.021729624809136698, 0.057561324789254104, 0.0025252208731197275, 0.09067997044567727, 0.003978139053986]
Timestep: 175, Trans probs: [0.3219551786885716, 0.013773838543550588, 0.5292697480192453, 0.02264313959756027, 0.040753225375978294, 0.0017434984234269099, 0.0669951929755407, 0.0028661783761264525]
Timestep: 176, Trans probs: [0.3958816074851224, 0.016782618309176236, 0.40755445835487136, 0.017277465750994554, 0.07681502226334185, 0.0032564210478128594, 0.07907996784930255, 0.003352438939378232]
Timestep: 177, Trans probs: [0.4512462231209138, 0.0187417101076751, 0.345658674206197, 0.014356318870374191, 0.09242200842337829, 0.0038385839053902155, 0.07079609149557069, 0.002940389870500688]
Timestep: 178, Trans probs: [0.3683644632395735, 0.015113310581825067, 0.4315956965753669, 0.017707570786708565, 0.07396604745035144, 0.003034689714083903, 0.08666261531177889, 0.0035556063403116983]
Timestep: 179, Trans probs: [0.3867730869098191, 0.016042246881956032, 0.41564545661463265, 0.017239790606035588, 0.07603990580253144, 0.0031539188817688193, 0.08171623734408413, 0.0033893569591722096]
Timestep: 180, Trans probs: [0.3664551971180564, 0.0920735831675304, 0.303673798940122, 0.07629946307871734, 0.07058034797249618, 0.017733642721255476, 0.058488466169627586, 0.014695500832194763]
Timestep: 181, Trans probs: [0.40023995154981756, 0.029775633248467062, 0.38265611193111243, 0.0284674930751559, 0.07559086979476555, 0.005623541596050324, 0.07226991763603499, 0.005376481168596324]
Timestep: 182, Trans probs: [0.3675047148599687, 0.02685034298087822, 0.4188491185307038, 0.030601627775233026, 0.06802762333195919, 0.004970181183479725, 0.0775318218140051, 0.005664569523772205]
Timestep: 183, Trans probs: [0.3398716704706848, 0.024217106245367433, 0.4500677925026971, 0.032068985136541134, 0.0617608124075014, 0.004400684981485315, 0.08178543526420479, 0.00582751299151808]
Timestep: 184, Trans probs: [0.314591523466071, 0.022005944034367144, 0.4785895146686456, 0.03347774269057513, 0.056098472536878295, 0.00392413576010788, 0.0853428612737957, 0.005969805569559338]
Timestep: 185, Trans probs: [0.38614309956386733, 0.02624971911106006, 0.41060891060432425, 0.027912886647555268, 0.06765460508982983, 0.004599109454975496, 0.07194116306798354, 0.004890506460404043]
Timestep: 186, Trans probs: [0.36038820381015335, 0.023836994184467202, 0.43997985247816584, 0.029101388652358822, 0.06195503337394942, 0.004097863788602996, 0.07563778768549728, 0.005002876026805091]
Timestep: 187, Trans probs: [0.3326906237482586, 0.02176202162992757, 0.4702497464820472, 0.03076006482873967, 0.05621086590439305, 0.0036768757287671022, 0.07945263122617702, 0.005197170451689875]
Timestep: 188, Trans probs: [0.3084036059696973, 0.019813523982433325, 0.4975374472127663, 0.03196450998526071, 0.05115887851971019, 0.003286724431374734, 0.08253294490812665, 0.0053023649906307905]
Timestep: 189, Trans probs: [0.2854488043555335, 0.01798631169380686, 0.5235806783755573, 0.03299115335017538, 0.046465728537507765, 0.0029278352678418916, 0.08522914546379039, 0.005370342955786924]
Timestep: 190, Trans probs: [0.2619007295619814, 0.016347227631524727, 0.5497334354055046, 0.034313068238731655, 0.041824669888616675, 0.0026105975360438457, 0.087790589591042, 0.005479682146555034]
Timestep: 191, Trans probs: [0.23993135575056576, 0.01488451322210376, 0.5738153130472659, 0.03559752158020097, 0.0376934844694807, 0.002338373682831263, 0.09014702777399002, 0.005592410473561648]
Timestep: 192, Trans probs: [0.22277889041573612, 0.013705632433589732, 0.593302526797406, 0.03650070407941528, 0.034386109848323326, 0.002115475939047366, 0.09157674599093137, 0.005633914495550705]
Timestep: 193, Trans probs: [0.3562384176488538, 0.021744702267092603, 0.4621550919417761, 0.028209829085307992, 0.05401000907872542, 0.003296757195956043, 0.07006824495879811, 0.004276947823489975]
Timestep: 194, Trans probs: [0.4089566896468721, 0.024746521747281286, 0.4117929802263222, 0.024918149521769038, 0.06088470693466668, 0.00368421586534402, 0.06130696857039268, 0.0037097674873521084]
Timestep: 195, Trans probs: [0.3354953590744325, 0.02003902432487288, 0.4876778073324507, 0.02912883048754042, 0.049096619192852055, 0.0029325244587252485, 0.07136710224982389, 0.004262732879302289]
Timestep: 196, Trans probs: [0.29169649869003084, 0.01719595041200057, 0.5338831760229, 0.03147322186560384, 0.04195735706757225, 0.002473449749286388, 0.0767932668007986, 0.004527079391807571]
Timestep: 197, Trans probs: [0.2591601564869153, 0.015044792884762766, 0.568869887229361, 0.033024095014297455, 0.03665136334804231, 0.0021276888314555476, 0.08045162966883704, 0.004670386536328546]
Timestep: 198, Trans probs: [0.3738564137972149, 0.021288133934693813, 0.4566864046718636, 0.026004639722676436, 0.052027905715956994, 0.0029625732884274655, 0.06355498080852803, 0.0036189480606388857]
Timestep: 199, Trans probs: [0.41589419483014545, 0.02356689532826725, 0.41671047037651116, 0.023613150074304482, 0.05682849495398294, 0.0032202209333324528, 0.056940032242419135, 0.0032265412610370707]
Timestep: 200, Trans probs: [0.3578017706222285, 0.019739389524211393, 0.47754054265947765, 0.026345198819910765, 0.04813293588859886, 0.002655422215481683, 0.06424067797110944, 0.003544062298981748]
Timestep: 201, Trans probs: [0.3112707913344806, 0.01696511319205762, 0.526498352013519, 0.02869560648157001, 0.04107273288127304, 0.00223857676928377, 0.06947239116774231, 0.003786436160073763]
Timestep: 202, Trans probs: [0.2752382482766085, 0.01461702112636088, 0.5653067853173529, 0.030021631352466164, 0.035700885156512326, 0.0018959595762217075, 0.07332539262686173, 0.0038940765676157363]
Timestep: 203, Trans probs: [0.24981675603061662, 0.013135239550140879, 0.5927083250650378, 0.03116430601691864, 0.031881280446700855, 0.0016763017120489522, 0.07564064410546162, 0.003977147073074726]
Timestep: 204, Trans probs: [0.22882903764633608, 0.011713741501044135, 0.6166022296370072, 0.031563822499215945, 0.02865578706934464, 0.0014668876192105102, 0.077215821823582, 0.003952672204259492]
Timestep: 205, Trans probs: [0.21130416853712972, 0.010657594394022888, 0.6364437762960756, 0.03210045343318407, 0.025981341362531264, 0.0013104265759236661, 0.07825526171340642, 0.003946977687726231]
Timestep: 206, Trans probs: [0.38930182541444236, 0.019642371993620854, 0.45978747859153823, 0.02319875249207844, 0.0471692411381143, 0.0023799420413847185, 0.05570954214479072, 0.002810846184030461]
Timestep: 207, Trans probs: [0.36814243633440086, 0.018094351255116853, 0.48329115573361237, 0.023753957890342264, 0.04398103312613604, 0.00216168575910756, 0.057737555446015186, 0.0028378244552687572]
Timestep: 208, Trans probs: [0.30882453848496194, 0.014849873775314996, 0.5448554197306644, 0.02619945373670696, 0.03633521364476415, 0.001747184141748908, 0.0641057805138932, 0.0030825359719454976]
Timestep: 209, Trans probs: [0.3471387640557634, 0.01654093311254026, 0.508634886875374, 0.024236116831822776, 0.040054914691880376, 0.0019085902623092533, 0.05868928829807846, 0.0027965058722314424]
Timestep: 210, Trans probs: [0.38916176522367835, 0.018385773651346127, 0.4183196589442287, 0.019763325307244072, 0.07104130760871509, 0.0033563148240905788, 0.07636406817290683, 0.003607786267790327]
Timestep: 211, Trans probs: [0.413656146779514, 0.01932881083991591, 0.35198443486680187, 0.016447091655962916, 0.10250012772272016, 0.004789498706218179, 0.0872184538079332, 0.0040754356209338795]
Timestep: 212, Trans probs: [0.400486626795281, 0.018759411935633727, 0.4412108114535304, 0.020666995621661376, 0.05403134897110074, 0.0025309118082112256, 0.05952562140271983, 0.002788272011861734]
Timestep: 213, Trans probs: [0.3438587520364848, 0.016110152074013877, 0.4996998129715164, 0.023411473259442466, 0.045526895832624495, 0.0021329839969975455, 0.066160250969335, 0.0030996788595854027]
Timestep: 214, Trans probs: [0.4100580852145887, 0.01920379575549882, 0.43523662246746075, 0.020382954280255963, 0.05334645517680861, 0.0024983154007540056, 0.05662205382346141, 0.0026517178811718478]
Timestep: 215, Trans probs: [0.45144223258283905, 0.021056195620300765, 0.3957416809118329, 0.018458207156897177, 0.057684969192993214, 0.002690545784184704, 0.05056759209517125, 0.0023585766557809103]
Timestep: 216, Trans probs: [0.4138405288172762, 0.01921469157769818, 0.4349554872539706, 0.020195062966639976, 0.05208813603530355, 0.0024184616998144588, 0.054745775272749854, 0.0025418563765472126]
Timestep: 217, Trans probs: [0.36616136109749886, 0.0170598527036581, 0.4841721286375518, 0.022558101633159064, 0.04527834557028381, 0.0021095669509724473, 0.059871180537024504, 0.0027894628698514976]
Timestep: 218, Trans probs: [0.3272152795715294, 0.015113715021196853, 0.5249709101572649, 0.024247830788723335, 0.03980408072532646, 0.0018385068495305142, 0.06386005113731255, 0.0029496257491160817]
Timestep: 219, Trans probs: [0.41605123450373893, 0.018782892528896193, 0.43859550286935106, 0.019800667588160157, 0.04973148208434076, 0.002245158782925098, 0.05242624605894192, 0.0023668155836459237]
Timestep: 220, Trans probs: [0.4020602986262497, 0.017634287008845968, 0.4552406101730119, 0.019966765197415425, 0.0472182996399668, 0.0020709854983590264, 0.05346384015750014, 0.0023449136986510434]
Timestep: 221, Trans probs: [0.3582709410823344, 0.015335136620692422, 0.5015185337575759, 0.021466589530671237, 0.04132135994206663, 0.001768685727483478, 0.057842893393499725, 0.002475859945676189]
Timestep: 222, Trans probs: [0.33422076860672234, 0.06800152899510054, 0.4121276252931295, 0.08385268449319516, 0.03787876200874914, 0.007706923013116004, 0.04670830092572352, 0.009503406664263725]
Timestep: 223, Trans probs: [0.3690813229307828, 0.02788119553653611, 0.3846535369450165, 0.029057554016071154, 0.08619601512271113, 0.006511432041651254, 0.0898327821744991, 0.006786161232731855]
Timestep: 224, Trans probs: [0.39516223380690507, 0.02941221702289103, 0.42726924863313626, 0.03180196585827124, 0.05203311758234699, 0.003872863385668143, 0.056260819358341596, 0.00418753435243967]
Timestep: 225, Trans probs: [0.37545751518076254, 0.027581436320580553, 0.44928693472584985, 0.03300500983138876, 0.04862970108184355, 0.0035723802279786112, 0.058192174752919434, 0.0042748478786767945]
Timestep: 226, Trans probs: [0.43895893750120357, 0.031728624509488476, 0.3881291497416349, 0.028054569576466577, 0.05599331401777022, 0.004047282521743477, 0.04950949964624865, 0.003578622485444139]
Timestep: 227, Trans probs: [0.4005025757837998, 0.028357049302603656, 0.42935770628983, 0.030400098231293367, 0.05020046293634846, 0.003554376647175467, 0.05381727090982182, 0.003810459899127383]
Timestep: 228, Trans probs: [0.36772574266019686, 0.025713329236565198, 0.4643471626117716, 0.03246961005755487, 0.04533050954495071, 0.003169749030781534, 0.057241283502945994, 0.004002613355233384]
Timestep: 229, Trans probs: [0.2976323510035968, 0.050539888401076455, 0.4028414178351476, 0.06840506494696785, 0.06559141109120034, 0.01113784367001937, 0.08877710017977132, 0.015074922872220318]
Timestep: 230, Trans probs: [0.36715668306925037, 0.03885995426751108, 0.4251107772516855, 0.04499382994891788, 0.051913948260009515, 0.005494585141051086, 0.06010834042439016, 0.0063618816371843806]
Timestep: 231, Trans probs: [0.38908115376802976, 0.03987331866983912, 0.40705663079939375, 0.04171545858582506, 0.05420172120830258, 0.005554631678410554, 0.0567058306600318, 0.005811254630167515]
Timestep: 232, Trans probs: [0.3608105527990688, 0.03618216881583147, 0.4384928971693545, 0.04397217295016312, 0.049454221917973926, 0.004959281241112147, 0.060101692918457635, 0.006027012188038502]
Timestep: 233, Trans probs: [0.313395822981602, 0.045941835607707766, 0.40835753429285787, 0.05986261887974403, 0.06530378993651759, 0.009573120513478885, 0.08509141693321348, 0.012473860854878432]
Timestep: 234, Trans probs: [0.37465721456057793, 0.05038652060954354, 0.3882971047209856, 0.05222090836445535, 0.05819141272182605, 0.007825987869593423, 0.06030994787064359, 0.008110903282374503]
Timestep: 235, Trans probs: [0.3515969532066492, 0.045739226665020706, 0.4160087608638007, 0.054118554880082305, 0.05371918399536144, 0.00698832544086256, 0.06356042327645008, 0.008268571671773032]
Timestep: 236, Trans probs: [0.29095037805797114, 0.03666789730948283, 0.4505448990266107, 0.056781277278585965, 0.0575163702090639, 0.007248673710332622, 0.08906572791273919, 0.011224776495213718]
Timestep: 237, Trans probs: [0.3749738240103815, 0.04602559456911969, 0.3850227895444771, 0.047259039636204, 0.06447544901028758, 0.007913941416154124, 0.06620333379427128, 0.008126028019104796]
Timestep: 238, Trans probs: [0.2633586708322229, 0.0314002499396994, 0.48893075963939364, 0.058295206333512505, 0.04942446218859137, 0.0058928778040715415, 0.09175752507511421, 0.010940248187394374]
Timestep: 239, Trans probs: [0.39436385049863154, 0.04583297777711182, 0.35786423413404056, 0.0415909913384557, 0.07531147362899482, 0.008752701579606977, 0.06834115956031254, 0.007942611482846161]
Timestep: 240, Trans probs: [0.37360580514374714, 0.04229035776961875, 0.38279263994503515, 0.04333026273139356, 0.07009650566088282, 0.007934583087268323, 0.07182015397894446, 0.008129691683109818]
Timestep: 241, Trans probs: [0.24199775450105615, 0.026637928662326796, 0.5186707872040116, 0.05709274227465216, 0.04459388471171344, 0.0049086766204744425, 0.09557752027739748, 0.010520705748367987]
Timestep: 242, Trans probs: [0.3988754449259589, 0.042847913307190885, 0.3657715915982603, 0.03929183820765075, 0.07217045536453956, 0.00775267932417925, 0.06618081574301707, 0.0071092615292033]
Timestep: 243, Trans probs: [0.21620973316417888, 0.02261805244095248, 0.552392202610738, 0.057786648287177576, 0.03845227284171053, 0.004022554909436954, 0.09824134824814933, 0.010277187497656357]
Timestep: 244, Trans probs: [0.42218453966860264, 0.0430702541963189, 0.3502622054862192, 0.03573291015700513, 0.07377385627712131, 0.007526231882845557, 0.06120592105796046, 0.006244081273926936]
Timestep: 245, Trans probs: [0.40231199933253026, 0.04014097875656731, 0.3737008740058848, 0.03728628246154309, 0.06908837550639656, 0.006893344016905059, 0.06417503418546316, 0.00640311173470973]
Timestep: 246, Trans probs: [0.3843863100154615, 0.03753855976083783, 0.3951133085975285, 0.038586141495242345, 0.0648602823140802, 0.006334152700844047, 0.06667032637206868, 0.006510918743937041]
Timestep: 247, Trans probs: [0.3682144016757153, 0.03504262730909286, 0.4149589804116106, 0.039491266047577474, 0.06108637752673153, 0.005813534591775794, 0.0688412534115257, 0.006551559025970639]
Timestep: 248, Trans probs: [0.3524725088401609, 0.03276860934023331, 0.4340063547092655, 0.04034863523241735, 0.05757181954819413, 0.005352327958821584, 0.07088931734934896, 0.00659042702155829]
Timestep: 249, Trans probs: [0.3369154632399665, 0.03067645728593682, 0.45261275816424806, 0.04121080050578268, 0.0542029591436799, 0.004935228395136578, 0.07281633975111301, 0.006629993514136533]
Timestep: 250, Trans probs: [0.3209256695908194, 0.028440581943362134, 0.4722048438974708, 0.041847012655739035, 0.05076640703439853, 0.004498942577802416, 0.07469687089685949, 0.0066196714035481035]
Timestep: 251, Trans probs: [0.3048568059703804, 0.026466279315176287, 0.4912670233317013, 0.04264956531459329, 0.047481182167680575, 0.004122099965800654, 0.07651441126117754, 0.0066426326734898185]
Timestep: 252, Trans probs: [0.27845055620310055, 0.023651465409039122, 0.5206934097895216, 0.04422746479044158, 0.04270654060026386, 0.003627474412405639, 0.0798598305878278, 0.006783258207399844]
Timestep: 253, Trans probs: [0.20035986558633842, 0.01669217384110419, 0.5826134141675959, 0.04853808602329115, 0.035856863332872815, 0.0029872699025699414, 0.10426583940137335, 0.008686487744854256]
Timestep: 254, Trans probs: [0.40610160010929924, 0.03311662000857946, 0.38256845025188996, 0.031197547586252056, 0.06999349234437797, 0.0057078028956751735, 0.06593744493175914, 0.005377041872166948]
Timestep: 255, Trans probs: [0.33666322265299564, 0.027016022020640684, 0.4549737243978427, 0.036510017519241066, 0.0570198856339656, 0.004575642310325641, 0.07705786669298237, 0.0061836187720063175]
Timestep: 256, Trans probs: [0.28733969049927266, 0.022492206285874113, 0.5078170731633438, 0.039750604398690506, 0.04778957606008081, 0.0037408441597125246, 0.08445879022274742, 0.006611215210278133]
Timestep: 257, Trans probs: [0.25648752096678273, 0.019688790112238622, 0.5417185419240876, 0.041584021833298505, 0.04193461420856103, 0.0032190330916605694, 0.08856866790081698, 0.006798809962554044]
Timestep: 258, Trans probs: [0.20560092013533143, 0.015468378734904373, 0.5882471614921946, 0.044256756622024794, 0.03526994605900434, 0.00265353327816442, 0.10091124904273606, 0.007592054635640027]
Timestep: 259, Trans probs: [0.33877563093165747, 0.02490678475891818, 0.42449040604635907, 0.031208535119680185, 0.07467730901720745, 0.005490275841127501, 0.0935716690719078, 0.006879389213142322]
Timestep: 260, Trans probs: [0.3699400013429889, 0.026734218507595654, 0.4192436344558632, 0.030297212766320986, 0.06723018829058396, 0.0048584812065264205, 0.07619026972420866, 0.0055059937059121905]
Timestep: 261, Trans probs: [0.30542451244939867, 0.021683789451919924, 0.4868083322275698, 0.034561238372155065, 0.05454305105240979, 0.003872315373775763, 0.0869347764673139, 0.006171984605457194]
Timestep: 262, Trans probs: [0.2839526351439379, 0.019684344118566212, 0.4884622445251471, 0.03386148857286103, 0.05983203995571662, 0.004147714506002439, 0.10292453358100685, 0.007134999596761855]
Timestep: 263, Trans probs: [0.39176183788458663, 0.026580041336817028, 0.39042221148142403, 0.02648915110267827, 0.07727176566987987, 0.005242692184529013, 0.07700753549863772, 0.005224764841447373]
Timestep: 264, Trans probs: [0.3842151951952864, 0.025673243206804638, 0.4008827194229189, 0.026786966475697796, 0.07451737995115439, 0.004979248198779528, 0.07774999607682395, 0.0051952514725344115]
Timestep: 265, Trans probs: [0.3316518207829347, 0.021705306610729797, 0.45656169158655124, 0.029880166130869794, 0.06326628064709386, 0.004140529113706923, 0.0870942304626507, 0.005699974665462976]
Timestep: 266, Trans probs: [0.2903587637089006, 0.018720939582237996, 0.5007840004208716, 0.03228814896398183, 0.0544231931154736, 0.003508946302060661, 0.09386410114133248, 0.006051906765141307]
Timestep: 267, Trans probs: [0.3358522724822628, 0.02151956632825212, 0.45777486307894877, 0.029331695321353626, 0.0618515333125703, 0.003963106051915271, 0.08430515292964186, 0.0054018104950553205]
Timestep: 268, Trans probs: [0.35982708422807047, 0.022528615036087815, 0.4369350088209058, 0.027356308185174448, 0.06517539887666941, 0.004080602977026849, 0.07914193992421555, 0.00495504195184969]
Timestep: 269, Trans probs: [0.31911617572843104, 0.01959164310575069, 0.48061701123870193, 0.029506736639869767, 0.05683140709328641, 0.003489076172424491, 0.08559309461300922, 0.005254855408526467]
Timestep: 270, Trans probs: [0.285932796687222, 0.017157580674769742, 0.5169764883951208, 0.03102150543542332, 0.0500285515880177, 0.0030019952935033604, 0.09045336952990167, 0.005427712396041494]
Timestep: 271, Trans probs: [0.25818645366341086, 0.015322897391249148, 0.5473182085085408, 0.032482342238884, 0.04438410495562431, 0.002634116067623281, 0.09408792934673607, 0.005583947827931486]
Timestep: 272, Trans probs: [0.23650767041200196, 0.01383037480317953, 0.5715473515080242, 0.03342265422237838, 0.04000986049458943, 0.002339676195275809, 0.09668832203222981, 0.005654090332320991]
Timestep: 273, Trans probs: [0.2324428150954883, 0.01333486860924658, 0.5783158723141584, 0.03317704687401546, 0.03870005894113064, 0.0022201598313033514, 0.0962854383602056, 0.005523739974451779]
Timestep: 274, Trans probs: [0.21059834171406708, 0.01200231902380835, 0.6025512297990994, 0.03434030880478571, 0.03442813074880484, 0.001962111407323301, 0.09850368409140652, 0.005613874410704943]
Timestep: 275, Trans probs: [0.29118497965164364, 0.016285376794669938, 0.5247014527852493, 0.02934547267356022, 0.04680589501511805, 0.002617757404399337, 0.08434199161896108, 0.004717074056398435]
Timestep: 276, Trans probs: [0.5354847410792223, 0.0296310698417805, 0.28277014445209586, 0.015647097399159714, 0.08462440165725962, 0.004682694694103658, 0.04468708899635157, 0.00247276188002686]
Timestep: 277, Trans probs: [0.5597829136234141, 0.030387644770278457, 0.2610593626141613, 0.014171527894135125, 0.08706475959652328, 0.004726283925858968, 0.04060336622156032, 0.002204141354068457]
Timestep: 278, Trans probs: [0.5521195899193867, 0.029884978851980482, 0.2705325349684694, 0.014643311401947946, 0.08456405777244312, 0.004577260297060111, 0.041435459516550366, 0.002242807272161818]
Timestep: 279, Trans probs: [0.5966778976294895, 0.032220065091700514, 0.2278572424289638, 0.01230408435077545, 0.08990114805580665, 0.004854580425526954, 0.034331132037195296, 0.0018538499805418772]
Timestep: 280, Trans probs: [0.3684796959234708, 0.019427810877737397, 0.4587791221576062, 0.024188779242217746, 0.05463444009816702, 0.002880559177021001, 0.06802312514124292, 0.0035864673825371403]
Timestep: 281, Trans probs: [0.42542266875704265, 0.022419139779651247, 0.40379098013465514, 0.021279182070504915, 0.061937664261981565, 0.003264022476215278, 0.058788287499272354, 0.003098055020676875]
Timestep: 282, Trans probs: [0.48167483058520155, 0.024808621418006417, 0.30998655984548984, 0.015965831551824527, 0.09695814684348188, 0.004993821154219377, 0.06239836603562855, 0.0032138225661477136]
Timestep: 283, Trans probs: [0.4450679046006404, 0.02251737213248487, 0.37230689345954127, 0.01883616585437742, 0.07321929510841657, 0.0037043922920342465, 0.06124918921658127, 0.003098787335924101]
Timestep: 284, Trans probs: [0.3680471309708023, 0.018499575781340104, 0.4516320792702688, 0.022700902065739385, 0.059477337388028066, 0.0029895777407091028, 0.07298487420119411, 0.0036685225819181218]
Timestep: 285, Trans probs: [0.4033990102571016, 0.020012714814276026, 0.41874716163177184, 0.020774140024991963, 0.06407528700859859, 0.0031787892705257195, 0.06651316409648889, 0.003299732896245355]
Timestep: 286, Trans probs: [0.44930928555999616, 0.02228573773984878, 0.37478490130493025, 0.01858932874918628, 0.07014187853372976, 0.0034790367344284525, 0.05850784274543124, 0.0029019886324492313]
Timestep: 287, Trans probs: [0.37394066729326403, 0.018453058516481165, 0.4522306463775786, 0.022316477747543133, 0.05739287446031484, 0.0028321981626423776, 0.0694089169346758, 0.003425160507500182]
Timestep: 288, Trans probs: [0.3440815752051882, 0.016721120711591174, 0.48436818502255546, 0.02353854281731488, 0.052002046999853335, 0.0025271114985330185, 0.07320396945914928, 0.0035574482858145525]
Timestep: 289, Trans probs: [0.4415648816693523, 0.021417611875643127, 0.3886750886550273, 0.018852251481307817, 0.06568370368206475, 0.0031859147554914235, 0.05781623587297385, 0.0028043120081393345]
Timestep: 290, Trans probs: [0.38616887277125533, 0.018627255249865124, 0.445965923743674, 0.02151162789144834, 0.056546391689598165, 0.002727573726753775, 0.06530242487762819, 0.003149930049777089]
Timestep: 291, Trans probs: [0.3432571305075418, 0.016440400196882858, 0.49106252677822837, 0.023519582681325243, 0.049359962169077266, 0.002364109758077695, 0.07061420023113632, 0.0033820876777305347]
Timestep: 292, Trans probs: [0.3082988583969689, 0.014782953324346374, 0.5277540051047196, 0.02530584402668886, 0.04358357360256686, 0.0020898356147831115, 0.07460749496488288, 0.0035774349650433703]
Timestep: 293, Trans probs: [0.27928609538801713, 0.01334507887315783, 0.5586709348057338, 0.026694876015095792, 0.03880849962011027, 0.0018543797809187606, 0.0776307203230183, 0.0037094151939480523]
Timestep: 294, Trans probs: [0.249069539349403, 0.011745094617932765, 0.5909967335497978, 0.027868974153013832, 0.034066876858925, 0.00160645373613607, 0.08083450508825188, 0.003811822646539783]
Timestep: 295, Trans probs: [0.233321267314824, 0.010807480789441628, 0.6091157931790411, 0.02821434714926965, 0.03137771113636557, 0.001453420917114031, 0.08191563343936896, 0.003794346074575238]
Timestep: 296, Trans probs: [0.24522275387022704, 0.011307144391513915, 0.598953644008184, 0.0276175649679229, 0.032460913221111595, 0.001496762543763583, 0.07928539238209246, 0.003655824615184709]
Timestep: 297, Trans probs: [0.21180582057647357, 0.009818512791032928, 0.6335285588102396, 0.029367976013280152, 0.027652430996095063, 0.0012818615970956579, 0.08271068617885562, 0.0038341530369274857]
Timestep: 298, Trans probs: [0.2819735542934702, 0.03634585910422363, 0.5029742911991039, 0.0648324370942354, 0.036235717532511424, 0.004670715618268196, 0.06463597051742358, 0.008331454640763921]
Timestep: 299, Trans probs: [0.4744493686410799, 0.03604472045650388, 0.35062268966786747, 0.026637398361354953, 0.059988408015317546, 0.004557420750155044, 0.04433201592715312, 0.003367978180568192]
Timestep: 300, Trans probs: [0.36687831544464017, 0.027283760221544023, 0.460642729055735, 0.034256769174603324, 0.04577962211159597, 0.0034045081983433614, 0.05747968516228073, 0.004274610631257522]
Timestep: 301, Trans probs: [0.2625988770952113, 0.01923687847179406, 0.567141169558769, 0.04154635341870673, 0.03228266437826592, 0.0023648908870438612, 0.06972165393275707, 0.005107512257452023]
Timestep: 302, Trans probs: [0.40788321644568404, 0.02912808127744426, 0.3745827256677086, 0.02675000009427594, 0.07865119546561786, 0.005616701844351932, 0.07222993736114684, 0.005158141843770525]
Timestep: 303, Trans probs: [0.4591242917958903, 0.032369380887347754, 0.29655882823422625, 0.02090811973609699, 0.10842409075079372, 0.007644162492794105, 0.07003358759268465, 0.004937538510166308]
Timestep: 304, Trans probs: [0.46766146169523043, 0.053580265330703564, 0.2329210775612739, 0.026685913121016362, 0.131252836413381, 0.015037719325736157, 0.06537111691769343, 0.007489609634965099]
Timestep: 305, Trans probs: [0.5630459972238187, 0.056079507820726474, 0.23308505647214742, 0.02321532399088922, 0.08012209563804401, 0.007980178726251686, 0.03316827271402589, 0.0033035674140967273]
Timestep: 306, Trans probs: [0.4483049615116102, 0.043679796125697286, 0.3508957635354943, 0.03418890426936383, 0.06283469118532631, 0.0061221863156317585, 0.04918175981289259, 0.004791937243983694]
Timestep: 307, Trans probs: [0.36766542940056357, 0.03498420973224952, 0.43486694994312636, 0.04137858870016096, 0.05066139579704469, 0.0048205481238253155, 0.05992123520027792, 0.0057016431027517266]
Timestep: 308, Trans probs: [0.39500580719917494, 0.036950664700040686, 0.4103253904187448, 0.0383837291577621, 0.053525180070655445, 0.005006992165061569, 0.0556010570210452, 0.005201179267515274]
Timestep: 309, Trans probs: [0.43808828303672775, 0.04011093643527918, 0.3703166111270571, 0.033905828174363876, 0.05837310668672192, 0.005344584784625653, 0.0493428650940951, 0.004517784661129308]
Timestep: 310, Trans probs: [0.3249099786466843, 0.029000162653306173, 0.48698365315786196, 0.04346620934790224, 0.04248562636537719, 0.003792096752938875, 0.06367857835665301, 0.005683694719276003]
Timestep: 311, Trans probs: [0.3616826658195355, 0.031401470491543425, 0.36331187976237156, 0.03154291966338708, 0.09734105977070914, 0.008451199642314708, 0.09777953644315218, 0.0084892684069865]
Timestep: 312, Trans probs: [0.4554442961795824, 0.03882151938811467, 0.3458343911010604, 0.029478504027444927, 0.06830851719707488, 0.005822535153001413, 0.0518689873822724, 0.004421249571448763]
Timestep: 313, Trans probs: [0.48516750103606093, 0.04074049657914523, 0.31886605494716636, 0.026775827715251287, 0.07150459773299116, 0.006004385728873375, 0.04699488102771399, 0.00394625523279766]
Timestep: 314, Trans probs: [0.40121813631716635, 0.03306028013087551, 0.4056398453303961, 0.03342462791429432, 0.058186916443183787, 0.004794588238760023, 0.05882817761659564, 0.004847428008728174]
Timestep: 315, Trans probs: [0.5270147090313403, 0.0427444227765914, 0.28262753673006363, 0.0229229862303104, 0.07507474143958018, 0.006089064371343511, 0.04026109495637092, 0.003265444464399703]
Timestep: 316, Trans probs: [0.453548641841088, 0.03582045431881151, 0.3595644448152164, 0.028397751821920406, 0.06341529819474626, 0.005008425960394824, 0.05027440143051854, 0.0039705816173041366]
Timestep: 317, Trans probs: [0.3261637761365344, 0.025350492693934232, 0.4112531776525405, 0.03196391334111179, 0.0842438063813072, 0.006547698286656312, 0.10622127779559158, 0.008255857712323933]
Timestep: 318, Trans probs: [0.3719817079256429, 0.02846560483928717, 0.3426918322931153, 0.0262242203631611, 0.11151117026981495, 0.008533303763155826, 0.10273076994568563, 0.007861390600137134]
Timestep: 319, Trans probs: [0.49094859185729695, 0.036588572592244704, 0.3115887509591674, 0.02322155073358503, 0.07836785091437651, 0.005840464459285643, 0.04973746984259098, 0.0037067486414528437]
Timestep: 320, Trans probs: [0.43170311080419954, 0.031581389375018025, 0.3738248983671515, 0.027347288861126973, 0.06768930190172363, 0.004951834134109478, 0.05861423225979939, 0.004287944296871302]
Timestep: 321, Trans probs: [0.33332679700648504, 0.02384849494021064, 0.3911807226194566, 0.027987763263799485, 0.09602783495592386, 0.0068704927315555026, 0.11269492344148187, 0.008062971041087094]
Timestep: 322, Trans probs: [0.4659206866448057, 0.03255797451932055, 0.3287878907928298, 0.02297530046965868, 0.08206537792618043, 0.005734629433777215, 0.05791136407736947, 0.004046776136058287]
Timestep: 323, Trans probs: [0.4169331314989481, 0.02867584824776057, 0.3806780249770184, 0.026182292676651266, 0.07215560491700697, 0.004962721886328859, 0.06588119555784823, 0.004531180238437491]
Timestep: 324, Trans probs: [0.37833189254274646, 0.025684849594346266, 0.42198108408120455, 0.028648181371757647, 0.06434482879311174, 0.004368352978696619, 0.07176846875542998, 0.004872341882706817]
Timestep: 325, Trans probs: [0.33038358582440647, 0.02203174428600528, 0.47293376757128947, 0.03153775271658179, 0.05517908872339809, 0.0036796367157744467, 0.07898713931562189, 0.00526728484692262]
Timestep: 326, Trans probs: [0.418303276917773, 0.02754448741289689, 0.3876214931723145, 0.025524149412178492, 0.06866585875929052, 0.004521518206186139, 0.06362934304114354, 0.004189873078216876]
Timestep: 327, Trans probs: [0.38604099003688097, 0.024760401247384236, 0.42322860922418604, 0.027145589339520864, 0.06223110985511765, 0.00399146020720637, 0.06822587951591036, 0.004375960573793588]
Timestep: 328, Trans probs: [0.3582692517755969, 0.022609637283041027, 0.4537410531350864, 0.0286346667512373, 0.05675228192169849, 0.003581520051958558, 0.0718756634552047, 0.004535925626176766]
Timestep: 329, Trans probs: [0.33420310923318625, 0.020562875224093197, 0.4810741673008262, 0.029599569251281894, 0.051962560217940185, 0.003197156497249701, 0.07479836272325839, 0.0046021995521641195]
Timestep: 330, Trans probs: [0.30084965671942104, 0.01827769192043552, 0.5168686688157389, 0.031401618984562535, 0.04599202704873244, 0.002794180024533174, 0.07901567200053655, 0.004800484486039833]
Timestep: 331, Trans probs: [0.37438774069696157, 0.022377384163905216, 0.4458515004605663, 0.026648816778258963, 0.05630663936793091, 0.0033654822611687216, 0.06705454511237346, 0.004007891158834816]
Timestep: 332, Trans probs: [0.4138515576638036, 0.024503626518515467, 0.4086408221607526, 0.0241951054696295, 0.06118951203064736, 0.0036229535007989903, 0.060419085154517375, 0.0035773375013351157]
Timestep: 333, Trans probs: [0.33371805432845614, 0.019414545555251402, 0.4913973359403399, 0.028587772943663027, 0.04849622328533181, 0.0028213401223537997, 0.07141032562213363, 0.004154402202470326]
Timestep: 334, Trans probs: [0.464484397806514, 0.026786172938028305, 0.3628658559739443, 0.020925972147449023, 0.06631706093343075, 0.0038244132015917733, 0.05180840776337501, 0.002987719235666842]
Timestep: 335, Trans probs: [0.30039896048440723, 0.017021294379023763, 0.5293889391481162, 0.029996391997191695, 0.04220716027702369, 0.002391554547390482, 0.07438109561856449, 0.004214603548282308]
Timestep: 336, Trans probs: [0.5062916910968506, 0.027942864848182508, 0.3264811102239483, 0.01801889641662561, 0.0698682924220942, 0.0038561175043072236, 0.0450544183926835, 0.0024866090953078535]
Timestep: 337, Trans probs: [0.36599671715262955, 0.020115429377288576, 0.4686295417052268, 0.02575619946435598, 0.049673464758741515, 0.0027300875266129954, 0.06360290115687596, 0.003495658858268567]
Timestep: 338, Trans probs: [0.2605810354658015, 0.027603726818236064, 0.537223920223547, 0.056908908614797624, 0.034755970265117335, 0.0036817503115146874, 0.07165424975621387, 0.0075904385447718705]
Timestep: 339, Trans probs: [0.3013315716558397, 0.025396753242651296, 0.42082513967027396, 0.035467880686318703, 0.08350030231775597, 0.007037551896728828, 0.11661249497451649, 0.009828305555915075]
Timestep: 340, Trans probs: [0.4361759970372731, 0.03600881331476098, 0.36527165350552215, 0.030155255836167495, 0.06655579776979553, 0.005494560253627972, 0.05573655237079652, 0.004601369912056172]
Timestep: 341, Trans probs: [0.29872113870338574, 0.024188462713146425, 0.5055502957507462, 0.04093612032769236, 0.04487502770660565, 0.0036336830367751315, 0.07594569178254237, 0.006149579979106168]
Timestep: 342, Trans probs: [0.4970688427760098, 0.03956275025240464, 0.31011738975580033, 0.024682892557329507, 0.07333586336489353, 0.005836954959088384, 0.04575367547721593, 0.003641630857258045]
Timestep: 343, Trans probs: [0.4129223039766626, 0.03216337453260203, 0.39729081758404194, 0.03094580564250995, 0.059895466914951824, 0.004665382123072595, 0.057628078674975214, 0.004488770551183984]
Timestep: 344, Trans probs: [0.27129408880517913, 0.02079743002431088, 0.5415542999094335, 0.041515602888123455, 0.038699110278945965, 0.002966677385320546, 0.07725074168233209, 0.005922049026354409]
Timestep: 345, Trans probs: [0.37281874585248065, 0.027824382236399558, 0.4433523068497584, 0.0330884758033556, 0.05224747789922854, 0.0038993580986166516, 0.06213217578622092, 0.004637077473939681]
Timestep: 346, Trans probs: [0.43372474809531947, 0.03153750324196635, 0.3853670792575051, 0.028021263635064003, 0.05990121761120018, 0.004355607681846606, 0.05322259653425008, 0.0038699839428482283]
Timestep: 347, Trans probs: [0.46993185249763264, 0.04542588994234957, 0.33274304401351473, 0.03216455495856486, 0.06392064673152018, 0.006178879443981655, 0.04526007431868154, 0.004375058093754874]
Timestep: 348, Trans probs: [0.5052533623215015, 0.05081282078541076, 0.29621374177080484, 0.029789917093512273, 0.06755089679745092, 0.006793525523692652, 0.039602910920588826, 0.003982824787038196]
Timestep: 349, Trans probs: [0.46406441895006667, 0.04548491603918794, 0.3406615439167215, 0.03338967843707808, 0.06113264559851938, 0.005991869099969243, 0.04487640203147358, 0.004398525926983538]
Timestep: 350, Trans probs: [0.32861999735225034, 0.031490789983033854, 0.47937415190856125, 0.045937164088240466, 0.042525014857816804, 0.004075060321047541, 0.06203333058430292, 0.005944490904746875]
Timestep: 351, Trans probs: [0.267523665056022, 0.025133494664653387, 0.5435968586186852, 0.05107020622999469, 0.03397116360805415, 0.003191545910961931, 0.0690279785793625, 0.006485087332266132]
Timestep: 352, Trans probs: [0.4011250002498102, 0.036754372517394204, 0.321877830943534, 0.029493094911117002, 0.10711047454219459, 0.00981434285917598, 0.08594948506202095, 0.007875398914753187]
Timestep: 353, Trans probs: [0.3917848937370844, 0.035285934778974896, 0.40870392228901836, 0.036809739671788834, 0.0572087544573436, 0.00515248140200853, 0.05967928501009615, 0.005374988653685241]
Timestep: 354, Trans probs: [0.3980997479377975, 0.035341230964292626, 0.4051055959305801, 0.03596317381478733, 0.05712645000168834, 0.0050713899572607515, 0.058131773986825994, 0.0051606374067674115]
Timestep: 355, Trans probs: [0.3979882106475761, 0.03441683173439302, 0.33394006450933617, 0.028878139357166842, 0.10248535136801722, 0.008862627080168954, 0.08599240864801254, 0.007436366655329306]
Timestep: 356, Trans probs: [0.4607865085955622, 0.038897235740337245, 0.33214050081103763, 0.02803759901377683, 0.07509784506513838, 0.0063393752390738765, 0.05413143702012675, 0.004569498514947118]
Timestep: 357, Trans probs: [0.39460174483974625, 0.03256345683527882, 0.40154183888635986, 0.03313616959155786, 0.06325618127853255, 0.005220047695087108, 0.06436870511514396, 0.0053118557582937905]
Timestep: 358, Trans probs: [0.428653038515013, 0.03490381253941038, 0.3702712538289326, 0.030149975087426947, 0.067485750711571, 0.0054951435783081645, 0.05829431098430208, 0.0047467147550358715]
Timestep: 359, Trans probs: [0.5180467867169541, 0.04131724398949379, 0.28413696626489826, 0.022661575484330974, 0.08004738542930702, 0.006384244510932102, 0.04390418363070981, 0.0035016139733739797]
Timestep: 360, Trans probs: [0.4054807513548081, 0.03191904326000924, 0.39941293519019616, 0.03144139077957729, 0.06152624779631617, 0.0048432853063306745, 0.06060553834295983, 0.004770807969802645]
Timestep: 361, Trans probs: [0.3673850396536579, 0.028558767846670732, 0.37578722211333904, 0.02921191359941453, 0.09130561086864662, 0.00709766447309437, 0.0933937917124671, 0.007259989732709607]
Timestep: 362, Trans probs: [0.4609161695849602, 0.03528503091126939, 0.3324553311596317, 0.02545082470668584, 0.07873047571253433, 0.006027142141004125, 0.05678769395080042, 0.004347331833114065]
Timestep: 363, Trans probs: [0.36515261544833444, 0.02740746079281051, 0.4312312835858006, 0.032367163748779036, 0.061348558567061354, 0.004604672519071896, 0.07245030307267707, 0.005437942265465137]
Timestep: 364, Trans probs: [0.5096930371262215, 0.037775571997224235, 0.28929339911868546, 0.021440794420786526, 0.08421441172467349, 0.006241497021905515, 0.04779871736128514, 0.0035425712292182056]
Timestep: 365, Trans probs: [0.41654182068790996, 0.0302709016334614, 0.3856476687034186, 0.02802576371615146, 0.06753548653304627, 0.004907934733260597, 0.0625265018845114, 0.004543922108240356]
Timestep: 366, Trans probs: [0.35978316667413496, 0.0258068507160584, 0.445144357526339, 0.031929715022444995, 0.05727739127674149, 0.0041084442603256405, 0.0708668717782532, 0.005083202745702304]
Timestep: 367, Trans probs: [0.31496720043064524, 0.022347333384767874, 0.4923888282880779, 0.034935629124696256, 0.049308761706160734, 0.0034985209098948307, 0.07708448170995726, 0.005469244445799914]
Timestep: 368, Trans probs: [0.27921873891148, 0.019526078148224848, 0.5306959791268638, 0.03711216232039861, 0.042999004586345736, 0.0030069683973289567, 0.08172588605403604, 0.005715182455322008]
Timestep: 369, Trans probs: [0.25159699031620864, 0.017126300105812425, 0.5615939900587725, 0.03822791043437835, 0.038079347711873685, 0.00259207527056462, 0.0849975700960078, 0.005785816006382003]
Timestep: 370, Trans probs: [0.22811806265140822, 0.015185033970905893, 0.5879434805469708, 0.039137373083521956, 0.03397094138543132, 0.0022613285987340163, 0.08755551087652694, 0.005828268886500972]
Timestep: 371, Trans probs: [0.25741381001672947, 0.016931706709334395, 0.561137298500859, 0.03690948889365061, 0.037652765881391076, 0.0024766565113872978, 0.08207940097074023, 0.005398872515907786]
Timestep: 372, Trans probs: [0.3508928234391306, 0.022548581030886958, 0.4704524361229255, 0.030231552680746496, 0.05052878739521533, 0.0032470098584706903, 0.06774544686161142, 0.0043533626110129845]
Timestep: 373, Trans probs: [0.385272192510398, 0.024236207224040168, 0.43903000718912444, 0.02761793464115709, 0.05445776689655425, 0.003425759110366478, 0.062056370163420534, 0.0039037622649389938]
Timestep: 374, Trans probs: [0.4156836181811836, 0.025734119718720583, 0.4112410742869417, 0.025459090943397857, 0.05769656994547712, 0.0035718762380702704, 0.05707994823290761, 0.003533702453301321]
Timestep: 375, Trans probs: [0.424433391489061, 0.025756198442322426, 0.4050756951007767, 0.024581501353072015, 0.05796126864580834, 0.0035173055823263994, 0.05531775222315134, 0.00335688716348188]
Timestep: 376, Trans probs: [0.34108366224266384, 0.02033149045526604, 0.4908674193756427, 0.029259877726821867, 0.045833226807766574, 0.0027320505686173257, 0.06596046734358295, 0.003931805479638708]
Timestep: 377, Trans probs: [0.3936005885829007, 0.022929999029267668, 0.4410881969268102, 0.025696485779575815, 0.05199409522795938, 0.0030290212659416556, 0.05826714283510548, 0.003394470352438928]
Timestep: 378, Trans probs: [0.37188540321944413, 0.033419268004236315, 0.36806804522447195, 0.03307622332219804, 0.08925402530450507, 0.008020761681651795, 0.08833784369552013, 0.007938429547972558]
Timestep: 379, Trans probs: [0.425009131520284, 0.035512894552270254, 0.3766747910460185, 0.031474175830213336, 0.06425450795908912, 0.005368975385297662, 0.05694713728309508, 0.00475838642373192]
Timestep: 380, Trans probs: [0.4123824641186591, 0.03375938265937272, 0.39216726157132054, 0.03210448018966936, 0.06139513948107084, 0.005026067273730252, 0.05838551786031533, 0.004779686845861789]
Timestep: 381, Trans probs: [0.3528097134757285, 0.02846448537065589, 0.45441086629876193, 0.03666160811901232, 0.051627793181550724, 0.004165300748831556, 0.06649542041686367, 0.005364812388595534]
Timestep: 382, Trans probs: [0.30800875370879643, 0.024440786502961748, 0.5020711669357877, 0.03983982290312424, 0.044258695613220614, 0.0035119694403393264, 0.0721441020296265, 0.005724702866143362]
Timestep: 383, Trans probs: [0.2727527360100363, 0.021341324819864112, 0.5398471336874668, 0.04223991737583488, 0.03854447447272309, 0.003015882303388061, 0.076289332118097, 0.005969199212589718]
Timestep: 384, Trans probs: [0.409374950438204, 0.0314327794345883, 0.4060421568842533, 0.031176879642551163, 0.056869321495408444, 0.004366561357128521, 0.05640633833560699, 0.004331012412259299]
Timestep: 385, Trans probs: [0.3565057570483487, 0.026710557368197115, 0.46186746872787376, 0.03460459551088474, 0.048757931433366895, 0.003653100963889749, 0.06316785052220715, 0.004732738425231914]
Timestep: 386, Trans probs: [0.3130686836392166, 0.023095349840603897, 0.5076554966567703, 0.0374501887493322, 0.0421786111787529, 0.0031115529334984557, 0.06839458855270954, 0.00504552844911608]
Timestep: 387, Trans probs: [0.27881406917833873, 0.020076544303696847, 0.5447378066718865, 0.03922489543578757, 0.03699611610946578, 0.0026639766290319877, 0.07228180128872261, 0.005204790383070071]
Timestep: 388, Trans probs: [0.251060803604017, 0.01784427022648785, 0.5749628648117936, 0.04086576870071438, 0.032709105375703026, 0.002324815768977216, 0.07490823203891045, 0.005324139473396414]
Timestep: 389, Trans probs: [0.24740948890510703, 0.01724688063979029, 0.5812821307046828, 0.040521095495055205, 0.03168894952657409, 0.002209032210138003, 0.07445235905105137, 0.005190063467601251]
Timestep: 390, Trans probs: [0.396219420619422, 0.027330989773946653, 0.43478337416095136, 0.029991109306297607, 0.049810431023563355, 0.0034358951381348686, 0.05465846988262102, 0.003770310095063171]
Timestep: 391, Trans probs: [0.392487413367044, 0.026617010155622668, 0.441034730306928, 0.02990930535798807, 0.04848566996967468, 0.00328811453828232, 0.054482930281457356, 0.0036948260230028535]
Timestep: 392, Trans probs: [0.32630468290361453, 0.02165278125359402, 0.5097665677981641, 0.033826863545778386, 0.039692014032228856, 0.0026338650420420174, 0.06200849335705853, 0.004114732067519628]
Timestep: 393, Trans probs: [0.2791588093749759, 0.018366921943508682, 0.5586259270655307, 0.03675412866606285, 0.03348202398465763, 0.002202909958004779, 0.06700102615545954, 0.0044082528517999245]
Timestep: 394, Trans probs: [0.34019294872505607, 0.028150535629012766, 0.4094193985169784, 0.03387893666919001, 0.078948771840503, 0.0065329108757014925, 0.09501419356788748, 0.007862304175670687]
Timestep: 395, Trans probs: [0.3864739228430454, 0.03599282044654671, 0.4166221200021811, 0.03880056136514046, 0.0537568305847938, 0.00500644373824854, 0.057950312813034095, 0.005396988207009851]
Timestep: 396, Trans probs: [0.38425453949874927, 0.03516271091111533, 0.4217413715189008, 0.03859308974025711, 0.05252158085657247, 0.004806192183607081, 0.057645444016579596, 0.005275071274218399]
Timestep: 397, Trans probs: [0.32720380777830094, 0.029296983151640792, 0.4817360704874089, 0.04313340250052928, 0.04404062963193092, 0.003943284135582418, 0.06484019854393859, 0.005805623770668082]
Timestep: 398, Trans probs: [0.3751521003364454, 0.029797615075959884, 0.44307611190612095, 0.03519268963199487, 0.04960360070085729, 0.003939919298706291, 0.05858469275626883, 0.004653270293646505]
Timestep: 399, Trans probs: [0.4171996718922766, 0.04907102220490995, 0.37465756476749773, 0.04406721989151142, 0.05421479508175134, 0.006376743781280315, 0.04868647908463011, 0.005726503296142683]
Timestep: 400, Trans probs: [0.35249831667165143, 0.040472810343852236, 0.44283236255551806, 0.050844697339432345, 0.04506446175114091, 0.00517416772631184, 0.056613042164224914, 0.006500141447868238]
Timestep: 401, Trans probs: [0.30462419074957536, 0.034100777281285286, 0.4942896485377266, 0.05533264175689334, 0.038286971405398565, 0.004285987535847905, 0.06212524879583886, 0.006954533937434156]
Timestep: 402, Trans probs: [0.2677083638092261, 0.029348243149984642, 0.5343373485059448, 0.05857815648690654, 0.033096976283999276, 0.0036283442687068215, 0.0660605081571487, 0.007242059338083066]
Timestep: 403, Trans probs: [0.24249248510223256, 0.02598560400661224, 0.5626551756775028, 0.0602943822414224, 0.02953462322311467, 0.0031649435372679345, 0.06852916951700393, 0.007343616694843598]
Timestep: 404, Trans probs: [0.2168075644261973, 0.022819426400981137, 0.590984791632225, 0.06220232210274847, 0.026028613136793444, 0.0027395631852912363, 0.07095008217003405, 0.007467636945729288]
Timestep: 405, Trans probs: [0.20504900143095436, 0.02114761228449859, 0.6056956141826831, 0.062468073103344436, 0.024219897469573773, 0.0024979053674120152, 0.0715433168213446, 0.007378579340189086]
Timestep: 406, Trans probs: [0.23225060775348527, 0.023376928729226563, 0.5815591305346017, 0.058536192769701526, 0.02703785989677627, 0.0027214659626149757, 0.06770322129695103, 0.006814593056642398]
Timestep: 407, Trans probs: [0.3573767866965256, 0.03537347793446025, 0.45924449161415754, 0.04545643560344245, 0.040836274852141516, 0.004042011460118779, 0.052476363832251245, 0.005194158006902502]
Timestep: 408, Trans probs: [0.3955406369060651, 0.038199608747154626, 0.42436874097152877, 0.04098370270229606, 0.044392466322836166, 0.0042872329329244115, 0.04762791299877715, 0.004599698418417825]
Timestep: 409, Trans probs: [0.3218748271395806, 0.030569974146671397, 0.5005144579416696, 0.047536224486038954, 0.035567084520048635, 0.0033779741768338515, 0.055306717171137915, 0.005252740418018996]
Timestep: 410, Trans probs: [0.2718859970176088, 0.025304648172092124, 0.5532240794714283, 0.05148900952941452, 0.029571893343190943, 0.0027522798711241306, 0.06017185015951563, 0.005600242435625602]
Timestep: 411, Trans probs: [0.23701489079528823, 0.02156008889483477, 0.5912200908784205, 0.05378040878773531, 0.02529290330747041, 0.0023007720818204527, 0.06309170087096924, 0.005739144383461088]
Timestep: 412, Trans probs: [0.21629101156888683, 0.019316196578969085, 0.6144690334503776, 0.054876088265167634, 0.02271717088591173, 0.002028791374025949, 0.06453804037320073, 0.0057636675034604835]
Timestep: 413, Trans probs: [0.3480245955299633, 0.03043025598592881, 0.48555257604936186, 0.04245530164702727, 0.035912420647632524, 0.0031400773606752924, 0.050103839158474044, 0.004380933620936864]
Timestep: 414, Trans probs: [0.3916550709338508, 0.033428479226924206, 0.4446993243848294, 0.03795590362708785, 0.03980723997707581, 0.0033976210022814064, 0.04519857915083712, 0.00385778169711337]
Timestep: 415, Trans probs: [0.32456277516299575, 0.027094663830105774, 0.5142586078882575, 0.04293056742404614, 0.032552242986734585, 0.0027174776287839987, 0.05157791479195801, 0.00430575028711818]
Timestep: 416, Trans probs: [0.3004512771304716, 0.024562674271713582, 0.45437657345393606, 0.03714646806310563, 0.067506671787824, 0.005518846204044403, 0.10209126253409445, 0.008346226554810118]
Timestep: 417, Trans probs: [0.4363235949182858, 0.03484807533114414, 0.38984295114069395, 0.03113578244882833, 0.052745953266382574, 0.004212687496728534, 0.047127036725911314, 0.0037639186720253336]
Timestep: 418, Trans probs: [0.3112209352983512, 0.02455214064913335, 0.5173789694237445, 0.04081589567237168, 0.036913400408405746, 0.0029120887956850627, 0.061365463871890666, 0.004841105880417785]
Timestep: 419, Trans probs: [0.3541989792751074, 0.027511105608811374, 0.4767583821529574, 0.037030457366475665, 0.04133357763008508, 0.0032104339252995405, 0.055635760554259596, 0.004321303487003996]
Timestep: 420, Trans probs: [0.5053277466413405, 0.03835896986157274, 0.32824122682399753, 0.02491649312897105, 0.05812308842017462, 0.004412070803136478, 0.037754494932531, 0.002865909388276166]
Timestep: 421, Trans probs: [0.42478485693342877, 0.03192818379131556, 0.4107188934640295, 0.03087094114360203, 0.04809001478092103, 0.0036145987913428763, 0.04649760304563803, 0.003494908049722274]
Timestep: 422, Trans probs: [0.33098011670313077, 0.02462010951172086, 0.5063969988211696, 0.037668575658176495, 0.03691217891124157, 0.0027457295506549202, 0.056475346032246944, 0.004200944811658824]
Timestep: 423, Trans probs: [0.37546122383631964, 0.027547850959272216, 0.46428905969455453, 0.0340652110164698, 0.04108691483387402, 0.003014575499048869, 0.05080739059830526, 0.0037277735621556625]
Timestep: 424, Trans probs: [0.483667923029375, 0.03481184319563502, 0.3588773255783566, 0.025830080081088707, 0.05184446918078656, 0.0037314889943050066, 0.03846813807518141, 0.002768731865271786]
Timestep: 425, Trans probs: [0.34858127261763483, 0.024631211563404306, 0.49653761924885276, 0.03508600177245681, 0.036661171415565574, 0.0025905266296091392, 0.05222211347402744, 0.0036900832784492006]
Timestep: 426, Trans probs: [0.3498059639540483, 0.026312583142305584, 0.4142173710807998, 0.031157642060621174, 0.07601108548551119, 0.005717592644695856, 0.09000736192977653, 0.00677039970224163]
Timestep: 427, Trans probs: [0.5076103037229662, 0.04881626127975608, 0.3026135145576269, 0.0291019711087122, 0.06393149338096518, 0.006148213426718493, 0.03811296532209503, 0.003665277201159966]
Timestep: 428, Trans probs: [0.4218589862951673, 0.03973789823594705, 0.3913032332616282, 0.0368596345411684, 0.05226786107975328, 0.004923481571030474, 0.04848203712760729, 0.004566867887698084]
Timestep: 429, Trans probs: [0.3470744758041501, 0.03203043386084258, 0.4692471531637291, 0.04330537377885676, 0.04217195623889776, 0.0038919198882679997, 0.057016783970063156, 0.005261903295192473]
Timestep: 430, Trans probs: [0.47671130532130657, 0.04316637867127539, 0.3426075925961354, 0.03102323966848417, 0.05681612799090427, 0.005144720647726174, 0.040833176420008846, 0.0036974586841591202]
Timestep: 431, Trans probs: [0.29786496063754775, 0.026570596309679295, 0.46047350510136337, 0.0410758472200408, 0.06275296021683258, 0.005597783537848725, 0.09701065705977092, 0.008653689916916622]
Timestep: 432, Trans probs: [0.35898704025018124, 0.031427810509214185, 0.44748980645473957, 0.039175856689042096, 0.0503106633923496, 0.004404487678958277, 0.06271398824972127, 0.005490346775793752]
Timestep: 433, Trans probs: [0.5110851487212625, 0.04392170031781723, 0.29847711245346525, 0.025650563937748665, 0.07026518383576119, 0.006038458278297149, 0.041035332820339845, 0.0035264996353079774]
Timestep: 434, Trans probs: [0.3320794567423467, 0.028071315754700014, 0.48014834850894816, 0.04058786421874337, 0.044903586840280646, 0.0037957866381662614, 0.06492537441187496, 0.005488266884939929]
Timestep: 435, Trans probs: [0.3731863789572549, 0.031035526747415575, 0.4416566061190272, 0.03672975806533888, 0.049635830723799554, 0.004127894904318357, 0.058742745650646584, 0.004885258832198942]
Timestep: 436, Trans probs: [0.5481365915540123, 0.044957056367752594, 0.2692953539640003, 0.022087061134542913, 0.07159368094452873, 0.005871969139431032, 0.03517343295196298, 0.002884853943769139]
Timestep: 437, Trans probs: [0.34734068981268035, 0.02776297627619129, 0.4733992629944401, 0.037838850711009536, 0.04454052094699067, 0.003560128319683436, 0.06070538352723694, 0.004852187411767631]
Timestep: 438, Trans probs: [0.5840228580480172, 0.04571335257754072, 0.23956114377697774, 0.018751223309919705, 0.07362456429504313, 0.005762832087148217, 0.030200161842213444, 0.002363864063139783]
Timestep: 439, Trans probs: [0.39955182953844715, 0.030708003953839123, 0.4269244122233944, 0.032811754494256225, 0.049384827979338075, 0.0037955263391010238, 0.052768094397634496, 0.0040555510739894935]
Timestep: 440, Trans probs: [0.32694547317381534, 0.024776271080025624, 0.5017841777889833, 0.038025731605582314, 0.039777875162566735, 0.0030144091259254736, 0.061049655127140987, 0.004626406935960174]
Timestep: 441, Trans probs: [0.27712734098810493, 0.02050649792887595, 0.5545068521409157, 0.04103165560796574, 0.03314574574884808, 0.0024526745146339663, 0.06632165224666801, 0.004907580823987716]
Timestep: 442, Trans probs: [0.32745187526119207, 0.023909612149094758, 0.5067745624887636, 0.03700324887884233, 0.03835920655395388, 0.0028008810464758616, 0.05936588423349291, 0.004334729388184686]
Timestep: 443, Trans probs: [0.3409512757691763, 0.024480001426982752, 0.43385901918749414, 0.031150695608511247, 0.0696152534086046, 0.004998313905521605, 0.08858510793428903, 0.006360332759420237]
Timestep: 444, Trans probs: [0.41155179869648456, 0.029235701793330716, 0.4081243116195184, 0.028992220923121793, 0.05723725251097217, 0.004066003966403386, 0.056760569031702374, 0.004032141458466645]
Timestep: 445, Trans probs: [0.3414861111713699, 0.0239646867711519, 0.480554197361837, 0.033724155799002425, 0.046685760526954646, 0.0032762961394351337, 0.06569824494853008, 0.004610547281718956]
Timestep: 446, Trans probs: [0.29098662608911696, 0.02012009769872017, 0.5336598319846604, 0.03689959260919977, 0.0390551098028921, 0.0027004424066822148, 0.07162577749937823, 0.004952521909350325]
Timestep: 447, Trans probs: [0.25486499171531646, 0.017267797568531758, 0.572715111401093, 0.0388030091600802, 0.03355772009970991, 0.0022736269647833955, 0.0754086046730955, 0.00510913841738978]
Timestep: 448, Trans probs: [0.23699383483573194, 0.015808148772295, 0.593392271465501, 0.03958091700637948, 0.03056145719084596, 0.002038534303248371, 0.07652069309879592, 0.00510414332720234]
Timestep: 449, Trans probs: [0.2091445945818028, 0.013681515338273652, 0.6241685696481318, 0.040830947012446724, 0.026424855454569792, 0.0017286225634292193, 0.07886201536892377, 0.0051588800324222205]
Timestep: 450, Trans probs: [0.34100724424487994, 0.021852116044661186, 0.49498939757541094, 0.031719460331837854, 0.04233293953115787, 0.00271274092488836, 0.06144841961502919, 0.003937681732134679]
Timestep: 451, Trans probs: [0.4110860664751158, 0.02604887705360497, 0.4270509637075366, 0.02706050862931526, 0.050162426822747005, 0.0031785920165583854, 0.05211052979792401, 0.003302035497198028]
Timestep: 452, Trans probs: [0.3181989940654717, 0.019745714366082568, 0.5224159236185678, 0.032418316212347816, 0.038215093301565674, 0.0023714226973660696, 0.06274115768951616, 0.0038933780490821557]
Timestep: 453, Trans probs: [0.49381617761950264, 0.02998083878703531, 0.349421924143169, 0.0212142956249279, 0.05828336167253545, 0.003538531440371644, 0.04124102308539934, 0.0025038476270586394]
Timestep: 454, Trans probs: [0.2974227042926685, 0.017645067973161028, 0.5485986767247177, 0.032546476113230784, 0.03444341363709479, 0.0020434094844897837, 0.06353116581375284, 0.003769085960884614]
Timestep: 455, Trans probs: [0.35218443265617794, 0.020405527504923266, 0.4965762820616252, 0.028771575465385012, 0.04003029058928546, 0.0023193506580887957, 0.05644228145109395, 0.0032702596134205216]
Timestep: 456, Trans probs: [0.5546927655735379, 0.03189940543565865, 0.29599559932402375, 0.01702218636337349, 0.0618997492652189, 0.0035597457200206716, 0.03303099394638894, 0.0018995543717776468]
Timestep: 457, Trans probs: [0.3006057842775778, 0.01721476327477727, 0.4888691601057426, 0.02799602437386394, 0.059536689400248394, 0.00340948201197227, 0.09682332431667355, 0.00554477223914433]
Timestep: 458, Trans probs: [0.5838635445449136, 0.03312272682440192, 0.2501748324839543, 0.014192481637409526, 0.07859877949482694, 0.004458928676507373, 0.033678137087473144, 0.001910569250513158]
Timestep: 459, Trans probs: [0.4765324962863973, 0.026359341653420375, 0.36076439186222203, 0.019955641924930746, 0.06276819843496367, 0.0034720158654668464, 0.04751938453965899, 0.002628529432939929]
Timestep: 460, Trans probs: [0.4078310258640869, 0.02237358487678929, 0.4316432085269145, 0.023679919746186724, 0.05272035823846076, 0.002892235595082048, 0.055798561515820785, 0.0030611056366589657]
Timestep: 461, Trans probs: [0.2788041351001248, 0.015191038581979434, 0.5165307705866165, 0.0281439113589293, 0.05363196383593542, 0.0029222135875654615, 0.09936208298453203, 0.00541388396431712]
Timestep: 462, Trans probs: [0.45423139695770876, 0.02415329714645266, 0.3701781660121123, 0.019683851228038046, 0.06892796664577615, 0.0036651752196055587, 0.05617319377474274, 0.00298695301556389]
Timestep: 463, Trans probs: [0.40298173226331907, 0.02129539090533402, 0.4237703720575901, 0.02239395735479261, 0.05998074622204755, 0.0031696559306006174, 0.06307497612869495, 0.003333169137621067]
Timestep: 464, Trans probs: [0.3629280931360914, 0.018716166379660382, 0.46716907783818895, 0.024091863797860807, 0.052842247855354706, 0.002725069570090326, 0.06801971153064246, 0.003507769892110916]
Timestep: 465, Trans probs: [0.2695914367249795, 0.01366035283666812, 0.5632115848755925, 0.028538254273069708, 0.038512488889808336, 0.0019514499171193315, 0.08045759972435657, 0.004076832758405954]
Timestep: 466, Trans probs: [0.4137117020663803, 0.020527631779287302, 0.42213326681052615, 0.020945494699794, 0.057852379714594795, 0.0028705311993958674, 0.05903002965520778, 0.002928964074813842]
Timestep: 467, Trans probs: [0.2527564863078793, 0.012523842336662615, 0.5850094185108385, 0.028986657592509915, 0.03470316226571191, 0.0017195085243826116, 0.08032109115816002, 0.0039798333038551315]
Timestep: 468, Trans probs: [0.4545375868729755, 0.022408548514493136, 0.38554180549308015, 0.019007079947320895, 0.0611063772257547, 0.0030125236243463997, 0.051830835739756956, 0.0025552425822721824]
Timestep: 469, Trans probs: [0.41703665224792874, 0.020604198147112156, 0.4248562049564914, 0.020990532567745357, 0.05499788219312838, 0.002717236617622442, 0.05602910771335631, 0.0027681855566152273]
Timestep: 470, Trans probs: [0.385590095481167, 0.01893159788358713, 0.45848783669744014, 0.022510711402066196, 0.049848957660713566, 0.0024474705974253494, 0.05927315309010353, 0.0029101771874971492]
Timestep: 471, Trans probs: [0.35795859724774953, 0.01731532311084364, 0.4882853909920654, 0.023619545333843462, 0.04552103321310861, 0.0022019624741095, 0.06209448710472416, 0.003003660523555626]
Timestep: 472, Trans probs: [0.3326943647517306, 0.015775377413521707, 0.5159143670000542, 0.02446312506242013, 0.04160433579020397, 0.0019727538806349515, 0.06451649573228647, 0.0030591803691480696]
Timestep: 473, Trans probs: [0.3084297055946353, 0.014650676904135816, 0.5420239068312035, 0.025746602837724526, 0.03778951953757081, 0.0017950347552940363, 0.06641002032388056, 0.0031545332155554543]
Timestep: 474, Trans probs: [0.23013597714560877, 0.01074983725687158, 0.5749075430035078, 0.02685439539566372, 0.04297455614715579, 0.002007376206441305, 0.10735564596488842, 0.005014668879862677]
Timestep: 475, Trans probs: [0.3720157159505298, 0.017267459890825686, 0.46328383134500656, 0.021503755440487222, 0.05359709694405679, 0.00248775974257299, 0.06674628881677228, 0.003098091869748711]
Timestep: 476, Trans probs: [0.3669595604324036, 0.016703811931640916, 0.4709195309791068, 0.021436016740216654, 0.0519349999698777, 0.0023640546962297106, 0.066648231751738, 0.003033793498786697]
Timestep: 477, Trans probs: [0.3326299579735869, 0.015183142294042285, 0.50715015474991, 0.02314924672126162, 0.046171115140538316, 0.0021075149554300497, 0.070395608174172, 0.003213259991058808]
Timestep: 478, Trans probs: [0.30353932729932764, 0.013855547636570834, 0.5383189289191587, 0.02457244545433144, 0.04127956262138113, 0.0018842729586513833, 0.07320820710220516, 0.0033417080083737566]
Timestep: 479, Trans probs: [0.2788456640915614, 0.012792752076088139, 0.5647596534575633, 0.025909781501525248, 0.037195572235946855, 0.001706441215404559, 0.07533399722949044, 0.0034561381924200657]
Timestep: 480, Trans probs: [0.25388071381707844, 0.011383984561290608, 0.5925282771245591, 0.026568905756953753, 0.03319714333275063, 0.001488556422806002, 0.07747830013816737, 0.00347411884639425]
Timestep: 481, Trans probs: [0.23016324462621027, 0.010291675444022331, 0.6179031787443593, 0.027629341869047024, 0.029618366328244647, 0.0013243757226636748, 0.0795143583118969, 0.0035554589535559274]
Timestep: 482, Trans probs: [0.2170293968140386, 0.0095646435249295, 0.6333460019775332, 0.027912019412029046, 0.02741380061629806, 0.0012081461516618972, 0.08000031919278928, 0.0035256723107203957]
Timestep: 483, Trans probs: [0.3180274736279951, 0.014014853765557419, 0.5340717561420631, 0.023535506153788383, 0.039447511257936635, 0.0017383752899972583, 0.06624522520844711, 0.0029192985542148375]
Timestep: 484, Trans probs: [0.4026048267576933, 0.017789280315914646, 0.45127494390077716, 0.01993979193257692, 0.048943887637128404, 0.0021626082924522936, 0.05486061934628557, 0.0024240418171715705]
Timestep: 485, Trans probs: [0.39011422823339076, 0.017354414869903904, 0.4651563296927214, 0.020692698037201057, 0.04658845992626756, 0.0020725095451443916, 0.055550183656398605, 0.0024711760389722246]
Timestep: 486, Trans probs: [0.342201685315943, 0.02448673798653776, 0.49287336222267497, 0.0352682683901682, 0.04021918199695224, 0.002877941909266111, 0.05792772013493057, 0.004145102043527098]
Timestep: 487, Trans probs: [0.4605321887225226, 0.035325083004971766, 0.3718300442560969, 0.028521192435048085, 0.05333504685542572, 0.004091060306703444, 0.04306229470661987, 0.0033030897126116758]
Timestep: 488, Trans probs: [0.38377498003376703, 0.0289660719264174, 0.45097774295767173, 0.034038315209021515, 0.043706992210963046, 0.0032988598682455223, 0.05136051520876729, 0.0038765225851464047]
Timestep: 489, Trans probs: [0.3299130369790664, 0.02417530620987138, 0.5081090117321838, 0.037233117730355404, 0.03688911950835941, 0.0027031540435418304, 0.05681404478190488, 0.004163209014716951]
Timestep: 490, Trans probs: [0.28878066118415535, 0.020787731587780425, 0.5517631819254618, 0.03971839692745843, 0.031712841150015526, 0.0022828330228527502, 0.06059262441286138, 0.004361729789414531]
Timestep: 491, Trans probs: [0.30484598818457, 0.021558160250297116, 0.5379595248103157, 0.038043530482719634, 0.03296823462441413, 0.0023314542842932133, 0.05817880674108385, 0.004114300622306289]
Timestep: 492, Trans probs: [0.4110859352035527, 0.0286107330440605, 0.4337290193561898, 0.03018664498973317, 0.04385023639966042, 0.0030518859929576747, 0.04626555764488594, 0.003219987368959697]
Timestep: 493, Trans probs: [0.3505655278686592, 0.02415021893291844, 0.4962029633574737, 0.0341830820420413, 0.036756131296469964, 0.0025321046919063103, 0.05202594043330437, 0.00358403137722658]
Timestep: 494, Trans probs: [0.3047111406110553, 0.02075732896634085, 0.5439806098981619, 0.0370566840724077, 0.031426976612213955, 0.002140847527428925, 0.056104499069133035, 0.003821913243258379]
Timestep: 495, Trans probs: [0.27636244791757464, 0.018264496317974808, 0.575412032031184, 0.03802836101483101, 0.027978911551324467, 0.0018490961086092307, 0.05825466690963035, 0.003849988148871546]
Timestep: 496, Trans probs: [0.4399079991101719, 0.028458101616728036, 0.4140117595216086, 0.026782847201729524, 0.04395364988685069, 0.0028434068883408034, 0.04136621285327981, 0.0026760229212904464]
Timestep: 497, Trans probs: [0.2496071331220934, 0.015703327757560122, 0.6071926682570947, 0.03819981168953487, 0.0244747018345657, 0.0015397567363940239, 0.05953699850579864, 0.003745602096958543]
Timestep: 498, Trans probs: [0.510325581579246, 0.031454211174268755, 0.34886702001128267, 0.021502619729966907, 0.04915027116944851, 0.0030294052746723593, 0.03359993943977764, 0.002070951621337236]
Timestep: 499, Trans probs: [0.42860471401146066, 0.026057144211916405, 0.4323073278594752, 0.026282245662844858, 0.040712605526899995, 0.002475134310886118, 0.041064312010950996, 0.0024965164055658737]
