Timestep: 0, Trans probs: [0.16666666666666666, 0.08333333333333333, 0.16666666666666666, 0.08333333333333333, 0.16666666666666666, 0.08333333333333333, 0.16666666666666666, 0.08333333333333333]
Timestep: 1, Trans probs: [0.16437094336682082, 0.0578512788554014, 0.08218547168341041, 0.0289256394277007, 0.32874188673364163, 0.1157025577108028, 0.16437094336682082, 0.0578512788554014]
Timestep: 2, Trans probs: [0.23753698768961798, 0.23753698768961798, 0.09579634564371534, 0.09579634564371534, 0.11876849384480899, 0.11876849384480899, 0.04789817282185767, 0.04789817282185767]
Timestep: 3, Trans probs: [0.08812575728798554, 0.08973203785365982, 0.04406287864399277, 0.04486601892682991, 0.24219715496822636, 0.24661171655679504, 0.12109857748411318, 0.12330585827839752]
Timestep: 4, Trans probs: [0.1346450115107117, 0.09084536442528315, 0.16799701549921536, 0.11334805444442338, 0.1310132264939918, 0.08839498895532408, 0.16346562561036548, 0.11029071306068514]
Timestep: 5, Trans probs: [0.1515797374092953, 0.0757898687046476, 0.25280404183523314, 0.12640202091761657, 0.09831445582875067, 0.04915722791437534, 0.16396843159338756, 0.08198421579669378]
Timestep: 6, Trans probs: [0.18573779308480218, 0.1970796552476893, 0.13858125239647748, 0.14704355528560192, 0.092128831015565, 0.09775457085694121, 0.06873845420426239, 0.07293588790866051]
Timestep: 7, Trans probs: [0.19040254969968665, 0.14629552250395855, 0.22360102790987682, 0.1718035250163013, 0.06967376086663957, 0.05353373296144297, 0.08182203742911959, 0.06286784361297451]
Timestep: 8, Trans probs: [0.17043125477881738, 0.09706536168003828, 0.2740009556459615, 0.15605120020366692, 0.07389754565013075, 0.04208671704674084, 0.11880448896714625, 0.06766247602749824]
Timestep: 9, Trans probs: [0.14785402925303745, 0.06612141885458209, 0.36146319032169577, 0.16164902051381452, 0.052738162814100584, 0.02358489769044055, 0.12893057212438605, 0.057658708427942996]
Timestep: 10, Trans probs: [0.264732754236347, 0.10222955381051756, 0.2722883814956213, 0.10514724492018886, 0.09090062675555191, 0.03510230738588599, 0.09349498367742412, 0.03610414771846321]
Timestep: 11, Trans probs: [0.17569058035951146, 0.0575978319473669, 0.357320272091426, 0.11714272296895611, 0.07254711797733347, 0.02378361264999963, 0.14754664639427378, 0.04837121561113261]
Timestep: 12, Trans probs: [0.21093928834095238, 0.06298995943209569, 0.16251199367834454, 0.04852876848850421, 0.22401397478369825, 0.06689427699708504, 0.17258500272868058, 0.05153673555063929]
Timestep: 13, Trans probs: [0.21029522728010522, 0.08039585888345895, 0.2167995907639814, 0.08288247684212484, 0.1459120730304206, 0.05578218100557163, 0.15042508634009324, 0.057507505854244204]
Timestep: 14, Trans probs: [0.21423564879940254, 0.07409327065284754, 0.27628973180231614, 0.09555463804345506, 0.11027861476191879, 0.03813979277756291, 0.14222118992264773, 0.04918711323984917]
Timestep: 15, Trans probs: [0.20477860512538068, 0.06766218752395889, 0.3212055949002461, 0.10613156185226665, 0.0878550871771831, 0.02902875219741181, 0.13780514582801254, 0.04553306539554031]
Timestep: 16, Trans probs: [0.17312069606180125, 0.08275979332930472, 0.3246420703955819, 0.1551941002036219, 0.06218822852348877, 0.029728883127192497, 0.11661757214106777, 0.055748656217941256]
Timestep: 17, Trans probs: [0.15090767223607904, 0.062368174906927074, 0.3337352477423964, 0.13792842998228994, 0.06941495006437798, 0.02868829452221636, 0.1535125100897464, 0.0634447204559668]
Timestep: 18, Trans probs: [0.15192513680504563, 0.05487975506076413, 0.40328019958215544, 0.14567647618659071, 0.049097438715105905, 0.017735415399055966, 0.13032751064366968, 0.047078067607612545]
Timestep: 19, Trans probs: [0.09799107990755132, 0.09982340792602079, 0.13328707644276114, 0.13577940171253433, 0.11189342395095003, 0.11398571088136489, 0.1521969894164139, 0.15504290976240354]
Timestep: 20, Trans probs: [0.125, 0.125, 0.125, 0.125, 0.125, 0.125, 0.125, 0.125]
Timestep: 21, Trans probs: [0.07407407407407386, 0.14814814814814817, 0.03703703703703704, 0.07407407407407408, 0.14814814814814817, 0.29629629629629634, 0.07407407407407408, 0.14814814814814817]
Timestep: 22, Trans probs: [0.11813004989276063, 0.0796844379408115, 0.16068002317249927, 0.10838645498279621, 0.13488958144422847, 0.09098955338808647, 0.1834762712101048, 0.12376362796871267]
Timestep: 23, Trans probs: [0.14234053963734744, 0.07170733532773399, 0.24284269259350522, 0.12233761677494236, 0.10340119649921016, 0.05209074160845968, 0.176409510876056, 0.08887036668274514]
Timestep: 24, Trans probs: [0.12969629184177478, 0.05048485467046893, 0.3512553377439244, 0.13672769226017892, 0.0644121270171666, 0.025072705050384798, 0.17444680267205584, 0.06790418874404583]
Timestep: 25, Trans probs: [0.10948461557727608, 0.14268672993304088, 0.08969394004902213, 0.11689436851858004, 0.12916892468954175, 0.168340468436949, 0.1058200709406798, 0.1379108818549104]
Timestep: 26, Trans probs: [0.06759985114219548, 0.1351997022843914, 0.024583506699012662, 0.049167013398025324, 0.1768399722897109, 0.3536799445794218, 0.0643100032024141, 0.1286200064048282]
Timestep: 27, Trans probs: [0.13868459251089688, 0.09476480675628304, 0.07534557431197444, 0.05148451360272344, 0.24625154025562251, 0.16826656229982842, 0.13378532820298944, 0.09141708205968194]
Timestep: 28, Trans probs: [0.13563617347963372, 0.05385805178273057, 0.05153440934636376, 0.020463146489351915, 0.383065305052724, 0.15210655466327308, 0.1455440958745491, 0.057792263311373826]
Timestep: 29, Trans probs: [0.13066867561332296, 0.089287436833497, 0.1517825752496293, 0.10371481180486547, 0.14416088342952002, 0.09850682049586804, 0.16745490098901103, 0.11442389558428628]
Timestep: 30, Trans probs: [0.14016693225829974, 0.10687910967002674, 0.1371673820055662, 0.10459191357279118, 0.14658716288572704, 0.1117746190621504, 0.14345022070972863, 0.10938265983571013]
Timestep: 31, Trans probs: [0.09675132902222015, 0.09707498121298234, 0.08671293288285468, 0.08700300466769297, 0.16648733158100662, 0.1670442643915933, 0.14921350388803295, 0.14971265235361703]
Timestep: 32, Trans probs: [0.13563617347963372, 0.05385805178273057, 0.05153440934636376, 0.020463146489351915, 0.383065305052724, 0.15210655466327308, 0.1455440958745491, 0.057792263311373826]
Timestep: 33, Trans probs: [0.13187437086996945, 0.12197179259637059, 0.11984070628840515, 0.11084174791191787, 0.14029607698723823, 0.12976110438657387, 0.1274939235328842, 0.11792027742664052]
Timestep: 34, Trans probs: [0.08924118132468334, 0.09376731299495143, 0.03497337172175921, 0.0367471501838573, 0.261096533032009, 0.27433881949226807, 0.10232300793697989, 0.10751262331349173]
Timestep: 35, Trans probs: [0.10865614814530815, 0.10901962429330952, 0.07480811375976669, 0.07505836158736579, 0.1869728545065084, 0.18759831541320246, 0.12872798096253113, 0.12915860133200788]
Timestep: 36, Trans probs: [0.17151362976422885, 0.13184119345287867, 0.15371830047755428, 0.11816206221259606, 0.12664898957157977, 0.09735409341911519, 0.11350857340553515, 0.0872531576965121]
Timestep: 37, Trans probs: [0.19531718276894122, 0.11685709717135134, 0.21978734571465913, 0.13149744866837945, 0.09907502667991931, 0.05927599331435064, 0.11148756515881501, 0.06670234052358404]
Timestep: 38, Trans probs: [0.16631155727416785, 0.11398703444848189, 0.16067986783423654, 0.11012717294087572, 0.13546644582915413, 0.09284633419603977, 0.1308792423602851, 0.08970234511675895]
Timestep: 39, Trans probs: [0.14016837020346545, 0.1348414312381959, 0.12770532879011376, 0.12285203349234337, 0.12653088324731301, 0.12172222141225214, 0.11528041614342822, 0.1108993154728881]
Timestep: 40, Trans probs: [0.1563630946897128, 0.11354446647197292, 0.19291502426777035, 0.1400869786337939, 0.10298441613084715, 0.07478305931274197, 0.12705837765944147, 0.09226458283371947]
Timestep: 41, Trans probs: [0.15822676467981375, 0.09170658826785279, 0.12105191241376455, 0.07016043027378893, 0.20044558834400503, 0.11617617965942234, 0.15335156383336954, 0.08888097252798306]
Timestep: 42, Trans probs: [0.18170351542510493, 0.0873988254901088, 0.1696712181335602, 0.08161132793526776, 0.16746787669235502, 0.08055152755845892, 0.1563782548188767, 0.07521745394626773]
Timestep: 43, Trans probs: [0.1814516058248194, 0.0757211705715067, 0.2735676507362099, 0.11416191468838183, 0.09991131388869974, 0.04169377067014507, 0.15063246918237547, 0.06286010443786179]
Timestep: 44, Trans probs: [0.1958692459229454, 0.07157935060283965, 0.2162843989647351, 0.0790399572453125, 0.1521738591530142, 0.05561110916404825, 0.16803470861373376, 0.06140737033337104]
Timestep: 45, Trans probs: [0.1773507215262725, 0.0641581156279423, 0.15655453250965662, 0.05663491928531602, 0.21268972031513383, 0.07694229575960083, 0.18774967165054776, 0.06792002332553022]
Timestep: 46, Trans probs: [0.21874711513350487, 0.06860849889593447, 0.1747618227870809, 0.05481282035843612, 0.20441850943056342, 0.06411443218355496, 0.16331438838724846, 0.05122241282367686]
Timestep: 47, Trans probs: [0.18855038972096896, 0.10236061095079149, 0.20612958720428354, 0.11190404067840759, 0.12108431412486494, 0.06573449351507939, 0.13237341871532857, 0.07186314509027542]
Timestep: 48, Trans probs: [0.11516905714270691, 0.12861679286023786, 0.10405950000229577, 0.11621002627772858, 0.13301049863617015, 0.1485414934857663, 0.12017990184625205, 0.13421272974884246]
Timestep: 49, Trans probs: [0.2532313244975236, 0.1137864813798478, 0.19414059363042024, 0.08723476483817245, 0.13732079483729187, 0.061703464592399636, 0.10527742047873584, 0.047305155745608514]
Timestep: 50, Trans probs: [0.09340918437675474, 0.15526561232580827, 0.06463817584418123, 0.10744217518901278, 0.12859447946295094, 0.21375093604288414, 0.08898603099446062, 0.14791340576394738]
Timestep: 51, Trans probs: [0.13060554298717958, 0.12764586909144948, 0.11125839384009963, 0.10873714890364458, 0.1424867196403745, 0.13925780442772373, 0.1213795617563398, 0.11862895935318873]
Timestep: 52, Trans probs: [0.15904476872139303, 0.11264145323247661, 0.14766456196142388, 0.10458156520324806, 0.14451497327386328, 0.10235090870505872, 0.13417442394935877, 0.09502734495317772]
Timestep: 53, Trans probs: [0.20155600751549616, 0.11085766575077566, 0.16132486252453632, 0.0887301644217174, 0.15678572321430162, 0.08623359587656244, 0.12549085266740356, 0.06902112802920696]
Timestep: 54, Trans probs: [0.23741611652636113, 0.10583968759815661, 0.17463940205590706, 0.07785393858834248, 0.16110080726798398, 0.07181845681972081, 0.1185031120196964, 0.05282847912383157]
Timestep: 55, Trans probs: [0.2329225797648932, 0.0884633396247765, 0.22053614275320887, 0.08375900574176888, 0.1393478815299906, 0.05292393284594159, 0.13193759198646465, 0.05010952575295579]
Timestep: 56, Trans probs: [0.2680351887702418, 0.08964447884304366, 0.22162061441082878, 0.07412110540740907, 0.14216746747252024, 0.047547967819008906, 0.11754889958683475, 0.039314277690112726]
Timestep: 57, Trans probs: [0.2772191197967297, 0.13526042500294747, 0.1784333070064963, 0.08706096808213301, 0.13167442692222836, 0.06424643062347052, 0.08475282462892952, 0.04135249793706515]
Timestep: 58, Trans probs: [0.2632661814141738, 0.0969500720274983, 0.2518568457444336, 0.09274848445926061, 0.11025555447329749, 0.040602571474235204, 0.10547733866266078, 0.03884295174444023]
Timestep: 59, Trans probs: [0.3214719868901116, 0.11467362387661377, 0.18285579892913542, 0.06522726074177382, 0.14835922711689165, 0.05292184359081669, 0.08438789726409829, 0.030102361590558863]
Timestep: 60, Trans probs: [0.2023137377230743, 0.07488013024330369, 0.3376805204236705, 0.12498192972225014, 0.0711362994939712, 0.026328886169985972, 0.11873312660071823, 0.04394536962302603]
Timestep: 61, Trans probs: [0.24709354762736646, 0.07873225305647896, 0.26838678639128644, 0.08551698976389473, 0.11642388054816681, 0.037096534948613716, 0.12645668597808754, 0.040293321686105395]
Timestep: 62, Trans probs: [0.2801740650659262, 0.08293564421337371, 0.141606036778084, 0.04191746970559041, 0.2323708315607225, 0.0687851839796489, 0.11744524787616901, 0.03476552082048519]
Timestep: 63, Trans probs: [0.22980371987898782, 0.0714652351820196, 0.2502273499687358, 0.07781665337665548, 0.13536231843192972, 0.04209548882244095, 0.14739254109847408, 0.04583669324075666]
Timestep: 64, Trans probs: [0.19122311205390866, 0.06480841234426492, 0.31212793179253495, 0.10578488913029756, 0.09251413328617546, 0.0313544426365808, 0.1510081327201296, 0.05117894603610808]
Timestep: 65, Trans probs: [0.16796033826753684, 0.056648001281488655, 0.3590117171669893, 0.12108392031070243, 0.07038135376632122, 0.023737526724891492, 0.15043867458719, 0.05073846789487995]
Timestep: 66, Trans probs: [0.15303683341681584, 0.04731056920491698, 0.3909038186465899, 0.12084595421662493, 0.061873207916511665, 0.0191277917852075, 0.1580434768968577, 0.04885834791647538]
Timestep: 67, Trans probs: [0.2364876888676784, 0.08727543820823376, 0.28756604200279184, 0.1061258302695146, 0.09313255084424606, 0.03437043266522908, 0.11324800523924425, 0.04179401190306209]
Timestep: 68, Trans probs: [0.1301787659462229, 0.04196025070886627, 0.1619766419992318, 0.0522095939216058, 0.20678798701186385, 0.06665354150141539, 0.2572986730862031, 0.08293454582459099]
Timestep: 69, Trans probs: [0.14110004737141235, 0.066416562498209, 0.24150518804239698, 0.11367781027768356, 0.1096554984256687, 0.05161544166806743, 0.1876850664512205, 0.08834438526534157]
Timestep: 70, Trans probs: [0.2185452785520824, 0.08505614482981641, 0.29780216528857806, 0.11590231676124614, 0.08612986338829677, 0.033521081686426896, 0.11736542643693643, 0.04567772305661696]
Timestep: 71, Trans probs: [0.04727280792185966, 0.13836236772761892, 0.015678760320806673, 0.04589002634678515, 0.1439571686479588, 0.42134697685866096, 0.047745628891436916, 0.13974626328487283]
Timestep: 72, Trans probs: [0.1228150903295952, 0.09576328096484091, 0.12734041642189978, 0.09929183818750704, 0.15304330833342536, 0.11933329443793031, 0.1586824433501015, 0.1237303279747]
Timestep: 73, Trans probs: [0.11002729490454959, 0.075607880744929, 0.03649225974489741, 0.025076526922694416, 0.3350598059382178, 0.230244339568402, 0.11112778405557962, 0.07636410812073013]
Timestep: 74, Trans probs: [0.1228150903295952, 0.09576328096484091, 0.12734041642189978, 0.09929183818750704, 0.15304330833342536, 0.11933329443793031, 0.1586824433501015, 0.1237303279747]
Timestep: 75, Trans probs: [0.10785422192053111, 0.0777809537289475, 0.03577152636827285, 0.025797260299318982, 0.3284422715078161, 0.23686187399880373, 0.10893297607166512, 0.07855891610464465]
Timestep: 76, Trans probs: [0.14256993611590776, 0.07600843517852815, 0.1478231623290067, 0.07880909228040016, 0.1776603724632507, 0.094716230308105, 0.1842065641154239, 0.0982062072093776]
Timestep: 77, Trans probs: [0.11002729490454959, 0.075607880744929, 0.03649225974489741, 0.025076526922694416, 0.3350598059382178, 0.230244339568402, 0.11112778405557962, 0.07636410812073013]
Timestep: 78, Trans probs: [0.09924984804893999, 0.05291315860430467, 0.12275675660499787, 0.06544541739537353, 0.1923482756438149, 0.10254680502268426, 0.23790515472583643, 0.12683458395404837]
Timestep: 79, Trans probs: [0.10448908648284964, 0.07180216869637134, 0.04644918826395248, 0.031918667908779584, 0.3058205463754851, 0.21015188476428318, 0.1359483235209572, 0.09342013398732149]
Timestep: 80, Trans probs: [0.09243491510533752, 0.04927990742245171, 0.08635716040436157, 0.04603966872412925, 0.24478137813434386, 0.13050051097525225, 0.22868658137954626, 0.12191987785457767]
Timestep: 81, Trans probs: [0.15471620712999548, 0.06386216416444065, 0.16041698288278627, 0.06621527172662058, 0.1927961794306327, 0.07958042334072296, 0.19990007504258614, 0.08251269628221537]
Timestep: 82, Trans probs: [0.17409913900721574, 0.0845967955149606, 0.20477416363230738, 0.09950214657196788, 0.135150811835051, 0.06567135057466804, 0.15896341943771983, 0.07724217342610945]
Timestep: 83, Trans probs: [0.1873344523613319, 0.07113087447505201, 0.17689864469449396, 0.06716839925579086, 0.1854464136116936, 0.07041398633402005, 0.17511578259021054, 0.06649144667740713]
Timestep: 84, Trans probs: [0.1859310412859421, 0.0733303306244979, 0.1418831046170431, 0.05595803099707932, 0.22082901411793499, 0.08709392743004248, 0.1685135838312673, 0.0664609670961928]
Timestep: 85, Trans probs: [0.19292789878336528, 0.06876162601885032, 0.20865229485459175, 0.0743659738028691, 0.1612581457341845, 0.05747417755229979, 0.17440133015295614, 0.06215855310088312]
Timestep: 86, Trans probs: [0.18116257759586527, 0.07383824496143152, 0.25138319109327245, 0.10245876322503286, 0.11638973718322614, 0.047438130099380034, 0.161503683221465, 0.06582567262032676]
Timestep: 87, Trans probs: [0.20899135200429417, 0.07173089392622298, 0.23911423663910109, 0.08206979753045823, 0.13822441715090725, 0.04744196785933039, 0.158147338035522, 0.05427999685416397]
Timestep: 88, Trans probs: [0.18285142932659168, 0.06693046364407565, 0.19158253242841994, 0.07012637401175363, 0.1746358012105139, 0.06392323640521029, 0.18297461043532995, 0.06697555253810511]
Timestep: 89, Trans probs: [0.1909381835381638, 0.05987940501098248, 0.24617727812300919, 0.07720272953305121, 0.1415922638201117, 0.044404216875833645, 0.18255540858616753, 0.05725051451268062]
Timestep: 90, Trans probs: [0.1851283912505633, 0.061704846854790746, 0.28448336280748515, 0.0948206929050289, 0.11053901760436086, 0.03684358248176228, 0.16986325672199462, 0.05661684937401391]
Timestep: 91, Trans probs: [0.21978262130119874, 0.06508106403189481, 0.2965132820316298, 0.08780221011087984, 0.10865351164947357, 0.03217400041497754, 0.14658670077146638, 0.04340660968847939]
Timestep: 92, Trans probs: [0.23973579851350424, 0.07289101484986954, 0.28425956345628584, 0.08642834399194833, 0.11110663354877844, 0.03378166851233453, 0.13174137256724391, 0.04005560456003507]
Timestep: 93, Trans probs: [0.2160098834839099, 0.06497834334779869, 0.3037253544884461, 0.09136420079061883, 0.10349460135437054, 0.031132407614806026, 0.14552081588589927, 0.043774393034150656]
Timestep: 94, Trans probs: [0.19453827032447005, 0.08357653860588114, 0.3194233306070502, 0.1372290206835527, 0.07022352205880668, 0.03016907106555354, 0.11530395158530507, 0.049536295069380724]
Timestep: 95, Trans probs: [0.22204591698854817, 0.07501536493007421, 0.34809169022415076, 0.11759831266178034, 0.06906590597671233, 0.023333030444043137, 0.1082716055955939, 0.03657817317909713]
Timestep: 96, Trans probs: [0.2604386121498274, 0.08575877638802226, 0.31285632336154584, 0.10301919233583726, 0.0813116465228475, 0.02677478294917034, 0.0976770017610791, 0.03216366453167029]
Timestep: 97, Trans probs: [0.2883142944487001, 0.08567912974110022, 0.28367783536981733, 0.08430130080022684, 0.10026381457041571, 0.029795665849113057, 0.09865144542223549, 0.02931651379839134]
Timestep: 98, Trans probs: [0.25941662598394066, 0.07289115531717036, 0.31544516901764347, 0.08863411403068479, 0.09286634929227794, 0.026093684104969712, 0.11292353039225637, 0.03172937186105689]
Timestep: 99, Trans probs: [0.23006752381452789, 0.0788076128919, 0.3346137557871604, 0.11461900792063956, 0.07340843744220052, 0.025145416550003682, 0.10676636385587264, 0.036571881737695495]
Timestep: 100, Trans probs: [0.20615842549271327, 0.07434721154472454, 0.3500212202485434, 0.1262286595600764, 0.06626565454825313, 0.02389747896586816, 0.11250757862606886, 0.04057377101375234]
Timestep: 101, Trans probs: [0.19248874667681407, 0.06771845889228423, 0.3751891429879566, 0.1319933294537975, 0.058346978890623034, 0.020526745379705683, 0.11372692369733277, 0.04000967402148624]
Timestep: 102, Trans probs: [0.16647739238041614, 0.059166948595901575, 0.3675525177823527, 0.1306301150863105, 0.06351872326043309, 0.022574891282772406, 0.14023806071724032, 0.049841350894573234]
Timestep: 103, Trans probs: [0.2358337982820451, 0.07286797440877545, 0.2745910546319758, 0.08484319926812121, 0.11713893316211645, 0.03619361111981125, 0.1363897093197049, 0.042141719807449754]
Timestep: 104, Trans probs: [0.1878363431643981, 0.06858140475830993, 0.1845325619661319, 0.06737515280634943, 0.18168349589397242, 0.06633492305002943, 0.17848793475996755, 0.06516818360084146]
Timestep: 105, Trans probs: [0.18231197696140825, 0.05675397117741819, 0.27938514298996436, 0.08697298234008913, 0.11881905655832091, 0.03698853703213596, 0.1820850152566012, 0.056683317684062005]
Timestep: 106, Trans probs: [0.17854397119774462, 0.05983217481412783, 0.32349856366127905, 0.10840815561150356, 0.08782710949804604, 0.02943189251171432, 0.1591313533721752, 0.05332677933340944]
Timestep: 107, Trans probs: [0.15412962856677287, 0.07604978868409504, 0.3238201498882365, 0.1597775469885309, 0.06180560599891806, 0.030495780204088822, 0.12985109212686127, 0.06407040754249656]
Timestep: 108, Trans probs: [0.17327186650145518, 0.06163233784830188, 0.37438734975808063, 0.13316857544341512, 0.06010344835374345, 0.02137863526018386, 0.12986511425552574, 0.04619267257929417]
Timestep: 109, Trans probs: [0.15466649855732983, 0.052836513188792, 0.4078803612328154, 0.13933835889960802, 0.05026532203879386, 0.01717142610464656, 0.13255771548398734, 0.04528380449402708]
Timestep: 110, Trans probs: [0.167419520835403, 0.05487230266391174, 0.4079320105600073, 0.1337010680597608, 0.05173751982525761, 0.016957143544346687, 0.12606290101890297, 0.041317533492409964]
Timestep: 111, Trans probs: [0.26635837539117896, 0.0819140846869769, 0.3031438403953224, 0.09322684213706231, 0.09134098440872501, 0.02809039933983588, 0.10395564531614551, 0.03196982832475287]
Timestep: 112, Trans probs: [0.2733119005716688, 0.12692267899863446, 0.23401051370500844, 0.10867159919184702, 0.09457847440971012, 0.04392107816226038, 0.0809783889240075, 0.03760536603686325]
Timestep: 113, Trans probs: [0.2307532803008949, 0.09585770565388418, 0.31222497568901086, 0.1297020340441604, 0.06949639062700508, 0.028869641844501973, 0.09403337125130573, 0.03906260058923688]
Timestep: 114, Trans probs: [0.23582761815108252, 0.07366921070375573, 0.3063676187399888, 0.09570490867318517, 0.09559140105448624, 0.02986140097144444, 0.12418439427361773, 0.03879344743243944]
Timestep: 115, Trans probs: [0.11179826885462721, 0.13412549092308482, 0.099503908319342, 0.11937582476747798, 0.12872976196034572, 0.15443837097150723, 0.11457345952940312, 0.1374549146742119]
Timestep: 116, Trans probs: [0.15012515446831412, 0.1094939291466705, 0.1845517387312405, 0.1346029922573589, 0.10925968755522909, 0.0796886606387114, 0.1343150345654132, 0.09796280263706232]
Timestep: 117, Trans probs: [0.1964599046372255, 0.1030311205200093, 0.2900626707729513, 0.1521200066036323, 0.06842734155479845, 0.03588592638082961, 0.10102935498176414, 0.052983674548789335]
Timestep: 118, Trans probs: [0.17366918105011864, 0.07499159209440204, 0.1558216112469104, 0.0672848840506052, 0.19445551234720745, 0.08396727832925875, 0.17447178058058013, 0.07533816030091738]
Timestep: 119, Trans probs: [0.1885669352372632, 0.06721828263711907, 0.22018078225003027, 0.07848764171683802, 0.15152810789576235, 0.05401508579003758, 0.176932277588202, 0.06307088688474773]
Timestep: 120, Trans probs: [0.19104513120743716, 0.061442237310142, 0.27495171141477853, 0.08842752597151164, 0.11916024342405801, 0.038323258531229414, 0.17149514701043017, 0.055154745130413164]
Timestep: 121, Trans probs: [0.16770674862113374, 0.0628081418295852, 0.3147510233424422, 0.11787794514911958, 0.08518973282804569, 0.03190455283332648, 0.1598835813487215, 0.059878274047625704]
Timestep: 122, Trans probs: [0.14681073437238942, 0.04827197704654619, 0.36813170543003443, 0.12104322828022443, 0.06774402496050792, 0.022274515769667748, 0.16986989097233757, 0.05585392316829213]
Timestep: 123, Trans probs: [0.21348879117208464, 0.0702403896551732, 0.35575540190773913, 0.11704782211160777, 0.0687050577686912, 0.022604793452898966, 0.11448936173840296, 0.03766838219340214]
Timestep: 124, Trans probs: [0.22837154071914953, 0.07227307244530956, 0.14701720549748842, 0.046526748079761836, 0.23374263206483825, 0.07397286950721547, 0.15047491672380098, 0.04762101496243604]
Timestep: 125, Trans probs: [0.16439940433089262, 0.04749429752449578, 0.29160052372308887, 0.08424216674245401, 0.11531681960700325, 0.033314544917511284, 0.2045411607684536, 0.0590910823861007]
Timestep: 126, Trans probs: [0.15816340022862937, 0.05350123523641656, 0.33034635138399787, 0.1117448020802477, 0.0837670008583978, 0.028335493619231267, 0.1749590806719579, 0.059182635921121524]
Timestep: 127, Trans probs: [0.13640495816587542, 0.04437218414428952, 0.38996502707659836, 0.12685462628296532, 0.059130570398185305, 0.01923502337117784, 0.16904704049204908, 0.054990570068859025]
Timestep: 128, Trans probs: [0.201208776156615, 0.058803210528631876, 0.37617905904918525, 0.10993822848221035, 0.06846135087045165, 0.020007811315228993, 0.12799504595980768, 0.0374065176378691]
Timestep: 129, Trans probs: [0.09741370739940583, 0.15601406495211093, 0.11147321400378117, 0.17853123255744763, 0.08184270031654292, 0.13107613603790585, 0.09365487764085412, 0.14999406709195154]
Timestep: 130, Trans probs: [0.10448908648284964, 0.07180216869637134, 0.04644918826395248, 0.031918667908779584, 0.3058205463754851, 0.21015188476428318, 0.1359483235209572, 0.09342013398732149]
Timestep: 131, Trans probs: [0.09741370739940583, 0.15601406495211093, 0.11147321400378117, 0.17853123255744763, 0.08184270031654292, 0.13107613603790585, 0.09365487764085412, 0.14999406709195154]
Timestep: 132, Trans probs: [0.1794087010759568, 0.16071887923549824, 0.07975367392877049, 0.07144537032971778, 0.18574289483642165, 0.16639321117111266, 0.082569452766386, 0.0739678166561365]
Timestep: 133, Trans probs: [0.15573059319637902, 0.13169748827395927, 0.17820684794531927, 0.150705097732612, 0.09693933953040743, 0.08197918770521988, 0.11093038166130019, 0.09381106395480297]
Timestep: 134, Trans probs: [0.10908211743181713, 0.06720913774740382, 0.04849095708816139, 0.029876899084570658, 0.31926351235034134, 0.19670891878942695, 0.14192420940923597, 0.08744424809904269]
Timestep: 135, Trans probs: [0.18239764397557728, 0.10503043749476094, 0.20872269563984416, 0.12018925003808717, 0.11353907267660746, 0.06537945455901988, 0.12992591786263877, 0.07481552775346442]
Timestep: 136, Trans probs: [0.23545802928186052, 0.11164066353591805, 0.10466963295891668, 0.04962832361773567, 0.2341462841219853, 0.11101870937922548, 0.10408651466459248, 0.049351842439765925]
Timestep: 137, Trans probs: [0.20818321468676307, 0.10389803910594991, 0.2382298411826405, 0.1188934150749859, 0.10290735861362152, 0.05135799629963098, 0.1177597518413518, 0.058770383195056244]
Timestep: 138, Trans probs: [0.10448908648284964, 0.07180216869637134, 0.04644918826395248, 0.031918667908779584, 0.3058205463754851, 0.21015188476428318, 0.1359483235209572, 0.09342013398732149]
Timestep: 139, Trans probs: [0.20818321468676307, 0.10389803910594991, 0.2382298411826405, 0.1188934150749859, 0.10290735861362152, 0.05135799629963098, 0.1177597518413518, 0.058770383195056244]
Timestep: 140, Trans probs: [0.19632785598319216, 0.06938186942258914, 0.32704960901180313, 0.11557867401714193, 0.08083905253416132, 0.02856835857083458, 0.13466443868487765, 0.04759014177540008]
Timestep: 141, Trans probs: [0.17854210458751094, 0.05464393518818876, 0.37870442065138127, 0.11590487221691585, 0.06677700722774067, 0.02043752348189316, 0.1416402472315408, 0.04334988941482859]
Timestep: 142, Trans probs: [0.25628995247614117, 0.09236069744761245, 0.2473835655072875, 0.08915105109107715, 0.11775479862749043, 0.04243598012314059, 0.1136626764280706, 0.04096127829918026]
Timestep: 143, Trans probs: [0.14366420573365385, 0.05106614386149943, 0.39848508357092355, 0.14164346992611784, 0.05183482833823775, 0.01842494299424861, 0.14377558972860102, 0.05110573584671798]
Timestep: 144, Trans probs: [0.202073605309107, 0.07058712118275608, 0.1413743112768329, 0.04938401344877049, 0.2339758078046428, 0.08173100427478361, 0.1636936631739862, 0.057180473529120895]
Timestep: 145, Trans probs: [0.1939841615145182, 0.09247479320278665, 0.19639146554743467, 0.0936223865984646, 0.14251768073204985, 0.06794004701487301, 0.1442862961948256, 0.06878316919504748]
Timestep: 146, Trans probs: [0.11434495169868159, 0.042064503523900613, 0.36137609948406424, 0.1329407724991511, 0.061374005592743815, 0.022577884166980935, 0.19396657588578603, 0.07135520714869165]
Timestep: 147, Trans probs: [0.300536524518969, 0.0934461922324522, 0.23371980147718271, 0.07267078612932078, 0.1285725272523422, 0.03997721447223375, 0.09998766570197824, 0.031089288215521]
Timestep: 148, Trans probs: [0.25348586670983864, 0.1038001783059559, 0.2647702684929051, 0.10842103915457725, 0.09352813144581164, 0.038298927063302506, 0.09769171274110373, 0.04000387608650533]
Timestep: 149, Trans probs: [0.21720919079482093, 0.0831372612979893, 0.2932501408203447, 0.11224209018891322, 0.0905228675279323, 0.034647812385719824, 0.12221326157005553, 0.04677737541422433]
Timestep: 150, Trans probs: [0.2073856935190241, 0.07005080785449248, 0.34685961341060884, 0.11716235444795138, 0.07231398235602786, 0.024426240775140946, 0.12094759063933454, 0.04085371699741978]
Timestep: 151, Trans probs: [0.17576506388081606, 0.07943204100055476, 0.35231339674473483, 0.15921805822713853, 0.053475208471186066, 0.024166605456228413, 0.10718872068280622, 0.04844090553653514]
Timestep: 152, Trans probs: [0.14568512337784711, 0.0510840710912166, 0.3777182082555297, 0.13244580747567597, 0.06039533977732916, 0.021177452846447647, 0.1565871586525049, 0.05490683852344884]
Timestep: 153, Trans probs: [0.13806192370826348, 0.04340856039007217, 0.39745831984154334, 0.12496634130519213, 0.0580779767313045, 0.01826051160638103, 0.16719725780583852, 0.05256910861140493]
Timestep: 154, Trans probs: [0.15084023576906783, 0.04360932985547021, 0.40141226243682415, 0.11605205780398155, 0.06103965415008843, 0.01764713770515662, 0.16243720082922897, 0.04696212145018243]
Timestep: 155, Trans probs: [0.14710764878476182, 0.04145709461829547, 0.43862622797908274, 0.12361130903533624, 0.04882629097760015, 0.013759965451425769, 0.1455838089632518, 0.04102765419024614]
Timestep: 156, Trans probs: [0.1420063754938501, 0.03917955240279557, 0.4564876219690796, 0.1259449136981856, 0.04395871344740872, 0.012128206998331646, 0.1413078004184174, 0.03898681557193134]
Timestep: 157, Trans probs: [0.20400408904927897, 0.05705823281667696, 0.20783714222537206, 0.05813030564393972, 0.1830785783145632, 0.05120554295701013, 0.18651845998239452, 0.052167649010764414]
Timestep: 158, Trans probs: [0.12435613123075662, 0.0366294137430505, 0.35295665043025276, 0.1039642762605773, 0.07689783993374949, 0.022650453717102552, 0.21825706332061517, 0.06428817136389578]
Timestep: 159, Trans probs: [0.25891248984889176, 0.0722482109039967, 0.27192939139880135, 0.07588051094886245, 0.12241843768545993, 0.034160241205817385, 0.12857306063229185, 0.03587765737587857]
Timestep: 160, Trans probs: [0.31894386968667177, 0.10715547418200913, 0.2174471534695723, 0.07305565353066835, 0.12613415484888657, 0.04237725336015205, 0.08599479574297896, 0.028891645179060815]
Timestep: 161, Trans probs: [0.24560671036084752, 0.10733786698206677, 0.26537746657125066, 0.11597831005924983, 0.08887046785625531, 0.038839193128614995, 0.09602432921333719, 0.041965655828377656]
Timestep: 162, Trans probs: [0.21583089082063275, 0.07466620064324221, 0.31482938813402256, 0.1089145032642237, 0.08635128018242387, 0.02987302692115527, 0.12595935920505022, 0.04357535082924941]
Timestep: 163, Trans probs: [0.21874823874178376, 0.08217962138598003, 0.33919019770367037, 0.12742741237805882, 0.06624886857236514, 0.02488846066986223, 0.10272524687721181, 0.03859195367106778]
Timestep: 164, Trans probs: [0.12876683968115762, 0.040394485059606244, 0.12763325684025123, 0.04003887723973429, 0.25351952857919585, 0.07952972081063876, 0.251287700974017, 0.07882959081539895]
Timestep: 165, Trans probs: [0.29401260706679433, 0.10067371632836959, 0.21639245226390544, 0.0740955722006421, 0.1350936605353212, 0.0462578152487326, 0.09942855437455604, 0.034045621981678736]
Timestep: 166, Trans probs: [0.09966383331271039, 0.0340807986341336, 0.1006865963671298, 0.034430540165735456, 0.2710241744180426, 0.09267875824464833, 0.2738054592957731, 0.09362983956182666]
Timestep: 167, Trans probs: [0.1891026149239966, 0.05834311448393863, 0.24662245587210269, 0.0760894934374083, 0.14256460974511184, 0.04398491978051226, 0.1859288629610892, 0.057363928795840374]
Timestep: 168, Trans probs: [0.198386812120545, 0.05672630700145495, 0.31916210335938916, 0.09126053927109735, 0.09969906623729645, 0.02850774090617881, 0.16039455114550577, 0.045862879958532665]
Timestep: 169, Trans probs: [0.1666274162416931, 0.07761232035328669, 0.32207831824107347, 0.1500188034957915, 0.06598300203236222, 0.0307338012382015, 0.12754020200526286, 0.05940613639232877]
Timestep: 170, Trans probs: [0.276659272019349, 0.08523489777429318, 0.2944459077896205, 0.09071471441142236, 0.09367403550238006, 0.028859675592555124, 0.0996964107455846, 0.030715086164795305]
Timestep: 171, Trans probs: [0.14713908853755334, 0.16689643774699833, 0.053340240904850664, 0.06050259169108709, 0.1967415623150193, 0.22315936732729882, 0.07132192019254927, 0.08089879128464332]
Timestep: 172, Trans probs: [0.1804755006630718, 0.14375492849817395, 0.14607012801412428, 0.11634986871481855, 0.12716171001348514, 0.10128866501842318, 0.10291993756449722, 0.08197926151340591]
Timestep: 173, Trans probs: [0.18687132594574615, 0.21936878664601925, 0.0603151183399812, 0.07080409078112998, 0.16088727504042188, 0.18886603460312812, 0.051928432488767516, 0.06095893615480587]
Timestep: 174, Trans probs: [0.15673465959254476, 0.1103941634952446, 0.18747549990605086, 0.13204610289634816, 0.11043408805596208, 0.07778291543166749, 0.13209385798127002, 0.09303871264091193]
Timestep: 175, Trans probs: [0.22610025588185495, 0.18013985670991042, 0.0729767588537012, 0.058142450267409974, 0.19466150770148063, 0.15509180194206934, 0.06282949946351164, 0.05005786918006174]
Timestep: 176, Trans probs: [0.15673465959254476, 0.1103941634952446, 0.18747549990605086, 0.13204610289634816, 0.11043408805596208, 0.07778291543166749, 0.13209385798127002, 0.09303871264091193]
Timestep: 177, Trans probs: [0.22610025588185495, 0.18013985670991042, 0.0729767588537012, 0.058142450267409974, 0.19466150770148063, 0.15509180194206934, 0.06282949946351164, 0.05005786918006174]
Timestep: 178, Trans probs: [0.15673465959254476, 0.1103941634952446, 0.18747549990605086, 0.13204610289634816, 0.11043408805596208, 0.07778291543166749, 0.13209385798127002, 0.09303871264091193]
Timestep: 179, Trans probs: [0.18979001802520185, 0.23218881237279368, 0.061257163660628416, 0.0749419185881446, 0.1502270513089381, 0.1837875405283818, 0.04848770848982831, 0.05931978702608321]
Timestep: 180, Trans probs: [0.19638730078146527, 0.10149410576203977, 0.2349053329041484, 0.12140045006459468, 0.10381316772341113, 0.05365125230850303, 0.12417435662522043, 0.06417403383061733]
Timestep: 181, Trans probs: [0.22610025588185495, 0.18013985670991042, 0.0729767588537012, 0.058142450267409974, 0.19466150770148063, 0.15509180194206934, 0.06282949946351164, 0.05005786918006174]
Timestep: 182, Trans probs: [0.19638730078146527, 0.10149410576203977, 0.2349053329041484, 0.12140045006459468, 0.10381316772341113, 0.05365125230850303, 0.12417435662522043, 0.06417403383061733]
Timestep: 183, Trans probs: [0.19228610653004635, 0.21395400606171922, 0.06206280825481546, 0.0690564008662957, 0.1655491421767568, 0.18420416746679316, 0.05343310992705436, 0.059454258716519014]
Timestep: 184, Trans probs: [0.2119871533671035, 0.08589425317640105, 0.2535648315087088, 0.10274095146003444, 0.11205947543520924, 0.04540494459670498, 0.1340380374770976, 0.05431035297874022]
Timestep: 185, Trans probs: [0.22610025588185495, 0.18013985670991042, 0.0729767588537012, 0.058142450267409974, 0.19466150770148063, 0.15509180194206934, 0.06282949946351164, 0.05005786918006174]
Timestep: 186, Trans probs: [0.2303756721777317, 0.09334502585376175, 0.23517631269808076, 0.09529017878267372, 0.12177991244858351, 0.049343530801342385, 0.12431760046372331, 0.05037176677410281]
Timestep: 187, Trans probs: [0.22678644420028887, 0.08679837753276202, 0.27126675177586035, 0.10382240444641698, 0.10252241813485757, 0.039238586707510625, 0.12263044843671458, 0.04693456876558895]
Timestep: 188, Trans probs: [0.2066952996319885, 0.0830326571997864, 0.3109719238630438, 0.12492216900360574, 0.07815726199826113, 0.03139696526592504, 0.11758716415293748, 0.04723655888445199]
Timestep: 189, Trans probs: [0.27780154539977825, 0.1119979721319257, 0.24800504956552807, 0.09998527038373721, 0.09873053905976673, 0.03980402681444041, 0.08814087840264515, 0.0355347182421786]
Timestep: 190, Trans probs: [0.250029873125976, 0.10627211900910906, 0.2867736274351014, 0.12188959936040059, 0.07682142277413696, 0.032651999864787354, 0.08811090370215446, 0.03745045472833421]
Timestep: 191, Trans probs: [0.23520451357514735, 0.08531843868970716, 0.32996730046690426, 0.11969283440429875, 0.07018327992958988, 0.025458388424175114, 0.09845979171178125, 0.035715452798396344]
Timestep: 192, Trans probs: [0.19373247114283948, 0.0963961118217129, 0.3234139492386278, 0.16092215740397245, 0.05641769547238778, 0.02807194090592, 0.09418281608669601, 0.04686285792784375]
Timestep: 193, Trans probs: [0.18738165887625258, 0.07058461451525337, 0.3657245783656282, 0.13776443509735095, 0.05870194197483903, 0.022112377328920626, 0.11457227514550723, 0.04315811869624808]
Timestep: 194, Trans probs: [0.1768678882690127, 0.05873656716577682, 0.4002777944428898, 0.1329294073014775, 0.05318571018702249, 0.017662595902700688, 0.12036700939833603, 0.03997302733278413]
Timestep: 195, Trans probs: [0.16118362569465391, 0.048396352557866305, 0.4026740462578473, 0.12090530303317103, 0.05866439320009588, 0.01761433671484474, 0.14655724785527924, 0.04400469468624158]
Timestep: 196, Trans probs: [0.1814714623133424, 0.05331499901644362, 0.36130557209352704, 0.10614895573796075, 0.07694618221931873, 0.022606230076322297, 0.15319810637311265, 0.04500849216997247]
Timestep: 197, Trans probs: [0.26476342354611543, 0.07819802770588626, 0.30444701190192547, 0.08991859809341979, 0.09432203182590261, 0.02785806573736468, 0.10845931949853599, 0.03203352169084957]
Timestep: 198, Trans probs: [0.21364431341399248, 0.06519137097956212, 0.3338649559874079, 0.10187546700891874, 0.08533617474473854, 0.026039458466562835, 0.13335603354008999, 0.04069222585872745]
Timestep: 199, Trans probs: [0.14349466630736127, 0.058180511252221456, 0.36348336023936506, 0.14737584521158462, 0.05789163831008225, 0.023472406332474882, 0.1466441071589236, 0.05945746518798689]
Timestep: 200, Trans probs: [0.14394696236636007, 0.22141710531400627, 0.15078310614453383, 0.23193236136380896, 0.048475040369015246, 0.07456359579974901, 0.0507771545655758, 0.07810467407695092]
Timestep: 201, Trans probs: [0.22610025588185495, 0.18013985670991042, 0.0729767588537012, 0.058142450267409974, 0.19466150770148063, 0.15509180194206934, 0.06282949946351164, 0.05005786918006174]
Timestep: 202, Trans probs: [0.09520559149300373, 0.14644384384046596, 0.11558190126488334, 0.1777863845408972, 0.08274289083067682, 0.12727390055243556, 0.100451879856921, 0.15451360762071634]
Timestep: 203, Trans probs: [0.1330875891987067, 0.10375625878792288, 0.11056560066452265, 0.08619791781232318, 0.17384351827803224, 0.13552994069287566, 0.1444245337658528, 0.11259464079976397]
Timestep: 204, Trans probs: [0.14487797737292954, 0.07776985984118272, 0.09135663813033211, 0.0490398407804188, 0.2541861890058689, 0.13644602617322624, 0.16028382027285498, 0.08603964842318676]
Timestep: 205, Trans probs: [0.25730440040750613, 0.10805966727286015, 0.2695239696643116, 0.11319149784403115, 0.08664886699821034, 0.03638976917055389, 0.09076388341313157, 0.038117945229395114]
Timestep: 206, Trans probs: [0.22041892297489507, 0.08574815717215102, 0.30055997362918263, 0.11692491511424413, 0.08417352263518, 0.032745484603774695, 0.11477776681808122, 0.04465125705249134]
Timestep: 207, Trans probs: [0.2072942524272845, 0.06889939180980292, 0.3507464959199322, 0.1165793067841086, 0.07150713371009526, 0.02376717137594571, 0.12099166420878908, 0.040214583764041856]
Timestep: 208, Trans probs: [0.17504780112664997, 0.0784242905651306, 0.35568508734811516, 0.15935276227600492, 0.05272778343757824, 0.02362291318456537, 0.1071392278963752, 0.048000134165580625]
Timestep: 209, Trans probs: [0.16901432707385133, 0.061356509254666236, 0.40063042567529555, 0.14543905742325763, 0.04866412527463787, 0.017666318024500194, 0.11535311568808643, 0.04187612158570463]
Timestep: 210, Trans probs: [0.2179840263371355, 0.07653906265809848, 0.1963809161593536, 0.06895372793751776, 0.17137207870977594, 0.06017256626836416, 0.15438840352966432, 0.054209218400090096]
Timestep: 211, Trans probs: [0.1661641982805574, 0.06567738079199296, 0.1522899925975637, 0.06019351905006785, 0.20780567591950422, 0.0821364207773493, 0.1904545333771574, 0.07527827920580717]
Timestep: 212, Trans probs: [0.17600227614618671, 0.06906347038694326, 0.2374416453352077, 0.09317234072367708, 0.12972722270855203, 0.05090509282090666, 0.17501276619343828, 0.06867518568508828]
Timestep: 213, Trans probs: [0.16767440614726895, 0.06575981689130846, 0.30310738501048645, 0.11887494695634293, 0.08815435628898924, 0.034573042248579995, 0.15935787116233924, 0.062498175294684495]
Timestep: 214, Trans probs: [0.1587711442582752, 0.05613064387970088, 0.3591425257914383, 0.12696829333460471, 0.06771714227617504, 0.023940161264265195, 0.15317711307088558, 0.05415297612465519]
Timestep: 215, Trans probs: [0.15080040140907852, 0.06397413896757376, 0.36950056050027347, 0.15675343026386512, 0.0527010767012527, 0.022357407361806445, 0.12913146913485885, 0.05478151566129104]
Timestep: 216, Trans probs: [0.25250144323988066, 0.0879706875471323, 0.29531214159971764, 0.1028857966283501, 0.08933106606506261, 0.031122654984574213, 0.10447682236016975, 0.0363993875751127]
Timestep: 217, Trans probs: [0.28875396862847674, 0.09695827305541475, 0.23859998267475627, 0.08011748680400564, 0.1211577146136902, 0.0406825327183596, 0.1001137014498807, 0.03361634005541603]
Timestep: 218, Trans probs: [0.21691751920009275, 0.06588138061351659, 0.311878378250869, 0.09472253886380887, 0.09772938651943248, 0.029682005096476574, 0.1405127750286382, 0.04267601642716549]
Timestep: 219, Trans probs: [0.22242519388674784, 0.08083348002737324, 0.3200888060801492, 0.11632626529906359, 0.0782819696459259, 0.02844913347855421, 0.11265442445483607, 0.040940727127349814]
Timestep: 220, Trans probs: [0.2881435921648593, 0.1334455963284369, 0.2370415159623811, 0.1097791077515912, 0.08684328018801003, 0.040219021442531505, 0.07144168167076188, 0.033086204491428045]
Timestep: 221, Trans probs: [0.2501740357404493, 0.08593613529655629, 0.3120997103045172, 0.10720793967032971, 0.08099903005425353, 0.02782360521558597, 0.10104875088279214, 0.03471079283551567]
Timestep: 222, Trans probs: [0.21508914850106495, 0.06574266234364046, 0.3625460657698262, 0.1108133243914113, 0.07010265460427263, 0.02142709282713409, 0.11816236106710978, 0.03611669049554057]
Timestep: 223, Trans probs: [0.1719148893290244, 0.0551821008370307, 0.366415573863459, 0.11761390315933613, 0.06983520332133092, 0.022416052772932286, 0.148845200091326, 0.04777707662556057]
Timestep: 224, Trans probs: [0.15223634361321609, 0.044707889880149905, 0.37576470394633366, 0.11035240735656611, 0.07063726030682878, 0.020744342515587197, 0.17435382758674783, 0.051203224794570325]
Timestep: 225, Trans probs: [0.1844134623360304, 0.059292696825710055, 0.31613294319952284, 0.10164320175060494, 0.09437473984215344, 0.030343407507146935, 0.1617830059262443, 0.052016542612587126]
Timestep: 226, Trans probs: [0.19232414857475713, 0.05646543293544455, 0.18000239655908043, 0.052847826580525836, 0.20698701034117323, 0.06077037770628511, 0.1937258435517158, 0.05687696375101785]
Timestep: 227, Trans probs: [0.23818265393632665, 0.11783951651186488, 0.15559451079450756, 0.07697950132349458, 0.16647959327344106, 0.08236483411457264, 0.10875397701956242, 0.05380541302623016]
Timestep: 228, Trans probs: [0.22092860806307824, 0.08306080040542589, 0.25823956023639466, 0.09708830720309419, 0.11415833131496497, 0.04291921474135897, 0.13343766357175518, 0.05016751446392786]
Timestep: 229, Trans probs: [0.22138054231041965, 0.08700263373781472, 0.2858292823248363, 0.11233101203077024, 0.09194843401411505, 0.03613576804811702, 0.11871664343605731, 0.04665568409786985]
Timestep: 230, Trans probs: [0.3050395008911924, 0.10047834571924331, 0.23671468649403066, 0.07797252499063564, 0.11850584562165085, 0.039035178366525196, 0.0919621033082049, 0.030291814608517088]
Timestep: 231, Trans probs: [0.2089807373948117, 0.06160449744459525, 0.344982517204407, 0.10169585419443808, 0.082377607817806, 0.024283726785385006, 0.13598781811442537, 0.04008724104413169]
Timestep: 232, Trans probs: [0.23993047064421535, 0.07812539836168457, 0.13806180533754353, 0.04495524687451359, 0.2389029695285579, 0.07779082670947934, 0.13747055630346663, 0.04476272624053911]
Timestep: 233, Trans probs: [0.2328250111148036, 0.07841560947084641, 0.21212150666834953, 0.07144265621476109, 0.15860595512091372, 0.053418584957693915, 0.14450223369787138, 0.04866844275476037]
Timestep: 234, Trans probs: [0.16708101600968883, 0.05240562723875736, 0.33607961810112996, 0.10541271300223837, 0.08569709417685073, 0.026879235475898045, 0.17237773249872018, 0.054066963496716476]
Timestep: 235, Trans probs: [0.31167221613607055, 0.09543286467839913, 0.2159135167227776, 0.0661119097463799, 0.14059656726839834, 0.0430501420521701, 0.09739943988083062, 0.029823343514973764]
Timestep: 236, Trans probs: [0.2924139015101041, 0.08583064742040818, 0.27981982195832367, 0.08213397637976655, 0.10263413201920234, 0.030125633402334637, 0.09821374565349769, 0.02882814165636282]
Timestep: 237, Trans probs: [0.2549034990952122, 0.08071000756077869, 0.3095890048521152, 0.09802506050736866, 0.08806480387552966, 0.02788392867050287, 0.1069577118050398, 0.03386598363345296]
Timestep: 238, Trans probs: [0.21551472414377074, 0.06511404130733889, 0.31789654720030736, 0.09604693594880542, 0.09476937456316648, 0.028632925172482032, 0.1397902490127102, 0.04223520265141892]
Timestep: 239, Trans probs: [0.18960616008729672, 0.06870199260545562, 0.35886723752017935, 0.1300321376009106, 0.06414685099657291, 0.02324300265772366, 0.12141062928630553, 0.04399198924555573]
Timestep: 240, Trans probs: [0.15261319565578285, 0.05210107203860957, 0.38489117667860373, 0.13139914171240458, 0.0590542453023615, 0.02016070416101972, 0.14893507645013107, 0.05084538800108712]
Timestep: 241, Trans probs: [0.1808443566773387, 0.056640556636999524, 0.3939346564630539, 0.12338056122195004, 0.058748019171753894, 0.01839991343023327, 0.12797126310997448, 0.0400806732886963]
Timestep: 242, Trans probs: [0.16396362605976084, 0.051758415623194824, 0.4131248064320186, 0.13041115245747767, 0.051988824801657084, 0.016411317964295763, 0.13099169431020352, 0.04135016235139174]
Timestep: 243, Trans probs: [0.1664901259881527, 0.051684574737167005, 0.40591285663042914, 0.12601007567731223, 0.05546781476009459, 0.017219221863520276, 0.13523384048564918, 0.04198148985767495]
Timestep: 244, Trans probs: [0.15880224311595773, 0.1361036790492712, 0.09885837449246848, 0.0847279497395432, 0.17307825089756768, 0.14833913078526675, 0.10774554696459315, 0.09234482495533179]
Timestep: 245, Trans probs: [0.09694572585301361, 0.05767103867672193, 0.270897865285619, 0.16115162508572514, 0.06830278647084598, 0.040631937154819796, 0.1908601837286306, 0.11353883774462396]
Timestep: 246, Trans probs: [0.31450980360665864, 0.1449395190130694, 0.13590835050513256, 0.06263235907491604, 0.16347586215669177, 0.0753366431173979, 0.07064242360122737, 0.03255503892490628]
Timestep: 247, Trans probs: [0.22443334634219433, 0.08779737709549153, 0.2643553134549305, 0.10341468200189595, 0.10561534346957394, 0.04131627625214769, 0.12440208945590321, 0.04866557192786282]
Timestep: 248, Trans probs: [0.15293030307093602, 0.05054638437363769, 0.4245248101582826, 0.1403135532952736, 0.04611604242518114, 0.015242232307176988, 0.12801520537574848, 0.04231146899376343]
Timestep: 249, Trans probs: [0.2118687578610382, 0.06767065689804562, 0.15877926906263903, 0.05071393039604076, 0.22137179031780826, 0.07070591540130661, 0.16590105786528123, 0.05298862219784022]
Timestep: 250, Trans probs: [0.10848322720454581, 0.031631866575436325, 0.3473508479674381, 0.10128160786601546, 0.07577779821420037, 0.022095518950338542, 0.24263181641138493, 0.07074731681064045]
Timestep: 251, Trans probs: [0.3382541162391564, 0.09631037982710691, 0.17283830545305737, 0.04921188552540227, 0.17689445249232172, 0.05036678370174831, 0.09038807199969846, 0.025736004761508696]
Timestep: 252, Trans probs: [0.24643330104709846, 0.09296620918707997, 0.26032795218550153, 0.09820792383694939, 0.10665568956683426, 0.04023553271871944, 0.11266925831813596, 0.04250413313968102]
Timestep: 253, Trans probs: [0.14759593275640323, 0.0497550578042274, 0.40056541009893476, 0.13503187223146507, 0.05377698565464369, 0.01812839269900426, 0.14594711324592613, 0.04919923550939545]
Timestep: 254, Trans probs: [0.290658453272109, 0.1139972482514405, 0.20497668036752623, 0.0803925612847651, 0.1305704546777298, 0.05121018284049654, 0.09208023387113991, 0.03611418543479292]
Timestep: 255, Trans probs: [0.32964623085904937, 0.10744083266707828, 0.2321034953860021, 0.07564895477259134, 0.11292726960991667, 0.03680612347998282, 0.07951194810434939, 0.02591514512102998]
Timestep: 256, Trans probs: [0.24965665567863315, 0.11540769681630002, 0.27049052016156494, 0.12503847677376723, 0.07858267992118832, 0.03632607380205736, 0.08514040977514854, 0.039357487071340416]
Timestep: 257, Trans probs: [0.2000687980942415, 0.09387822062686557, 0.2899972449703805, 0.13607531810976653, 0.07779697549171384, 0.036504650894507364, 0.11276575245380346, 0.052913039358721325]
Timestep: 258, Trans probs: [0.2339489544638844, 0.10446339963072492, 0.29049717722354024, 0.12971343593067813, 0.07443737783015145, 0.033237941009626445, 0.09242977037078097, 0.04127194354061364]
Timestep: 259, Trans probs: [0.32093975691592347, 0.1092160341898878, 0.2542716506425595, 0.08652882882743645, 0.0953481301729537, 0.03244703848778456, 0.07554167385722133, 0.025706886906233274]
Timestep: 260, Trans probs: [0.27236123604923435, 0.10930569052488359, 0.2831444880298552, 0.11363329169509019, 0.07751748217612722, 0.0311097938896131, 0.08058653324717377, 0.03234148438802248]
Timestep: 261, Trans probs: [0.2474148033742663, 0.08580747847454977, 0.3257442407956023, 0.11297340154701674, 0.0730956348355721, 0.02535075519813972, 0.09623709555877986, 0.0333765902160731]
Timestep: 262, Trans probs: [0.2287865175426793, 0.07041168318653772, 0.36616401998613707, 0.11269119022611719, 0.0652633694256713, 0.02008555285968329, 0.10445151210576145, 0.03214615466741267]
Timestep: 263, Trans probs: [0.2616241195935161, 0.08062458588355263, 0.3020788050941734, 0.0930914879054589, 0.09315941613577418, 0.028708894878538137, 0.10756456688048788, 0.03314812362849883]
Timestep: 264, Trans probs: [0.15883302180931858, 0.06395930399846271, 0.13366524469533592, 0.0538246765194788, 0.2282980884494467, 0.09193168193283985, 0.19212327202782226, 0.07736471056729527]
Timestep: 265, Trans probs: [0.19134739179235508, 0.06244578419884186, 0.22677059785688441, 0.07400606657748614, 0.1536901090669025, 0.0501564160054138, 0.182142006699585, 0.05944162780253125]
Timestep: 266, Trans probs: [0.19644667259736592, 0.0637103596003044, 0.28394993368363125, 0.09208887146968821, 0.11233666275945768, 0.03643232581175898, 0.16237479372412744, 0.052660380353666165]
Timestep: 267, Trans probs: [0.24455844212204308, 0.07871360724023564, 0.27268975799014716, 0.08776795567809467, 0.11312445446282651, 0.03641024942990613, 0.12613704864394518, 0.040598484432801694]
Timestep: 268, Trans probs: [0.2939712660141699, 0.09780259595829101, 0.2553402995359375, 0.08495028948230117, 0.10759346727719518, 0.035795744769680664, 0.09345453565977045, 0.031091801302654053]
Timestep: 269, Trans probs: [0.26148982177814317, 0.08887710072603978, 0.29148117812425417, 0.09907078543911207, 0.09143656017172021, 0.031078136476453265, 0.10192379994466765, 0.0346426173396097]
Timestep: 270, Trans probs: [0.223768804020392, 0.07855946255618775, 0.2993183591739598, 0.10508296512932785, 0.09285697040317965, 0.03259969020884991, 0.12420764431672898, 0.04360610419137398]
Timestep: 271, Trans probs: [0.23799987870228712, 0.09811311996034562, 0.26181070597137013, 0.10792890039243942, 0.0991808258916575, 0.04088632448694114, 0.10910342554417807, 0.044976819050780936]
Timestep: 272, Trans probs: [0.26835818040130555, 0.0892962115336962, 0.2870540956448617, 0.09551727921237882, 0.09417740325478884, 0.03133754041020067, 0.10073853266204866, 0.03352075688071962]
Timestep: 273, Trans probs: [0.20827725905022657, 0.08732034640183514, 0.26378346740973907, 0.1105913523844722, 0.10259711607598347, 0.04301389290620406, 0.12993940456185854, 0.054477161209681005]
Timestep: 274, Trans probs: [0.22561618394908295, 0.07411766234611017, 0.33127301591995906, 0.1088272175717424, 0.07933892708617857, 0.026063803162290563, 0.11649361847917619, 0.03826957148546017]
Timestep: 275, Trans probs: [0.22739865152178895, 0.10065304346505728, 0.3055723951770699, 0.13525494266412663, 0.0683548309023389, 0.030255772054129874, 0.09185344442884659, 0.04065691978664196]
Timestep: 276, Trans probs: [0.21059997942703726, 0.09019579802877338, 0.21537722170198145, 0.09224179623132624, 0.13554541516736235, 0.05805141540575146, 0.1386201224359674, 0.05936825160180049]
Timestep: 277, Trans probs: [0.16846001923406265, 0.07775043991938618, 0.19934964896538987, 0.09200713009119892, 0.14491476862501843, 0.06688344844456139, 0.1714870293061015, 0.07914751541428111]
Timestep: 278, Trans probs: [0.1943471149002529, 0.06882170158382103, 0.26725920066037856, 0.0946411422820416, 0.11657386395361977, 0.041280837544753965, 0.16030820788940664, 0.05676793118572574]
Timestep: 279, Trans probs: [0.19316899196042797, 0.06997306602007966, 0.3079611225236769, 0.11155508831552811, 0.08979687952078769, 0.03252780332566216, 0.14315935252180773, 0.05185769581202982]
Timestep: 280, Trans probs: [0.1749922524523972, 0.07262709300421195, 0.32205155979901984, 0.13366116646814172, 0.07381234424900893, 0.03063436189605001, 0.13584247453630566, 0.05637874759486482]
Timestep: 281, Trans probs: [0.23054191092551451, 0.07677685498568637, 0.2880551792569138, 0.09593036961001586, 0.10294640384003903, 0.0342840097368597, 0.1286284332985252, 0.04283683834644548]
Timestep: 282, Trans probs: [0.13367956594427388, 0.049239534000409105, 0.11915047897996756, 0.043887889816644404, 0.2527250589671158, 0.0930887532875007, 0.2252574027561184, 0.08297131624797022]
Timestep: 283, Trans probs: [0.20394335426887059, 0.16248688649927875, 0.09513366046668557, 0.07579542047804166, 0.17558547500459312, 0.13989343879467644, 0.0819055321603992, 0.06525623232745464]
Timestep: 284, Trans probs: [0.10529656715081137, 0.03878493965569929, 0.14753347777343007, 0.054342484161354225, 0.1990661845305277, 0.07332404240157912, 0.2789162771927065, 0.10273602713389182]
Timestep: 285, Trans probs: [0.1350440970603891, 0.06483816614162993, 0.22102330689758948, 0.10611901005484109, 0.1211946100997459, 0.05818866900641665, 0.19835619686828138, 0.09523594387110655]
Timestep: 286, Trans probs: [0.15347773342234414, 0.06236984469218503, 0.29013462752513497, 0.11790408455389108, 0.09252500110597676, 0.03760004673279777, 0.17490945516359227, 0.07107920680407798]
Timestep: 287, Trans probs: [0.15181947316114744, 0.06544952468028041, 0.3280043430981888, 0.1414029959520235, 0.06927373335356175, 0.029863974801220664, 0.14966515776586814, 0.06452079718770916]
Timestep: 288, Trans probs: [0.15465044360015, 0.05282145906053352, 0.37910344832139603, 0.12948425370825303, 0.061323816904365114, 0.020945387602149965, 0.15032656817191425, 0.05134462263123806]
Timestep: 289, Trans probs: [0.14848543226481858, 0.052393874554232285, 0.38350913378095736, 0.13532323770244134, 0.05782695190413671, 0.020404547555314814, 0.14935582498353367, 0.0527009972545653]
Timestep: 290, Trans probs: [0.12738760487126977, 0.04465917927978255, 0.3723330809990342, 0.13053145816606734, 0.061359568972777036, 0.021511260801665766, 0.17934395883723386, 0.0628738880721695]
Timestep: 291, Trans probs: [0.13275625204940664, 0.057606622237264975, 0.3796946523022975, 0.164760047553526, 0.047909339957328184, 0.02078919226742997, 0.13702496037896844, 0.05945893325377826]
Timestep: 292, Trans probs: [0.24499267365733585, 0.10217522203766789, 0.28325192622309214, 0.11813140377789809, 0.0822964486462775, 0.03432207905574305, 0.09514826403740456, 0.039681982564580914]
Timestep: 293, Trans probs: [0.17623454853101925, 0.20700311960548973, 0.16083562245292007, 0.18891571413754427, 0.0641981829212947, 0.07540646399064495, 0.05858870917512226, 0.0688176391859648]
Timestep: 294, Trans probs: [0.1471388101540655, 0.16750332579458121, 0.050611799034351604, 0.057616645491588056, 0.20081353495571264, 0.22860681647777253, 0.06907446284168181, 0.07863460525024665]
Timestep: 295, Trans probs: [0.11261552328107015, 0.11158394253453659, 0.13893948239344162, 0.13766676890959337, 0.1122531621824215, 0.11122490073612065, 0.1384924191288139, 0.1372238008340021]
Timestep: 296, Trans probs: [0.20700220862834806, 0.13715523819771058, 0.2343744845701647, 0.15529152307935506, 0.07508499826841256, 0.04974971470506572, 0.08501362321068939, 0.05632820934025399]
Timestep: 297, Trans probs: [0.1938489770042368, 0.09653489172194403, 0.1496716013011098, 0.07453499135637337, 0.182856367441914, 0.09106067983679568, 0.1411841617432792, 0.07030832959434707]
Timestep: 298, Trans probs: [0.16815326037843067, 0.06679314056324719, 0.11872547359461195, 0.04715964013065435, 0.2513578165341502, 0.09984330921477598, 0.17747247803916225, 0.0704948815449676]
Timestep: 299, Trans probs: [0.1686862419093331, 0.07909197119928874, 0.19098892016541077, 0.08954903495464117, 0.15060408470493736, 0.07061378447437627, 0.17051604911416668, 0.07994991347784597]
Timestep: 300, Trans probs: [0.20531027687040765, 0.07635744494322248, 0.23820907400837232, 0.08859291668605203, 0.13211042402880085, 0.04913350945200013, 0.15327972011171148, 0.05700663389943302]
Timestep: 301, Trans probs: [0.18676280146386665, 0.05790973117889365, 0.14901820628939394, 0.046206226289924754, 0.23779753022557967, 0.07373412126200303, 0.1897388620030937, 0.058832521287244435]
Timestep: 302, Trans probs: [0.14928742634964515, 0.05709878127337791, 0.23162610557269478, 0.08859130780595098, 0.13420364814331207, 0.05132960584019449, 0.2082229504062818, 0.07964017460854278]
Timestep: 303, Trans probs: [0.2505306059036941, 0.12205096102316554, 0.14556550946987074, 0.07091512934533026, 0.17477355291276336, 0.0851444078758016, 0.10154847620248653, 0.04947135726688786]
Timestep: 304, Trans probs: [0.23587694880705748, 0.08862491799407982, 0.22855309153523568, 0.08587316012457098, 0.13329908522825792, 0.05008382784662656, 0.12916021757029642, 0.048528750893875115]
Timestep: 305, Trans probs: [0.21500804038820615, 0.07677135324626438, 0.2855244287971115, 0.10195012588386554, 0.10152753650674892, 0.03625169717053128, 0.13482561775795537, 0.048141200249316604]
Timestep: 306, Trans probs: [0.16513692175703337, 0.06160480612329569, 0.3231717003053946, 0.1205601371881071, 0.08116200826112367, 0.030277721846240554, 0.1588334330740344, 0.05925327144477065]
Timestep: 307, Trans probs: [0.20248996774477415, 0.08520351759570766, 0.19500060960313226, 0.0820521532821618, 0.15606038718174872, 0.06566692707459452, 0.15028828822620646, 0.06323814929167444]
Timestep: 308, Trans probs: [0.20898062898710146, 0.06904441625177293, 0.2579522787356531, 0.08522399703953926, 0.127433061579357, 0.04210218617183889, 0.1572951942004386, 0.0519682370342988]
Timestep: 309, Trans probs: [0.2012485305584809, 0.06376891335043998, 0.3039309799552796, 0.09630553958082433, 0.10126530869219148, 0.03208758184458592, 0.15293361109709033, 0.048459534921107265]
Timestep: 310, Trans probs: [0.17686761197508474, 0.07372962820327887, 0.3175286423199661, 0.13236605888839006, 0.07562296147098674, 0.031524442325100016, 0.1357651410337361, 0.056595513783457216]
Timestep: 311, Trans probs: [0.16006261263159524, 0.05360987378151282, 0.38291663488819444, 0.12825051476852894, 0.06076224940199078, 0.020351139267100346, 0.1453610914298846, 0.0486858838311928]
Timestep: 312, Trans probs: [0.22586479905216778, 0.09429793672202505, 0.29610861283104495, 0.12362453712470386, 0.07940085170806273, 0.03314963872839898, 0.10409446782120124, 0.04345915601239545]
Timestep: 313, Trans probs: [0.2012999810394743, 0.08282985369828443, 0.3155576918871958, 0.12984401348383257, 0.07463048936822958, 0.030708559851228338, 0.11699069641160227, 0.04813871426015277]
Timestep: 314, Trans probs: [0.13375380055017466, 0.055108237284394554, 0.3565225780037061, 0.1468917574308631, 0.05945487406997559, 0.02449615109615465, 0.15847777701360963, 0.06529482455112161]
Timestep: 315, Trans probs: [0.13365689874316794, 0.04761714903889873, 0.1584469521198345, 0.0564489540367632, 0.20371572988343653, 0.07257659247404517, 0.24149996597573983, 0.08603775772811408]
Timestep: 316, Trans probs: [0.32599130107376784, 0.10221701146804613, 0.23998555170861527, 0.0752492652729219, 0.112497250542511, 0.035274354594589, 0.0828172857625964, 0.025967979576952474]
Timestep: 317, Trans probs: [0.15353668921437016, 0.04718719610361321, 0.08295759730459326, 0.02549577193781275, 0.3430609322137642, 0.10543462651625378, 0.18535967403720835, 0.05696751267238436]
Timestep: 318, Trans probs: [0.37394875384480225, 0.14413831243572883, 0.1701091993747376, 0.06556848411866534, 0.12215928776493803, 0.04708622078761203, 0.055570231012204846, 0.02141951066131128]
Timestep: 319, Trans probs: [0.1736115864625081, 0.061728891970801975, 0.06451231048755383, 0.022937832238132498, 0.3642342339617246, 0.1295061933274053, 0.13534575929129863, 0.04812319226057515]
Timestep: 320, Trans probs: [0.17857688738020158, 0.05536434218348314, 0.21148038023992372, 0.0655654396739942, 0.1708975025534887, 0.05298349606424498, 0.2023860385981397, 0.06274591330652401]
Timestep: 321, Trans probs: [0.1841268248701236, 0.06806872833925848, 0.2612349751868908, 0.09657437242646275, 0.11771800395303034, 0.04351845439886663, 0.16701564187299478, 0.06174299895237276]
Timestep: 322, Trans probs: [0.19238385748323825, 0.05909045515893135, 0.32414271389923194, 0.09956001897105997, 0.09255452832521036, 0.02842800470529806, 0.15594279264106617, 0.04789762881596397]
Timestep: 323, Trans probs: [0.25811077507067953, 0.1180329970934596, 0.2301140100463927, 0.10523019146152486, 0.10466524451338376, 0.047862986340076345, 0.09331241255180317, 0.04267138292267993]
Timestep: 324, Trans probs: [0.24380049100343582, 0.0922004787461401, 0.2945691541836289, 0.11140017367394632, 0.08478475262382341, 0.03206390089747363, 0.10244020742237105, 0.03874084144918067]
Timestep: 325, Trans probs: [0.23607297295901983, 0.08253911878749719, 0.30878030958546493, 0.1079600698574634, 0.08496079276310756, 0.029705174964570757, 0.11112758721674129, 0.038853973866135046]
Timestep: 326, Trans probs: [0.20005228369141914, 0.08651392542567982, 0.1887369036514925, 0.08162051492881478, 0.15915726272077518, 0.06882860472225193, 0.15015499151162517, 0.06493551334794159]
Timestep: 327, Trans probs: [0.21070584522791835, 0.0817914574676698, 0.2445504796063285, 0.09492921342444562, 0.12270161525368312, 0.0476301164515879, 0.14241056685590006, 0.05528070571246664]
Timestep: 328, Trans probs: [0.16089035017674252, 0.11799873611088248, 0.27955405190358207, 0.2050279880866788, 0.04984499349122764, 0.03655686140877236, 0.0866078660545712, 0.0635191527675431]
Timestep: 329, Trans probs: [0.08560510641491476, 0.10222006635100082, 0.09814242776173028, 0.11719073660195231, 0.1267310864179185, 0.15132812287605577, 0.145291525410325, 0.17349092816610262]
Timestep: 330, Trans probs: [0.10335752482161868, 0.1530733306464772, 0.037024192844984635, 0.05483312920912604, 0.19340111211209893, 0.28642861207082154, 0.06927913650826051, 0.10260296178661246]
Timestep: 331, Trans probs: [0.09237277605269885, 0.17843949661416514, 0.0879134932718716, 0.1698253549950254, 0.0823932444781235, 0.15916171081289754, 0.07841572218142243, 0.1514782015937955]
Timestep: 332, Trans probs: [0.1710598298477012, 0.10715653574133954, 0.19362877794184447, 0.12129433942819969, 0.1173374776360446, 0.07350339134149682, 0.13281851397650704, 0.08320113408686663]
Timestep: 333, Trans probs: [0.19512285795410028, 0.08255480049454676, 0.25702346250749725, 0.10874441309544249, 0.10812403339576926, 0.045746347195023025, 0.14242520704670145, 0.06025887831091938]
Timestep: 334, Trans probs: [0.1885979453144808, 0.08367617963561437, 0.28490913643949456, 0.12640704033538824, 0.08729529781458496, 0.038730734892671266, 0.13187433126119144, 0.0585093343065743]
Timestep: 335, Trans probs: [0.19001310820099307, 0.06814221161035904, 0.33037319405286486, 0.11847793193155538, 0.07874414193570618, 0.028239104310546683, 0.13691136327675432, 0.049098944681220544]
Timestep: 336, Trans probs: [0.16336949209188292, 0.059247720512270376, 0.2421710317535092, 0.08782595466129237, 0.13226079099152238, 0.047965812215357125, 0.1960569981875069, 0.07110219958665866]
Timestep: 337, Trans probs: [0.17091760013997828, 0.07890482417153967, 0.2125206467976104, 0.09811104447203739, 0.13404509954997665, 0.06188248022664267, 0.16667301221805403, 0.07694529242416083]
Timestep: 338, Trans probs: [0.1574561937400116, 0.06420825839114581, 0.28755223182323014, 0.11725945841382854, 0.0938801031934884, 0.03828288859559277, 0.17144726133579122, 0.06991360450691136]
Timestep: 339, Trans probs: [0.2646706393323611, 0.08830263543006052, 0.24075379718282058, 0.08032320787324289, 0.12798647729050303, 0.04270040406699231, 0.11642103738241857, 0.038841801441600966]
Timestep: 340, Trans probs: [0.22795956474635418, 0.10033015715779217, 0.26537759189762183, 0.11679867669018552, 0.09289965694349236, 0.040887238890004216, 0.10814850991319713, 0.04759860376135259]
Timestep: 341, Trans probs: [0.22348051344136044, 0.08265023705132736, 0.3191610970218487, 0.11803597512916522, 0.07716814605121051, 0.02853924696041801, 0.11020679060373231, 0.04075799374093754]
Timestep: 342, Trans probs: [0.18503565365580069, 0.06190628987983379, 0.34215834631554787, 0.11447390464119259, 0.07795815013102375, 0.026081999577682282, 0.1441561731679493, 0.04822948263096982]
Timestep: 343, Trans probs: [0.1484565717359673, 0.05732503511332385, 0.3132736633183328, 0.1209675229584474, 0.08349856069120615, 0.03224214238254387, 0.17619900340999783, 0.06803750039018092]
Timestep: 344, Trans probs: [0.1732263169104477, 0.06691314249211791, 0.1883481694590212, 0.0727543489114092, 0.17236787629756606, 0.06658154761626273, 0.18741479096948646, 0.07239380734368885]
Timestep: 345, Trans probs: [0.22001686833749698, 0.07507328249002619, 0.22633771650361104, 0.07723005721160499, 0.1474999711089165, 0.05032935466268153, 0.15173748675456017, 0.05177526293110267]
Timestep: 346, Trans probs: [0.19380008783624247, 0.07904093963613865, 0.2782616099661333, 0.11348838569656625, 0.0978079554413025, 0.03989075953620074, 0.1404344004817472, 0.05727586140566901]
Timestep: 347, Trans probs: [0.19903505866818189, 0.07871506146327951, 0.2987099187732431, 0.11813481390294332, 0.08751336285215448, 0.03461008217275871, 0.13133922075869642, 0.051942481408742594]
Timestep: 348, Trans probs: [0.19005278652870558, 0.0699867981584971, 0.19073982001903475, 0.0702397977334785, 0.17471838819723065, 0.06433991730760868, 0.17534998842925198, 0.06457250362619266]
Timestep: 349, Trans probs: [0.19451807365079116, 0.06507196354161941, 0.25282160161943645, 0.08457619250665906, 0.1313144868239826, 0.043928522109656955, 0.1706738003907774, 0.057095359357077026]
Timestep: 350, Trans probs: [0.1933924765432781, 0.057617783946907815, 0.3094321840367152, 0.0921897120545818, 0.10293444298253371, 0.030667452025393033, 0.16469735572965968, 0.04906859268093066]
Timestep: 351, Trans probs: [0.1803442242150574, 0.05658634570734934, 0.3469513907147385, 0.1088624347360199, 0.0799887722257297, 0.025097961066244418, 0.15388469404036653, 0.04828417729449429]
Timestep: 352, Trans probs: [0.17668993756254775, 0.06714081219955034, 0.35291867766271157, 0.13410637292391187, 0.06506765330317664, 0.024725205922649235, 0.12996546650679408, 0.04938587391865836]
Timestep: 353, Trans probs: [0.13997635263009894, 0.0442167618684606, 0.1696623309817995, 0.05359418749033075, 0.20356636112703494, 0.0643040423989993, 0.24673841466325622, 0.07794154884001979]
Timestep: 354, Trans probs: [0.16062072302885883, 0.05428881138963158, 0.24923189302586848, 0.08423883903405899, 0.13227953769775547, 0.04470966595942193, 0.2052554550079749, 0.06937507485642982]
Timestep: 355, Trans probs: [0.1371665120131592, 0.044767940936806055, 0.3411348485300603, 0.11133843477054295, 0.07904540372392016, 0.025798570753909365, 0.19658691783144594, 0.06416137144015592]
Timestep: 356, Trans probs: [0.3360551049588292, 0.11695309897354805, 0.22412871919617566, 0.07800074419990212, 0.10896984810401215, 0.037923427564066824, 0.07267639183623235, 0.02529266516723369]
Timestep: 357, Trans probs: [0.19126102076792678, 0.059599372053716106, 0.19393920823045113, 0.060433929405589, 0.18729861401060124, 0.058364635599786205, 0.1899213167326579, 0.059181903199271704]
Timestep: 358, Trans probs: [0.18745656463926105, 0.06348168738294417, 0.2477844794154172, 0.0839115818155809, 0.13428309328197696, 0.045474626961961355, 0.17749853907328988, 0.060109427429568554]
Timestep: 359, Trans probs: [0.17913203679223288, 0.056334510668824604, 0.30796031507334004, 0.09684919551936842, 0.10064109315539764, 0.031650210859048025, 0.17302021074772647, 0.054412427184061946]
Timestep: 360, Trans probs: [0.23524214285152925, 0.10776275513996572, 0.2864141233040119, 0.13120427600303833, 0.07403334698295647, 0.03391415052766172, 0.09013774451445984, 0.04129146067637679]
Timestep: 361, Trans probs: [0.10908460496898117, 0.09051458941144656, 0.08622634597867052, 0.07154760568577057, 0.19615546742102802, 0.1627629453255433, 0.15505184443087047, 0.1286565967776895]
Timestep: 362, Trans probs: [0.12876449782250532, 0.13245992159936062, 0.13911303382326745, 0.14310545115533066, 0.10817759265259368, 0.1112821910067333, 0.1168716017232017, 0.12022571021700738]
Timestep: 363, Trans probs: [0.14728605689039226, 0.10003786166299321, 0.21072809609661736, 0.1431281994432596, 0.09770879396732983, 0.06636459024383902, 0.13979590844742878, 0.09495049324813994]
Timestep: 364, Trans probs: [0.1993401866854529, 0.10083901019095587, 0.23111442389577153, 0.1169124506905227, 0.10818576140638429, 0.05472727440648489, 0.12543025235857547, 0.06345064036585243]
Timestep: 365, Trans probs: [0.2431140680680907, 0.10169069695983401, 0.24184134148338066, 0.10115833593907143, 0.11034987177209249, 0.04615757310592778, 0.10977217910074798, 0.045915933570855064]
Timestep: 366, Trans probs: [0.2300006300216304, 0.08020948486990859, 0.29491152270697185, 0.10284624575290056, 0.09487375401517457, 0.03308588735829077, 0.1216490722608477, 0.04242340301427542]
Timestep: 367, Trans probs: [0.19022640240098626, 0.06840665180591714, 0.3230934432462349, 0.11618650404968943, 0.08233823243368305, 0.029609364027884423, 0.13984884691100874, 0.05029055512459603]
Timestep: 368, Trans probs: [0.21140260808584976, 0.07869937129345864, 0.32480044951696907, 0.12091426593203503, 0.07590075098671947, 0.02825576012255456, 0.11661444606752769, 0.04341234799488581]
Timestep: 369, Trans probs: [0.2842600779412576, 0.08980721159017395, 0.2844589351239116, 0.08987003718709975, 0.09556554711123881, 0.030192334330969017, 0.09563240101346443, 0.030213455701885005]
Timestep: 370, Trans probs: [0.11308167057190252, 0.07182394259709887, 0.2171760822354392, 0.13793961819853734, 0.09632056545732176, 0.06117810896619115, 0.18498597464053518, 0.11749403733297405]
Timestep: 371, Trans probs: [0.1620755496276453, 0.13255023026466897, 0.11854504282861705, 0.09694968031740693, 0.15564457466123174, 0.12729078666208477, 0.1138413092637782, 0.0931028263745671]
Timestep: 372, Trans probs: [0.18875405015849492, 0.10969536408031542, 0.19454812314017775, 0.11306261868862676, 0.12269036384689734, 0.07130212104074457, 0.12645651838334956, 0.07349084066139355]
Timestep: 373, Trans probs: [0.19853093989992707, 0.0901056017251841, 0.26247217486641805, 0.11912608314037922, 0.09768008944226741, 0.044333257275676365, 0.12914010042959348, 0.05861175322055432]
Timestep: 374, Trans probs: [0.1934447969933252, 0.0738315230282186, 0.3128208465616211, 0.11939343882905311, 0.08310616094173656, 0.03171889102588984, 0.1343915164654307, 0.05129282615472483]
Timestep: 375, Trans probs: [0.1791596126484236, 0.07141473127714483, 0.34364595887987043, 0.13698055853716212, 0.06586145081074425, 0.02625300279255528, 0.12632881419258163, 0.05035587086151778]
Timestep: 376, Trans probs: [0.15795990372210494, 0.07332272249248918, 0.3480303475574446, 0.16155069730742058, 0.05525058275235383, 0.025646528335609733, 0.12173266167521832, 0.05650655615735877]
Timestep: 377, Trans probs: [0.14768012138893002, 0.05178892872847039, 0.3703569746501515, 0.12987794690211, 0.06338073772914778, 0.02222655614135185, 0.1589482596282687, 0.05574047483156972]
Timestep: 378, Trans probs: [0.15052043929916736, 0.050515417343348364, 0.40415379689095, 0.135636049269477, 0.05265884933737354, 0.017672574990369717, 0.14139125555771434, 0.04745161731159972]
Timestep: 379, Trans probs: [0.16739636974450503, 0.05750319768994438, 0.38354763619020205, 0.13175444354628868, 0.058753315796314876, 0.020182657116948197, 0.13461878191508841, 0.046243598000708416]
Timestep: 380, Trans probs: [0.30042888927615014, 0.0949826836786391, 0.28029702947340424, 0.08861785612788622, 0.09263468442729407, 0.029287100018336086, 0.08642719724370403, 0.027324559754586072]
Timestep: 381, Trans probs: [0.24256513127703083, 0.0811560280379209, 0.34022145283934957, 0.11382931099935466, 0.06930667079766285, 0.023188222020444592, 0.09720942208840962, 0.03252376193982709]
Timestep: 382, Trans probs: [0.19497354530661207, 0.06986788818823442, 0.3654988673399963, 0.1309748661341656, 0.0611274149341407, 0.02190473269149462, 0.11458990955268188, 0.04106277585267443]
Timestep: 383, Trans probs: [0.15354673953805967, 0.05791829991223809, 0.34581046497141654, 0.1304407653543205, 0.06972373738124381, 0.02630000705191161, 0.15702839484505243, 0.05923159094575729]
Timestep: 384, Trans probs: [0.15445508604910643, 0.04844685701573966, 0.41266612419593446, 0.12943812486565592, 0.05286545394298747, 0.01658194076842378, 0.14124353260581732, 0.044302880556334856]
Timestep: 385, Trans probs: [0.1274106089755815, 0.0589234839568036, 0.37522297979246305, 0.17352907585790256, 0.04591684280844367, 0.021235126119591295, 0.13522464667403283, 0.0625372358151814]
Timestep: 386, Trans probs: [0.13376933722038234, 0.0521748293191102, 0.4116635631457986, 0.1605635236769053, 0.042667498952404556, 0.016641851724565632, 0.13130553693578573, 0.05121385902504781]
Timestep: 387, Trans probs: [0.17299639495250907, 0.0639571746371285, 0.3726763391124903, 0.13777932025859, 0.05846501634563985, 0.02161465423373221, 0.12594787460066062, 0.046563225859249505]
Timestep: 388, Trans probs: [0.13055860087871596, 0.0589803884504886, 0.3761156910571271, 0.1699118205278633, 0.04693534523825903, 0.02120323652044895, 0.13521223182907516, 0.061082685498021906]
Timestep: 389, Trans probs: [0.15534801246792618, 0.05853692835500344, 0.40104147431888365, 0.15111706726493424, 0.047444669717496765, 0.017877700447910885, 0.12248164614275867, 0.04615250128508619]
Timestep: 390, Trans probs: [0.15123467969078647, 0.07757932872943758, 0.35518724696048776, 0.1822015178581446, 0.046147377609129514, 0.02367236525947595, 0.10838096156877262, 0.05559652232376562]
Timestep: 391, Trans probs: [0.1380636983854231, 0.25727729992014137, 0.1257451888616879, 0.2343221501858521, 0.04470327883538468, 0.08330313479100074, 0.04071470129823522, 0.07587054772227504]
Timestep: 392, Trans probs: [0.17788685450160105, 0.14226569357269045, 0.25116364512185285, 0.20086908767721165, 0.05248124355435737, 0.04197207564739271, 0.07409980050842659, 0.059261599416467435]
Timestep: 393, Trans probs: [0.1292918080071032, 0.06934340464348211, 0.37120202429357885, 0.19908772699392616, 0.03885438839797685, 0.020838873076226904, 0.11155252485312564, 0.0598292497345802]
Timestep: 394, Trans probs: [0.28304570509033916, 0.12163429940437179, 0.2608911938531784, 0.11211375765257851, 0.08091363719397898, 0.034771322777033264, 0.07458037704476944, 0.03204970698375048]
Timestep: 395, Trans probs: [0.24421401666495815, 0.09588366139359918, 0.30875280228693774, 0.12122297300167008, 0.07291679157608555, 0.028628696455948496, 0.0921866158230196, 0.03619444279778125]
Timestep: 396, Trans probs: [0.19053664834391995, 0.0677406427526087, 0.3070763022400527, 0.10917346488791252, 0.09193778469877376, 0.03268622956726117, 0.1481705236594837, 0.05267840384998729]
Timestep: 397, Trans probs: [0.14559392341019492, 0.05827864079680278, 0.35046247833521543, 0.1402838553234916, 0.06400867141921263, 0.025621525144363687, 0.15407674369293717, 0.061674161877781866]
Timestep: 398, Trans probs: [0.2626318592290385, 0.11057230014476394, 0.2638824052081218, 0.1110988004168556, 0.0883932630405836, 0.037215006741336785, 0.08881415576851825, 0.037392209450781685]
Timestep: 399, Trans probs: [0.2523639070135609, 0.09522538402331047, 0.292088382398979, 0.11021476371894873, 0.08416956700181422, 0.031760006554316156, 0.0974186561133773, 0.03675933317569337]
Timestep: 400, Trans probs: [0.22202795058197955, 0.07019868215626053, 0.332218118706624, 0.1050375597329408, 0.0823357703470427, 0.02603213945601323, 0.12319815885908206, 0.03895162016005705]
Timestep: 401, Trans probs: [0.2951459559132791, 0.08901160428534281, 0.27712852084263967, 0.08357781544760641, 0.10109550149193977, 0.030488890643898408, 0.09492404090584267, 0.028627670469451322]
Timestep: 402, Trans probs: [0.28982592610197355, 0.10933743502378786, 0.26005448142706283, 0.09810609543492704, 0.09287150568930985, 0.03503596919515585, 0.08333157621960423, 0.03143701090817893]
Timestep: 403, Trans probs: [0.22246958764176242, 0.09535425933588937, 0.2494115169039002, 0.10690202969454134, 0.10753671339077504, 0.046092069327269496, 0.12055982614955092, 0.0516739975563113]
Timestep: 404, Trans probs: [0.22762471207260065, 0.08550029698406957, 0.30654486786031265, 0.11514425214358777, 0.08214711058357144, 0.03085606253963494, 0.11062847671352881, 0.04155422110269412]
Timestep: 405, Trans probs: [0.2458556325165931, 0.07959474429473201, 0.3174323383007534, 0.1027674067878925, 0.08386419893751432, 0.027150687586803505, 0.10827984088043227, 0.035055150695278876]
Timestep: 406, Trans probs: [0.2540016631221429, 0.07767696981272708, 0.27328926620917904, 0.08357536647807143, 0.11489550834702311, 0.03513652164237197, 0.123620092801476, 0.03780461158700842]
Timestep: 407, Trans probs: [0.1827508502239683, 0.05585123900182197, 0.30348353919205306, 0.0927488526579294, 0.10512080084684912, 0.03212640031477284, 0.1745679029378362, 0.05335041482476906]
Timestep: 408, Trans probs: [0.1705825120151011, 0.06072006745467147, 0.15336557681434365, 0.05459157600262762, 0.21775837033044204, 0.0775126522589445, 0.1957799640617507, 0.06968928106211884]
Timestep: 409, Trans probs: [0.21105512170005775, 0.07134088907610102, 0.22461695059788256, 0.0759250608473209, 0.1509990138250267, 0.05104071300956695, 0.16070180034231185, 0.05432045060173238]
Timestep: 410, Trans probs: [0.22140319837710568, 0.07641866721302341, 0.27244091460260556, 0.09403464692848408, 0.1118860623333754, 0.03861815830079693, 0.13767796209280503, 0.047520390151804016]
Timestep: 411, Trans probs: [0.22566261671127116, 0.07122062458951729, 0.3159327845341097, 0.0997104906906844, 0.09104505869096628, 0.028734426819380262, 0.12746514832410763, 0.04022884963996335]
Timestep: 412, Trans probs: [0.17866109652494125, 0.05693861416282923, 0.3647885924499326, 0.11625674150952435, 0.07064097827401057, 0.022513011977776522, 0.14423410319921107, 0.04596686190177446]
Timestep: 413, Trans probs: [0.2521536463618142, 0.0804795218691237, 0.2971891659221217, 0.09485344480712646, 0.09580009196185568, 0.030576379550130543, 0.11291032208415454, 0.03603742744367322]
Timestep: 414, Trans probs: [0.1623558287562441, 0.06122508188761262, 0.3398896916724958, 0.1281738657910897, 0.07238302370722016, 0.02729594981404155, 0.15153286333259433, 0.05714369503870181]
Timestep: 415, Trans probs: [0.20152235510939714, 0.06518515190967987, 0.19914375059795386, 0.06441575986715789, 0.17851703724335458, 0.05774376835193823, 0.17640996862595, 0.05706220829456853]
Timestep: 416, Trans probs: [0.2794237901237822, 0.09086481046640209, 0.18718799866812266, 0.060870987445375904, 0.17246410615369503, 0.05608297815648008, 0.11553494016631752, 0.03757038881982455]
Timestep: 417, Trans probs: [0.2485738201150896, 0.08705242009852196, 0.2530677171268516, 0.08862621660841294, 0.11842221761676729, 0.041472350677156496, 0.1205631399778905, 0.042222117779309606]
Timestep: 418, Trans probs: [0.2315693295946279, 0.10049941393868558, 0.2672085268126454, 0.11596656772768667, 0.09219344509534326, 0.04001128827073017, 0.10638228598248994, 0.046169142577791145]
Timestep: 419, Trans probs: [0.23040661813341387, 0.09206977764973033, 0.30326238142555034, 0.12118271711800688, 0.0780683954837932, 0.03119589129814876, 0.10275402555831964, 0.041060193333036975]
Timestep: 420, Trans probs: [0.2620234054257208, 0.09262209259749475, 0.2755133670254889, 0.09739063024168078, 0.0981217216369266, 0.03468483730495359, 0.10317340110363177, 0.03647054466410273]
Timestep: 421, Trans probs: [0.22771288538606121, 0.10548732884876331, 0.25518651119328, 0.1182144057345554, 0.09455221630062374, 0.04380103794905332, 0.10595996867916156, 0.049085645908501466]
Timestep: 422, Trans probs: [0.24466082211508186, 0.08392765465610755, 0.311384186886417, 0.10681622123416004, 0.08295629574084475, 0.028457058552728367, 0.10557995543815243, 0.03621780537650801]
Timestep: 423, Trans probs: [0.21079695335075105, 0.10294791531395465, 0.30106368600870986, 0.14703191084436643, 0.06589739788390502, 0.03218262706802094, 0.09411575067833074, 0.04596375885196133]
Timestep: 424, Trans probs: [0.20201047456057264, 0.07082012202346046, 0.32122152725568154, 0.11261271380256298, 0.08385414442140764, 0.029397291170247183, 0.13333841423993284, 0.046745312526134744]
Timestep: 425, Trans probs: [0.22751763718204643, 0.08482325172014853, 0.3218038140348237, 0.11997507648402082, 0.07418196464608569, 0.027656561215231443, 0.104923905906274, 0.0391177888113694]
Timestep: 426, Trans probs: [0.25244879659391795, 0.11150322247344546, 0.25577007626596737, 0.11297018682885401, 0.09210075407002265, 0.040679658646030716, 0.09331245468575282, 0.04121485043600904]
Timestep: 427, Trans probs: [0.11456088831103682, 0.11358506991877561, 0.14927280989489047, 0.14800131876465006, 0.10347586203338224, 0.10259446480596977, 0.13482902332323218, 0.13368056294806285]
Timestep: 428, Trans probs: [0.10335752482161868, 0.1530733306464772, 0.037024192844984635, 0.05483312920912604, 0.19340111211209893, 0.28642861207082154, 0.06927913650826051, 0.10260296178661246]
Timestep: 429, Trans probs: [0.11203153104962929, 0.11107725747403865, 0.11196248895663849, 0.11100880347481332, 0.13911514828596028, 0.13793017911942398, 0.13902941527031368, 0.13784517636918237]
Timestep: 430, Trans probs: [0.13720048345804886, 0.09094547477176357, 0.17877219692217866, 0.11850193173736184, 0.12392482728200589, 0.08214549955734612, 0.16147402012019701, 0.10703556615109805]
Timestep: 431, Trans probs: [0.17011053770970005, 0.08478772050454436, 0.20793735879182182, 0.10364163735571344, 0.1301849046931105, 0.06488769867900303, 0.15913361747552013, 0.0793165247905868]
Timestep: 432, Trans probs: [0.141200672772233, 0.059923603705141396, 0.15669549193934493, 0.06649938967714304, 0.1915692954906622, 0.08129934737331514, 0.2125913737380299, 0.09022082530413032]
Timestep: 433, Trans probs: [0.16867667308471404, 0.06167992759832077, 0.21225215247417337, 0.07761415468883326, 0.15556255310221404, 0.05688449289923792, 0.195750165903142, 0.07157988024936476]
Timestep: 434, Trans probs: [0.19183521589678051, 0.06802341822737823, 0.2839083777581061, 0.10067191379964063, 0.10584266830891415, 0.037531065706688994, 0.156642877673418, 0.055544462629073435]
Timestep: 435, Trans probs: [0.16301658058660656, 0.0550902176403388, 0.17007255569125126, 0.05747473093819426, 0.20277515368895294, 0.06852632602511705, 0.21155203044051515, 0.0714924049890241]
Timestep: 436, Trans probs: [0.17900082596679487, 0.07060495862872994, 0.2159247783294462, 0.0851692161671717, 0.14604166136066885, 0.05760456915631091, 0.17616685948709596, 0.06948713090378152]
Timestep: 437, Trans probs: [0.197685358379728, 0.06307092545658521, 0.2715042865571575, 0.0866226348726181, 0.1217373641915416, 0.038839943864012794, 0.16719607604263906, 0.053343410635717674]
Timestep: 438, Trans probs: [0.1875427241041245, 0.05520065051442338, 0.32981474752418194, 0.09707648590236467, 0.0925245272758924, 0.02723333639610087, 0.16271467607748985, 0.04789285220542218]
Timestep: 439, Trans probs: [0.24782435681874856, 0.07669250000134772, 0.2884476338696497, 0.0892639062798661, 0.10508697215656311, 0.03252054283814097, 0.12231278982499598, 0.0378512982106878]
Timestep: 440, Trans probs: [0.18049136492113593, 0.056715666472366574, 0.3696196922023008, 0.11614531916097025, 0.06916056384903076, 0.021732272200480816, 0.14163063331913905, 0.04450448787457584]
Timestep: 441, Trans probs: [0.2766128907449618, 0.0815830560460035, 0.2790499550024644, 0.08230183364661373, 0.10781315511813536, 0.03179796376376759, 0.10876302981891066, 0.032078115859142935]
Timestep: 442, Trans probs: [0.27012677280074104, 0.08043219907023574, 0.3083912862040499, 0.0918257345109116, 0.08966999143825496, 0.026699888082949295, 0.10237209628217099, 0.03048203161068649]
Timestep: 443, Trans probs: [0.16938975159341293, 0.05501343763362093, 0.3918600153824428, 0.1272660613441154, 0.05842878810611992, 0.01897616863031682, 0.13516700739368695, 0.043898769916284254]
Timestep: 444, Trans probs: [0.2897992036485894, 0.08630444096430924, 0.29090642907516223, 0.08663418124743898, 0.0947312983100458, 0.028211712246061303, 0.09509323478488978, 0.028319499723503373]
Timestep: 445, Trans probs: [0.2574046845062419, 0.08373338151559437, 0.2893409729214393, 0.09412221117963622, 0.0978316395583097, 0.031824494628548285, 0.10996964498373174, 0.0357729707064985]
Timestep: 446, Trans probs: [0.2535733725101631, 0.08291913490096728, 0.3158238669586748, 0.10327520421428286, 0.08202244366520668, 0.026821546773053536, 0.10215838153395781, 0.033406049443693984]
Timestep: 447, Trans probs: [0.2175934828001643, 0.068946322862405, 0.297934645612277, 0.09440309518435981, 0.10292600401311702, 0.03261296897454781, 0.14092895676521003, 0.04465452378791902]
Timestep: 448, Trans probs: [0.1499174739008221, 0.04518614665264805, 0.40204840636750133, 0.12118012516408691, 0.058784689110628674, 0.017718105261301523, 0.15764867137084054, 0.04751638217217089]
Timestep: 449, Trans probs: [0.21460135093272587, 0.06341617670484646, 0.32323802905962595, 0.0955190630416744, 0.09339114025926261, 0.027597724933265268, 0.14066811778132027, 0.041568397287279145]
Timestep: 450, Trans probs: [0.18525475995892926, 0.07384852648067317, 0.13314632796277526, 0.05307642366945546, 0.23074328219697723, 0.0919817196024473, 0.16583984526722606, 0.06610911486151629]
Timestep: 451, Trans probs: [0.14231774625433136, 0.11504241578789956, 0.17125031664502535, 0.13843003174094232, 0.10866563789023467, 0.08783976577092012, 0.13075688300938082, 0.10569720290126584]
Timestep: 452, Trans probs: [0.21325369284343937, 0.12258667705516207, 0.2461036281914467, 0.1414701222236616, 0.0815341566817559, 0.04686906566935393, 0.0940938068333541, 0.054088850501826304]
Timestep: 453, Trans probs: [0.15408349084122686, 0.06962545371826383, 0.16440786595533521, 0.07429071212948496, 0.1791366305791369, 0.08094617478835223, 0.19113969307907877, 0.0863699789091213]
Timestep: 454, Trans probs: [0.15326660073543916, 0.05824700577972391, 0.242949113823079, 0.09232969459183418, 0.12703465537294864, 0.04827789140117888, 0.20136779180580994, 0.07652724648998623]
Timestep: 455, Trans probs: [0.22986529639781916, 0.08633760149293426, 0.21317059859142498, 0.0800670587496796, 0.14730897338862176, 0.0553293761175197, 0.13661019095633575, 0.05131090430566477]
Timestep: 456, Trans probs: [0.22624934702259716, 0.09428640068327522, 0.2390192570462165, 0.09960809053131749, 0.11698793164410601, 0.04875316169200748, 0.12359093572170607, 0.05150487565877407]
Timestep: 457, Trans probs: [0.22164737232703205, 0.09683475862941698, 0.26286314712533676, 0.11484137681043236, 0.09672611381993662, 0.04225833939098197, 0.11471252928005557, 0.05011636261680757]
Timestep: 458, Trans probs: [0.23595267893134217, 0.07858050848168593, 0.31082502174761867, 0.10351562172712647, 0.08776957440288748, 0.029230343207109544, 0.1156205557661626, 0.038505695736067026]
Timestep: 459, Trans probs: [0.19293523267191884, 0.058286376141611605, 0.38877130709149565, 0.11744910623314593, 0.06178424028164763, 0.0186652246912493, 0.12449742599785525, 0.03761108689107573]
Timestep: 460, Trans probs: [0.2578780671714073, 0.07536020815098092, 0.2952780150646181, 0.08628966752293601, 0.10288846578451573, 0.030067296078741076, 0.11781033681201791, 0.03442794341478308]
Timestep: 461, Trans probs: [0.25669694948534183, 0.07517980273792733, 0.3278828415429093, 0.09602828314776918, 0.08294457868191775, 0.024292291264034475, 0.10594634725240314, 0.03102890588769713]
Timestep: 462, Trans probs: [0.2156884077172088, 0.07145529848921704, 0.3047855700442237, 0.1009722502623796, 0.09559450834540008, 0.03166945409836932, 0.13508295150173455, 0.04475155954146696]
Timestep: 463, Trans probs: [0.22040291460671502, 0.07141141205970657, 0.3446437390165986, 0.11166592830511714, 0.07420455204033098, 0.024042567004676843, 0.11603355750928111, 0.03759532945757369]
Timestep: 464, Trans probs: [0.1827669794661192, 0.06372077479688777, 0.3167691997657677, 0.11043996513936276, 0.0885226379657, 0.030862966027648653, 0.15342621118683944, 0.05349126565167459]
Timestep: 465, Trans probs: [0.1603541843789967, 0.0532580973647656, 0.39502822649405367, 0.1311998924750642, 0.0563874050563544, 0.01872783002369313, 0.13890885792769533, 0.046135506279377056]
Timestep: 466, Trans probs: [0.0938008491904798, 0.0910234845277118, 0.1147792531223424, 0.11138073547146754, 0.1344337673097337, 0.13045329593840707, 0.16449965580695483, 0.15962895863290297]
Timestep: 467, Trans probs: [0.10335752482161868, 0.1530733306464772, 0.037024192844984635, 0.05483312920912604, 0.19340111211209893, 0.28642861207082154, 0.06927913650826051, 0.10260296178661246]
Timestep: 468, Trans probs: [0.0938008491904798, 0.0910234845277118, 0.1147792531223424, 0.11138073547146754, 0.1344337673097337, 0.13045329593840707, 0.16449965580695483, 0.15962895863290297]
Timestep: 469, Trans probs: [0.1162697633480578, 0.14016109212003808, 0.04164954750676082, 0.05020777454734984, 0.21756230690831643, 0.262267417274604, 0.07793403354690638, 0.09394806474796656]
Timestep: 470, Trans probs: [0.11179682111388385, 0.07302751260430775, 0.1367999942393493, 0.08935999435446064, 0.16022528543501888, 0.1046617778131219, 0.1960594040700019, 0.12806921036985583]
Timestep: 471, Trans probs: [0.10335752482161868, 0.1530733306464772, 0.037024192844984635, 0.05483312920912604, 0.19340111211209893, 0.28642861207082154, 0.06927913650826051, 0.10260296178661246]
Timestep: 472, Trans probs: [0.11179682111388385, 0.07302751260430775, 0.1367999942393493, 0.08935999435446064, 0.16022528543501888, 0.1046617778131219, 0.1960594040700019, 0.12806921036985583]
Timestep: 473, Trans probs: [0.12357421815118902, 0.13285663731690692, 0.04426611116504647, 0.047591210889064206, 0.23123029755279298, 0.2485994266301275, 0.08283010978613438, 0.08905198850873858]
Timestep: 474, Trans probs: [0.12331571321033427, 0.061508620507857395, 0.15089506739740347, 0.07526492119640642, 0.17673396390780716, 0.0881530993403336, 0.2162602210295124, 0.10786839341034529]
Timestep: 475, Trans probs: [0.10335752482161868, 0.1530733306464772, 0.037024192844984635, 0.05483312920912604, 0.19340111211209893, 0.28642861207082154, 0.06927913650826051, 0.10260296178661246]
Timestep: 476, Trans probs: [0.12331571321033427, 0.061508620507857395, 0.15089506739740347, 0.07526492119640642, 0.17673396390780716, 0.0881530993403336, 0.2162602210295124, 0.10786839341034529]
Timestep: 477, Trans probs: [0.12552139757711714, 0.13090945789097874, 0.04496361961151683, 0.04689370244259383, 0.23487383165547426, 0.24495589252744615, 0.08413527754714421, 0.08774682074772872]
Timestep: 478, Trans probs: [0.13531213398660427, 0.04951219973158753, 0.1655744677303949, 0.060585520863415024, 0.1939270282894716, 0.07096003495866914, 0.2372984856682944, 0.0868301287715633]
Timestep: 479, Trans probs: [0.10335752482161868, 0.1530733306464772, 0.037024192844984635, 0.05483312920912604, 0.19340111211209893, 0.28642861207082154, 0.06927913650826051, 0.10260296178661246]
Timestep: 480, Trans probs: [0.13531213398660427, 0.04951219973158753, 0.1655744677303949, 0.060585520863415024, 0.1939270282894716, 0.07096003495866914, 0.2372984856682944, 0.0868301287715633]
Timestep: 481, Trans probs: [0.10335752482161868, 0.1530733306464772, 0.037024192844984635, 0.05483312920912604, 0.19340111211209893, 0.28642861207082154, 0.06927913650826051, 0.10260296178661246]
Timestep: 482, Trans probs: [0.13531213398660427, 0.04951219973158753, 0.1655744677303949, 0.060585520863415024, 0.1939270282894716, 0.07096003495866914, 0.2372984856682944, 0.0868301287715633]
Timestep: 483, Trans probs: [0.11670006722054575, 0.13973078824755014, 0.04180368871306809, 0.05005363334104258, 0.2183674853181994, 0.26146223886472103, 0.07822246035253641, 0.09365963794233653]
Timestep: 484, Trans probs: [0.18913461022393613, 0.06319171906473948, 0.11892424288013236, 0.0397337501431935, 0.27106447756597074, 0.09056528730779818, 0.17044018399416147, 0.05694572882006815]
Timestep: 485, Trans probs: [0.17240726868422865, 0.25533656006859917, 0.058931349524960146, 0.08727780552839354, 0.1279784311006321, 0.18953709208201658, 0.043744916977141904, 0.06478657603402802]
Timestep: 486, Trans probs: [0.18700117547682876, 0.06247891769526754, 0.22882367739170684, 0.07645222373618928, 0.15008607981780286, 0.05014522397643317, 0.18365258197786222, 0.06136011992790932]
Timestep: 487, Trans probs: [0.19391701150197765, 0.08074177308830592, 0.25800942596891285, 0.10742811249447062, 0.10903272358925059, 0.04539826268492932, 0.1450696367853357, 0.06040305388681727]
Timestep: 488, Trans probs: [0.29472940893883187, 0.09194448494586473, 0.23794431598977858, 0.07422967276406667, 0.12700673173038418, 0.039621321047168895, 0.10253652669576499, 0.03198753788814009]
Timestep: 489, Trans probs: [0.09061417267711483, 0.12955257125594785, 0.03312735999824288, 0.04736273079473479, 0.21077319727801277, 0.3013459026603251, 0.07705593261983004, 0.11016813271579178]
Timestep: 490, Trans probs: [0.19531844069920404, 0.13647101511747267, 0.11306514994276574, 0.07899978994231946, 0.17753027891028403, 0.12404224245413631, 0.10276801070352845, 0.07180507223028931]
Timestep: 491, Trans probs: [0.1998234482732734, 0.10055296046734966, 0.19549596750579257, 0.09837533313534291, 0.1364394352322685, 0.06865755373381169, 0.1334846316944669, 0.06717066995769436]
Timestep: 492, Trans probs: [0.2773045208318552, 0.10826085170685534, 0.2571325017626794, 0.1003856105873638, 0.09587632152446524, 0.03743051932807347, 0.0889019707988719, 0.03470770345983565]
Timestep: 493, Trans probs: [0.2049613442844005, 0.0757694240025086, 0.16723305918543638, 0.06182215779710981, 0.19709236100933164, 0.07286044459315223, 0.16081255999148705, 0.059448649136573876]
Timestep: 494, Trans probs: [0.21347045400814843, 0.07251393845113102, 0.21134406010581858, 0.07179162211338382, 0.16161814944472785, 0.05490019026695538, 0.16000825992122514, 0.054353325688609844]
Timestep: 495, Trans probs: [0.19209928311792487, 0.09282696784806212, 0.22335283249425583, 0.10792943036643361, 0.11964467823207595, 0.057815169943256924, 0.13911024206994796, 0.0672213959280427]
Timestep: 496, Trans probs: [0.2151628275262654, 0.07451756145118793, 0.2715974045526943, 0.09406260605711718, 0.11315941181953958, 0.03919061448015905, 0.14283974097312274, 0.049469833139913974]
Timestep: 497, Trans probs: [0.2516029142045091, 0.09702780889811392, 0.23668812080120952, 0.09127608806186827, 0.12026347485272351, 0.04637824443459511, 0.11313436473465342, 0.04362898401232724]
Timestep: 498, Trans probs: [0.31583843366884073, 0.10595103274712939, 0.23690234432853324, 0.07947116426033748, 0.11203243545294024, 0.037582355318608485, 0.08403266914458175, 0.028189565079028683]
Timestep: 499, Trans probs: [0.19101921105934652, 0.061423059882549536, 0.18904719901551711, 0.060788950814746875, 0.1892862194739618, 0.06086580888494192, 0.1873320981975546, 0.06023745267138163]
