177.0,0.5,1
85.0,0.4444444444444444,0
39.0,0.7600000000000001,0
149.0,0.8181818181818181,1
81.0,0.7823172495924504,0
114.0,0.61659538000489,1
170.0,0.7392176572020671,1
37.0,0.7437463562322699,0
82.0,0.589207172828953,0
118.0,0.5783398680117656,1
32.0,0.6954556332440388,0
34.0,0.5363273150528948,0
135.0,0.5292600363222978,1
65.0,0.6520855105382413,0
135.0,0.49562293283319475,1
172.0,0.6407182765380954,1
70.0,0.6345188965637294,0
121.0,0.4947781499709857,1
106.0,0.6411319553061096,1
95.0,0.6292467432263966,0
126.0,0.49380562923608123,1
169.0,0.6421867060627378,1
25.0,0.6252438294751977,0
57.0,0.49349353762033993,0
128.0,0.4991472107412658,1
91.0,0.6204500832050103,0
114.0,0.46454828824802813,1
164.0,0.6205254301701597,1
65.0,0.5982429774309772,0
104.0,0.4712121839656291,0
92.0,0.5963203189952219,0
72.0,0.4420569727876461,0
62.0,0.44776248688505116,0
50.0,0.4311228064601149,0
43.0,0.4177343493964702,0
27.0,0.4047922531612094,0
157.0,0.39246803299975724,1
103.0,0.5179853577702633,0
78.0,0.5025378202750852,0
106.0,0.3781618789802719,1
37.0,0.506410605373885,0
134.0,0.37516412361602586,1
72.0,0.5075025027505933,0
59.0,0.37246111323509407,0
70.0,0.3741004264987785,0
83.0,0.3637032841169551,0
27.0,0.3546270018469216,0
113.0,0.3458738026119073,1
114.0,0.46720700439385626,1
104.0,0.470122874727563,0
80.0,0.4618831803011635,0
137.0,0.34235158605385446,1
106.0,0.4661773471769784,1
153.0,0.4687131864332294,1
143.0,0.4759544264258951,1
25.0,0.4828652984921794,0
74.0,0.36126029529820897,0
167.0,0.35440613482064254,1
106.0,0.47534570774698515,1
72.0,0.48076026886571294,0
99.0,0.3597785757756294,0
166.0,0.3532901963910272,1
161.0,0.4737897488706204,1
110.0,0.4788716774367058,1
80.0,0.48485591057893934,0
126.0,0.3639833910089972,1
29.0,0.48474749114091176,0
38.0,0.36309346386605934,0
61.0,0.3583255821730262,0
159.0,0.35137777964048117,1
167.0,0.47110334187176084,1
24.0,0.4756271038161954,0
143.0,0.3561495338635732,1
171.0,0.4771781028178327,1
94.0,0.48017284794964227,0
80.0,0.36051980983254195,0
25.0,0.3561563696653303,0
47.0,0.34980023011658096,0
109.0,0.34365206997207304,1
148.0,0.46211607221048884,1
107.0,0.467339706576942,1
126.0,0.47224735073007856,1
114.0,0.4770523641193108,1
173.0,0.4817618167420372,1
103.0,0.4863777852615738,0
151.0,0.4809712970628153,1
135.0,0.48562290065541086,1
74.0,0.4900761031244567,0
52.0,0.370321987220189,0
94.0,0.3612664703431382,0
127.0,0.35527860594481464,1
148.0,0.47408388350251435,1
156.0,0.4828013525530748,1
150.0,0.48720575093563656,1
65.0,0.4913388456964959,0
70.0,0.3718113779935366,0
93.0,0.36044196220799224,0
160.0,0.3545223039387519,1
80.0,0.4729319795270786,0
30.0,0.36173631122359745,0
137.0,0.35128981517079033,1
155.0,0.46902351333852876,1
122.0,0.47887714357750494,1
55.0,0.483068814567334,0
128.0,0.3645792009479734,1
132.0,0.47688749874259717,1
114.0,0.48602445046784093,1
125.0,0.4899968235765134,1
124.0,0.4936227741787396,1
68.0,0.49717551608876986,0
70.0,0.3778091680041051,0
56.0,0.3652340872231968,0
44.0,0.35958294784019046,0
172.0,0.35453180037030824,1
113.0,0.472364591491846,1
156.0,0.485452461449886,1
130.0,0.48971074434901934,1
113.0,0.49312523476187836,1
140.0,0.49641534585954833,1
45.0,0.4996529645425962,0
62.0,0.38041625604973844,0
146.0,0.3640491745877733,1
73.0,0.48105931036402755,0
114.0,0.374635873234503,1
140.0,0.4836049979973791,1
107.0,0.4962965016408768,1
58.0,0.5003071601007935,0
42.0,0.38130404745990654,0
45.0,0.36654045894099857,0
134.0,0.36095071981598,1
140.0,0.4787194155141948,1
101.0,0.49324749115318145,0
81.0,0.49076900254869865,0
155.0,0.37234403941881805,1
156.0,0.4789047666514312,1
41.0,0.4919606360816714,0
41.0,0.37464835741537733,0
165.0,0.3602469147623425,1
96.0,0.47684128667631304,0
72.0,0.36987508063746866,0
147.0,0.3573120325749583,1
112.0,0.4738485077912247,1
115.0,0.48659564670593813,1
146.0,0.4903134254092612,1
173.0,0.493170108119443,1
114.0,0.49591520866833416,1
145.0,0.4986205973010434,1
108.0,0.5012937162679301,1
56.0,0.5039370357060006,0
111.0,0.3851130303766528,1
70.0,0.4907724005978803,0
149.0,0.3834553041186603,1
39.0,0.49173927173286425,0
76.0,0.3833228299840567,0
45.0,0.3705556703607973,0
147.0,0.36574666704079367,1
55.0,0.48331049210439336,0
77.0,0.3762634083450384,0
130.0,0.36390698153826345,1
81.0,0.4805680327905081,0
81.0,0.37294596666071034,0
67.0,0.3613239608368154,0
84.0,0.3569609855405901,0
117.0,0.3532351230948154,1
124.0,0.46975063706275294,1
83.0,0.4827248456702133,0
158.0,0.3666188051565514,1
114.0,0.4739133915540384,1
105.0,0.4852169055156807,1
35.0,0.4884166679256168,0
40.0,0.3710578739233276,0
107.0,0.3582412875329986,1
76.0,0.47417527403543197,0
58.0,0.36713291023946776,0
58.0,0.3558847868527776,0
40.0,0.3518510145742426,0
80.0,0.34843717242465444,0
144.0,0.3451245997546749,1
47.0,0.4606873987741305,0
104.0,0.35571228405814553,0
150.0,0.45634682152612777,1
159.0,0.4688311124121327,1
153.0,0.4720418982359171,1
68.0,0.4744047577943181,0
163.0,0.35827053208667764,1
52.0,0.4643595412621702,0
46.0,0.35749234820440556,0
82.0,0.3465908459949374,0
88.0,0.3428944759667959,0
33.0,0.33980464372647123,0
81.0,0.33680666395138675,0
146.0,0.33385778120952486,1
138.0,0.4480861606952423,1
109.0,0.4614027838787803,1
141.0,0.46473652341650923,1
58.0,0.46702176119910943,0
148.0,0.35166324055912673,1
107.0,0.4555182355347216,1
101.0,0.46797252686560614,0
168.0,0.46669436400748326,1
168.0,0.4691860415326641,1
36.0,0.4713119211524184,0
49.0,0.35563786221944266,0
59.0,0.3430477542115204,0
131.0,0.33933719308144517,1
38.0,0.4538747132449805,0
153.0,0.349892546035389,1
141.0,0.456103141901813,1
74.0,0.46728054355700593,0
55.0,0.3527942772237108,0
124.0,0.3411929288296985,1
26.0,0.4551279109113829,0
152.0,0.3498450667768673,1
73.0,0.4570275426538844,0
158.0,0.35013168133671574,1
106.0,0.45818093454606507,1
129.0,0.4672681364184118,1
139.0,0.4697315953358397,1
161.0,0.4717119316584372,1
51.0,0.4736423162671972,0
51.0,0.35793820833197576,0
171.0,0.34717674720208014,1
133.0,0.46170279970324923,1
117.0,0.4723202063721787,1
68.0,0.47491066211265615,0
135.0,0.3592025020580881,1
48.0,0.4662961589476056,0
152.0,0.3586377361627575,1
97.0,0.4672676132326022,0
49.0,0.35876711294166946,0
65.0,0.3501052268581065,0
173.0,0.34715549506353777,1
148.0,0.4622115896425217,1
83.0,0.4715097026536064,0
149.0,0.35658347123731055,1
121.0,0.4651208078239617,1
61.0,0.4734290131359117,0
60.0,0.35827284578510876,0
165.0,0.349527582223036,1
49.0,0.46435994776106476,0
54.0,0.3558614370158062,0
128.0,0.3479836039440632,1
169.0,0.46272461857729424,1
103.0,0.4707498008511349,0
173.0,0.46915457904572283,1
157.0,0.4711501638190083,1
153.0,0.4728965111963199,1
109.0,0.47461805325930895,1
113.0,0.47632692710734675,1
75.0,0.4780235984883455,0
111.0,0.36220574841709485,1
170.0,0.4715376961369966,1
77.0,0.47928025654741596,0
174.0,0.36372447975559863,1
119.0,0.47370158336527457,1
60.0,0.4809508507140969,0
116.0,0.36523720414776834,1
160.0,0.47582488256242017,1
132.0,0.4825823624981186,1
107.0,0.484460050474923,1
169.0,0.48608247522631964,1
130.0,0.48768193417447675,1
53.0,0.4892709004904274,0
26.0,0.372714159529357,0
39.0,0.3640210938907897,0
107.0,0.3612425964532461,1
103.0,0.4772074660431157,0
155.0,0.4825706956195716,1
110.0,0.4847800341518314,1
95.0,0.4863721356009745,0
172.0,0.3700639636169475,1
28.0,0.4804739356225521,0
168.0,0.36974542165077023,1
122.0,0.4812383455344796,1
59.0,0.48750633114040315,0
100.0,0.37135327362948684,0
166.0,0.4785916288039973,1
46.0,0.48536345885648124,0
101.0,0.3693841056051212,0
35.0,0.47693255792298533,0
92.0,0.3654548889301154,0
142.0,0.3585592813206981,1
103.0,0.4739894122444492,0
148.0,0.47754735175841756,1
143.0,0.47947649671993603,1
122.0,0.48098154384723907,1
87.0,0.4824615506773558,0
169.0,0.36653420229201183,1
50.0,0.4780589206210968,0
163.0,0.36636086866115125,1
62.0,0.4788040253918439,0
51.0,0.36637516715590407,0
58.0,0.3614107056438485,0
51.0,0.3591869668149185,0
42.0,0.3570620132365456,0
64.0,0.35496070513142475,0
31.0,0.35288042149980103,0
138.0,0.35082083522908986,1
143.0,0.4657193472349501,1
119.0,0.47221490909225533,1
144.0,0.47388373674565887,1
25.0,0.47531572063912797,0
106.0,0.36001304842381554,1
98.0,0.47000928000383124,0
48.0,0.3598185814195205,0
142.0,0.3535030536055931,1
50.0,0.46839036366990916,0
45.0,0.358195728940784,0
44.0,0.35225345062891456,0
53.0,0.35012149419172073,0
162.0,0.34815673057152946,1
94.0,0.46273478686299,0
46.0,0.3533247522170095,0
101.0,0.3472060229125886,0
138.0,0.45746664654672325,1
139.0,0.4645241929106535,1
150.0,0.4661564417893718,1
169.0,0.4675345519851298,1
37.0,0.46889321673701884,0
74.0,0.35419466455791854,0
38.0,0.3470643360984215,0
46.0,0.3449310646324114,0
74.0,0.3430578584051781,0
136.0,0.34121429922361873,1
37.0,0.455052703947943,0
173.0,0.3477212568885126,1
70.0,0.4562458014176409,0
112.0,0.3479091391745003,1
31.0,0.45705176467219644,0
122.0,0.3480664787192577,1
87.0,0.4578451772329386,0
81.0,0.3482129591463037,0
126.0,0.3427442219545096,1
103.0,0.4565365415419665,0
138.0,0.4593639878638708,1
162.0,0.4610137733363445,1
103.0,0.46232755714036267,0
66.0,0.46092432559549545,0
84.0,0.346827268863809,0
133.0,0.34162292909537606,1
139.0,0.455289988156527,1
41.0,0.4603820269774975,0
128.0,0.3466520835739631,1
85.0,0.45715731083554806,0
68.0,0.34666780937486125,0
75.0,0.34222018043011676,0
54.0,0.3404508947157261,0
157.0,0.33876938972394105,1
135.0,0.45223552324247396,1
152.0,0.45721203798766347,1
74.0,0.4586014672651042,0
125.0,0.34494479513305154,1
157.0,0.4550282161563999,1
124.0,0.45983207874264276,1
109.0,0.46119560683970395,1
146.0,0.4624317239812695,1
43.0,0.46365696982614507,0
150.0,0.3495581808241434,1
146.0,0.45950620693482264,1
93.0,0.4647859489736509,0
48.0,0.3507472121743551,0
85.0,0.3452828716491625,0
86.0,0.3434925030607962,0
161.0,0.3418474546180656,1
148.0,0.45555351587209364,1
110.0,0.46150318582292443,1
41.0,0.46290772592165363,0
61.0,0.3489172675983451,0
134.0,0.3427515720827768,1
89.0,0.45631305105583453,0
54.0,0.34746669507173705,0
73.0,0.3418206921968432,0
164.0,0.3400683797549902,1
31.0,0.4535498739593711,0
170.0,0.34492402473277284,1
168.0,0.4544823225501016,1
107.0,0.4598155722974141,1
90.0,0.4611473121005552,0
61.0,0.34734651370465636,0
57.0,0.3416358411247672,0
45.0,0.33991657542042747,0
171.0,0.3383643480701291,1
77.0,0.45164155761607033,0
39.0,0.3433688216005995,0
142.0,0.33771696573528953,1
55.0,0.45072894224643845,0
171.0,0.3422473315233071,1
101.0,0.451633588796456,0
111.0,0.45449040531713125,1
115.0,0.45594844498353354,1
114.0,0.4570894332203967,1
66.0,0.4582152284129654,0
74.0,0.3447167121640303,0
143.0,0.33973927178399216,1
49.0,0.45298343178354156,0
168.0,0.34346918759670964,1
146.0,0.4537978825084252,1
76.0,0.4580793261051573,0
169.0,0.3447011517881377,1
163.0,0.4553197759296851,1
173.0,0.7772726172243097,1
33.0,0.46859592679897966,0
126.0,0.3460300835718422,1
102.0,0.45682501941608233,0
111.0,0.45827484016238146,1
49.0,0.4595927117312102,0
170.0,0.3460078955999143,1
78.0,0.4581328393925767,0
161.0,0.3460878055187678,1
79.0,0.4587788266108829,0
144.0,0.34619239105813543,1
173.0,0.45941840752018126,1
92.0,0.4609596946168265,0
27.0,0.3472685495644594,0
119.0,0.345414284212632,1
71.0,0.4592723520125658,0
57.0,0.34616585564072655,0
39.0,0.34456859937322654,0
89.0,0.3431517233082685,0
148.0,0.34174550001023907,1
168.0,0.4552295984316056,1
136.0,0.4570145399568013,1
57.0,0.45807044675299674,0
43.0,0.34466488183973537,0
122.0,0.3423893456928955,1
27.0,0.4559117348721478,0
80.0,0.34360666079447644,0
25.0,0.34159179151240926,0
163.0,0.34021634581509164,1
36.0,0.45351664848792367,0
102.0,0.341438085823056,0
149.0,0.45122544540263776,1
55.0,0.4533688290641704,0
147.0,0.34043639960829447,1
112.0,0.4533015670530401,1
120.0,0.4545232876719897,1
115.0,0.45554374960017696,1
111.0,0.45655907380685135,1
112.0,0.4575701204258903,1
140.0,0.4585768973987381,1
29.0,0.45957943034253984,0
70.0,0.34607745302954573,0
69.0,0.3434353680451072,0
79.0,0.34207640175221377,0
54.0,0.3407436505609136,0
109.0,0.33942012690220313,1
151.0,0.4525871690866433,1
118.0,0.4557391633248494,1
166.0,0.4567719653168361,1
112.0,0.4577555956854127,1
130.0,0.45873420202754867,1
25.0,0.45970878071313764,0
150.0,0.3462183673037642,1
30.0,0.4569506249213111,0
48.0,0.3462540640599647,0
25.0,0.3426441347788526,0
49.0,0.34128387745731886,0
48.0,0.3399833430505944,0
147.0,0.3386926146386223,1
64.0,0.4517475869895002,0
28.0,0.34201139924182483,0
165.0,0.33807070750850027,1
100.0,0.45097459222338415,0
103.0,0.45301768492017547,0
86.0,0.4519372398569874,0
124.0,0.33905590638963534,1
151.0,0.44889707247644206,1
165.0,0.45276624730360027,1
126.0,0.4537970684223896,1
118.0,0.45474245907779987,1
106.0,0.455681595172945,1
148.0,0.45661699026479274,1
51.0,0.45754875711745296,0
46.0,0.34429809998566946,0
120.0,0.3393148142527763,1
121.0,0.4522466255095917,1
76.0,0.4572692161103716,0
123.0,0.3441960791213633,1
76.0,0.4536814978518757,0
53.0,0.34419268836244,0
84.0,0.3397962107674511,0
73.0,0.3384653384838994,0
115.0,0.3372363725978933,1
26.0,0.45007489475844825,0
149.0,0.34121282884375714,1
141.0,0.45080659097430104,1
87.0,0.45517345279928134,0
158.0,0.3422768940071307,1
149.0,0.4520818419015016,1
133.0,0.45620844527465426,1
156.0,0.4572091633044196,1
43.0,0.4581082349893251,0
46.0,0.3448410101169547,0
94.0,0.34024641872415967,0
109.0,0.33893317063976713,1
98.0,0.4519147259768241,0
80.0,0.3428140649835754,0
136.0,0.33839169853060663,1
24.0,0.45120073672903066,0
66.0,0.34194632021517957,0
