2725.9723359567633,0.5,0
624.0,0.7982356320302784,1
1703.0,0.9085997712714827,1
1500.0,0.9148156753563006,1
2538.0,0.913897766377204,1
540.0,0.8286646381192434,1
1584.0,0.9104005618976034,1
1372.0,0.9150120575290419,1
3021.0,0.9145134725305797,0
1120.0,0.8312825594773696,1
780.0,0.9104666367734405,1
1904.0,0.9142069669649294,1
468.0,0.9152212163506259,1
1288.0,0.9140761811934829,1
1200.0,0.9153417188631127,1
1444.0,0.9154727678407294,1
504.0,0.9154843173982257,1
3211.0,0.9154853014155173,0
2508.0,0.8314467733333123,1
1950.0,0.8225767695214756,1
913.0,0.9098818840724159,1
2576.0,0.9136964970208125,1
533.0,0.8311282587201212,1
1128.0,0.9105829947508393,1
810.0,0.9151239819819579,1
408.0,0.91545625156003,1
2466.0,0.9154829730207337,1
1560.0,0.8314464170183526,1
680.0,0.9104055160759122,1
3116.0,0.9137348502625311,0
3260.0,0.8311340438828907,0
1650.0,0.8225394878461914,1
1974.0,0.9098795406562132,1
1638.0,0.9135452604833058,1
1404.0,0.9138240376801924,1
1183.0,0.9143985663313727,1
470.0,0.9153850139001796,1
1764.0,0.9154768777625765,1
444.0,0.9154846757300494,1
792.0,0.9154853318887461,1
1452.0,0.9154853870716022,1
1050.0,0.9153909935327701,1
1020.0,0.9145415624510311,1
2736.0,0.9153974785328213,0
1530.0,0.8314331768146372,1
660.0,0.9106030945465894,1
770.0,0.9151255842342069,1
2505.0,0.915456384601466,1
966.0,0.8314423877543375,1
960.0,0.9106036861620727,1
1560.0,0.9151256308801761,1
1638.0,0.9153073094249022,1
1378.0,0.9139927363365832,1
1808.0,0.9143260828323792,1
994.0,0.9143670135002064,1
3173.0,0.9144565028999695,0
2839.0,0.8312737581563844,0
1540.0,0.8225566384158686,1
1014.0,0.9098806297865066,1
1133.0,0.9136964023960795,1
1340.0,0.9151604337458699,1
1230.0,0.9140706785265008,1
1740.0,0.9153412331053077,1
1500.0,0.915378254835775,1
2771.0,0.9145405689084138,0
1455.0,0.831286625381352,1
1656.0,0.9105936649193671,1
1728.0,0.9149722864520026,1
2856.0,0.9139664341852252,0
912.0,0.8295256128009634,1
888.0,0.9104749388816654,1
2256.0,0.915115420287838,1
930.0,0.8313922515039804,1
1430.0,0.910600500900329,1
3280.0,0.9150286928600585,0
468.0,0.8297160212993656,1
1750.0,0.9104876867376278,1
2320.0,0.9150197018657522,1
1380.0,0.8298059687319936,1
1456.0,0.9109508511345434,1
1818.0,0.915075802877571,1
1392.0,0.9143826831794782,1
612.0,0.9139106068113926,1
1911.0,0.914405849370502,1
1326.0,0.9152361620847139,1
2900.0,0.9140773553500766,0
1824.0,0.8311849458751055,1
690.0,0.9105866162994736,1
1260.0,0.9151242669980536,1
2280.0,0.9154562751283626,1
2010.0,0.8314423709845946,1
2002.0,0.822576259615735,1
1326.0,0.8216402911637329,1
1572.0,0.9100302743389072,1
1104.0,0.9149292894472628,1
1665.0,0.9140537368360376,1
1260.0,0.9152447564914851,1
1570.0,0.9145298142656064,1
1083.0,0.9152471214702712,1
384.0,0.9140782644612141,1
2592.0,0.9153418960008005,1
495.0,0.8314237545112234,1
2580.0,0.9106024758404893,1
2304.0,0.8308904088241433,1
2184.0,0.823465782911168,1
2576.0,0.8226266427327257,1
456.0,0.8216896230124121,1
840.0,0.9100342407731942,1
2296.0,0.9150826425169154,1
1310.0,0.8313873916382819,1
1276.0,0.9104017202533671,1
2158.0,0.9135839753645318,1
882.0,0.8286194780701696,1
944.0,0.9103976344851413,1
784.0,0.9151086147453208,1
972.0,0.915454960324639,1
1638.0,0.9154828644007268,1
810.0,0.9153363994626177,1
1729.0,0.9140856018138657,1
737.0,0.9153425227689379,1
1649.0,0.915472835939659,1
1620.0,0.915484323140542,1
990.0,0.9153365222740487,1
710.0,0.9140856118268614,1
480.0,0.9153425236240056,1
1463.0,0.915472836012122,1
1551.0,0.9153355334471086,1
760.0,0.9139950267076762,1
1224.0,0.914412487705534,1
2144.0,0.9153861976071586,1
1122.0,0.831529829882951,1
660.0,0.9110622413733308,1
2873.0,0.9151808336461016,0
728.0,0.8314031588044097,1
1008.0,0.9106012145732015,1
1260.0,0.9151254376193421,1
1360.0,0.9153072933131408,1
814.0,0.9140832550001717,1
1050.0,0.9153423230944091,1
1248.0,0.9153783481672308,1
1740.0,0.9145405761316826,1
1750.0,0.9153973960390572,1
384.0,0.9153290801261289,1
1343.0,0.9140850035539325,1
2312.0,0.9153424716523484,1
1148.0,0.8314238436264177,1
1494.0,0.9106024815724624,1
2010.0,0.9151255354154936,1
714.0,0.8314923455831706,1
1210.0,0.9110599623897179,1
990.0,0.9150287636178955,1
2408.0,0.9140622726152803,1
300.0,0.8311826835883945,1
756.0,0.9105864715141896,1
1984.0,0.9151242555945829,1
1444.0,0.9153071939624919,1
1020.0,0.9140832468999358,1
2466.0,0.9153423224026476,1
2601.0,0.8314238205523742,1
1734.0,0.8225740787008857,1
1870.0,0.9099556357524496,1
1568.0,0.9140311070061102,1
512.0,0.9139743495697369,1
1989.0,0.9153330238727455,1
672.0,0.9153775567257062,1
1368.0,0.9145405150008747,1
1344.0,0.9153026706925823,1
2736.0,0.914534714711224,0
1496.0,0.8312857353276911,1
460.0,0.9103950649294199,1
1845.0,0.9137340491235464,1
2286.0,0.9151635740365265,1
1974.0,0.8289976777983372,1
3080.0,0.9106957359005927,0
400.0,0.8283617059152097,1
1000.0,0.9103835112378963,1
1248.0,0.9150107855219817,1
869.0,0.9145133779432622,1
1710.0,0.9153951624934591,1
2016.0,0.915477745141929,1
390.0,0.8315439649020693,1
1092.0,0.9110631114637472,1
629.0,0.9151809006601458,1
1066.0,0.9154615180677619,1
1088.0,0.9154834289227953,1
540.0,0.9154852281677502,1
1710.0,0.9154853783768814,1
390.0,0.9153366122767378,1
2198.0,0.9140856191963854,1
1984.0,0.8311862363603654,1
1120.0,0.9103880748369757,1
1750.0,0.9137334931070369,1
1608.0,0.9151635262587829,1
2740.0,0.9139244308503406,0
594.0,0.828668591393526,1
1392.0,0.9104008201118772,1
1243.0,0.9149561442954561,1
949.0,0.9139651058934317,1
1370.0,0.9144101725943308,1
2100.0,0.915236529458164,1
780.0,0.8289086724692564,1
2296.0,0.910417094462195,1
1710.0,0.8307614308087856,1
598.0,0.9104342882768147,1
598.0,0.9142046565432046,1
1360.0,0.9153706666358833,1
1463.0,0.915381263830536,1
1998.0,0.9145408133143196,1
560.0,0.9153026960669094,1
1232.0,0.9145347166750142,1
1760.0,0.9153969084637339,1
2736.0,0.9154778910755799,0
950.0,0.831445634794855,1
1232.0,0.9106038937562609,1
799.0,0.9150289608971688,1
1800.0,0.9145147734609341,1
836.0,0.9153005452751575,1
1309.0,0.9145345516964716,1
1440.0,0.9153021714441997,1
2960.0,0.9143987139298911,0
672.0,0.8287730566899324,1
1615.0,0.91040824507893,1
576.0,0.9151094796413014,1
1776.0,0.9154550326830526,1
1292.0,0.9153340657418327,1
1330.0,0.9140854117962007,1
1665.0,0.9153425065493496,1
1050.0,0.9153239290022789,1
558.0,0.9140845685370166,1
1144.0,0.9153424340763415,1
1200.0,0.9153783575982685,1
1815.0,0.9144550833196815,1
494.0,0.9143267448185883,1
702.0,0.9139969095024327,1
1230.0,0.9153349124730866,1
2700.0,0.9154721914292777,1
1430.0,0.8314447349444832,1
2680.0,0.9104054064828,1
1680.0,0.8283874363173596,1
1628.0,0.91065850268748,1
1480.0,0.9136246871907583,1
1258.0,0.9139227127510383,1
1976.0,0.9153280502761646,1
972.0,0.9153226774737158,1
884.0,0.9140844655279982,1
702.0,0.9153424252522963,1
1548.0,0.9154728276632638,1
2223.0,0.9154843224422292,1
742.0,0.8314466223090247,1
1751.0,0.9106039571152659,1
1350.0,0.9150289659233479,1
1572.0,0.9143785726219603,1
1980.0,0.9138541170842707,1
1110.0,0.9137918472798587,1
1484.0,0.9138425353249826,1
608.0,0.9143136657351301,1
2412.0,0.9144519717250809,1
1845.0,0.8312730441145518,1
920.0,0.9104660211027614,1
2261.0,0.914206922222637,1
527.0,0.8312381223035835,1
1720.0,0.9105905859222808,1
1710.0,0.9151245997372414,1
1700.0,0.9153617275122152,1
1258.0,0.9144538325721076,1
2945.0,0.9144631832656821,0
1608.0,0.8312747744635125,1
2156.0,0.9104661333167159,1
1275.0,0.829154085470067,1
1677.0,0.910453034213876,1
1080.0,0.9150169975664301,1
1305.0,0.914513866853753,1
2641.0,0.9153952035360333,1
754.0,0.83143282898727,1
1804.0,0.9106030722398979,1
1653.0,0.9149730354731967,1
750.0,0.9140572004617813,1
1464.0,0.9153401313083438,1
530.0,0.9153781621618957,1
1480.0,0.9145405617741125,1
767.0,0.9153973948423448,1
890.0,0.9154779319268855,1
930.0,0.91548476474529,1
1440.0,0.9154853393853137,1
396.0,0.9154853877024112,1
1674.0,0.9154853917659536,1
648.0,0.9154853921077396,1
1730.0,0.9154853921364883,1
420.0,0.9153366134452818,1
264.0,0.9140856192919334,1
1615.0,0.9153425242623819,1
1420.0,0.9154728360662441,1
1020.0,0.9154843231512183,1
1430.0,0.9154853018998153,1
1121.0,0.915336605768377,1
1683.0,0.9140856186638564,1
1284.0,0.915342524208686,1
1932.0,0.9153783652941242,1
540.0,0.9144046817426554,1
608.0,0.9140032596937011,1
1287.0,0.9153354545310844,1
2295.0,0.915323325635629,1
759.0,0.8289216839413582,1
429.0,0.9104179428372478,1
442.0,0.9151102500115372,1
2340.0,0.9154550965837396,1
1152.0,0.8314421898138524,1
858.0,0.9106036734550711,1
2288.0,0.9151256298782146,1
722.0,0.8313937953656887,1
1140.0,0.9106005996598557,1
1368.0,0.9151253886479603,1
1056.0,0.9154563684493865,1
820.0,0.915482982820573,1
2192.0,0.9154851903035157,1
1326.0,0.8314467563111687,1
1683.0,0.9106039657266316,1
2338.0,0.9151256528935217,1
1156.0,0.8313937988435001,1
836.0,0.9106005998823278,1
660.0,0.9151253886654758,1
1170.0,0.9154563684508348,1
1548.0,0.9153341792427788,1
1854.0,0.914085421078901,1
1846.0,0.9152474420399113,1
650.0,0.914394003442069,1
1100.0,0.9140023797948004,1
3180.0,0.9152402717796991,0
510.0,0.8297428907180989,1
2278.0,0.910489357686508,1
1273.0,0.8307731056115383,1
3249.0,0.910562047331546,0
3132.0,0.8307837261687473,0
704.0,0.8225021270679765,1
2254.0,0.9100816254753605,1
608.0,0.830717667748308,1
2014.0,0.9105585792136669,1
528.0,0.8308842032012812,1
1120.0,0.9110236197941892,1
1188.0,0.9150815356238657,1
430.0,0.9144336233886177,1
2240.0,0.9144616769517379,1
1320.0,0.8312745474166049,1
629.0,0.9103943391734162,1
1470.0,0.9137339934550733,1
1040.0,0.9153138860944395,1
1044.0,0.9154704444263813,1
2839.0,0.9154841223565089,0
855.0,0.8314465915758384,1
2580.0,0.9106039551426302,1
1190.0,0.8307896778451134,1
550.0,0.9105630983439305,1
1845.0,0.9151224757019456,1
728.0,0.9153070468968525,1
1581.0,0.9140832349781309,1
948.0,0.9153423213864513,1
2268.0,0.9154728188924188,1
2171.0,0.8314448315848691,1
2480.0,0.822576543309021,1
2704.0,0.8216403227040716,0
2550.0,0.8215392970666818,1
1628.0,0.8215282889152914,1
611.0,0.909818506449634,1
2244.0,0.9136917877245317,1
660.0,0.8312271336447276,1
1232.0,0.9110431555494333,1
988.0,0.9151793482130297,1
540.0,0.9154613902660996,1
2190.0,0.9154834182400645,1
1746.0,0.8314464860650782,1
2415.0,0.9106039484099172,1
1804.0,0.8307896768781291,1
900.0,0.9103642007586595,1
684.0,0.9137317270816834,1
740.0,0.915313697162919,1
1836.0,0.9154704285270305,1
464.0,0.9153353292309071,1
1976.0,0.9140855139349089,1
1710.0,0.9152474499927729,1
2560.0,0.9144444580607025,1
1560.0,0.8296210281498424,1
854.0,0.9102820748042763,1
2431.0,0.9137253562182251,1
1170.0,0.8312321560766315,1
2700.0,0.9110434640935035,1
512.0,0.8308879055950433,1
984.0,0.9105699282267864,1
1062.0,0.9151230328932665,1
1358.0,0.9154561752514552,1
1819.0,0.915482966689789,1
2718.0,0.9153907895521084,0
2641.0,0.8297649484375874,1
1034.0,0.8223725608236919,1
816.0,0.9100735821537408,1
1210.0,0.9150855972842394,1
1480.0,0.9153040110351411,1
1376.0,0.9140829891867056,1
1904.0,0.9153423004442863,1
493.0,0.915378346237478,1
936.0,0.9145405759825521,1
1710.0,0.9153973960266222,1
1320.0,0.9154779320264385,1
2408.0,0.9153359796235567,1
864.0,0.8289235970904091,1
2142.0,0.9104180680900774,1
1862.0,0.8307615722416799,1
1778.0,0.91056129483462,1
2016.0,0.9150256260603615,1
1661.0,0.8298067873275556,1
2754.0,0.9107621117701479,0
869.0,0.8283719203865774,1
975.0,0.9103841853751176,1
2624.0,0.9151076371469697,1
1121.0,0.8313910425997593,1
1755.0,0.9106004230640855,1
240.0,0.9149728254978378,1
1260.0,0.9140571836116528,1
845.0,0.9153401298763327,1
2430.0,0.9154726340231077,1
960.0,0.831444803138752,1
1760.0,0.9106038400063728,1
680.0,0.9149730966136272,1
1900.0,0.9140572053762301,1
540.0,0.9153401317262263,1
1248.0,0.9154726341796603,1
1054.0,0.9154843061473494,1
1056.0,0.9154853004689066,1
588.0,0.9154853844200603,1
504.0,0.915485391489628,1
649.0,0.9154853920844902,1
3040.0,0.9154853921345325,0
533.0,0.8314467872903901,1
1500.0,0.9106039677147204,1
2520.0,0.9149731068030411,1
588.0,0.828871844292046,1
290.0,0.9104147290691894,1
405.0,0.915109995643693,1
1320.0,0.9154550755061454,1
1680.0,0.9154828740689634,1
1364.0,0.9153907817112484,1
819.0,0.9144056618729595,1
902.0,0.9140033396031083,1
1340.0,0.9153354613683153,1
990.0,0.9153233262215352,1
3287.0,0.9140845191247693,0
2640.0,0.8311860638728622,1
646.0,0.8225455018383517,1
3200.0,0.9100842331730891,0
546.0,0.8307180329995429,1
2240.0,0.9105586022349821,1
726.0,0.8307832355922022,1
1300.0,0.9105626909551896,1
1022.0,0.9151224437835681,1
1995.0,0.915456125997014,1
680.0,0.9153885497346109,1
518.0,0.9145413747856862,1
722.0,0.915397462919336,1
2096.0,0.9154779376576495,1
1520.0,0.8314456419527495,1
1240.0,0.9104054657496639,1
1450.0,0.9137348464006092,1
1540.0,0.9151636416572505,1
1170.0,0.9139803359686632,1
330.0,0.9144113224357966,1
312.0,0.9153860993237783,1
2227.0,0.9154769696084681,1
1848.0,0.8314454925794548,1
675.0,0.9104054560408436,1
1651.0,0.9137348456551941,1
2070.0,0.9151636415939809,1
1840.0,0.8288969085356988,1
616.0,0.9104163115595818,1
936.0,0.9151101197306085,1
1712.0,0.9154550857564407,1
2226.0,0.9153884615835962,1
1350.0,0.8297646220048358,1
1750.0,0.9104907607512653,1
1395.0,0.9149640467303227,1
1690.0,0.9140564781688514,1
836.0,0.915190032490952,1
1683.0,0.9140730806656578,1
1134.0,0.9151914151733571,1
1273.0,0.9140731933688487,1
2720.0,0.9153414476168766,0
1728.0,0.8314236843540003,1
890.0,0.910475764240912,1
2205.0,0.9142076289174874,1
1728.0,0.8312382279392189,1
1932.0,0.9103920149361235,1
1148.0,0.9136407339871945,1
3080.0,0.9143859611761889,0
2641.0,0.831262160935586,1
3280.0,0.8225552664890446,0
1152.0,0.8216379523908556,1
1624.0,0.9100301317764397,1
2888.0,0.9149853244284855,0
1940.0,0.8297100938757849,1
1639.0,0.9104873105179692,1
1744.0,0.9149637731280204,1
1501.0,0.9139097788415937,1
