Timestep: 0, Trans probs: [0.16666666666666666, 0.08333333333333333, 0.16666666666666666, 0.08333333333333333, 0.16666666666666666, 0.08333333333333333, 0.16666666666666666, 0.08333333333333333]
Timestep: 1, Trans probs: [0.16662756017608976, 0.05559466204613258, 0.3332551203521793, 0.11118932409226516, 0.08331378008804483, 0.02779733102306629, 0.16662756017608965, 0.05559466204613258]
Timestep: 2, Trans probs: [0.14985663984191785, 0.037619427264555826, 0.4494941130026097, 0.1128392516193182, 0.05000299582108007, 0.012552557339370116, 0.14998369293332167, 0.03765132217782656]
Timestep: 3, Trans probs: [0.1850449208458201, 0.03717730137640221, 0.37008984169164, 0.07435460275280442, 0.09252246042291, 0.018588650688201105, 0.18504492084582, 0.03717730137640221]
Timestep: 4, Trans probs: [0.20572891237571317, 0.03456372706921158, 0.3072603443332533, 0.05162163430549616, 0.13762493834929093, 0.023121839084701803, 0.2055456642322574, 0.034532940250075604]
Timestep: 5, Trans probs: [0.1454831335153021, 0.021045728425190407, 0.4364305215565667, 0.06313445422302251, 0.07292923614910503, 0.010550012645206094, 0.21877824459924877, 0.03164866888635842]
Timestep: 6, Trans probs: [0.14303316381968326, 0.14303316381968326, 0.21389535332654908, 0.21389535332654908, 0.057333515989600646, 0.057333515989600646, 0.08573796686416706, 0.08573796686416706]
Timestep: 7, Trans probs: [0.2907867359701409, 0.08492312516725495, 0.28942813580166904, 0.08452635131931976, 0.0971025062563232, 0.028358405913351738, 0.09664882847449885, 0.028225911097441606]
Timestep: 8, Trans probs: [0.19939295983784686, 0.05091819089956995, 0.39787381306896946, 0.10160346074535902, 0.06653933960656272, 0.016991887773638387, 0.13277430050631683, 0.03390604756173682]
Timestep: 9, Trans probs: [0.17148201424963863, 0.08574100712481932, 0.22808002392903762, 0.11404001196451881, 0.11463461323129884, 0.05731730661564942, 0.1524700152566916, 0.0762350076283458]
Timestep: 10, Trans probs: [0.27549217386932057, 0.10581324675080524, 0.20563549269005738, 0.07898213159063382, 0.13820754110352976, 0.05308386239874393, 0.10316218936145487, 0.03962336223545456]
Timestep: 11, Trans probs: [0.19588755545718584, 0.0667062443108537, 0.32586136480602546, 0.1109666602428448, 0.08418313794513126, 0.028667165474172165, 0.14003968838362507, 0.04768818338016191]
Timestep: 12, Trans probs: [0.3485307548390981, 0.10655956451436711, 0.20810790014187275, 0.06362677296973411, 0.1309942456111952, 0.040050094783345994, 0.07821673412264515, 0.023913933017741584]
Timestep: 13, Trans probs: [0.32655216577129403, 0.09056453400623092, 0.26033120704881146, 0.07219910606922018, 0.10905574055513377, 0.03024503696293758, 0.08694051226781269, 0.024111697318559354]
Timestep: 14, Trans probs: [0.2046674358319999, 0.051941863877228336, 0.40872740892341425, 0.10372956181763475, 0.061457141068466774, 0.015597002242614786, 0.12273187440220898, 0.03114771183643226]
Timestep: 15, Trans probs: [0.3824382731098213, 0.08953327948356647, 0.2540461522001032, 0.05947518003807337, 0.1044385407926098, 0.02445028575619424, 0.06937644920841125, 0.016241839411220323]
Timestep: 16, Trans probs: [0.14998516722497754, 0.050042323678884185, 0.3495547455945415, 0.11662841097008805, 0.07514658021091306, 0.025072542571059613, 0.17513627656609398, 0.05843395318344198]
Timestep: 17, Trans probs: [0.12453900022849757, 0.08340367188895016, 0.21733607625752258, 0.14554980175331816, 0.09363333926031843, 0.06270617470194996, 0.16340184620392106, 0.10943008970552213]
Timestep: 18, Trans probs: [0.3549409276960183, 0.11135342003690754, 0.2020800012013974, 0.06339730783064168, 0.13010235652347493, 0.040816206932769925, 0.07407171816794515, 0.02323806161084524]
Timestep: 19, Trans probs: [0.338770128825071, 0.09852445125378381, 0.24131939792941695, 0.0701828739751914, 0.11364914607934938, 0.03305255924353022, 0.08095679392448046, 0.023544648769176883]
Timestep: 20, Trans probs: [0.32392686376409924, 0.08772252146823668, 0.2770692506348083, 0.07503302753148801, 0.10019903904919386, 0.027134866963336297, 0.08570475551513955, 0.023209675073698068]
Timestep: 21, Trans probs: [0.3101994735260187, 0.07863574343725502, 0.3096926214000781, 0.07850725613428496, 0.08900961718637272, 0.022563988716534054, 0.08886417943566588, 0.022527120163790635]
Timestep: 22, Trans probs: [0.16835836346430996, 0.04012249655247686, 0.33600994939404, 0.08007655668985053, 0.10120161133138153, 0.02411796609444487, 0.20197837281342654, 0.048134683660069615]
Timestep: 23, Trans probs: [0.3200755896320409, 0.07194695434814645, 0.279569142166219, 0.06284186910881477, 0.11573727232360909, 0.026015555443694903, 0.10109040173093677, 0.022723215246538198]
Timestep: 24, Trans probs: [0.3087407284400417, 0.06557286968139095, 0.3083000918947341, 0.06547928370422398, 0.10396295851563538, 0.022080499598748356, 0.10381458198264042, 0.022048986182585172]
Timestep: 25, Trans probs: [0.2980253068224634, 0.0600754360327671, 0.33489045702375014, 0.06750665050367465, 0.0938565461933048, 0.018919443443275192, 0.1054664182195464, 0.021259741761218295]
Timestep: 26, Trans probs: [0.288005887823304, 0.05515152134997837, 0.35966870710472526, 0.06887455158894261, 0.08520344037305236, 0.016315983663879034, 0.10640411371954821, 0.020375794376570215]
Timestep: 27, Trans probs: [0.13666940095930546, 0.06856743850565768, 0.3070621733606434, 0.15405399117530827, 0.06843119908108669, 0.03433213288362887, 0.1537478950520171, 0.07713576898235251]
Timestep: 28, Trans probs: [0.12231473503328248, 0.09213734713934249, 0.21958022822678136, 0.16540558018264814, 0.0817343198479745, 0.061568897639206734, 0.1467299961962507, 0.11052889573451354]
Timestep: 29, Trans probs: [0.2809902175340154, 0.06805796353071797, 0.31188156810483386, 0.07554008311841813, 0.10054641195841774, 0.024353104169479348, 0.11160022901903985, 0.027030422565077865]
Timestep: 30, Trans probs: [0.27362295161020256, 0.0631008694402333, 0.33413494945430167, 0.07705569177168645, 0.092224970059045, 0.021268229732115177, 0.11262061726825721, 0.02597172066415866]
Timestep: 31, Trans probs: [0.26650643271592594, 0.05864192521272685, 0.3550886305298379, 0.07813350208179046, 0.0849134023650256, 0.018684297186761484, 0.11313717065721028, 0.024894639250721426]
Timestep: 32, Trans probs: [0.21176868404063356, 0.04458821945408705, 0.4226966018878081, 0.08899941430364695, 0.06395279115037497, 0.013465357729508158, 0.1276516762757861, 0.02687725515815507]
Timestep: 33, Trans probs: [0.24296032751778426, 0.04906566292078718, 0.40355597678935784, 0.08149783847062961, 0.06969781355869645, 0.014075423182562795, 0.11576774495705866, 0.02337921260312311]
Timestep: 34, Trans probs: [0.29919478098636, 0.05796318961820274, 0.35872336962113216, 0.06949569984236535, 0.0817620916011452, 0.01583982047893441, 0.09802969460142956, 0.018991353250430557]
Timestep: 35, Trans probs: [0.2908163490624087, 0.05415349758937765, 0.37779817828931284, 0.07035055904945382, 0.0758581368627284, 0.014125696319944078, 0.0985469558625466, 0.018350626964227797]
Timestep: 36, Trans probs: [0.23990859886219063, 0.04299592536872172, 0.4387105826593776, 0.07862480778075927, 0.059887242939587956, 0.010732868434816377, 0.10951323699315288, 0.019626736961393713]
Timestep: 37, Trans probs: [0.2681964099506321, 0.046371767825065795, 0.41982199128182784, 0.07258817487960127, 0.06415006745561626, 0.011091692221240845, 0.10041748532367677, 0.017362411062339118]
Timestep: 38, Trans probs: [0.3196520949827499, 0.05328303897920861, 0.3774540410897219, 0.06291808719517016, 0.07337537424170522, 0.012230994219029866, 0.08664367278899564, 0.014442696503418787]
Timestep: 39, Trans probs: [0.2022082580884648, 0.032530023452985495, 0.3456253413967371, 0.05560208355418972, 0.11574639893813783, 0.018620570236102692, 0.19784003396604577, 0.031827290367336634]
Timestep: 40, Trans probs: [0.3268635992257725, 0.0508453314521132, 0.3537632363950545, 0.055029709801532926, 0.08872803359361169, 0.013802106713159226, 0.09603001495851562, 0.014937967860240483]
Timestep: 41, Trans probs: [0.2416466637527431, 0.03636750776858677, 0.44782531253135305, 0.06739712553663967, 0.06298711238858919, 0.009479478274348252, 0.11672920640745743, 0.01756759334028251]
Timestep: 42, Trans probs: [0.3489919660619093, 0.05097330253335891, 0.34862261891450663, 0.05091935618010375, 0.08751685711178041, 0.01278259578484441, 0.08742423577757426, 0.012769067635922221]
Timestep: 43, Trans probs: [0.33985319612843307, 0.048121055383360666, 0.3656677665852411, 0.05177623470431742, 0.08210545075643483, 0.011625610669946667, 0.0883420169196642, 0.012508668852601922]
Timestep: 44, Trans probs: [0.3312253370403905, 0.04548739713338225, 0.3818944961186777, 0.05244582664847552, 0.07716389743174559, 0.010596969658783588, 0.08896803605533458, 0.012218039913210448]
Timestep: 45, Trans probs: [0.240275261302046, 0.032066347363566575, 0.47992049840849416, 0.06404861376684612, 0.05406763432294042, 0.007215688930814363, 0.10799349825454885, 0.01441245765074357]
Timestep: 46, Trans probs: [0.35111080350252355, 0.045619440368947224, 0.37587016029405773, 0.04883639635394517, 0.07632415349049443, 0.009916713282919421, 0.08170632039972024, 0.010616012307392142]
Timestep: 47, Trans probs: [0.233481257031437, 0.029497168880532748, 0.5000248078680102, 0.06317130715187438, 0.04912398612709714, 0.006206144909870987, 0.10520421226619163, 0.013291115764985954]
Timestep: 48, Trans probs: [0.36996293620374343, 0.045575984098225594, 0.3696175007557842, 0.045533429671977654, 0.07540537530113946, 0.00928923913543827, 0.07533496908730905, 0.00928056574638239]
Timestep: 49, Trans probs: [0.3609446604224152, 0.043290834769754385, 0.3846986116320794, 0.04613982656739706, 0.07128612297234531, 0.008549886199620162, 0.07597749888861322, 0.009112558547775354]
Timestep: 50, Trans probs: [0.3523380673936039, 0.04123773801892574, 0.3990425120040421, 0.046704038227166116, 0.06745066458097812, 0.007894443128921189, 0.07639163951213795, 0.008940897134224747]
Timestep: 51, Trans probs: [0.12659451706201158, 0.07620478142017925, 0.2893912352147756, 0.17420182434642983, 0.06337542412054861, 0.0381494432349851, 0.14487430177976793, 0.08720847282130209]
Timestep: 52, Trans probs: [0.34597502980673733, 0.050491621227362775, 0.3673177683907348, 0.053606382061807366, 0.0772925542882755, 0.011280081042261922, 0.08206062897154265, 0.011975934211277574]
Timestep: 53, Trans probs: [0.20977292078501183, 0.029821684860880306, 0.5098035784161262, 0.07247456725864045, 0.04546479143738506, 0.006463354170965142, 0.1104914460836254, 0.015707656987365804]
Timestep: 54, Trans probs: [0.3631032349605556, 0.05021758960995824, 0.362801192057218, 0.05017581673353081, 0.07633061116669741, 0.010556610179093847, 0.07626711649854107, 0.010547828794405157]
Timestep: 55, Trans probs: [0.20463980667846307, 0.027609867153654932, 0.5270080020506651, 0.07110357052083416, 0.04180691463082227, 0.005640561227048284, 0.1076651649994504, 0.014526112739061786]
Timestep: 56, Trans probs: [0.1419910054485363, 0.0711732373905226, 0.3190633311371645, 0.15993104730754917, 0.06315128575803751, 0.03165469135580282, 0.1419051829086272, 0.07113021869376]
Timestep: 57, Trans probs: [0.35863334339505654, 0.05833160085663902, 0.33840698218616866, 0.05504178954782436, 0.08389784323331706, 0.013645957896412871, 0.07916613572999537, 0.012876347154585986]
Timestep: 58, Trans probs: [0.20848172887976285, 0.03301754443718316, 0.49495474921442023, 0.07838667932386034, 0.047374082452553236, 0.0075027000253343945, 0.11247041755438374, 0.017812098112502152]
Timestep: 59, Trans probs: [0.3746092271553599, 0.05781860793905086, 0.334859290773874, 0.05168345210027018, 0.08280552892119279, 0.012780519177907509, 0.07401900080588933, 0.011424373126455634]
Timestep: 60, Trans probs: [0.3674932476120552, 0.0553083498342978, 0.34785970778321523, 0.052353469176230766, 0.07902759143044967, 0.011893784992782768, 0.07480549653752536, 0.011258352633443278]
Timestep: 61, Trans probs: [0.205893465415987, 0.030276266772527923, 0.5149891195560358, 0.07572823128274545, 0.04310481940688807, 0.0063384867941673325, 0.10781552950272291, 0.01585408126892567]
Timestep: 62, Trans probs: [0.2257499848293649, 0.03240256953505096, 0.5005974389152809, 0.07185224546429687, 0.046040740380737806, 0.00660836496959105, 0.10209469886689758, 0.014653957038779952]
Timestep: 63, Trans probs: [0.3852211644196737, 0.054006358255061025, 0.34639095747171167, 0.048562529459441776, 0.07657448902210495, 0.010735415572392245, 0.06885579770839653, 0.009653288091218274]
Timestep: 64, Trans probs: [0.3779728966846874, 0.051747580185789475, 0.35879160070677557, 0.04912150392373307, 0.07326605198232315, 0.010030721602280121, 0.06954796044578006, 0.009521684468631157]
Timestep: 65, Trans probs: [0.2227095840761339, 0.029778918047666008, 0.5190871292731026, 0.06940811795929548, 0.042110734088902875, 0.00563070558711028, 0.0981508728529571, 0.01312393811483173]
Timestep: 66, Trans probs: [0.3921238590742932, 0.05126797684070397, 0.35448203747891605, 0.0463465215578004, 0.07235657923201096, 0.009460213507784712, 0.0654107293846363, 0.008552082923854233]
Timestep: 67, Trans probs: [0.3847907699829168, 0.04928678441641402, 0.36619511371194047, 0.046904918287582406, 0.06941242915809093, 0.00889084587940174, 0.06605795765240836, 0.008461180911245356]
Timestep: 68, Trans probs: [0.37787328903688094, 0.047362554721860746, 0.3776243638695824, 0.04733135449628281, 0.06658335564280198, 0.008345543113764604, 0.06653949365672478, 0.008340045462101832]
Timestep: 69, Trans probs: [0.37114922409431333, 0.04553395629113646, 0.3885966374395347, 0.047674469338397536, 0.06398455702380686, 0.007849861548112527, 0.06699241731727622, 0.008218876947422309]
Timestep: 70, Trans probs: [0.36468734164044325, 0.04386832091083152, 0.3992151055644501, 0.048021673262844684, 0.061452600718687335, 0.007392146919622092, 0.06727079248971696, 0.008092018493404135]
Timestep: 71, Trans probs: [0.3584710193587125, 0.04224618834134659, 0.4094981102406194, 0.048259784909806966, 0.059096150811328955, 0.006964543805773476, 0.06750828037096576, 0.007955922161446366]
Timestep: 72, Trans probs: [0.3525011978270822, 0.040664549063135484, 0.41948271886966826, 0.048391539398345076, 0.056888837148475084, 0.006562698009621219, 0.06769873188369253, 0.007809727799980153]
Timestep: 73, Trans probs: [0.22519888052802026, 0.02548743851324416, 0.5504900276751435, 0.062303066070430804, 0.03560511455647349, 0.004029696621436888, 0.08703533717225116, 0.009850438862999647]
Timestep: 74, Trans probs: [0.2441122056970552, 0.027093612169350103, 0.5353809875515766, 0.05942105515841093, 0.0377699997769001, 0.0041920301472418995, 0.08283625033266225, 0.009193859166802914]
Timestep: 75, Trans probs: [0.3666574051638424, 0.03993890954568947, 0.41647142333975645, 0.04536500359974557, 0.055548469372406165, 0.0060507309068929494, 0.06309527580257974, 0.006872782269087158]
Timestep: 76, Trans probs: [0.360671418834997, 0.038522073042888835, 0.42608721172638764, 0.045508908761838586, 0.053517512352387726, 0.005716021320934073, 0.06322410489419338, 0.006752749066372811]
Timestep: 77, Trans probs: [0.23976829713460762, 0.02511846577258786, 0.5504379759487841, 0.057664660524489486, 0.03488371731684282, 0.003654467541852823, 0.08008282572350568, 0.008389590037329636]
Timestep: 78, Trans probs: [0.2574806540431828, 0.026524690788285236, 0.5358846251397145, 0.05520482318505829, 0.03675107497272944, 0.0037859578359826923, 0.0764886049727824, 0.007879569062264722]
Timestep: 79, Trans probs: [0.22339177576431396, 0.022605661164772008, 0.4251769083241435, 0.04302488348900223, 0.08939458240317764, 0.009046096853200911, 0.17014284450297423, 0.01721724749841548]
Timestep: 80, Trans probs: [0.36716395833151544, 0.03655196329834055, 0.4148731701001787, 0.041301518144315874, 0.05982518902661927, 0.005955726492203402, 0.06759886219797719, 0.00672961240884943]
Timestep: 81, Trans probs: [0.2627540202627805, 0.025721597573397738, 0.5225553712147923, 0.05115415153215179, 0.041999573710170456, 0.004111435220465341, 0.08352718184495081, 0.008176668641291077]
Timestep: 82, Trans probs: [0.3786383886418863, 0.03639414337780201, 0.4099888782890064, 0.03940750454087392, 0.05938304046287526, 0.005707807115299512, 0.0642998356191283, 0.006180401953128273]
Timestep: 83, Trans probs: [0.21797309353303831, 0.020561985821966604, 0.452151957617961, 0.04265270539230928, 0.07926034540482624, 0.007476840705622188, 0.16441350515051528, 0.015509566373761259]
Timestep: 84, Trans probs: [0.3812415335216649, 0.03531842370536295, 0.39627416251536096, 0.03671105465850306, 0.06751804396698416, 0.006254908437062402, 0.07018032920112442, 0.0065015439939371455]
Timestep: 85, Trans probs: [0.37558811173239465, 0.03413962557346125, 0.40544052387416657, 0.0368531038256986, 0.06523195118923496, 0.0059293527123497145, 0.07041670286502937, 0.006400628227665047]
Timestep: 86, Trans probs: [0.21792124995842022, 0.019441634507371693, 0.47071855967152176, 0.041994703108192935, 0.072610919020275, 0.0064779132329036305, 0.15684247049872757, 0.013992550002587154]
Timestep: 87, Trans probs: [0.1650298925633205, 0.07086384873916973, 0.3281964300247663, 0.1409275726522509, 0.06904916994622878, 0.029649718960807904, 0.13731870463304427, 0.05896466248041149]
Timestep: 88, Trans probs: [0.3710858272199711, 0.04008112202253826, 0.38515419710121374, 0.04160065203017188, 0.0717786834540743, 0.007752843032818116, 0.07449991125192809, 0.008046763887284614]
Timestep: 89, Trans probs: [0.36588629487915825, 0.038870894515372796, 0.39384775080551365, 0.041841453454096, 0.06946127474790267, 0.007379401528337624, 0.07476958609936608, 0.007943343970252915]
Timestep: 90, Trans probs: [0.24878585173953274, 0.02597930941493383, 0.5144717127576831, 0.05372339189511461, 0.04634769349498904, 0.0048398293615002355, 0.09584378326987537, 0.010008428066370976]
Timestep: 91, Trans probs: [0.3764453157074503, 0.038675008462137644, 0.39018712147110063, 0.040086805692753864, 0.06884434070277747, 0.0070728877426632026, 0.07135744292078816, 0.007331077300328769]
Timestep: 92, Trans probs: [0.2082439092747207, 0.02104407349026672, 0.44714819700121383, 0.04518652935159856, 0.08033335782556728, 0.008118081780586074, 0.17249443806477877, 0.017431413211268006]
Timestep: 93, Trans probs: [0.378361734672302, 0.03762867305758423, 0.37815043581949426, 0.037607659052411035, 0.07653747282701917, 0.007611772750106468, 0.07649472992063315, 0.007607521900449794]
Timestep: 94, Trans probs: [0.23556525015787824, 0.023013847191482927, 0.524497689852779, 0.05124146994714946, 0.046779344532834756, 0.004570167654502783, 0.10415652615933382, 0.010175704504039033]
Timestep: 95, Trans probs: [0.2493797301110545, 0.02393524653448061, 0.514206003925065, 0.049353038709183214, 0.048609841038103195, 0.00466552966727001, 0.10023056846081525, 0.009620041554028473]
Timestep: 96, Trans probs: [0.23045037750500902, 0.02180075165922152, 0.44241200169846406, 0.041852455545999985, 0.08244235926476168, 0.007799099398274251, 0.158270468384346, 0.014972486543923325]
Timestep: 97, Trans probs: [0.26952040546433637, 0.02511139264498974, 0.4840228682478404, 0.04509672754753247, 0.05766617954011655, 0.005372795704553635, 0.10356080302645396, 0.009648827824176894]
Timestep: 98, Trans probs: [0.38518053514639694, 0.035380436432897296, 0.3716753289131977, 0.03413992699109678, 0.08092742190279872, 0.0074335207650666575, 0.07808994331031732, 0.007172886538228485]
Timestep: 99, Trans probs: [0.26578757136428055, 0.024029782462607015, 0.49446784388698634, 0.04470470407012958, 0.054828603564147656, 0.004957039223512956, 0.10200244220803284, 0.00922201322030319]
Timestep: 100, Trans probs: [0.2779419335903612, 0.024760102792084758, 0.4856132356519669, 0.04326023596590737, 0.05629341956322659, 0.005014827510546549, 0.09835446298758936, 0.008761781938317281]
Timestep: 101, Trans probs: [0.39667455345490193, 0.034834846673442055, 0.36999307218814803, 0.03249175382603722, 0.07895770036733311, 0.006933843782082511, 0.07364677637468413, 0.006467453333371096]
Timestep: 102, Trans probs: [0.27415007895976595, 0.02371787440182437, 0.49566136215190265, 0.04288174556784026, 0.053619473256984775, 0.004638845762972712, 0.09694362027276673, 0.008386999625942393]
Timestep: 103, Trans probs: [0.4061824399464621, 0.034663830780404394, 0.3666266811765027, 0.03128812077045641, 0.07808233244172538, 0.006663588802745889, 0.07047834565522677, 0.006014660426476445]
Timestep: 104, Trans probs: [0.2411249331222452, 0.020256779631286713, 0.45063709532986995, 0.03785778689735244, 0.08042788601652756, 0.00675670467649677, 0.15031124516532274, 0.012627569160898815]
Timestep: 105, Trans probs: [0.4071212843697086, 0.03365519084498282, 0.3559776779976763, 0.02942734057275692, 0.08565335102486461, 0.0070806415334363805, 0.07489336023724681, 0.0061911534193276555]
Timestep: 106, Trans probs: [0.4020506347711288, 0.0327932790101781, 0.36412271974329985, 0.029699686829954445, 0.08312732515742662, 0.006780284201787419, 0.07528541209377389, 0.006140658192450768]
Timestep: 107, Trans probs: [0.3972086142347848, 0.03188197205597706, 0.37216535092753156, 0.02987187309956223, 0.08070658641633621, 0.006477918757668262, 0.07561818646270577, 0.006069498045434187]
Timestep: 108, Trans probs: [0.263616774341009, 0.02087131326050877, 0.5087279912456908, 0.04027748725861884, 0.05266254089432658, 0.0041694478314116155, 0.10162823936389076, 0.008046205804543783]
Timestep: 109, Trans probs: [0.4062126777771019, 0.03171432909400331, 0.3690545156187658, 0.028813271968788596, 0.07980695344135277, 0.006230785309998849, 0.07250664037981955, 0.0056608264101691425]
Timestep: 110, Trans probs: [0.40130403664142505, 0.030936280611209517, 0.37677080591012874, 0.02904502898923521, 0.07754697544283491, 0.0059780484964164285, 0.0728062360847777, 0.005612587823972437]
Timestep: 111, Trans probs: [0.20425639960849717, 0.07673446567419223, 0.4066189680436906, 0.15275746221723793, 0.03879970299288679, 0.014576162525057406, 0.07723966162925065, 0.029017177309187212]
Timestep: 112, Trans probs: [0.19498406850290914, 0.09798439309522333, 0.36576577265443583, 0.18380649005698438, 0.0364398411991354, 0.018311935697096837, 0.0683565933049953, 0.03435090548921969]
Timestep: 113, Trans probs: [0.4037960813665015, 0.03818763904477786, 0.36794666806759624, 0.034797302887000496, 0.07422314955700056, 0.007019401561444769, 0.06763354532951356, 0.006396212186164982]
Timestep: 114, Trans probs: [0.23762058293690153, 0.022130133376965178, 0.4594427705084795, 0.04278892705660503, 0.07422464945798947, 0.0069127066858512545, 0.14351441346331056, 0.013365816513897491]
Timestep: 115, Trans probs: [0.26973090299887953, 0.024763352862765323, 0.49294900133282976, 0.04525647572315192, 0.0541924661774166, 0.004975281465840852, 0.09903990156452942, 0.009092617874586558]
Timestep: 116, Trans probs: [0.2802483101277305, 0.02530854647846156, 0.485562087890056, 0.04384993673625847, 0.0553909171858108, 0.005002219643867871, 0.09597106718191828, 0.008666914755896683]
Timestep: 117, Trans probs: [0.40778190441536055, 0.03631440746991114, 0.36094944627521924, 0.032143812969998395, 0.07930240537210724, 0.0070621570767236165, 0.0701947756813626, 0.006251090739317245]
Timestep: 118, Trans probs: [0.27716269577642494, 0.024289890543542678, 0.4946102268731668, 0.043346483691864605, 0.05302508842487024, 0.004646994756252199, 0.0946258331855409, 0.008292786748337798]
Timestep: 119, Trans probs: [0.4162869111549374, 0.03599969912361898, 0.3582302946056297, 0.030979073512038043, 0.07841172299459612, 0.0067808964440858955, 0.06747618980130417, 0.0058352123637898014]
Timestep: 120, Trans probs: [0.4117060665780377, 0.03505582955163859, 0.3657391634416861, 0.031141852925648826, 0.07630380167234752, 0.00649709412300057, 0.0677844968936715, 0.005771694813969212]
Timestep: 121, Trans probs: [0.2513675271376663, 0.021127826347670377, 0.4616348063081512, 0.038801113790555286, 0.07384576895797204, 0.006206850187931193, 0.13561726782202868, 0.011398839448025026]
Timestep: 122, Trans probs: [0.4121158671247904, 0.03417530435803138, 0.35619577425286153, 0.02953804977484673, 0.0832008232973721, 0.006899548612054488, 0.07191128524034514, 0.005963347339698124]
Timestep: 123, Trans probs: [0.40779101074344853, 0.03330092574375302, 0.3634939780960709, 0.029683552736511902, 0.0810091032695193, 0.006615344775815715, 0.07220934359428147, 0.0058967410405991825]
Timestep: 124, Trans probs: [0.40355416156353496, 0.03242654814413363, 0.3706399661968767, 0.02978181332948762, 0.07893383525376868, 0.006342523638315821, 0.07249592946061252, 0.005825222413269953]
Timestep: 125, Trans probs: [0.18742774041526647, 0.08361853288072445, 0.35395235415549336, 0.15791139827319925, 0.05197108480960925, 0.023186246893713593, 0.09814602563963713, 0.043786616932356484]
Timestep: 126, Trans probs: [0.2689782957523235, 0.02621866017967287, 0.48281696944890723, 0.047062585535216174, 0.05702576834794369, 0.005558586939580479, 0.10236145105031864, 0.009977682746037475]
Timestep: 127, Trans probs: [0.27853992352814666, 0.026737488551611302, 0.47633728436860767, 0.04572437059000005, 0.05812968948219858, 0.0055799609885436975, 0.09940886777885123, 0.009542414712040686]
Timestep: 128, Trans probs: [0.4001305853475997, 0.03782299052995069, 0.3578108590616455, 0.03382264997824497, 0.08219440816097208, 0.007769559327204773, 0.07350113405750269, 0.006947813536879474]
Timestep: 129, Trans probs: [0.39618746563967355, 0.036899322303174234, 0.3647259748598139, 0.03396912438146559, 0.08012425951811603, 0.007462454349706911, 0.07376154269666832, 0.006869856251381519]
Timestep: 130, Trans probs: [0.2050271837753675, 0.08224736784815759, 0.36031089090438156, 0.14453996703372965, 0.05380453819758365, 0.0215838776280776, 0.09455507672538846, 0.037931097887314046]
Timestep: 131, Trans probs: [0.2761941239518101, 0.030330185623767502, 0.46340324342694245, 0.050888506209666486, 0.060293108299590156, 0.006621071948943981, 0.10116081233935634, 0.011108948199923063]
Timestep: 132, Trans probs: [0.28510991078046943, 0.03084256537017536, 0.4576498673396701, 0.04950755977383151, 0.06127142863706162, 0.006628208882285058, 0.09835105735434915, 0.010639401862157834]
Timestep: 133, Trans probs: [0.393114433613116, 0.04194388770813398, 0.3526040277957763, 0.03762157398132316, 0.08322397867201993, 0.00887969740505319, 0.07464775541114838, 0.007964645413429035]
Timestep: 134, Trans probs: [0.38943176527272766, 0.04097028256602697, 0.35930108460003307, 0.03780037550874698, 0.08117864487361624, 0.008540423035265253, 0.07489778120442879, 0.007879642939154989]
Timestep: 135, Trans probs: [0.2739601911185946, 0.02837248813422841, 0.45161845596669925, 0.04677153724705529, 0.06818097777659461, 0.007061113423260505, 0.11239511764114678, 0.011640118692420492]
Timestep: 136, Trans probs: [0.39026211617731554, 0.03983693285526771, 0.35105225755350355, 0.03583449336521061, 0.08742319512256272, 0.008923930378392522, 0.07863973657225809, 0.00802733797548931]
Timestep: 137, Trans probs: [0.2729151014545177, 0.027424543590891474, 0.46172733582637915, 0.04639780422919176, 0.06465693196488434, 0.006497210449967654, 0.10938886408170694, 0.010992208402461104]
Timestep: 138, Trans probs: [0.3908733066344059, 0.038723739302500955, 0.3430134647706426, 0.0339822744648298, 0.09372476294896047, 0.00928529327795437, 0.08224878785084128, 0.008148370749864693]
Timestep: 139, Trans probs: [0.38745710379262377, 0.037885329431056845, 0.3494812743898314, 0.03417207500041298, 0.09147877216549474, 0.008944740941679286, 0.0825126641454619, 0.008068040133439126]
Timestep: 140, Trans probs: [0.3841438249788236, 0.037012600461832516, 0.3558779726145196, 0.034289160353610564, 0.08933413704686714, 0.008607423853033586, 0.08276080340289035, 0.00797407728842267]
Timestep: 141, Trans probs: [0.2716089900477561, 0.025833801485732867, 0.471299119883363, 0.04482711673618257, 0.06223974392428704, 0.005919867338633269, 0.10799913702460569, 0.010272223559439488]
Timestep: 142, Trans probs: [0.39172233661517736, 0.03667363212860802, 0.35424387115767686, 0.03316484203302718, 0.0884444794005137, 0.00828030469073592, 0.07998245654330005, 0.00748807743096086]
Timestep: 143, Trans probs: [0.2695339855162514, 0.024855113129210092, 0.47939544603763246, 0.04420751625095178, 0.05997286227451684, 0.0055304056505548725, 0.10666824447083313, 0.009836426670049518]
Timestep: 144, Trans probs: [0.3991832314578087, 0.03631820239736962, 0.3525816719347487, 0.032078332739992874, 0.08752976516065686, 0.007963570301511928, 0.07731134103928956, 0.007033884968621871]
Timestep: 145, Trans probs: [0.26735669571794324, 0.02402483509268154, 0.4871316848101135, 0.043773949122747395, 0.05778117239087708, 0.005192251252301292, 0.10527897863746126, 0.009460432975874785]
Timestep: 146, Trans probs: [0.2177299288879512, 0.07931692809681656, 0.3801716971054422, 0.1384929087046873, 0.049190347237550905, 0.01791957244842592, 0.08588978963994232, 0.03128882787918367]
Timestep: 147, Trans probs: [0.3943477167049288, 0.04168446895404353, 0.3403808747426085, 0.0359799116483159, 0.09106726135658526, 0.009626251827872955, 0.07860462421331121, 0.008308890552333907]
Timestep: 148, Trans probs: [0.2672581936968994, 0.027817953745880968, 0.4777931955886262, 0.04973179243310608, 0.057635831091896926, 0.0059991084323428815, 0.10303896594105887, 0.010724959070188587]
Timestep: 149, Trans probs: [0.2680622080854082, 0.027483765694936213, 0.459992757658732, 0.04716193775749303, 0.06588819007946954, 0.006755355747985925, 0.11306364469750747, 0.011592140278467557]
Timestep: 150, Trans probs: [0.28409170572850195, 0.028747282269477495, 0.4686869572798338, 0.04742650343274056, 0.05861999766342396, 0.005931766346874704, 0.09670971656904914, 0.009786070710098516]
Timestep: 151, Trans probs: [0.3911392771351296, 0.03900543477606797, 0.33009580768638763, 0.03291801986972705, 0.10200207818308954, 0.010171914814423913, 0.08608304088035791, 0.008584426654816318]
Timestep: 152, Trans probs: [0.23287353006404116, 0.07767954750900204, 0.393175497590532, 0.1311514225599628, 0.04605701168928374, 0.015363222375065565, 0.07776104258602164, 0.025938725626090932]
Timestep: 153, Trans probs: [0.26758747300064645, 0.030926172376608246, 0.4349752384778146, 0.05027185710105603, 0.07382727134366857, 0.008532517961569189, 0.12000948549187507, 0.013869984246761924]
Timestep: 154, Trans probs: [0.38664601990938946, 0.044045298759503235, 0.3191973558800688, 0.03636179393822772, 0.10511333083965152, 0.011974125743034778, 0.08677678171787871, 0.009885293212245867]
Timestep: 155, Trans probs: [0.3838766419825611, 0.043075374955072264, 0.32527212508967296, 0.036499274033212306, 0.10282964081037463, 0.011538668546036487, 0.08713115655033209, 0.009777118032738123]
Timestep: 156, Trans probs: [0.3811147301834268, 0.04213599797187319, 0.3312344318762209, 0.03662123828967119, 0.10063428738512133, 0.01112611450919136, 0.08746327121293869, 0.009669928571556538]
Timestep: 157, Trans probs: [0.2687084118503748, 0.02927614936440004, 0.446793061338286, 0.048678715744860164, 0.06994716235146889, 0.007620839104053845, 0.11630416250735359, 0.012671497739202573]
Timestep: 158, Trans probs: [0.2760291731673219, 0.02968765718728609, 0.44248586750132657, 0.04759050861857759, 0.07083125605168855, 0.0076180862467487825, 0.11354535254591144, 0.012212098681139072]
Timestep: 159, Trans probs: [0.3898917160710836, 0.04135415000684398, 0.3316376254372033, 0.035175387280460345, 0.09865834762784746, 0.010464269793527822, 0.08391771045192536, 0.008900793331108173]
Timestep: 160, Trans probs: [0.38708744807970624, 0.04045974116118343, 0.3375059244469139, 0.035277305971120616, 0.0965720987418063, 0.010094055330053404, 0.08420230524995098, 0.008801121019265052]
Timestep: 161, Trans probs: [0.3842284227615603, 0.03967420166369054, 0.3432064254946754, 0.03543840104145563, 0.0945325804679536, 0.009761132803030778, 0.08443984649029448, 0.008718989277339245]
Timestep: 162, Trans probs: [0.38144879445207164, 0.038866167918550035, 0.34885762836787754, 0.035545424080549004, 0.0925666835509225, 0.009431704383078037, 0.08465774216390179, 0.008625855083049536]
Timestep: 163, Trans probs: [0.3786726622024418, 0.038118333192758466, 0.3543938619120408, 0.03567435587047904, 0.09064423474552018, 0.00912452227719879, 0.08483253114890253, 0.008539498650658275]
Timestep: 164, Trans probs: [0.27883646802991785, 0.027698031533095857, 0.45699729289101526, 0.04539551629837977, 0.0658625735439924, 0.006542414095837032, 0.10794505476669013, 0.010722648841071766]
Timestep: 165, Trans probs: [0.24887937729308537, 0.07656417343316192, 0.3937304396435693, 0.12112552672970253, 0.04729998759831427, 0.014551163271350559, 0.07482920085535376, 0.023020131175462363]
Timestep: 166, Trans probs: [0.37462518217135354, 0.04286802658366469, 0.3432851668999548, 0.03928181649495723, 0.09362106460747543, 0.010712975201300112, 0.08578900810364747, 0.00981675993764682]
Timestep: 167, Trans probs: [0.27548887672147415, 0.03107860399815452, 0.44539237618592353, 0.05024585183986994, 0.06792537939534414, 0.007662835584416728, 0.1098173054834793, 0.012388770791337647]
Timestep: 168, Trans probs: [0.2824602866965226, 0.03141170337125287, 0.4413318224353742, 0.049079410266013465, 0.06873476338049654, 0.007643821451336055, 0.10739505628262261, 0.011943136116381628]
Timestep: 169, Trans probs: [0.38288450424471376, 0.04204133766870358, 0.3436771440813693, 0.037736306126679775, 0.09195841608148107, 0.010097182777315448, 0.08254187741411063, 0.009063231605626602]
Timestep: 170, Trans probs: [0.3802825528277643, 0.041188878914493035, 0.3491202922960549, 0.03781365550180127, 0.09012816245483297, 0.009761893998379725, 0.082742608585014, 0.008961955421659859]
Timestep: 171, Trans probs: [0.37773933296409173, 0.04032768049160406, 0.3545121617718219, 0.03784793359520477, 0.08835975090394392, 0.009433340644752791, 0.08292651459082924, 0.00885328503775171]
Timestep: 172, Trans probs: [0.2830897317733472, 0.02985873255424244, 0.4518236028100221, 0.0476558440798554, 0.06535931566167004, 0.006893737593536599, 0.10431632858763266, 0.011002706939693577]
Timestep: 173, Trans probs: [0.38422782231051156, 0.039977094338478035, 0.3533733097838093, 0.03676682770387992, 0.08759652335073581, 0.009114005478981311, 0.08056229035124043, 0.008382126682363596]
Timestep: 174, Trans probs: [0.281483575743755, 0.028912773646402837, 0.4587241099853997, 0.04711815360136412, 0.06337094506499492, 0.006509188984052034, 0.10327345138011447, 0.010607801593916917]
Timestep: 175, Trans probs: [0.3906156058719145, 0.03961266119632145, 0.35218813600908083, 0.035715698756967625, 0.08683247982981868, 0.008805755716434206, 0.07829018799197124, 0.00793947462749146]
Timestep: 176, Trans probs: [0.2885354998108867, 0.028863471994348397, 0.4799257605150996, 0.048009079496537134, 0.05279179099123891, 0.005280994476609723, 0.08780943924415002, 0.00878396347112964]
Timestep: 177, Trans probs: [0.285191398902288, 0.028175383361630904, 0.45889532782546544, 0.04533640156789471, 0.06362454784424247, 0.006285764695646216, 0.10237688742756967, 0.010114288375262655]
Timestep: 178, Trans probs: [0.28825702373058903, 0.028155963387860496, 0.44917518143617785, 0.043873900450289584, 0.06785234169643758, 0.006627585423108517, 0.10573059937249571, 0.010327404503041192]
Timestep: 179, Trans probs: [0.2990535185520971, 0.02885476851937358, 0.4517156031791751, 0.043584670828922804, 0.06422443152159218, 0.006196820936320354, 0.09700998658727267, 0.009360199875246243]
Timestep: 180, Trans probs: [0.38812719600147333, 0.03696813336702755, 0.343199718699929, 0.03268890483102645, 0.09643581502578137, 0.009185267376155605, 0.08527293353934651, 0.00812203115926015]
Timestep: 181, Trans probs: [0.3855840845580413, 0.03628444589570987, 0.3483827967857382, 0.0327837098241678, 0.09457439765208898, 0.008899692057206848, 0.08544982658225275, 0.008041046644794358]
Timestep: 182, Trans probs: [0.24645812263306774, 0.07033289736728504, 0.3798232310367777, 0.10839191681254819, 0.05969869016676862, 0.017036492056347944, 0.09200325453084997, 0.026255395396354714]
Timestep: 183, Trans probs: [0.2917543036868186, 0.03164381628591996, 0.4362437806861855, 0.04731521652796953, 0.06979440500280001, 0.007569935736284658, 0.10435964345481524, 0.011318898619206486]
Timestep: 184, Trans probs: [0.30523412401385247, 0.03269488386071605, 0.44320397212337764, 0.04747340239888854, 0.06313634777871249, 0.006762794181954246, 0.0916748093329776, 0.009819666309521028]
Timestep: 185, Trans probs: [0.3828175467122935, 0.04051411128518674, 0.33934230066944465, 0.03591306577027308, 0.09655105683104996, 0.010218132096477204, 0.08558609196077023, 0.00905769467450464]
Timestep: 186, Trans probs: [0.38041200080358495, 0.039775088730545416, 0.3444045775903083, 0.03601022734278427, 0.09474550685724566, 0.009906393421098222, 0.08577748914024755, 0.008968716114185716]
Timestep: 187, Trans probs: [0.3780981978450633, 0.03901131904664753, 0.34946077496912015, 0.03605657436165704, 0.09297773264871434, 0.009593232692633026, 0.08593553392075659, 0.008866634515408091]
Timestep: 188, Trans probs: [0.3758041489417382, 0.0382622734261638, 0.35444827571493287, 0.03608793803641482, 0.09126385714175235, 0.009291974731299326, 0.0860775935818716, 0.00876393842582716]
Timestep: 189, Trans probs: [0.29537639064559473, 0.02972033465907353, 0.4374310430195631, 0.04401366324638884, 0.07084954528728464, 0.007128776243013143, 0.10492304555804519, 0.010557201341036932]
Timestep: 190, Trans probs: [0.3819347604492466, 0.03788673227082267, 0.35354364132270466, 0.03507042215557914, 0.09050210544676222, 0.008977525467894359, 0.0837746317443959, 0.008310181142594533]
Timestep: 191, Trans probs: [0.3025280644881838, 0.029649779834305036, 0.4567735575658432, 0.044766872914325906, 0.06033799426504739, 0.005913528216394916, 0.09110163165675372, 0.008928571059146165]
Timestep: 192, Trans probs: [0.3823047166267543, 0.03694869430753589, 0.3474365826975707, 0.0335787855264171, 0.09541567754988978, 0.009221661540156294, 0.086713282630181, 0.008380599121494858]
Timestep: 193, Trans probs: [0.3800394647377761, 0.03627437253604676, 0.3523043686829485, 0.03362708639877668, 0.09368031692888393, 0.008941689037263506, 0.08684357277584698, 0.008289128902457457]
Timestep: 194, Trans probs: [0.30176465163006266, 0.028481944867620325, 0.46435434609851006, 0.043827912955263, 0.05815217331220913, 0.005488671337957458, 0.08948435234787439, 0.008445947450503052]
Timestep: 195, Trans probs: [0.3803111546053004, 0.035424730034665695, 0.34624555171886573, 0.03225163145181583, 0.09852959129017272, 0.00917770654269332, 0.08970400232490244, 0.00835563203158387]
Timestep: 196, Trans probs: [0.30066167042771574, 0.0276498134268637, 0.47136143976214845, 0.04334791278017137, 0.055986300116825344, 0.00514868007780455, 0.08777235552666524, 0.008071827881805466]
Timestep: 197, Trans probs: [0.2856419606476221, 0.02595248075388587, 0.4351960279116854, 0.03954046706911799, 0.0776172568540838, 0.007052046415407477, 0.11825546150052138, 0.010744298847676054]
Timestep: 198, Trans probs: [0.38190304022365373, 0.034279846440788006, 0.34158050649306476, 0.03066047157648057, 0.10248493597301715, 0.00919910945351889, 0.09166425152591468, 0.008227838313562354]
Timestep: 199, Trans probs: [0.37971741116297264, 0.033704875108309336, 0.34630350392027354, 0.03073895482815541, 0.10065494390455677, 0.008934439700688097, 0.09179763354619018, 0.00814823782885412]
Timestep: 200, Trans probs: [0.2855202924556543, 0.025038642678133632, 0.44305480938998437, 0.03885359938424486, 0.07477252547627944, 0.006557161074052158, 0.11602792480203862, 0.010175044739612765]
Timestep: 201, Trans probs: [0.29134928666995974, 0.02527374153137067, 0.43969161566961856, 0.03814202662020969, 0.07537843743592292, 0.006538870118986085, 0.11375784482491928, 0.009868177129013117]
Timestep: 202, Trans probs: [0.3868038614420215, 0.0331887281295026, 0.34666962882683916, 0.029745111693033368, 0.09888210204306021, 0.008484328955109888, 0.08862223216978789, 0.00760400674064526]
Timestep: 203, Trans probs: [0.384597753930889, 0.03259675357401611, 0.35133986967706726, 0.029777966812173016, 0.09716575232614258, 0.008235326525017366, 0.08876339606880713, 0.007523181085887546]
Timestep: 204, Trans probs: [0.3824434577298721, 0.03198736942619372, 0.3559823959455314, 0.029774180151812445, 0.09549890449044003, 0.007987478085950515, 0.08889138549388483, 0.007434828676314936]
Timestep: 205, Trans probs: [0.2921087220594779, 0.024090529656887565, 0.44885511737628964, 0.03701757838849306, 0.07208394541483694, 0.0059448427714116885, 0.11076440152832771, 0.009134862804275518]
Timestep: 206, Trans probs: [0.3882183020895038, 0.0315752130134185, 0.35521761763749515, 0.02889114676627763, 0.09469897776661165, 0.007702213880798362, 0.08664904537964446, 0.007047483466250556]
Timestep: 207, Trans probs: [0.29082392811190017, 0.023411087674950495, 0.45487016672656433, 0.03661667533029656, 0.07012436351097923, 0.005644953745600891, 0.10967969908432078, 0.008829125815387662]
Timestep: 208, Trans probs: [0.3112098277021795, 0.024741004610573842, 0.4737150566616807, 0.03766007804927304, 0.05607482993120597, 0.004457917142619193, 0.08535556680290954, 0.006785719099558306]
Timestep: 209, Trans probs: [0.3895321554101007, 0.030579891904423177, 0.3504645343114075, 0.027512921402583004, 0.0985486349422859, 0.00773647710980581, 0.08866482772317376, 0.006960557196220239]
Timestep: 210, Trans probs: [0.3873394848951498, 0.03008648415139599, 0.35496402516068537, 0.02757172953902076, 0.09685803780784141, 0.007523420495666139, 0.08876223651390452, 0.006894581436336007]
Timestep: 211, Trans probs: [0.3852298569448411, 0.029531220731053465, 0.3594680668397623, 0.027556355345349257, 0.09523512653468404, 0.007300601166664646, 0.08886639032125901, 0.006812382116386209]
Timestep: 212, Trans probs: [0.3830802878971877, 0.029064548316892303, 0.3638636432481284, 0.027606569103299804, 0.09361597181199093, 0.007102704111710086, 0.08891986783425196, 0.0067464076765388365]
Timestep: 213, Trans probs: [0.31073049097352357, 0.023299391969100084, 0.4813092342876319, 0.03608983615634454, 0.05422126423468018, 0.004065653436539013, 0.08398659265506372, 0.006297536287117082]
Timestep: 214, Trans probs: [0.3074065009756145, 0.022749131227297933, 0.46372288296000586, 0.034317077498614554, 0.0637697087259088, 0.0047191762943469585, 0.09619664217265228, 0.007118880145559076]
Timestep: 215, Trans probs: [0.38353856109050827, 0.028018637346412564, 0.3583113243477884, 0.0261757123598437, 0.09826702728971766, 0.007178699823329871, 0.09180351667322963, 0.006706521069169792]
Timestep: 216, Trans probs: [0.29357798581126593, 0.021220992682353102, 0.4505293286923129, 0.0325660643830132, 0.07436293001946842, 0.005375250427652867, 0.11411850533916593, 0.008248942644767544]
Timestep: 217, Trans probs: [0.299139343962706, 0.021335672315474483, 0.4473779700089234, 0.031908573585902364, 0.07489631737891465, 0.005341869324389237, 0.11201121853867618, 0.007989034885013785]
Timestep: 218, Trans probs: [0.2574919465489145, 0.06857328667208655, 0.37552225446440124, 0.10000621593127718, 0.06373306480926684, 0.016972902579018352, 0.09294731156399569, 0.0247530174310397]
Timestep: 219, Trans probs: [0.305570156251638, 0.02600252668810614, 0.4348286068523615, 0.03700178902654188, 0.07477461004046937, 0.0063629538205585544, 0.10640482667113083, 0.009054530649193778]
Timestep: 220, Trans probs: [0.3869993231841192, 0.032543648355725825, 0.3556981269231617, 0.029911459968808344, 0.09365408731720574, 0.007875584018211678, 0.08607917751209988, 0.007238592720667671]
Timestep: 221, Trans probs: [0.38492440849850096, 0.03201229819489499, 0.36001576921435996, 0.029940767341594732, 0.09212061786510375, 0.007661225487100168, 0.08615944941131629, 0.0071654639871292225]
Timestep: 222, Trans probs: [0.30534802419419577, 0.02506567093412782, 0.4419212420863385, 0.036276810574324816, 0.07227204505302791, 0.005932729723129125, 0.10459721166442376, 0.00858626577043231]
Timestep: 223, Trans probs: [0.3106389299202322, 0.025177698726326525, 0.43891227505575714, 0.035574424079680256, 0.0727223611786567, 0.005894244166027397, 0.10275188947034739, 0.008328177402972413]
Timestep: 224, Trans probs: [0.3914118851685908, 0.03141309362441692, 0.36025745925893904, 0.02891276868539951, 0.09062530165337487, 0.007273210634246058, 0.08341198148379496, 0.006694299491237945]
Timestep: 225, Trans probs: [0.31655529060754073, 0.025154671676146892, 0.45478127803236423, 0.03613862750929517, 0.06363199649316838, 0.00505643730297917, 0.09141733386725044, 0.007264364511254862]
Timestep: 226, Trans probs: [0.3104523565807698, 0.0243930683149127, 0.4356645800278626, 0.034231326120542936, 0.07532670633623294, 0.00591861989335247, 0.10570761401941269, 0.008305728706913864]
Timestep: 227, Trans probs: [0.3926258313368703, 0.030495790440337962, 0.3557137248974221, 0.027628776166580077, 0.09422264736994604, 0.0073184031196928115, 0.08536445182819122, 0.006630374840959631]
Timestep: 228, Trans probs: [0.30926640568998914, 0.0237827198613929, 0.4411743111165167, 0.03392649462820962, 0.07341803653224634, 0.0056458786453844854, 0.10473220205853576, 0.008053951467725097]
Timestep: 229, Trans probs: [0.32489610964840504, 0.024659758939400377, 0.45295702126071613, 0.0343796389753199, 0.06332113265988759, 0.004806102076298857, 0.08827976322497691, 0.006700473214995175]
Timestep: 230, Trans probs: [0.39374914634873937, 0.0295866564767478, 0.35122928465484204, 0.02639167674652649, 0.097849356759997, 0.007352486555906512, 0.08728288022321504, 0.006558512234025712]
Timestep: 231, Trans probs: [0.278405038119132, 0.06951816491901028, 0.39445641354922073, 0.09849637131473885, 0.052684257002403805, 0.013155339758475952, 0.07464535558721094, 0.018639059749807358]
Timestep: 232, Trans probs: [0.3880209355578022, 0.03456480988148515, 0.34086206144132203, 0.030363908928247224, 0.10078633174541107, 0.0089780217410807, 0.08853707018273012, 0.007886860521921226]
Timestep: 233, Trans probs: [0.38621228146043346, 0.03393162935888963, 0.34514062313595417, 0.030323177856127252, 0.0992182589011254, 0.008717064030011285, 0.08866691544377284, 0.00779004981368603]
Timestep: 234, Trans probs: [0.38436478672704516, 0.03335008815557792, 0.3493289164328654, 0.03031013911948671, 0.09768562032038133, 0.008475865016038949, 0.08878131680107423, 0.007703267427530406]
Timestep: 235, Trans probs: [0.38249932255742203, 0.032829851211642176, 0.35344447899645304, 0.03033607897511498, 0.09615749685617278, 0.008253181452885283, 0.08885332436851806, 0.007626265581791483]
Timestep: 236, Trans probs: [0.3807154342016194, 0.03225539720410477, 0.3575801590402042, 0.03029530464488767, 0.09467595679987888, 0.008021241898592222, 0.08892269828980894, 0.007533807920903976]
Timestep: 237, Trans probs: [0.30358623685173397, 0.025387892678999394, 0.4370215684757188, 0.03654663924797144, 0.07469441297707431, 0.006246441736121777, 0.10752486625919207, 0.008991941773188258]
Timestep: 238, Trans probs: [0.308520629752, 0.025511364408792474, 0.43427207731777123, 0.03590966745375361, 0.07510951086409454, 0.0062107551892407985, 0.10572376743652939, 0.008742227577818057]
Timestep: 239, Trans probs: [0.31341561192637, 0.025612793990284873, 0.4315776383304851, 0.0352691720537816, 0.07549771557982989, 0.006169786578269065, 0.10396139997309492, 0.008495881567884498]
Timestep: 240, Trans probs: [0.3182780059832276, 0.025683378430999316, 0.42895408885608144, 0.03461436224467174, 0.07585976080312834, 0.006121487843223777, 0.10223877856599668, 0.00825013727267101]
Timestep: 241, Trans probs: [0.3892610528673394, 0.031030113579651002, 0.36013495520707767, 0.028708314078076034, 0.09182223277371367, 0.007319649091830707, 0.08495171927268294, 0.00677196312962846]
Timestep: 242, Trans probs: [0.31719512458663973, 0.025040784372655348, 0.43424036317969017, 0.034280852564983505, 0.07403810040963399, 0.005844894716256114, 0.10135821492499701, 0.008001665245144226]
Timestep: 243, Trans probs: [0.3942085688140928, 0.030754479745616695, 0.3593344416770918, 0.02803374833202137, 0.09107200405740648, 0.007105051299625885, 0.08301521153847655, 0.006476494535668478]
Timestep: 244, Trans probs: [0.392275307939365, 0.03024553041100423, 0.36335674099343307, 0.028015827500055164, 0.08969850416035827, 0.006916007152362132, 0.08308592328919057, 0.006406158554231548]
Timestep: 245, Trans probs: [0.3169591844319662, 0.02419769755937039, 0.44065967590854244, 0.033641396394158876, 0.07172938346159935, 0.005476055001322868, 0.09972339790675004, 0.0076132093362899335]
Timestep: 246, Trans probs: [0.39710659479207994, 0.03001987574144802, 0.36248644905904315, 0.027402713280067225, 0.08893868857152919, 0.006723455149171196, 0.0811849257279187, 0.006137297678742589]
Timestep: 247, Trans probs: [0.3952332109037439, 0.02947843497704885, 0.36652040511760164, 0.02733689283174173, 0.0876011476225185, 0.00653372404662163, 0.08123712084304545, 0.006059063657678295]
Timestep: 248, Trans probs: [0.3166646060927751, 0.02339658396027589, 0.44698983412176063, 0.033025589163430576, 0.06947566536765028, 0.005133169942882822, 0.09806879436689114, 0.007245756984333684]
Timestep: 249, Trans probs: [0.3999843149293383, 0.029243668251951606, 0.3656128392310145, 0.026730699630096104, 0.08686838650679485, 0.006351124736068211, 0.07940360720339049, 0.005805359511345946]
Timestep: 250, Trans probs: [0.3980031623180652, 0.02879085660998267, 0.3695035511743158, 0.026729244302429633, 0.08558152210791926, 0.006190818477728781, 0.07945332933939868, 0.005747515670160107]
Timestep: 251, Trans probs: [0.2812080702952515, 0.06599865130550886, 0.4029298348782245, 0.0945663673336022, 0.05169958560111037, 0.0121337304407533, 0.07407790774872286, 0.017385852396826343]
Timestep: 252, Trans probs: [0.3920584917915914, 0.03397570330746334, 0.35884385984226047, 0.031097330553897413, 0.08841983973755448, 0.0076624440085167845, 0.08092903799396449, 0.007013292764751527]
Timestep: 253, Trans probs: [0.31838243189735593, 0.027270757876606686, 0.46297895686195384, 0.0396560418214807, 0.056940997368270053, 0.004877229384890213, 0.08280131352454771, 0.007092271264894789]
Timestep: 254, Trans probs: [0.39206338823923215, 0.033130612828824166, 0.3538507159090287, 0.02990151954925939, 0.09259600015568999, 0.007824658773759296, 0.08357108041266666, 0.0070620241315394764]
Timestep: 255, Trans probs: [0.39029086122994716, 0.03263572240714704, 0.35768654254178495, 0.02990938264446911, 0.09123908640412938, 0.007629319034484206, 0.08361710868074028, 0.006991977057298043]
Timestep: 256, Trans probs: [0.3886131560112946, 0.03207470021648928, 0.36156131152351895, 0.029841940494316436, 0.08992078194897357, 0.007421730529786293, 0.08366128462657177, 0.0069050946490491]
Timestep: 257, Trans probs: [0.386930636761141, 0.03155161001393624, 0.3653849092409574, 0.02979469978869857, 0.08861167114077771, 0.007225690149324896, 0.08367744588146873, 0.006823337023695466]
Timestep: 258, Trans probs: [0.3047593029601998, 0.024558035673312082, 0.4496661970809666, 0.03623488570072991, 0.06907830295545364, 0.0055664500205706135, 0.10192364101463479, 0.008213184594132446]
Timestep: 259, Trans probs: [0.30944040264837824, 0.024668318889910994, 0.44702881933716704, 0.03563674741245827, 0.06941628650746341, 0.005533805789625147, 0.1002812830342098, 0.007994336380786997]
Timestep: 260, Trans probs: [0.31408820888114175, 0.024745801303041673, 0.4444536679706868, 0.03501679415215715, 0.06973983985924938, 0.005494533609556805, 0.09868605937022411, 0.007775094853942366]
Timestep: 261, Trans probs: [0.33113596222049224, 0.025810660266429173, 0.45917346236541756, 0.03579064672106574, 0.057561996319028745, 0.004486716336350726, 0.07981899934164931, 0.0062215564295666605]
Timestep: 262, Trans probs: [0.31928685064227075, 0.024610908165678326, 0.4340318665997694, 0.03345555380178466, 0.07422150867153614, 0.005721058446844287, 0.10089516648041029, 0.007777087191706167]
Timestep: 263, Trans probs: [0.3910946217878712, 0.02982670137748905, 0.3642439108835522, 0.027778940832342, 0.08998960745209827, 0.006863027510531823, 0.08381134572340586, 0.006391844432709726]
Timestep: 264, Trans probs: [0.38944490157774253, 0.02930003763035636, 0.36805711818242576, 0.027690919483542988, 0.08869906360706267, 0.006673308318931755, 0.08382783188183085, 0.0063068193181071135]
Timestep: 265, Trans probs: [0.3346628035060099, 0.02484974748806351, 0.4615181389289202, 0.03426914820947149, 0.05661846253133828, 0.004204095831166598, 0.07807992756509256, 0.005797675939937548]
Timestep: 266, Trans probs: [0.3894436289813355, 0.028586585190814525, 0.3630685411511163, 0.026650557383283206, 0.09269064566931719, 0.006803832035327838, 0.08641316739354565, 0.006343042195259788]
Timestep: 267, Trans probs: [0.3145969582134475, 0.022783797139277126, 0.44003753761575964, 0.031868477202192935, 0.0741366400722375, 0.005369136998608338, 0.10369745699308153, 0.007509995765395461]
Timestep: 268, Trans probs: [0.3190040471198228, 0.022881391276636923, 0.4375841336205101, 0.03138685502023803, 0.07441214406143626, 0.005337403708121777, 0.10207260341665045, 0.007321421776583576]
Timestep: 269, Trans probs: [0.39510687907232067, 0.028048181413145377, 0.3634235376476534, 0.025799017566289054, 0.09125176921731407, 0.006477857797077776, 0.08393435432819511, 0.005958402958004493]
Timestep: 270, Trans probs: [0.3180370151268215, 0.022348113282708214, 0.442400843601555, 0.03108702351904142, 0.07273281858619436, 0.005110855629451719, 0.10117394758978043, 0.007109382664447327]
Timestep: 271, Trans probs: [0.29720560040182936, 0.06583504960039727, 0.40558552432204525, 0.08984266472382607, 0.04899869599567521, 0.01085387212377109, 0.06686671374844022, 0.01481187908401551]
Timestep: 272, Trans probs: [0.3899034967868592, 0.03319281251307704, 0.35390574349971304, 0.03012829350876194, 0.09317027013340207, 0.007931663434199253, 0.08456834574544926, 0.007199374378538223]
Timestep: 273, Trans probs: [0.38835665725546326, 0.03263591021347252, 0.35762577965555764, 0.030053412544398184, 0.09188350522340799, 0.007721515185969152, 0.08461271251336203, 0.007110507408369139]
Timestep: 274, Trans probs: [0.31381374025936826, 0.02608735971435716, 0.43420027810128115, 0.036095101615181396, 0.07351667665304276, 0.006111446832337214, 0.1017194512306897, 0.008455945593742353]
Timestep: 275, Trans probs: [0.392962581437742, 0.0322803843174937, 0.357154871294007, 0.029338916860871974, 0.09113842734971467, 0.007486675831008795, 0.08283367126440414, 0.006804471644757688]
Timestep: 276, Trans probs: [0.31306466285125306, 0.025416607577077248, 0.4391031041474332, 0.03564922077869424, 0.07189811369857706, 0.005837152378571306, 0.10084397459572282, 0.008187163972671201]
Timestep: 277, Trans probs: [0.397543146249911, 0.0319078066786523, 0.3566732396974161, 0.028627485813978643, 0.09038852271099854, 0.007254808781984276, 0.08109602072356827, 0.006508969343490915]
Timestep: 278, Trans probs: [0.3123153604325763, 0.02475565788112542, 0.44398131255419004, 0.035192151497067746, 0.07030941337010127, 0.005573071336619736, 0.09995046541974904, 0.007922567508570342]
Timestep: 279, Trans probs: [0.4021334403540289, 0.031487435869815276, 0.35621217859322396, 0.02789175682486599, 0.0896376721631187, 0.007018716103965136, 0.07940157987641926, 0.006217220214562834]
Timestep: 280, Trans probs: [0.31152043147364855, 0.024122780709402148, 0.44876863088366614, 0.034750681426752736, 0.06877092971414221, 0.005325320232860203, 0.09906970090667414, 0.007671524652853839]
Timestep: 281, Trans probs: [0.2950913149026, 0.06184883889420341, 0.4171658031675399, 0.08743469986839933, 0.04742451712723805, 0.009939809039808827, 0.06704327026278976, 0.014051746737420798]
Timestep: 282, Trans probs: [0.3114326784024054, 0.028817675629395315, 0.4321993112627606, 0.03999252622785169, 0.07189635306852338, 0.00665275651962278, 0.0997761520657431, 0.009232546823697734]
Timestep: 283, Trans probs: [0.397872248979727, 0.03630108268985117, 0.3480202082668255, 0.03175268039032544, 0.0909465931546043, 0.00829778856638419, 0.07955129409499573, 0.007258103857286744]
Timestep: 284, Trans probs: [0.39632606432077033, 0.03574595663001147, 0.3516352666839888, 0.03171514599729959, 0.08971166039014687, 0.008091390928346891, 0.07959553122002302, 0.007178983829412899]
Timestep: 285, Trans probs: [0.39490360781879935, 0.035097247801142845, 0.3553231722912196, 0.031579517584745226, 0.08851161298192613, 0.007866512112320154, 0.07964026280504775, 0.007078066604799038]
Timestep: 286, Trans probs: [0.3127204229922768, 0.027393863482281844, 0.4397175716517471, 0.038518632756153345, 0.06941464807618224, 0.006080624267755405, 0.09760424406266961, 0.008549992710933763]
Timestep: 287, Trans probs: [0.3341993022270642, 0.028920163882701896, 0.4614597875663285, 0.039932736522076066, 0.05237636822772762, 0.004532424641920624, 0.07232088036928787, 0.006258336562893358]
Timestep: 288, Trans probs: [0.39593468123685654, 0.03388654063373904, 0.3518405194646328, 0.03011268935115525, 0.09180509753651524, 0.007857248469210152, 0.08158101509533038, 0.006982208212560724]
Timestep: 289, Trans probs: [0.3125913080757612, 0.026421822798223284, 0.4372516803863913, 0.03695875770990586, 0.07179414262086574, 0.006068409662303005, 0.1004254075268959, 0.008488471219653702]
Timestep: 290, Trans probs: [0.4004482844308659, 0.033406905074338196, 0.35149984680191704, 0.029323441933195023, 0.09109321952026778, 0.007599339679415734, 0.07995852136456183, 0.006670441195438596]
Timestep: 291, Trans probs: [0.3120087131998698, 0.025685106243336697, 0.4420569559504945, 0.03639090640369719, 0.0702885277800658, 0.005786275278031132, 0.09958546448923537, 0.008198050655269686]
Timestep: 292, Trans probs: [0.31616866102178653, 0.02566914483013519, 0.44001928045849453, 0.03572434599190925, 0.07054347373334031, 0.0057272932688201255, 0.09817699342139473, 0.007970807274119286]
Timestep: 293, Trans probs: [0.32027688888845784, 0.025652882294521586, 0.43797964621033353, 0.035080396686202504, 0.07078644716588071, 0.005669707869012435, 0.09680068766059571, 0.0077533432249956595]
Timestep: 294, Trans probs: [0.4071948585673266, 0.032178335057869614, 0.3531033145884381, 0.027903782495800916, 0.08915404593304752, 0.0070453462302839, 0.07731087086583106, 0.006109446261402324]
Timestep: 295, Trans probs: [0.4055963637870813, 0.031696002834183244, 0.3566180937566861, 0.02786851441391787, 0.08796258117108885, 0.00687398229133165, 0.07734055533993577, 0.006043906405775302]
Timestep: 296, Trans probs: [0.4039997417922869, 0.03124141385022409, 0.3600959564139996, 0.027846321758062058, 0.08677755667712131, 0.006710532905377667, 0.07734719613505116, 0.00598128046787707]
Timestep: 297, Trans probs: [0.3378847835610018, 0.025820832395413246, 0.46794031387438356, 0.03575955178646311, 0.051650204079405806, 0.003947059256909239, 0.07153092972661079, 0.005466325319812587]
Timestep: 298, Trans probs: [0.4037614334702062, 0.03044671451245037, 0.3555867883564043, 0.02681397610573285, 0.09067528809509051, 0.006837613454651877, 0.07985639985450507, 0.006021786150958896]
Timestep: 299, Trans probs: [0.33713215711286065, 0.025120670260421276, 0.47276908171626736, 0.035227361023115744, 0.05026507341766825, 0.003745392743767258, 0.07048800329692806, 0.005252260428971316]
Timestep: 300, Trans probs: [0.31725564728016153, 0.02338286824436386, 0.43727557186398075, 0.03222876305286081, 0.07434892851449021, 0.005479780153538847, 0.1024756234045478, 0.007552817486055903]
Timestep: 301, Trans probs: [0.30911454694222534, 0.06154423480160273, 0.41887677932632666, 0.08339772784817166, 0.04499561344042766, 0.008958558003863241, 0.06097292355917954, 0.012139616078203151]
Timestep: 302, Trans probs: [0.39494175317033753, 0.03479298891977337, 0.3437154410845025, 0.030280129758907183, 0.09644415926196442, 0.008496393550800724, 0.08393477386133157, 0.007394360392382864]
Timestep: 303, Trans probs: [0.393650487889123, 0.03420202548978854, 0.3472371062320628, 0.030169433860055366, 0.09519901487934873, 0.008271294545996703, 0.08397456997985225, 0.007296067123772764]
Timestep: 304, Trans probs: [0.39229075436632826, 0.03369176259651429, 0.3506672795864956, 0.030116944135678052, 0.09395977454521165, 0.008069704377083322, 0.08399030097854869, 0.007213479414140214]
Timestep: 305, Trans probs: [0.3909464759020462, 0.03317322242284586, 0.3540797326015671, 0.03004494591724261, 0.09275187957398257, 0.007870332439102653, 0.0840052609300848, 0.007128150213128243]
Timestep: 306, Trans probs: [0.31493795201425107, 0.026423084762288666, 0.43207387828061755, 0.03625071108883994, 0.07402529723264059, 0.006210673216174234, 0.10155777371898063, 0.0085206296862073]
Timestep: 307, Trans probs: [0.3189078066545249, 0.026382773993267883, 0.43026848278184665, 0.03559547900925826, 0.07424514998881096, 0.00614219210498365, 0.10017110705039263, 0.008287008416915008]
Timestep: 308, Trans probs: [0.39634613108814926, 0.032417328570266385, 0.3547828778364313, 0.02901785136732007, 0.09142595697685946, 0.007477770198066425, 0.08183847798929555, 0.006693605973611663]
Timestep: 309, Trans probs: [0.39493582575141845, 0.03195551005977984, 0.35812770042254466, 0.02897724791556807, 0.09024553618091133, 0.007302052513955755, 0.08183462790284288, 0.006621499252978933]
Timestep: 310, Trans probs: [0.3191272000718599, 0.02554366694798595, 0.4358542169994735, 0.034886762878259134, 0.0722421444943891, 0.005782425559956738, 0.09866612221043718, 0.007897460837638327]
Timestep: 311, Trans probs: [0.39914784309114804, 0.03157979942661651, 0.3577732218616096, 0.028306320031958526, 0.0895205363120169, 0.007082690362054796, 0.08024107170689554, 0.006348517207700054]
Timestep: 312, Trans probs: [0.3977640807108402, 0.031077229765445608, 0.36112020052123106, 0.02821425057910273, 0.0883956167413934, 0.006906332232968986, 0.08025220071607116, 0.0062700887329468534]
Timestep: 313, Trans probs: [0.396422175701733, 0.03054774642890073, 0.36447401154605147, 0.028085864936602596, 0.08729687438346484, 0.006726976809461131, 0.08026150894725054, 0.006184841246535841]
Timestep: 314, Trans probs: [0.3950535839178501, 0.030065493473442912, 0.36777221995039466, 0.027989249379728482, 0.08620228881014642, 0.006560412200073182, 0.08024938492167961, 0.006107367346684508]
Timestep: 315, Trans probs: [0.3937302266756994, 0.029562409831476358, 0.3710814956988982, 0.02786187727914444, 0.08512283027348981, 0.006391269514171186, 0.08022626924710934, 0.006023621480011181]
Timestep: 316, Trans probs: [0.39232856950984085, 0.029152351765880224, 0.3742855606653769, 0.027811648636852784, 0.08404222634230497, 0.006244838474494896, 0.08017716335416432, 0.005957641251085107]
Timestep: 317, Trans probs: [0.3909348179628085, 0.02874907011063946, 0.3774649534621091, 0.027758505798846027, 0.08297879091226229, 0.0061022016152566675, 0.0801197130848011, 0.005891947053276782]
Timestep: 318, Trans probs: [0.30904017655140176, 0.058510724181163, 0.427202221089566, 0.08088240049136237, 0.04389225786479803, 0.008310142138391265, 0.06067453836494593, 0.01148753931837165]
Timestep: 319, Trans probs: [0.3187406106894937, 0.028174637654788122, 0.4334226916813118, 0.03831180238711398, 0.07060857514193156, 0.006241347833404196, 0.09601336531167942, 0.008486969300277297]
Timestep: 320, Trans probs: [0.38585202002635705, 0.033680789994679244, 0.3683091771757453, 0.032149485828069584, 0.08470411710394116, 0.007393771269274896, 0.08085302669095654, 0.00705761191097635]
Timestep: 321, Trans probs: [0.3129553451202955, 0.056572980519827974, 0.4306629903316193, 0.07785100763585437, 0.043468641179660206, 0.00785783220840995, 0.05981791104698598, 0.010813291957346665]
Timestep: 322, Trans probs: [0.2969090769763463, 0.06811148767083991, 0.40201732794008266, 0.09222351352241207, 0.048630795832100455, 0.011155993897098421, 0.06584649683033522, 0.015105307330784887]
Timestep: 323, Trans probs: [0.37977804403154564, 0.0389059337404597, 0.3584243734737455, 0.036718381024093694, 0.08687908207723496, 0.008900229657426166, 0.08199415698428447, 0.00839979901120994]
Timestep: 324, Trans probs: [0.3787305791607602, 0.038246481448210544, 0.3617057526610218, 0.03652721253592962, 0.08584979543208736, 0.00866962634916329, 0.08199064607185332, 0.008279906340974003]
Timestep: 325, Trans probs: [0.313258553881078, 0.03126091769883159, 0.42918879290988216, 0.042829909562533824, 0.07038371029676764, 0.007023780668287643, 0.09643120447480692, 0.009623130507812218]
Timestep: 326, Trans probs: [0.3829526186740886, 0.037668488424726344, 0.36166051178198644, 0.03557412624284566, 0.08528719128921015, 0.008389130720605273, 0.0805452365279542, 0.007922696338583298]
Timestep: 327, Trans probs: [0.381813644492142, 0.037091656592190096, 0.364841588827816, 0.03544288979339731, 0.08427327938205895, 0.008186809412991937, 0.08052723518138598, 0.007822896318017704]
Timestep: 328, Trans probs: [0.31382100217644116, 0.03004662258012264, 0.43500439260748264, 0.041649260931312306, 0.06864440180236542, 0.006572321224168217, 0.09515174607451311, 0.009110252603594512]
Timestep: 329, Trans probs: [0.3331318919063794, 0.03149917229457861, 0.4544596744317295, 0.04297127934507738, 0.05330421704996235, 0.005040162042955172, 0.07271779650917366, 0.006875806420143904]
Timestep: 330, Trans probs: [0.38291983295552445, 0.03577218148751217, 0.3618642583285752, 0.03380518011527829, 0.08728885828112927, 0.00815448198692012, 0.08248911454507425, 0.0077060922999862185]
Timestep: 331, Trans probs: [0.38183375417015814, 0.03518390284102759, 0.36504802599212144, 0.03363718932269166, 0.08627021741614858, 0.00794933112773329, 0.0824777071846873, 0.007599871945431996]
Timestep: 332, Trans probs: [0.38075739860702895, 0.03461358691844501, 0.3682172543963647, 0.03347359758877306, 0.0852506574871144, 0.007749898107246774, 0.08244294963205126, 0.007494657262975928]
Timestep: 333, Trans probs: [0.2980611632864481, 0.0653281412232779, 0.4113373812985824, 0.09015567892037711, 0.046565083521058724, 0.010205993692019409, 0.06426184244974711, 0.014084715608489309]
Timestep: 334, Trans probs: [0.31104398973395125, 0.0328053500572465, 0.4225570563795367, 0.044566468445660055, 0.07250027334207776, 0.007646496716645317, 0.09849250620898989, 0.010387859115892626]
Timestep: 335, Trans probs: [0.31474072657191693, 0.03277521708583841, 0.4210060045873294, 0.04384104766193421, 0.07269780541156276, 0.00757031471579696, 0.09724261912954504, 0.010126264836076416]
Timestep: 336, Trans probs: [0.37713048734391363, 0.03877965689299365, 0.36073231728742705, 0.03709346224736264, 0.08632513299529847, 0.008876659806468826, 0.08257159341546903, 0.00849069001106664]
Timestep: 337, Trans probs: [0.3761359208104689, 0.03814964696398779, 0.363883144771819, 0.03690690716079084, 0.08533772864754087, 0.008655393012178537, 0.08255781846371062, 0.00837344016950346]
Timestep: 338, Trans probs: [0.3751470907632727, 0.03752628250605431, 0.36701789090086634, 0.036713111730921365, 0.08436427619773881, 0.00843903028962282, 0.08253615576352907, 0.008256161847994587]
Timestep: 339, Trans probs: [0.37413580418577, 0.0369238737078752, 0.37010885533099785, 0.036526449699592234, 0.08341354122880996, 0.008232174059261993, 0.08251573337250263, 0.008143568415190115]
Timestep: 340, Trans probs: [0.3731367777053317, 0.03634289433666964, 0.37319002338710666, 0.036348080376487346, 0.08245379520782646, 0.00803086092269863, 0.08246556115748109, 0.00803200690639849]
Timestep: 341, Trans probs: [0.37211268527571306, 0.03577695100060308, 0.3762240577170405, 0.036172240858215986, 0.08152508841480538, 0.007838268376621481, 0.08242583707253265, 0.00792487128446777]
Timestep: 342, Trans probs: [0.31888044349572114, 0.03026900914330014, 0.4314459206290726, 0.04095403397335084, 0.06926473765222839, 0.00657479949011586, 0.09371533787363748, 0.008895717742573505]
Timestep: 343, Trans probs: [0.37608425638192705, 0.03528967505518656, 0.3761373407303208, 0.03529465619803832, 0.08099103126096718, 0.0075997522552005954, 0.08100246315700452, 0.007600824961355071]
Timestep: 344, Trans probs: [0.3750274289725054, 0.034783313489971955, 0.37912630311102163, 0.035163478814163214, 0.08004742885647723, 0.007424296456420532, 0.08092230976023795, 0.007505440539202089]
Timestep: 345, Trans probs: [0.37400405314280644, 0.03423728911910456, 0.3821266426934031, 0.034980851774382545, 0.07914258800923468, 0.007244915247674402, 0.08086140028671962, 0.007402259726674603]
Timestep: 346, Trans probs: [0.3729716733350199, 0.03372316817236255, 0.3850956145055568, 0.03481938468486588, 0.07823475437961483, 0.007073791302368874, 0.08077787930679356, 0.007303734313417705]
Timestep: 347, Trans probs: [0.371972918468416, 0.03318889754326943, 0.38807741355495895, 0.03462580440093558, 0.07734297628041677, 0.006900846776780139, 0.08069152538075225, 0.007199617594470937]
Timestep: 348, Trans probs: [0.3708992011302703, 0.0327400519611613, 0.3909586837298202, 0.034510744646995925, 0.07644770214114917, 0.006748199329589595, 0.08058225229979818, 0.007113164761215456]
Timestep: 349, Trans probs: [0.3698609022333395, 0.03225718988488302, 0.3938545565010689, 0.03434978160537285, 0.07558160150977206, 0.006591802639810117, 0.08048473889108597, 0.00701942673466762]
Timestep: 350, Trans probs: [0.3372292494236492, 0.02907532356681202, 0.4614589047645799, 0.03978618993384369, 0.05148538212247715, 0.0044389807430120385, 0.07045174191215355, 0.006074227533472504]
Timestep: 351, Trans probs: [0.36988021139751925, 0.0314791837864273, 0.3896710456094472, 0.03316351100439365, 0.07889790762496528, 0.006714719138682483, 0.08311942410883998, 0.007073997329724999]
Timestep: 352, Trans probs: [0.3193779691443846, 0.026891185730461186, 0.441945472203495, 0.03721120090906405, 0.06754712856319284, 0.005687375320903832, 0.09346965198890993, 0.007870016139588635]
Timestep: 353, Trans probs: [0.3229988489221241, 0.026874527453656292, 0.44017660516919876, 0.036624087979115344, 0.0677220661636368, 0.005634690440558787, 0.09229032635388956, 0.007678847517820415]
Timestep: 354, Trans probs: [0.3265813500119356, 0.02687141106531716, 0.43840937167211097, 0.03607272258706187, 0.06787160471870149, 0.005584537481985096, 0.09111220704432856, 0.007496795418559451]
Timestep: 355, Trans probs: [0.3301706036474084, 0.026822115170857603, 0.4367003510663094, 0.03547628705299015, 0.06802380728313141, 0.005526059476987281, 0.08997173035166309, 0.007309045950652711]
Timestep: 356, Trans probs: [0.33371336121600736, 0.02677372214519152, 0.43497682541388966, 0.0348980592829507, 0.06817566315303995, 0.005469712856783595, 0.08886318911756401, 0.007129466814573386]
Timestep: 357, Trans probs: [0.3772185465752426, 0.02992333251625661, 0.39320503684575386, 0.03119148083100812, 0.07642081396575766, 0.006062176550495295, 0.07965952163275845, 0.006319091082727298]
Timestep: 358, Trans probs: [0.3331409074378844, 0.02612226399830063, 0.4390677057840811, 0.03442820220377315, 0.06690385420949918, 0.005246068864989861, 0.08817686786590329, 0.006914129635568314]
Timestep: 359, Trans probs: [0.38096861670143717, 0.029549612730543125, 0.3929638662446223, 0.03048001739661863, 0.07584903811688003, 0.00588318723401437, 0.07823723520172171, 0.0060684263741627295]
Timestep: 360, Trans probs: [0.3464839345709881, 0.02656417678597246, 0.46168555851269194, 0.03539643709901608, 0.051713911700597394, 0.003964794195753355, 0.06890814789415492, 0.005283039240825852]
Timestep: 361, Trans probs: [0.38080926509466795, 0.028855916634392072, 0.3887368606119505, 0.02945663215348799, 0.07918381926504488, 0.0060001735696658485, 0.08083224893361088, 0.006125083737179693]
Timestep: 362, Trans probs: [0.37974750325774054, 0.028442311813554628, 0.39158064352968425, 0.029328589833715096, 0.07827678705436214, 0.005862771357451982, 0.0807159346282243, 0.006045458525267215]
Timestep: 363, Trans probs: [0.30735488179347786, 0.06442450022774462, 0.41401232087652823, 0.08678091171013556, 0.04488500821452555, 0.00940832371057651, 0.060460879342545314, 0.012673174124466124]
Timestep: 364, Trans probs: [0.3249076523618966, 0.028700278218404703, 0.4313830047866377, 0.038105634527430605, 0.06983054027033968, 0.006168386368653281, 0.09271467775138859, 0.008189825715248832]
Timestep: 365, Trans probs: [0.32832689355639616, 0.02870154649813301, 0.42976159846645795, 0.03756872416964612, 0.06995466590051624, 0.006115268458080632, 0.09156675748351045, 0.0080045454672595]
Timestep: 366, Trans probs: [0.33177044572044717, 0.028633327650193732, 0.4282149152291296, 0.03695693251347353, 0.07009515839353171, 0.006049537150953422, 0.09047156760536221, 0.007808115736908557]
Timestep: 367, Trans probs: [0.3769961143748208, 0.032193932015815586, 0.3847639811692351, 0.03285727618821374, 0.07896779500308576, 0.006743527921989642, 0.08059489748304055, 0.006882475843798589]
Timestep: 368, Trans probs: [0.3313048454210469, 0.0279773142910574, 0.43223332636611944, 0.036500304133631895, 0.06881414909266818, 0.005811068275776432, 0.08977764428883452, 0.007581348130865322]
Timestep: 369, Trans probs: [0.3346450105845479, 0.027972233570140715, 0.43058311651524056, 0.03599148687585293, 0.06893470570791264, 0.005762099024821622, 0.08869733443186893, 0.007414013289614795]
Timestep: 370, Trans probs: [0.33797377762436254, 0.027962304775431136, 0.4289630150064784, 0.035490311252284426, 0.0690325908339474, 0.00571142044777774, 0.08761753206413277, 0.007249047995585635]
Timestep: 371, Trans probs: [0.382388618929246, 0.031278400157886625, 0.38631293864322264, 0.031599399362060014, 0.0774455696757391, 0.006334847322486535, 0.07824036628001486, 0.006399859629344096]
Timestep: 372, Trans probs: [0.3813068134766214, 0.030863010337902393, 0.38908388901060537, 0.03149248758331414, 0.07658397400412481, 0.006198714258096701, 0.07814596904190627, 0.006325142287428932]
Timestep: 373, Trans probs: [0.3802945403152544, 0.030383992016157525, 0.3919045716565003, 0.031311586452005394, 0.07575170230398039, 0.006052253908527012, 0.07806432987200404, 0.006237023475570828]
Timestep: 374, Trans probs: [0.37921461019001457, 0.029987794889317174, 0.3946343456508765, 0.031207167381363726, 0.07491073814806758, 0.0059238430963036515, 0.07795678050609357, 0.006164720137963217]
Timestep: 375, Trans probs: [0.3397293473025373, 0.026565551882309087, 0.435803864043758, 0.03407821624092811, 0.06655945954557793, 0.005204698357254044, 0.08538229001686964, 0.006676572610765948]
Timestep: 376, Trans probs: [0.38282466119700254, 0.02960529810496811, 0.3943946889354177, 0.03050005268845682, 0.07437510942209707, 0.005751712230727226, 0.07662293242380934, 0.005925544997521345]
Timestep: 377, Trans probs: [0.3817501913475246, 0.02918987151050225, 0.39711731199253686, 0.03036489194868702, 0.07356952815955492, 0.0056253673809182995, 0.07653102455339772, 0.0058518131068783725]
Timestep: 378, Trans probs: [0.3806934740015336, 0.02877850197976863, 0.39983703687000294, 0.030225658549381515, 0.07276424129017844, 0.005500608770659743, 0.07642326599862247, 0.005777212539852684]
Timestep: 379, Trans probs: [0.37969637152213465, 0.02832043482020733, 0.402598805355978, 0.030028659952871416, 0.07197668963646457, 0.00536852943643407, 0.0763181621803551, 0.005692347095554902]
Timestep: 380, Trans probs: [0.34135873579059056, 0.025195294556768784, 0.44253003061468155, 0.032662631134164594, 0.0641774415367042, 0.004736862935914474, 0.08319823748536537, 0.0061407659458105]
Timestep: 381, Trans probs: [0.3832115597188764, 0.027973385148634226, 0.40229033798942965, 0.029366083252833103, 0.07145473352160764, 0.005215998136797581, 0.07501221758665072, 0.005475684645170613]
Timestep: 382, Trans probs: [0.3407950415097055, 0.024550823116634105, 0.4464288941352835, 0.032160669842838024, 0.06302144723902152, 0.0045400555033469955, 0.08255576393684194, 0.005947304716328408]
Timestep: 383, Trans probs: [0.3867663633475148, 0.02756396220727349, 0.4020290895678764, 0.02865170211587564, 0.0709392874508445, 0.0050556822506021915, 0.07373872148967515, 0.005255191570337813]
Timestep: 384, Trans probs: [0.34018882577574716, 0.023934296337651362, 0.4502568618917783, 0.03167823380443048, 0.06189795574204852, 0.004354887354241359, 0.08192502868481302, 0.0057639104092898005]
Timestep: 385, Trans probs: [0.3902714428799507, 0.027145166821907204, 0.401721709988415, 0.02794158535696838, 0.07045421069128527, 0.0049004131288925175, 0.07252128361206618, 0.0050441875205148754]
Timestep: 386, Trans probs: [0.3503355680509743, 0.024057989364016152, 0.46844691211429607, 0.032168845692573694, 0.050043675868441634, 0.0034365629173115078, 0.06691528799613414, 0.004595157996252432]
Timestep: 387, Trans probs: [0.3395471746196616, 0.02310624274888159, 0.4479324922690616, 0.03048188197434979, 0.06416246449147353, 0.004366266577146877, 0.08464347453924208, 0.0057600027801829184]
Timestep: 388, Trans probs: [0.3427860035151764, 0.02310281085695942, 0.4462188977359246, 0.030073896511172957, 0.0642354749960654, 0.004329290034957165, 0.0836180081869032, 0.005635618162840713]
Timestep: 389, Trans probs: [0.359962753859642, 0.023989062129217514, 0.4624539411571346, 0.03081940063900543, 0.05037973422922082, 0.003357465630873276, 0.0647242149331837, 0.004313427421722626]
Timestep: 390, Trans probs: [0.38852488812030456, 0.025553294725796503, 0.3960666749750962, 0.026049318296363633, 0.07610988119155644, 0.005005749400102737, 0.07758727561091341, 0.005102917679866545]
Timestep: 391, Trans probs: [0.3874417260545598, 0.025221214149779726, 0.3986993433965842, 0.02595404894455216, 0.07527673648482618, 0.004900274192751711, 0.07746399881904167, 0.005042657957904636]
Timestep: 392, Trans probs: [0.3595629442564862, 0.02317515250672844, 0.466640488594631, 0.030076693557388894, 0.04928438758281965, 0.003176559811507758, 0.06396123702149056, 0.004122536668947383]
Timestep: 393, Trans probs: [0.3554308857963727, 0.02263824910734911, 0.45532262239001475, 0.029000594382171726, 0.05671433453826399, 0.003612272552955093, 0.07265356096223216, 0.0046274802706404855]
Timestep: 394, Trans probs: [0.3873299402836926, 0.02440056265216643, 0.39477669632456835, 0.02486968475823885, 0.07855977559514843, 0.0049490176900488375, 0.08007015582306094, 0.005044166873075535]
Timestep: 395, Trans probs: [0.3862811210215435, 0.02407298446648586, 0.3973978042973604, 0.024765774585531454, 0.0777103692174065, 0.004842899145855938, 0.0799467755930329, 0.004982271672783553]
Timestep: 396, Trans probs: [0.3852510769295186, 0.02374247791133965, 0.4000183735338981, 0.02465256547354477, 0.0768665732430955, 0.004737177977255724, 0.07981299326374795, 0.004918761667599744]
Timestep: 397, Trans probs: [0.3429517651246528, 0.020959327395375215, 0.4437641592084149, 0.02712042696675416, 0.06786943804771324, 0.004147807117030351, 0.0878200002855913, 0.005367075854467845]
Timestep: 398, Trans probs: [0.38863439321796694, 0.02345952589876304, 0.3997129639150828, 0.02412827272283659, 0.0762753435511765, 0.004604284717725154, 0.07844967963857619, 0.004735536337872832]
Timestep: 399, Trans probs: [0.35380979248373984, 0.02112069570208872, 0.4623832776922347, 0.02760199608189445, 0.05525870649005952, 0.0032986716293931266, 0.07221592610125716, 0.00431093381933253]
Timestep: 400, Trans probs: [0.34977611540066744, 0.020706073999631463, 0.45128107055506916, 0.026714972321201375, 0.062463235115345114, 0.0036977035069223206, 0.08059005281391532, 0.004770776287247754]
Timestep: 401, Trans probs: [0.3458576392869788, 0.020220243381542952, 0.44060371557279515, 0.025759484110459734, 0.06961637637533899, 0.004070056328819243, 0.0886874557951779, 0.0051850291488872826]
Timestep: 402, Trans probs: [0.30131162363016245, 0.06054720836603318, 0.3790770750258739, 0.07617382420184997, 0.06744132608546331, 0.013552029536006835, 0.08484724326374908, 0.01704966989086133]
Timestep: 403, Trans probs: [0.3835686219696694, 0.027494356963296253, 0.39080479498069015, 0.02801304882810919, 0.07862861341460325, 0.00563613142714545, 0.08011197315180756, 0.005742459264678785]
Timestep: 404, Trans probs: [0.3417702537515983, 0.024250659253260604, 0.43423168093753234, 0.030811354750142374, 0.06947397635763257, 0.004929597321955792, 0.08826924287306583, 0.006263234754812276]
Timestep: 405, Trans probs: [0.34491547020314334, 0.024157690682780217, 0.4328386585422742, 0.030315782653805978, 0.06953301641309002, 0.004870054398426344, 0.08725783604578238, 0.006111491060697429]
Timestep: 406, Trans probs: [0.30705996432998156, 0.059243851707179246, 0.3806507315439549, 0.07344238295939073, 0.06722223115273386, 0.012969792081257776, 0.0833328809900032, 0.016078165235498654]
Timestep: 407, Trans probs: [0.342756286373032, 0.028628133056800266, 0.4198004381229534, 0.03506311416505219, 0.07207836146327469, 0.006020221960979685, 0.08828000805369914, 0.007373436804208359]
Timestep: 408, Trans probs: [0.3803766390068122, 0.03142469172550049, 0.3839534897307467, 0.031720192079153296, 0.07930689613487003, 0.006551913306905119, 0.08005265415406305, 0.0066135238619490656]
Timestep: 409, Trans probs: [0.3794685877596971, 0.031025037725441854, 0.3865609309635714, 0.031604901836885295, 0.07846209047666242, 0.006414995590088273, 0.07992856251704722, 0.006534893130606321]
Timestep: 410, Trans probs: [0.37856708685149254, 0.03063311276189866, 0.38915824319433057, 0.03149013414013678, 0.07762106285148493, 0.006280986524221357, 0.07979266424186103, 0.006456709434574056]
Timestep: 411, Trans probs: [0.34398054770164027, 0.02755339478317459, 0.42543014196581636, 0.034077638205325333, 0.06993434769290179, 0.005601853662253267, 0.08649378479705262, 0.00692829119183582]
Timestep: 412, Trans probs: [0.34340159135659143, 0.0271973900638978, 0.41967385965353415, 0.033238150165606654, 0.0735953825874593, 0.005828750878019205, 0.08994151174764127, 0.007123363547250184]
Timestep: 413, Trans probs: [0.3790540732442239, 0.029700090488705748, 0.3860734721044075, 0.030250082682535703, 0.08036213050954885, 0.006296628150097717, 0.0818502924556077, 0.006413230364872807]
Timestep: 414, Trans probs: [0.34328514628539814, 0.026582663247008944, 0.4236061378739835, 0.032802407661147094, 0.07217530369605991, 0.005588974104075794, 0.08906269898188796, 0.006896668150438871]
Timestep: 415, Trans probs: [0.34629080387263667, 0.02653166780879809, 0.4223007518210807, 0.03235530120182885, 0.07219836960333406, 0.005531602737440894, 0.08804572752950734, 0.006745775425373416]
Timestep: 416, Trans probs: [0.3834523469731608, 0.02899175260610097, 0.3869923411575019, 0.029259401601939905, 0.07926548915233597, 0.005993040516888403, 0.07999726031720994, 0.006048367674861933]
Timestep: 417, Trans probs: [0.34608335117222855, 0.02585598486638998, 0.42610866336372594, 0.03183469853158962, 0.07094347928686344, 0.0053002073650672225, 0.08734783407206943, 0.0065257813420659]
Timestep: 418, Trans probs: [0.3869725099215958, 0.028528267376901135, 0.3870163937906261, 0.028531502569885465, 0.07867110661629226, 0.0057997669261855515, 0.07868002816097747, 0.005800424637536278]
Timestep: 419, Trans probs: [0.3108714102792573, 0.05763887156434395, 0.3864024744267604, 0.07164313558336503, 0.0652331137379417, 0.012094914296254736, 0.08108251749577124, 0.015033562616305547]
Timestep: 420, Trans probs: [0.38103525646249703, 0.03332179418581558, 0.3776662198527579, 0.03302716962651248, 0.0807974242201228, 0.007065790094077424, 0.0800830297499171, 0.007003315808299562]
Timestep: 421, Trans probs: [0.3802365454878007, 0.03288912023757549, 0.3802792812067462, 0.032892816726551935, 0.07993236965508006, 0.00691386808463576, 0.07994135345036424, 0.006914645151245472]
Timestep: 422, Trans probs: [0.37947278307332744, 0.03240808028928437, 0.3829133043492293, 0.03270191082132775, 0.07910677146182662, 0.006755948556304102, 0.07982399952777128, 0.006817201920929126]
Timestep: 423, Trans probs: [0.3786500312410195, 0.03198817114867874, 0.38547359757313177, 0.032564622725773776, 0.07828348451233848, 0.006613350836096136, 0.07969421343140944, 0.006732528531552097]
Timestep: 424, Trans probs: [0.3397147759056176, 0.028358313646950743, 0.42624067365397766, 0.0355812215713729, 0.06963192715528328, 0.00581265276097311, 0.08736729057301462, 0.007293144732810138]
Timestep: 425, Trans probs: [0.31487673776439273, 0.05612430178503704, 0.39049198645693695, 0.0696021250986997, 0.06399292276210246, 0.011406235134124755, 0.07936033543150017, 0.01414535556720621]
Timestep: 426, Trans probs: [0.34082180288059954, 0.033084795155608866, 0.41781814843606624, 0.04055910665476353, 0.06868007751762219, 0.006667021524846265, 0.08419585419807027, 0.008173193632423066]
Timestep: 427, Trans probs: [0.3438251324749542, 0.03294920079471392, 0.4167174748510876, 0.03993456689654539, 0.06871896593783806, 0.006585426117027294, 0.08328766938548275, 0.00798156354235077]
Timestep: 428, Trans probs: [0.3794975617181197, 0.03592667604521982, 0.38290776392916415, 0.03624951667041438, 0.07521842871326086, 0.007120857664479576, 0.07589434887134552, 0.00718484638799601]
Timestep: 429, Trans probs: [0.3437795661009098, 0.032119572203373775, 0.42056313366625375, 0.039293516165254776, 0.06756017091453177, 0.0063121953767450315, 0.08264981398720772, 0.007722031585723455]
Timestep: 430, Trans probs: [0.3830461430646763, 0.035365134332257596, 0.3830884203860586, 0.03536903763001157, 0.0746673869737457, 0.006893744313512943, 0.07467562811433157, 0.0068945051854056565]
Timestep: 431, Trans probs: [0.382288901831082, 0.03485956688607651, 0.3856939681894892, 0.035170062790885345, 0.07389630062003057, 0.006738341138754268, 0.07455449866356983, 0.006798359880112289]
Timestep: 432, Trans probs: [0.381502686391164, 0.034386105461222095, 0.3882567071038667, 0.03499486780235053, 0.07313243963050121, 0.006591669918655431, 0.07442715662635596, 0.006708367065884037]
Timestep: 433, Trans probs: [0.3452009145302003, 0.030791951000753055, 0.4262194291703845, 0.03801880941261304, 0.06563952310656761, 0.005855051056168051, 0.08104509255884346, 0.00722922916446989]
Timestep: 434, Trans probs: [0.3232837628370659, 0.05556706323414167, 0.3946784729978803, 0.06783861791809476, 0.0609521419436851, 0.010476652139650235, 0.07441294946943584, 0.01279033946004616]
Timestep: 435, Trans probs: [0.38025940214300746, 0.039113586616377836, 0.38361684998938445, 0.039458934624629974, 0.07111451418467948, 0.007314858474421131, 0.07174240996095724, 0.007379444006542337]
Timestep: 436, Trans probs: [0.33736974789845076, 0.03428482248482044, 0.41566194663332057, 0.0422411794264015, 0.06931654932359504, 0.007044216630636041, 0.08540259464646088, 0.008678942956314883]
Timestep: 437, Trans probs: [0.38004587009133617, 0.038144196496266325, 0.38008707452229934, 0.038148332075771, 0.07432320674209042, 0.00745962323316812, 0.07433126483634218, 0.007460432002726518]
Timestep: 438, Trans probs: [0.3376064004950801, 0.03345040913474457, 0.41974377796608997, 0.041588669776815135, 0.06798076621183677, 0.006735608210462517, 0.08452003160171633, 0.008374336603254507]
Timestep: 439, Trans probs: [0.3797881158893159, 0.03715841744805944, 0.3765739552450859, 0.03684394440910257, 0.07758710491710612, 0.007591111760686136, 0.07693048242500851, 0.007526867905635498]
Timestep: 440, Trans probs: [0.37909781322540564, 0.03666147086680311, 0.37913856430299153, 0.036665411787567076, 0.07678790392626916, 0.007425939703434654, 0.07679615823352552, 0.007426737954003365]
Timestep: 441, Trans probs: [0.33810206084061517, 0.032354044405974065, 0.4241562213316699, 0.04058883635880662, 0.06671306136497009, 0.006383981642981539, 0.08369295339898243, 0.00800884065600027]
Timestep: 442, Trans probs: [0.31437472889080575, 0.0520906237242299, 0.3900091837931275, 0.06462294763208618, 0.0684966536202085, 0.011349619044406409, 0.08497605410343587, 0.014080189191699805]
Timestep: 443, Trans probs: [0.3736678986038148, 0.040842026890269126, 0.37053240642887264, 0.040499316541850926, 0.07896571388405244, 0.008630979064330158, 0.07830310310347084, 0.00855855548333909]
Timestep: 444, Trans probs: [0.3303013728717011, 0.03566585252196696, 0.4134368067887164, 0.04464279409400741, 0.07052702951925162, 0.007615489490027335, 0.08827837929713651, 0.009532275417192752]
Timestep: 445, Trans probs: [0.3734310340044285, 0.03980290789301917, 0.3671773656664486, 0.03913634790687953, 0.08222402340637831, 0.008764015125209752, 0.0808470575814338, 0.008617248416202244]
Timestep: 446, Trans probs: [0.31497533121106563, 0.05042207555657344, 0.3977526216630187, 0.0636732809049057, 0.06597103018769598, 0.010560815210128215, 0.08330858835856782, 0.013336256908044507]
Timestep: 447, Trans probs: [0.3677008696842586, 0.044239437411083084, 0.3585222178163173, 0.04313512021113034, 0.08424349358730006, 0.010135643043342763, 0.08214058395741275, 0.00988263428915502]
Timestep: 448, Trans probs: [0.3203281832183772, 0.03805020970738306, 0.4080711897665968, 0.04847276998906767, 0.07274998203794159, 0.008641612626588333, 0.0926773642813775, 0.011008688372667797]
Timestep: 449, Trans probs: [0.32327707233477276, 0.037895067249951044, 0.40730093954185104, 0.04774448241390635, 0.07279021115351503, 0.008532587624847427, 0.09170932283615404, 0.010750316845002281]
Timestep: 450, Trans probs: [0.37251229051115764, 0.04310403126804667, 0.3602037736847514, 0.04167979183309897, 0.08316029892835375, 0.009622619753966222, 0.08041252398314575, 0.00930467003747961]
Timestep: 451, Trans probs: [0.3235783658905148, 0.0369692165109431, 0.41123760328105585, 0.046984389550575746, 0.07162240326165804, 0.00818294550047337, 0.09102532357963466, 0.010399752425144479]
Timestep: 452, Trans probs: [0.3761129303135482, 0.042498958107123556, 0.36069652198335567, 0.04075697786932381, 0.08252480235000742, 0.009324907056366849, 0.07914221178250014, 0.008942690537774415]
Timestep: 453, Trans probs: [0.3237820917511296, 0.03614201645870939, 0.41505640643732516, 0.04633046686312985, 0.07044384585381087, 0.00786325958453611, 0.0903019971165703, 0.010079915934788651]
Timestep: 454, Trans probs: [0.3266931266574598, 0.036005350193252815, 0.4142318963254311, 0.0456531321641498, 0.07046184245696537, 0.00776570765011813, 0.08934238353332696, 0.009846561019296202]
Timestep: 455, Trans probs: [0.3295289512303096, 0.03592224526088463, 0.413329072045355, 0.045057371268996484, 0.07046363870293244, 0.007681304182866844, 0.08838273629459294, 0.009634681014062093]
Timestep: 456, Trans probs: [0.3341731039317937, 0.03602671188173792, 0.41468829925629025, 0.044706936920583466, 0.0686416225182124, 0.007400152580991045, 0.08518003802627871, 0.00918313488411255]
Timestep: 457, Trans probs: [0.3171803581341148, 0.049087848824211223, 0.3894521095139497, 0.06027285670699518, 0.07152431312963774, 0.01106933194355825, 0.08782162550587551, 0.013591556241657563]
Timestep: 458, Trans probs: [0.3738389165582208, 0.045348217720044284, 0.35559329276969875, 0.04313494755647356, 0.0832241588718234, 0.010095437122580144, 0.07916231130691107, 0.009602718094248085]
Timestep: 459, Trans probs: [0.3268179091542493, 0.039149211608278715, 0.40473089184199973, 0.04848233491895772, 0.07213930477583659, 0.00864149983473027, 0.08933722522839459, 0.010701622637553063]
Timestep: 460, Trans probs: [0.37748736629487545, 0.044660140528881884, 0.3561604141222332, 0.04213697083864404, 0.0826134522668242, 0.009773912234536504, 0.07794602945316875, 0.009221714260836022]
Timestep: 461, Trans probs: [0.377002981672742, 0.04404382842387756, 0.35875171479705975, 0.041911602139554076, 0.08179990911540384, 0.009556373125173384, 0.07783985562975863, 0.009093735096430846]
Timestep: 462, Trans probs: [0.3764412501514654, 0.04348524039361757, 0.3612610032370727, 0.04173166879103357, 0.08100495753480323, 0.009357423104025868, 0.07773837807207587, 0.008980078715905811]
Timestep: 463, Trans probs: [0.37591516526185187, 0.04291817422552421, 0.3637957405668992, 0.04153450144869225, 0.08020201062248239, 0.00915665071063402, 0.07761631491785201, 0.008861442246064053]
Timestep: 464, Trans probs: [0.3298211926613623, 0.03718033097228661, 0.41192758857462497, 0.046436082400397705, 0.06978518136043012, 0.007866796305614696, 0.08715765425528528, 0.009825173469998347]
Timestep: 465, Trans probs: [0.37945699800303373, 0.042261067573315214, 0.36427786380004246, 0.04057052972677929, 0.07961921277709726, 0.008867389319514326, 0.07643426501690227, 0.008512673783315404]
Timestep: 466, Trans probs: [0.3300160722425882, 0.036330996815596164, 0.4156506533256226, 0.045758385219715064, 0.06867149914608346, 0.007559947004534433, 0.08649079813281908, 0.009521648113040938]
Timestep: 467, Trans probs: [0.3208826436967567, 0.048138059842313605, 0.39993020631315485, 0.05999658935260157, 0.06621381778550303, 0.00993324128169046, 0.08252520455036853, 0.012380237177611378]
Timestep: 468, Trans probs: [0.3307909753297496, 0.040872030548416635, 0.4080211316282899, 0.0504144713733101, 0.06770502477336861, 0.008365530039203449, 0.08351219617588765, 0.010318640131774078]
Timestep: 469, Trans probs: [0.32860250989964707, 0.04012281012187346, 0.40117792270963737, 0.04898436601376575, 0.07267662339104103, 0.008873913840488218, 0.0887280404841478, 0.010833813539399216]
Timestep: 470, Trans probs: [0.3767224700712655, 0.045446173856104416, 0.3587749497561015, 0.04328106241909716, 0.08034037958023195, 0.009691916856931684, 0.07651286540415574, 0.009230182056111976]
Timestep: 471, Trans probs: [0.37626861347021057, 0.044810989281887974, 0.3613367992220295, 0.04303271348560671, 0.0795664058218598, 0.00947580858684613, 0.07640889879205418, 0.009099771339505253]
Timestep: 472, Trans probs: [0.3758078358831948, 0.04418272879759127, 0.3638847507414645, 0.04278096335539492, 0.0788041298529051, 0.009264792175603406, 0.07630394688692727, 0.00897085230691879]
Timestep: 473, Trans probs: [0.33242720468735576, 0.038612046053471565, 0.409246076307994, 0.04753470270421536, 0.06914220984653596, 0.008030997924324774, 0.08511992306276811, 0.009886839413334481]
Timestep: 474, Trans probs: [0.3792514751149436, 0.04356626193295455, 0.36432009964908524, 0.04185103006901063, 0.07823533842268411, 0.008987232666934181, 0.07515516263079415, 0.008633399513593504]
Timestep: 475, Trans probs: [0.3200940302966897, 0.04651404557453724, 0.39733571555913094, 0.05773832009543701, 0.0694654183108769, 0.010094276454239255, 0.08622807387436637, 0.012530119834722577]
Timestep: 476, Trans probs: [0.3272974688656933, 0.04203122359439733, 0.4021647102302307, 0.05164560213693308, 0.07032367039058655, 0.009030897563642181, 0.08640976852944104, 0.01109665868907593]
Timestep: 477, Trans probs: [0.33010616871654896, 0.04186456951746123, 0.4015510190340015, 0.05092531477529336, 0.07029087302248668, 0.00891439609121552, 0.0855039207558866, 0.010843738087106092]
Timestep: 478, Trans probs: [0.32948419419280806, 0.04127605484331508, 0.39681673780482773, 0.04971112338940527, 0.07365906712288821, 0.00922762228919728, 0.08871184487941472, 0.011113355478143627]
Timestep: 479, Trans probs: [0.33222443494767806, 0.0411079073893456, 0.39618453823565275, 0.049022033281347244, 0.0736505079837782, 0.009113171527712072, 0.08782976032744198, 0.01086764630704397]
Timestep: 480, Trans probs: [0.37403901375161724, 0.04570822138659588, 0.35649842920168967, 0.043564731289622204, 0.08221162145092381, 0.010046403866108987, 0.0783563019681167, 0.00957527708532557]
Timestep: 481, Trans probs: [0.37359397403900246, 0.045096573053221435, 0.35900056834510824, 0.04333500131571453, 0.08143902237343004, 0.009830514079605867, 0.07825783430457345, 0.009446512489344002]
Timestep: 482, Trans probs: [0.3335523052270238, 0.03979705743183841, 0.4010465112402674, 0.0478499797199851, 0.07210775831588552, 0.008603378102949255, 0.08669874095536419, 0.010344269006686427]
Timestep: 483, Trans probs: [0.3770713046013713, 0.04446898580068365, 0.3595259284188981, 0.04239981459936169, 0.08083623414091708, 0.009533224364536031, 0.07707487091897618, 0.009089637155255998]
Timestep: 484, Trans probs: [0.37664505637765444, 0.04385408529744467, 0.3620468345806098, 0.042154363893862234, 0.080060292269764, 0.009321696453161991, 0.07695727024969436, 0.00896040087780858]
Timestep: 485, Trans probs: [0.32773984933003186, 0.046169356731996056, 0.39727954473036864, 0.055965550299960504, 0.06848592003030615, 0.00964774616044354, 0.08301723206896983, 0.011694800647923392]
Timestep: 486, Trans probs: [0.3294639707761845, 0.04266239724200892, 0.395481676421282, 0.05121105152005283, 0.07290081578281013, 0.009439950459121873, 0.08750861822718269, 0.011331519571357133]
Timestep: 487, Trans probs: [0.37213687781666405, 0.047584795537098074, 0.3549546193766248, 0.04538771617336555, 0.08165316024893803, 0.01044091345689694, 0.07788308051356072, 0.009958836876851927]
Timestep: 488, Trans probs: [0.37174408010033216, 0.046968108222835786, 0.35744697653496227, 0.04516173673374537, 0.08087325787295173, 0.010217954048077682, 0.07776291017577686, 0.009824976311318219]
Timestep: 489, Trans probs: [0.371348996073413, 0.04635689737282307, 0.359931074118426, 0.044931555061749215, 0.08010153462245928, 0.009999377025823155, 0.07763864100899945, 0.009691924716306831]
Timestep: 490, Trans probs: [0.3318128792938657, 0.0409266136882106, 0.401531619063286, 0.04952589390736366, 0.07097188066058717, 0.00875384568767502, 0.08588411097922907, 0.010593156719782877]
Timestep: 491, Trans probs: [0.3748567677834737, 0.045658083727718776, 0.36055027448088967, 0.043915532638347105, 0.0795257245355373, 0.009686345562922872, 0.07649060727680876, 0.00931666399430166]
Timestep: 492, Trans probs: [0.3744083515219295, 0.04507151424516854, 0.36298449642965264, 0.043696303341262885, 0.07878237413202878, 0.009483872043788947, 0.0763785858023843, 0.009194502483784367]
Timestep: 493, Trans probs: [0.3739348640045255, 0.04451312244394336, 0.36538736529580335, 0.04349563011242812, 0.0780424850914059, 0.009290159942565112, 0.07625857001753307, 0.009077803091795678]
Timestep: 494, Trans probs: [0.3344472968621784, 0.039359996908223886, 0.40797567461739903, 0.0480133086505066, 0.06860018131629812, 0.008073328592713282, 0.0836819598004579, 0.009848253252222995]
Timestep: 495, Trans probs: [0.3315198512778054, 0.03854464741923882, 0.4005044962629882, 0.04656524952812147, 0.07419053659789394, 0.00862587282175643, 0.08962854976283456, 0.010420796329361302]
Timestep: 496, Trans probs: [0.3223108581385044, 0.044123000116514405, 0.38565889768404293, 0.05279508014630861, 0.07813109624123424, 0.010695818280729342, 0.09348723969544916, 0.012798009697217004]
Timestep: 497, Trans probs: [0.3692766568394908, 0.047760559161803336, 0.3580949544034597, 0.04631436874918305, 0.08026770087346971, 0.010381458468455543, 0.07783719374617623, 0.0100671077579617]
Timestep: 498, Trans probs: [0.32464953996544565, 0.041475102916986945, 0.3915591746295938, 0.05002304043794853, 0.07729026872880308, 0.009874099468460299, 0.09321964181304802, 0.01190913203971378]
Timestep: 499, Trans probs: [0.3690757170406737, 0.0465618903468509, 0.3552021978689917, 0.044811633560583916, 0.08341624150466566, 0.010523634340480436, 0.08028063335622412, 0.010128051981529584]
