Timestep: 0, Trans probs: [0.125, 0.125, 0.125, 0.125, 0.125, 0.125, 0.125, 0.125]
Timestep: 1, Trans probs: [0.14814814814814795, 0.07407407407407408, 0.29629629629629634, 0.14814814814814817, 0.07407407407407408, 0.03703703703703704, 0.14814814814814817, 0.07407407407407408]
Timestep: 2, Trans probs: [0.14062855599851923, 0.04690528338835918, 0.4217067339132184, 0.1406561684469489, 0.04690200410352194, 0.01564370606195265, 0.14064633476495972, 0.046911213322519914]
Timestep: 3, Trans probs: [0.2130629646033373, 0.05340334473414922, 0.42612592920667414, 0.10680668946829844, 0.0534659950152032, 0.013401028980643777, 0.1069319900304064, 0.026802057961287554]
Timestep: 4, Trans probs: [0.2775321385188268, 0.05587478364120032, 0.4154744925683991, 0.08364633913964534, 0.05582868606553486, 0.0112398361196379, 0.08357732959372227, 0.016826394353033597]
Timestep: 5, Trans probs: [0.14264307710991095, 0.024041595913946993, 0.4278675944161352, 0.07211439922667347, 0.07132153855495547, 0.012020797956973497, 0.2139337972080676, 0.036057199613336734]
Timestep: 6, Trans probs: [0.31123874858510076, 0.045427189698354596, 0.3105630210641286, 0.04532856315387979, 0.12555230162019884, 0.01832512259059646, 0.12527971619851894, 0.018285337089221868]
Timestep: 7, Trans probs: [0.28454318958784525, 0.036579643232736936, 0.3787914754105619, 0.04869579570746572, 0.09555212049519822, 0.012283767827684278, 0.12720152871488727, 0.01635247902362053]
Timestep: 8, Trans probs: [0.13943637586916915, 0.01601788778440782, 0.557012730520164, 0.0639873731394891, 0.04014452642089294, 0.004611641082606758, 0.16036713617773177, 0.018422329005538442]
Timestep: 9, Trans probs: [0.3623489861235707, 0.03742209101814069, 0.3617449876157998, 0.03735971223967513, 0.09122464391634334, 0.009421350848131454, 0.09107258181348815, 0.009405646424850644]
Timestep: 10, Trans probs: [0.3321809637997369, 0.0313386594582864, 0.41469096744137973, 0.03912282889547998, 0.07423942209906152, 0.007003905163406941, 0.09267965695682999, 0.008743596185818521]
Timestep: 11, Trans probs: [0.30623710016868183, 0.02691782184640656, 0.4588828802504245, 0.040335176933634184, 0.06167140698074823, 0.0054208322414580675, 0.09241190191793763, 0.00812287966070884]
Timestep: 12, Trans probs: [0.284373019160658, 0.02301338906162455, 0.49724778611833576, 0.04024065572658193, 0.05221294873510706, 0.004225425136471288, 0.09129829982419789, 0.007388476237023369]
Timestep: 13, Trans probs: [0.26518723620134826, 0.02013356365948706, 0.5300529213425508, 0.04024271449718091, 0.044749816356807144, 0.003397498647657581, 0.08944537161456229, 0.006790877680405914]
Timestep: 14, Trans probs: [0.13548609359015945, 0.009610075628928202, 0.6725057652371855, 0.04770106727240523, 0.021090381147000924, 0.0014959480526370518, 0.10468530412657737, 0.007425364945106276]
Timestep: 15, Trans probs: [0.31535494175448486, 0.021038033146796892, 0.5039639798828822, 0.03362056371966454, 0.04547235079915465, 0.003033562176172197, 0.07266867852419384, 0.004847889996650657]
Timestep: 16, Trans probs: [0.29624081985041223, 0.018650619548625375, 0.5327827494338694, 0.03354273852867165, 0.039931592017998764, 0.0025139983445721095, 0.07181611026921862, 0.004521372006631857]
Timestep: 17, Trans probs: [0.10207781718422203, 0.006073603454040337, 0.6057370438883877, 0.03604119585904852, 0.034038704906292544, 0.002025294049115631, 0.2019881013963704, 0.012018239262522833]
Timestep: 18, Trans probs: [0.19895245667644074, 0.01137142787431112, 0.5854034217496049, 0.033459615925360175, 0.04098434327019779, 0.0023425219836868223, 0.12059350856648796, 0.006892703953910639]
Timestep: 19, Trans probs: [0.31843660046992994, 0.01724993949747731, 0.4770410333830411, 0.025841655612224686, 0.06130139786306678, 0.0033207407775619124, 0.09183392280054122, 0.004974709596156891]
Timestep: 20, Trans probs: [0.17138235345167455, 0.00881575432225918, 0.5893558453890607, 0.03031593531478932, 0.042880435935020396, 0.0022057311083728747, 0.14745879644056478, 0.007585148038258218]
Timestep: 21, Trans probs: [0.23075803787073218, 0.01129751536687274, 0.5259776763356545, 0.025750959471941965, 0.059948228461302135, 0.002934961826282102, 0.13664282378834477, 0.006689796878869652]
Timestep: 22, Trans probs: [0.2836756351489599, 0.013408381689244717, 0.4840209442927337, 0.022878022510666875, 0.06916222450829768, 0.0032690629359040007, 0.118007897288443, 0.005577831625750155]
Timestep: 23, Trans probs: [0.32890301429045377, 0.015250072658277181, 0.44830582702928956, 0.020786359924595373, 0.07552972555457255, 0.0035020469637586952, 0.10294954624567786, 0.004773407333375182]
Timestep: 24, Trans probs: [0.3681922700733897, 0.0167093497748994, 0.41782274745901576, 0.018961686593286058, 0.07990133979811763, 0.003626093057042504, 0.09067164097022334, 0.004114872274025664]
Timestep: 25, Trans probs: [0.40474254155214434, 0.01757897564662571, 0.39342496798371407, 0.01708742526653625, 0.08123976113042584, 0.003528444963983253, 0.07896810228836454, 0.0034297811682060726]
Timestep: 26, Trans probs: [0.3696956731551072, 0.015502184683154155, 0.314282689673104, 0.013178591614153917, 0.14905958143792117, 0.006250408993222994, 0.12671732340292277, 0.005313547040413728]
Timestep: 27, Trans probs: [0.3301132693059042, 0.01347999832005366, 0.42375421647170136, 0.017303776180111353, 0.0906000921803724, 0.003699606177467533, 0.11629999349884046, 0.004749047865549043]
Timestep: 28, Trans probs: [0.3144220127607865, 0.012655320351280917, 0.4486205563929295, 0.01805674102608657, 0.08169789717966164, 0.00328829731657889, 0.1165673985960921, 0.0046917763765838335]
Timestep: 29, Trans probs: [0.36463015721007486, 0.01435123404274415, 0.35571390403944575, 0.014000305208401091, 0.12239041158482702, 0.0048170822037346996, 0.11939761498320335, 0.004699290727569206]
Timestep: 30, Trans probs: [0.3259011371720845, 0.01239292339619524, 0.4067167376392579, 0.015466068689574071, 0.10264725313178133, 0.003903329567764979, 0.12810128950039518, 0.004871260902946645]
Timestep: 31, Trans probs: [0.3127451948054371, 0.01168293901191547, 0.42949343536650864, 0.016044197304219444, 0.09343545427966546, 0.003490383647873621, 0.12831504659430246, 0.004793348990077802]
Timestep: 32, Trans probs: [0.35645661852296695, 0.013195865395509807, 0.3924525243678834, 0.014528417811809961, 0.10252004478370506, 0.003795246436756073, 0.11287278250124894, 0.004178500180119865]
Timestep: 33, Trans probs: [0.3216410836835999, 0.011544794425891021, 0.39250391332519063, 0.014088302833709546, 0.11313940816333591, 0.004060958860583793, 0.1380658837074725, 0.004955655000216686]
Timestep: 34, Trans probs: [0.3465197371114884, 0.01224752059893718, 0.4249797512184376, 0.015020640095615644, 0.08729820423188844, 0.0030854997279311726, 0.10706451939950497, 0.003784127616196537]
Timestep: 35, Trans probs: [0.3278833073014151, 0.011448183434237851, 0.3600096524237205, 0.01256988827203151, 0.13268450640721083, 0.00463273528845639, 0.14568507139572429, 0.005086655477203338]
Timestep: 36, Trans probs: [0.29693301568097036, 0.010196999153319336, 0.4014137057262657, 0.013784978433719628, 0.11414440114380925, 0.003919841514256235, 0.15430795711942885, 0.005299101228230621]
Timestep: 37, Trans probs: [0.32171022019014184, 0.010876279676608874, 0.3864199009283, 0.01306396455984419, 0.11774237264112568, 0.003980597737540031, 0.1414253981242992, 0.004781266142140325]
Timestep: 38, Trans probs: [0.35916147460698095, 0.011783536501279692, 0.35842063773525595, 0.01175923078104893, 0.12545519996603136, 0.004115992478571752, 0.1251964254468929, 0.004107502483938544]
Timestep: 39, Trans probs: [0.34777820651587205, 0.01105340823185313, 0.3787488815248221, 0.01203774683523929, 0.1161622187785341, 0.0036919749461597554, 0.12650680696348798, 0.004020756204031592]
Timestep: 40, Trans probs: [0.3368010967101033, 0.010697745991117665, 0.3974823616469452, 0.012625152894049448, 0.10775839449599285, 0.003422708369981986, 0.12717316407202048, 0.004039375819788993]
Timestep: 41, Trans probs: [0.32667335936278685, 0.010212573152120104, 0.4152996659153296, 0.012983238751039983, 0.10025641546466668, 0.0031342500009778557, 0.12745592701394803, 0.003984570339130947]
Timestep: 42, Trans probs: [0.31699504918685434, 0.009884864569019568, 0.4318856598843756, 0.013467501363853286, 0.09349636777967503, 0.0029154995813595774, 0.1273828742716899, 0.003972183363172597]
Timestep: 43, Trans probs: [0.3428523027707338, 0.01045740135157741, 0.45004340076103505, 0.013726856810800093, 0.07675449074291261, 0.0023411028852599143, 0.10075140740915682, 0.0030730372685243033]
Timestep: 44, Trans probs: [0.33332058913106316, 0.01014096185113258, 0.39362864211498433, 0.011975776994776617, 0.11166103123295384, 0.0033971806570468506, 0.13186398180792835, 0.004011836210114336]
Timestep: 45, Trans probs: [0.3264327582290912, 0.009916814182907255, 0.4075769576550234, 0.012381922011218419, 0.10518050396848858, 0.0031953150755415966, 0.13132612684053305, 0.003989602037196562]
Timestep: 46, Trans probs: [0.3247729575490603, 0.00973896083267256, 0.41612590208666833, 0.012478359936326927, 0.10081487021369649, 0.0030231336986049455, 0.12917232742534485, 0.003873488257625497]
Timestep: 47, Trans probs: [0.23705701270039645, 0.11852850635019822, 0.27602607168625837, 0.13801303584312918, 0.07095939492655028, 0.03547969746327514, 0.0826241873534616, 0.0413120936767308]
Timestep: 48, Trans probs: [0.37967276044053433, 0.023034685691120393, 0.4051242884145056, 0.024578825825268914, 0.07643961789248548, 0.004637579399848787, 0.08156378079227555, 0.004948461543961022]
Timestep: 49, Trans probs: [0.32836316902183854, 0.019480843609641217, 0.3783693169666122, 0.022447564726795266, 0.11023749986703604, 0.006540074214854305, 0.12702547503439204, 0.00753605655883044]
Timestep: 50, Trans probs: [0.32011151757284817, 0.01865576889580281, 0.39354843133213374, 0.02293559644434597, 0.10373616270930769, 0.006045636509163805, 0.12753431809079593, 0.007432568445601909]
Timestep: 51, Trans probs: [0.3123247782558657, 0.017838244599847116, 0.40806389312887986, 0.023306327402674222, 0.09780147817209871, 0.005585873460322357, 0.12778125437095783, 0.007298150609354096]
Timestep: 52, Trans probs: [0.3050052602084582, 0.016989244684561956, 0.42202753412904165, 0.023507558643546894, 0.09238040561617172, 0.005145725401586695, 0.12782427016959513, 0.007120001147037867]
Timestep: 53, Trans probs: [0.3409192435702896, 0.018646321588037265, 0.39227608398857106, 0.02145524534416237, 0.09994537905911217, 0.00546643732884576, 0.11500137539750953, 0.006289913723472298]
Timestep: 54, Trans probs: [0.3236762802782207, 0.017222345268843163, 0.4157605913339731, 0.02212201785987309, 0.09194272264485742, 0.0048921388771093295, 0.11809997539153483, 0.006283928345588298]
Timestep: 55, Trans probs: [0.31617464342279933, 0.016586122120055682, 0.42878432905412645, 0.022493483879248505, 0.08708949701947472, 0.004568604924486717, 0.11810754696486213, 0.006195772614946374]
Timestep: 56, Trans probs: [0.30916144023167924, 0.015844040352875663, 0.4414392709633601, 0.022623072325081015, 0.08264447413727385, 0.00423540006215491, 0.1180047433631089, 0.006047558564466318]
Timestep: 57, Trans probs: [0.3382867152230203, 0.017007107785024553, 0.4175320236418133, 0.020991105503786328, 0.08786532688850218, 0.004417362603122063, 0.10844820707641327, 0.005452151278318106]
Timestep: 58, Trans probs: [0.3263503399626361, 0.01599269484834914, 0.43479524153972743, 0.02130700283705919, 0.08238191567123776, 0.0040370996350222255, 0.10975709394659196, 0.005378611559376343]
Timestep: 59, Trans probs: [0.3305577218719386, 0.015822151303371824, 0.43563736640682127, 0.02085179037917458, 0.08116288203262305, 0.00388486280842467, 0.10696341921299089, 0.005119805984655171]
Timestep: 60, Trans probs: [0.34278504527944004, 0.016162474178400343, 0.42803078405933265, 0.020181850375881476, 0.08189529061937306, 0.0038614010097470226, 0.10226147825673434, 0.004821676221091114]
Timestep: 61, Trans probs: [0.3354715534024602, 0.015500100130585778, 0.4399535282324814, 0.020327576723701873, 0.07805129738845536, 0.003606275741036689, 0.1023602249457428, 0.004729443435535904]
Timestep: 62, Trans probs: [0.32461328250764687, 0.014803414296375302, 0.4549551839804656, 0.02074742605330029, 0.07362692574722422, 0.00335762565470175, 0.10319032939896844, 0.0047058123613175976]
Timestep: 63, Trans probs: [0.35277570915831774, 0.01582944467338486, 0.45623557616258453, 0.020471805805808607, 0.0645559808590466, 0.0028966998033466396, 0.08348855762274206, 0.0037462259147689942]
Timestep: 64, Trans probs: [0.3422708332929612, 0.014984263348206867, 0.4223444645043999, 0.018489804167375664, 0.08659195848067842, 0.003790906450392435, 0.10684998772187654, 0.004677782034108818]
Timestep: 65, Trans probs: [0.32435274055547464, 0.014021537034804452, 0.44452766224631945, 0.019216612964353168, 0.08001733594113995, 0.003459092213630275, 0.10966430936941553, 0.004740709674862523]
Timestep: 66, Trans probs: [0.3570666375308048, 0.015244576449551758, 0.416013433185245, 0.01776124655635414, 0.08589687332051928, 0.003667274717031353, 0.10007726685712671, 0.004272691383366897]
Timestep: 67, Trans probs: [0.3357610462730622, 0.014092707833753665, 0.4861054276842541, 0.020403027226644905, 0.05631726210791475, 0.002363772479545803, 0.08153455288172456, 0.0034222035131002315]
Timestep: 68, Trans probs: [0.3266206058308506, 0.013469742442930421, 0.4389371420224979, 0.018101644985438856, 0.08312555871677671, 0.0034280747948876463, 0.1117103284997917, 0.004606902706826154]
Timestep: 69, Trans probs: [0.3607957724210128, 0.014751121590117046, 0.3981394215656686, 0.01627791528133772, 0.09592841625406337, 0.0039220296917997855, 0.10585734944404006, 0.004327973751960744]
Timestep: 70, Trans probs: [0.3540219000448257, 0.014218288422387844, 0.40937712070769416, 0.016441474312780306, 0.09181650311454803, 0.003687550185602695, 0.10617302396751, 0.004264139244651281]
Timestep: 71, Trans probs: [0.3225757107121328, 0.012729311941806942, 0.4566510498827642, 0.018020122003850284, 0.07567761189953802, 0.002986349861102507, 0.10713224765203809, 0.0042275960467671216]
Timestep: 72, Trans probs: [0.322830566416808, 0.012650707142452006, 0.42639326962448654, 0.016709001385474487, 0.09180774525650827, 0.003597654681649297, 0.12125928815003431, 0.004751767342587105]
Timestep: 73, Trans probs: [0.35907137444995135, 0.013983465763082941, 0.3943686063710647, 0.01535806053510168, 0.09964075809825987, 0.003880351452713345, 0.10943558775511421, 0.0042617955747118325]
Timestep: 74, Trans probs: [0.31724202782764716, 0.0122609922671076, 0.4402698698313752, 0.017015858543104813, 0.08596916252664911, 0.00332259645472201, 0.11930837869843432, 0.004611113850959835]
Timestep: 75, Trans probs: [0.33096032428247385, 0.012715035198594965, 0.4304535391391889, 0.016537426089911524, 0.08762374075127151, 0.0033663822100139782, 0.11396516909020009, 0.004378383238345338]
Timestep: 76, Trans probs: [0.3742873345392468, 0.014050552269454458, 0.39142634336228904, 0.01469394176488379, 0.09683543536972457, 0.0036351519825606757, 0.10126963131500794, 0.0038016093968327954]
Timestep: 77, Trans probs: [0.325656812291123, 0.012034980081528132, 0.44401973513805026, 0.016409202775757498, 0.08237269995352109, 0.003044167251493246, 0.11231180505222157, 0.0041505974563050855]
Timestep: 78, Trans probs: [0.3387462501993087, 0.012434130187462011, 0.43454193093994736, 0.015950437644813402, 0.0838030389387933, 0.003076101641440489, 0.10750210323412505, 0.0039460072141097305]
Timestep: 79, Trans probs: [0.35146320162915434, 0.01264826419304943, 0.425668772022392, 0.015318733404560024, 0.08508337733844719, 0.003061933738796074, 0.10304730789253232, 0.0037084097810686427]
Timestep: 80, Trans probs: [0.39065364761817545, 0.013920444126457697, 0.38990068180058796, 0.01389361315058747, 0.09260825876953642, 0.003299977101736626, 0.09242976087580138, 0.003293616557117169]
Timestep: 81, Trans probs: [0.38368045463907297, 0.013442251901889099, 0.4004479156196802, 0.014029700210843097, 0.08906511243754404, 0.003120397879484844, 0.09295740296074721, 0.003256764350738771]
Timestep: 82, Trans probs: [0.3770140724932436, 0.01294609989024417, 0.4106931461957025, 0.014102588955704036, 0.08571846986282014, 0.0029434441689251303, 0.09337579322234452, 0.0032063852110160167]
Timestep: 83, Trans probs: [0.3489044776976908, 0.011821948715091818, 0.4420631906869893, 0.014978450272740732, 0.0777500856416681, 0.0026344102291693807, 0.09850962980395689, 0.00333780695269296]
Timestep: 84, Trans probs: [0.27999315393202545, 0.09339590634360259, 0.3359732709940165, 0.11206891208250333, 0.06086696819994013, 0.02030308806336293, 0.07303633719054176, 0.02436236319400737]
Timestep: 85, Trans probs: [0.3730906183699569, 0.020733106415891493, 0.3886829365464375, 0.02159959079289303, 0.09089112208276647, 0.005050931901303278, 0.09468967188582406, 0.005262022004927279]
Timestep: 86, Trans probs: [0.3669527447499123, 0.02013809821703676, 0.39830259347424285, 0.021858554983561505, 0.08761751168545648, 0.0048083849517370604, 0.09510293256386777, 0.005219179374185212]
Timestep: 87, Trans probs: [0.3413300559752906, 0.01836713541341365, 0.42764393770374354, 0.023011727139255193, 0.07988158454701375, 0.00429846670320549, 0.100081650495415, 0.0053854420226629425]
Timestep: 88, Trans probs: [0.3786354820145034, 0.020041415718251816, 0.39379741037552024, 0.020843946183058723, 0.08690857778828381, 0.004600126030635194, 0.09038871024542454, 0.004784331644322152]
Timestep: 89, Trans probs: [0.3725771652222531, 0.01950899857480164, 0.40307657927638857, 0.02110601814780599, 0.08386216324699629, 0.004391216037862845, 0.0907271755963706, 0.0047506838975209815]
Timestep: 90, Trans probs: [0.366707350190602, 0.01898717008680763, 0.4120609056539778, 0.021335461363699095, 0.0809930892583008, 0.004193615319693038, 0.09101013572305586, 0.0047122724038635684]
Timestep: 91, Trans probs: [0.3611606474743696, 0.01838313686783453, 0.4209321117027469, 0.021425514312290502, 0.07826024038782574, 0.003983459217995587, 0.09121217518901999, 0.004642714847917229]
Timestep: 92, Trans probs: [0.34046880047691086, 0.01715860495003049, 0.4445919599223019, 0.02240609945340323, 0.07240809334832847, 0.003649150427905815, 0.09455214718904463, 0.004765144232074726]
Timestep: 93, Trans probs: [0.3721034162327344, 0.018392337447540017, 0.41627555038041664, 0.020575678856354276, 0.0776515522579692, 0.0038381629680082937, 0.08686951326956452, 0.0042937885874126825]
Timestep: 94, Trans probs: [0.366651861601841, 0.01778808598328115, 0.4248969915112636, 0.020613843840911476, 0.07512356549543255, 0.0036446138213108072, 0.08705745235045707, 0.00422358539550248]
Timestep: 95, Trans probs: [0.36132013947046165, 0.01723703321926166, 0.43322532682791476, 0.02066732112110439, 0.07272420832364208, 0.003469359877244272, 0.08719682485865655, 0.004159786301714513]
Timestep: 96, Trans probs: [0.3365287089857926, 0.01591622057639184, 0.4572689583722978, 0.021626664857581843, 0.06827376077892439, 0.003229026847106368, 0.09276911788484647, 0.004387541697058747]
Timestep: 97, Trans probs: [0.36377309574524475, 0.017023877822737735, 0.4193295854188793, 0.019623814166371274, 0.07998772176553415, 0.0037432707877033634, 0.09220368025795804, 0.004314954035571422]
Timestep: 98, Trans probs: [0.32595712861079795, 0.01504233756018693, 0.46017273347526266, 0.02123614728854106, 0.07038749729879795, 0.0032482569069673325, 0.09937014469514965, 0.004585754164296382]
Timestep: 99, Trans probs: [0.34329759540327776, 0.01566505760386534, 0.4602412070408318, 0.021001326885199335, 0.06529021236347192, 0.002979266244032138, 0.08753118736767486, 0.003994147091646842]
Timestep: 100, Trans probs: [0.27945088666630746, 0.07001786839472111, 0.35667053815968425, 0.08936565240159633, 0.07183654178292498, 0.01799901796158859, 0.0916868732209167, 0.0229726214122606]
Timestep: 101, Trans probs: [0.36015281664207754, 0.023866967157324025, 0.3997260847723994, 0.02648944807967377, 0.08435115552555188, 0.005589866760951693, 0.09361958476022461, 0.006204076301797114]
Timestep: 102, Trans probs: [0.32544433465749584, 0.02115643672452365, 0.4309854737817874, 0.028017439341352562, 0.07853139300740351, 0.005105157073323674, 0.10399901309592514, 0.006760752318188094]
Timestep: 103, Trans probs: [0.3183578082658486, 0.020293604109948925, 0.4022894869778726, 0.02564379881490463, 0.09693590817074094, 0.006179144639708864, 0.1224920380629622, 0.007808210958013473]
Timestep: 104, Trans probs: [0.3114449851668998, 0.019553252704047366, 0.3763171789920298, 0.023626082448436884, 0.1146424451682197, 0.007197523825220133, 0.13852180517638962, 0.008696726518756689]
Timestep: 105, Trans probs: [0.3048382109988627, 0.018822494613311133, 0.3528774910565491, 0.02178872081950194, 0.13168829738107937, 0.008131205927135983, 0.1524409811653087, 0.009412598038251157]
Timestep: 106, Trans probs: [0.29844699520803386, 0.018209019107495467, 0.33156396954852424, 0.020229570924839377, 0.1480294712207428, 0.009031658931771332, 0.1644554640394559, 0.01003385101913693]
Timestep: 107, Trans probs: [0.3640925628950029, 0.02191926328635426, 0.38883205018200007, 0.023408640963012504, 0.09201945052460749, 0.005539796109749661, 0.09827201994901093, 0.005916216090262229]
Timestep: 108, Trans probs: [0.36530455186663835, 0.021695865708158953, 0.39091361037328476, 0.023216817723220144, 0.09068157554371477, 0.005385685108897714, 0.09703865421056275, 0.0057632394655225605]
Timestep: 109, Trans probs: [0.36064656108344934, 0.02110510799287185, 0.39885413328738795, 0.02334102266536193, 0.08794848258801266, 0.005146762573454078, 0.09726590956863705, 0.005692020240825193]
Timestep: 110, Trans probs: [0.3560870140932033, 0.020551841512538544, 0.4065738355491584, 0.02346572804018102, 0.08533673745392945, 0.00492527678330673, 0.09743597291311014, 0.00562359365457259]
Timestep: 111, Trans probs: [0.3517303549635276, 0.019949948112211586, 0.414206926341185, 0.02349358413800297, 0.0828368463748299, 0.004698459384116742, 0.09755085121462757, 0.005533029471498687]
Timestep: 112, Trans probs: [0.3651270502087183, 0.020339096034617133, 0.4040745827839914, 0.0225086356644721, 0.08450946954559094, 0.004707529107853769, 0.09352396276422391, 0.005209673890532494]
Timestep: 113, Trans probs: [0.36141081051258833, 0.01980250482453656, 0.41087634467076883, 0.022512831827279964, 0.08225443006184888, 0.004506903780296669, 0.09351242014276356, 0.005123754179917276]
Timestep: 114, Trans probs: [0.35695770057821385, 0.01933882052291818, 0.41816911765901715, 0.022655058292720177, 0.07989049316557767, 0.004328210054899774, 0.09359018444560298, 0.005070415281050221]
Timestep: 115, Trans probs: [0.36271164480746065, 0.0193391196140633, 0.4154464865382815, 0.02215084464870453, 0.07980953806454011, 0.004255298182644757, 0.09141308986304265, 0.004873978281262324]
Timestep: 116, Trans probs: [0.37136463063256175, 0.019589309493670163, 0.4094986238744394, 0.021600859690500265, 0.08038779801747176, 0.004240418513191664, 0.08864250913819986, 0.004675850639965143]
Timestep: 117, Trans probs: [0.3675530754065099, 0.019078070686035432, 0.41617336422304047, 0.02160173697774401, 0.07828667485405777, 0.004063518486380577, 0.08864251458599408, 0.0046010447802379345]
Timestep: 118, Trans probs: [0.3631718339115412, 0.01856651387886811, 0.4233649366547235, 0.021643779165265956, 0.07610621120853736, 0.003890794645202446, 0.08872026484075171, 0.004535665695109744]
Timestep: 119, Trans probs: [0.36888470506403215, 0.0185372868070703, 0.4205175406564365, 0.021131953023639412, 0.07605244630692888, 0.0038218066247179758, 0.08669751616929734, 0.0043567453478774824]
Timestep: 120, Trans probs: [0.3096058832604278, 0.015322580295970152, 0.3402537065481006, 0.01683935939679576, 0.14434735702337503, 0.007143837013721346, 0.15863627247778123, 0.00785100398382799]
Timestep: 121, Trans probs: [0.3030560616519707, 0.014778152674936892, 0.3214976485104836, 0.015677433767278776, 0.1596183816313584, 0.007783592252259501, 0.16933148960558664, 0.00825723990612539]
Timestep: 122, Trans probs: [0.3666634988499884, 0.0176811386624276, 0.41359525624589644, 0.019944267969792765, 0.08164387278961659, 0.003937006656671346, 0.09209402788452638, 0.0044409309410806015]
Timestep: 123, Trans probs: [0.362449026951068, 0.017246553828774193, 0.42057748754297286, 0.020012503107256902, 0.07940810131607993, 0.003778506747028507, 0.09214332846473194, 0.00438449204208779]
Timestep: 124, Trans probs: [0.26541431652229514, 0.05341743579032062, 0.2907759752471691, 0.05852173760125242, 0.1318355135811012, 0.026533290192772452, 0.14443305295679462, 0.02906867810829438]
Timestep: 125, Trans probs: [0.2227361024928449, 0.08985684934642828, 0.23583528960196828, 0.09514136168839575, 0.12335871213123573, 0.049765732126438464, 0.13061348059338682, 0.05269247201930191]
Timestep: 126, Trans probs: [0.35759865992777945, 0.023502293667721, 0.40193440065880087, 0.026416151339466322, 0.084180319364458, 0.005532544744842155, 0.09461715046094744, 0.006218479835984936]
Timestep: 127, Trans probs: [0.2347500196011195, 0.07886819400255737, 0.25642926208061956, 0.08615169798098915, 0.12299200297701457, 0.04132121977257564, 0.134350355407011, 0.04513724817811323]
Timestep: 128, Trans probs: [0.2841977404440687, 0.023886831776877084, 0.30036866094032705, 0.025245998309896708, 0.16427643520592725, 0.013807441137771116, 0.17362380429117366, 0.014593087893958486]
Timestep: 129, Trans probs: [0.35305586202178774, 0.029248612844115552, 0.3847598596877212, 0.03187510358705754, 0.08884980086979626, 0.007360686243915301, 0.09682840760716528, 0.008021667138441158]
Timestep: 130, Trans probs: [0.3495684353714474, 0.028450802431964323, 0.3915906720289547, 0.031870923449531574, 0.08658477111265164, 0.007046992712386393, 0.09699327878802495, 0.007894124105039065]
Timestep: 131, Trans probs: [0.3460975375952943, 0.027737552666089467, 0.39822912461304205, 0.031915573262591, 0.08438285843216309, 0.006762758256356686, 0.09709318384426277, 0.007781411330200582]
Timestep: 132, Trans probs: [0.34273124996297255, 0.027003786365194925, 0.40478100863594235, 0.0318926852543327, 0.08227809966315619, 0.006482689355225482, 0.0971741333009437, 0.007656347462232149]
Timestep: 133, Trans probs: [0.33941111550087544, 0.026336597512584277, 0.4111857811171639, 0.03190595100045388, 0.08021618821682557, 0.006224373235221258, 0.09717936303147322, 0.007540630385402392]
Timestep: 134, Trans probs: [0.2400268870123108, 0.06908276163879107, 0.2614740825792524, 0.07525553468773527, 0.1316242337523918, 0.037883112510385696, 0.1433852940143266, 0.04126809380480637]
Timestep: 135, Trans probs: [0.35488840105472436, 0.03373225073407281, 0.3744464459647472, 0.03559124886647842, 0.08946731444820197, 0.008503895518990246, 0.09439789473416417, 0.00897254867862086]
Timestep: 136, Trans probs: [0.3621217190534086, 0.033883756721783016, 0.3704341069268463, 0.0346615474856646, 0.08990824995757186, 0.008412721768821359, 0.09197206498811716, 0.008605833097787082]
Timestep: 137, Trans probs: [0.33811811732877417, 0.03119543914245988, 0.3975248596383268, 0.03667642143648892, 0.08268072984795455, 0.00762828592742355, 0.09720758469633618, 0.008968561982236044]
Timestep: 138, Trans probs: [0.3349779045566138, 0.030461581729365216, 0.4037240283001736, 0.036713085600234945, 0.08069107563109519, 0.007337731121162887, 0.09725096986554818, 0.008843623195806215]
Timestep: 139, Trans probs: [0.33189393580685933, 0.02976471304119518, 0.40980778006677404, 0.03675213572698444, 0.07875480492572749, 0.007062841216218261, 0.09724290893638318, 0.008720880279858071]
Timestep: 140, Trans probs: [0.31535833239952515, 0.07934538444212784, 0.33220819623861125, 0.0835848757976821, 0.07373430402671903, 0.0185518380156857, 0.077673990584758, 0.019543078494890988]
Timestep: 141, Trans probs: [0.33375789656384064, 0.03578304372676414, 0.40028486043643496, 0.04291557087225014, 0.07689905806747231, 0.0082445460787742, 0.09222711744991965, 0.009887906804543985]
Timestep: 142, Trans probs: [0.33083806825623674, 0.03495590787283087, 0.4062761214186956, 0.04292659168909063, 0.07509986084875962, 0.007934950868648021, 0.09222421212146172, 0.009744286924276754]
Timestep: 143, Trans probs: [0.3203808717195494, 0.07177379101677264, 0.3472631366535421, 0.07779612953865192, 0.07165952355322139, 0.016053629045533837, 0.07767227421109359, 0.01740064426163529]
Timestep: 144, Trans probs: [0.23945973076591073, 0.08084309279512443, 0.251875520437495, 0.08503474052367661, 0.12489657376505835, 0.04216585924650645, 0.13137235817193385, 0.04435212429429454]
Timestep: 145, Trans probs: [0.32758082913418496, 0.040446699899546086, 0.3910536231691278, 0.04828374292462925, 0.07815990979459624, 0.009650474430976778, 0.0933043487084801, 0.011520371938458684]
Timestep: 146, Trans probs: [0.34684999621494855, 0.042129874962467756, 0.37509241014823724, 0.045560318614282995, 0.08155419136430657, 0.009905918761244963, 0.08819477736874752, 0.010712512565764524]
Timestep: 147, Trans probs: [0.3355187541977211, 0.04009028309731772, 0.38965644858127896, 0.04655905858875832, 0.0777709849278675, 0.00929265730605951, 0.09031973745289633, 0.01079207584810059]
Timestep: 148, Trans probs: [0.3328328356411637, 0.039097263013367155, 0.395572368470001, 0.04646716091307263, 0.07606796873355093, 0.008935564830131826, 0.09040690501184204, 0.010619933386870837]
Timestep: 149, Trans probs: [0.3301709075696369, 0.03816820294140756, 0.40137301067826786, 0.046399262247358276, 0.07439507970930154, 0.008600171714365607, 0.09043854694034244, 0.010454818199319886]
Timestep: 150, Trans probs: [0.28407118857861274, 0.032318001761858395, 0.31560377059963696, 0.03590537732926618, 0.1412498105942318, 0.016069604420242967, 0.1569288777333626, 0.01785336898278852]
Timestep: 151, Trans probs: [0.3489163552591219, 0.03905335282744806, 0.3765104904361573, 0.042141896774425695, 0.08364848184788044, 0.009362569641252878, 0.09026384246561366, 0.010103010748100036]
Timestep: 152, Trans probs: [0.35553079872470944, 0.039214081847470626, 0.3729340344107303, 0.04113361149455154, 0.08404053219064643, 0.009269442533952699, 0.08815431697142687, 0.00972318182651203]
Timestep: 153, Trans probs: [0.36208013987364807, 0.03929981388546559, 0.3694853902919296, 0.04010357231119775, 0.0843983040817985, 0.00916050696351658, 0.08612441525934629, 0.009347857333097528]
Timestep: 154, Trans probs: [0.30727194845379757, 0.03281947688080057, 0.30526282075112776, 0.0326048835197074, 0.14595883646479682, 0.015589749350729407, 0.14500447032995595, 0.015487814249084622]
Timestep: 155, Trans probs: [0.30251969185540567, 0.03181559391963329, 0.2927972610123346, 0.030793098789753566, 0.15728863738222085, 0.016541836944343594, 0.1522336676049792, 0.016010212491329116]
Timestep: 156, Trans probs: [0.37377033990836483, 0.03873064595781477, 0.35267034765795335, 0.036544232959491565, 0.09244281040845549, 0.009579063341818564, 0.08722425137644965, 0.009038308389651608]
Timestep: 157, Trans probs: [0.3155016244336063, 0.032198304805632884, 0.29039594723877815, 0.029636161906615863, 0.15699573423269766, 0.01602209343005237, 0.14450298009335866, 0.014747153859258124]
Timestep: 158, Trans probs: [0.3297754178574294, 0.0332242014301334, 0.3902947174933209, 0.0393213975600849, 0.08628422311301605, 0.008692959674116091, 0.10211881984055102, 0.010288263031348123]
Timestep: 159, Trans probs: [0.3718116662204537, 0.03690194092338068, 0.35133693904466307, 0.03486984445813588, 0.09592280202988394, 0.00952024343317174, 0.09064057616143913, 0.008995987728871892]
Timestep: 160, Trans probs: [0.3372865428176813, 0.03296991543852847, 0.3889024523400839, 0.03801539444880795, 0.0858160844033487, 0.008388561910616809, 0.09894876147705108, 0.009672287163881703]
Timestep: 161, Trans probs: [0.3702033499507631, 0.03569946147348721, 0.35888960699155054, 0.03460845424476531, 0.09289765808122992, 0.008958309983119101, 0.09005862319625756, 0.008684536078827212]
Timestep: 162, Trans probs: [0.3761102800614797, 0.035749159375875514, 0.3558942228892872, 0.03382762973918921, 0.093100121658563, 0.008849136180328086, 0.08809595803431979, 0.0083734920609576]
Timestep: 163, Trans probs: [0.3459344883043864, 0.03245022545738668, 0.38885797318050264, 0.036476643200451124, 0.08448254327671832, 0.0079248460885771, 0.09496512102260442, 0.008908159469373296]
Timestep: 164, Trans probs: [0.37434615733601545, 0.03466410131224722, 0.36317960526787657, 0.033630089116281216, 0.09020694280415248, 0.008353077874990629, 0.08751611640193023, 0.008103909886506172]
Timestep: 165, Trans probs: [0.3800811017367484, 0.03474125800248647, 0.36012884244996646, 0.03291752463493088, 0.09039273778283677, 0.008262335092471164, 0.08564759435517322, 0.007828605945386544]
Timestep: 166, Trans probs: [0.3224505611745703, 0.02908340758144613, 0.2985488562932763, 0.02692759485027283, 0.1538354038515009, 0.013875174334856796, 0.1424323273309964, 0.012846674583080255]
Timestep: 167, Trans probs: [0.3500803689247785, 0.031150916871286613, 0.3838787302167163, 0.03415836897785444, 0.08792065238282645, 0.007823371936160178, 0.09640891461639414, 0.008578676073983355]
Timestep: 168, Trans probs: [0.3473393010589544, 0.030459224996439688, 0.3893815516340355, 0.034146036036016625, 0.08611631096913597, 0.007551797575671024, 0.09653990401872152, 0.008465873711025376]
Timestep: 169, Trans probs: [0.3446459319445792, 0.02980397232104885, 0.39480512799145334, 0.034141592910945984, 0.08434010203645452, 0.007293485382131639, 0.09661482029234893, 0.008354967121037463]
Timestep: 170, Trans probs: [0.34194656172784904, 0.029215961196849456, 0.4000900179422243, 0.03418374608120778, 0.0826016828310283, 0.007057499125569493, 0.0966469982880735, 0.008257532807198183]
Timestep: 171, Trans probs: [0.3820545734293077, 0.032283802196076565, 0.3624566541204476, 0.030627768230188215, 0.09112326398996028, 0.007699961300573386, 0.08644899361333395, 0.007304983120112194]
Timestep: 172, Trans probs: [0.34876021560768805, 0.029099461604868235, 0.3983031036807476, 0.033233165234923284, 0.08212928572474922, 0.006852610732615654, 0.09379610386537857, 0.007826053549029433]
Timestep: 173, Trans probs: [0.3460462736493822, 0.028511891065476806, 0.403479913112988, 0.0332440375920404, 0.08049619175463125, 0.006632346091433996, 0.09385622365635617, 0.0077331230776911215]
Timestep: 174, Trans probs: [0.34336833188649935, 0.027950920667029682, 0.4085700523878711, 0.03325848093933254, 0.07890218012699875, 0.006422807150178371, 0.09388480204592982, 0.007642424796160266]
Timestep: 175, Trans probs: [0.32199392270469945, 0.025851460661155037, 0.31282772067300946, 0.02511554704749423, 0.1475296283115338, 0.011844498028455422, 0.14332990190861086, 0.011507320665041813]
Timestep: 176, Trans probs: [0.3448707907868841, 0.027397608239709825, 0.4007700520966771, 0.031838419416442054, 0.08360566742669301, 0.006641894251321207, 0.0971571051689296, 0.007718462613343056]
Timestep: 177, Trans probs: [0.34228040288717304, 0.026901656622230968, 0.4057569985694716, 0.03189062346400565, 0.08194841605344691, 0.006440766490894429, 0.09714591619880034, 0.007635219713977052]
Timestep: 178, Trans probs: [0.3763340795397446, 0.029172699192024015, 0.3742123712037036, 0.029008228413464104, 0.08900701019565228, 0.006899653461081129, 0.08850520362068265, 0.006860754373647771]
Timestep: 179, Trans probs: [0.27005151045889736, 0.0818990990028158, 0.26253553581122213, 0.07961971330070809, 0.11901235800324354, 0.03609313228466362, 0.11570004968105564, 0.035088601457393884]
Timestep: 180, Trans probs: [0.3396384053312811, 0.03131113589144203, 0.39343129401275395, 0.036270281915743774, 0.0845643442255309, 0.00779595485096459, 0.0979578836013524, 0.009030700170931213]
Timestep: 181, Trans probs: [0.3372494567048598, 0.030717499728638242, 0.39836552421882415, 0.03628409961472361, 0.08293804626530127, 0.007554198718480735, 0.09796801038904596, 0.008923164360126247]
Timestep: 182, Trans probs: [0.33494499484368473, 0.030072110072329763, 0.40329329126762076, 0.036208572849676386, 0.08138452345983724, 0.007306884370105328, 0.09799170857794803, 0.008797914558797817]
Timestep: 183, Trans probs: [0.33264596222770126, 0.02948289136537114, 0.40812329958241833, 0.03617255662652151, 0.07984879169591079, 0.00707711356380517, 0.0979664749764713, 0.0086829099618006]
Timestep: 184, Trans probs: [0.33036498043527707, 0.02891513145144911, 0.41287266678082735, 0.03613660084960742, 0.07835618899617536, 0.006858110390132218, 0.09792541772136003, 0.00857090337517152]
Timestep: 185, Trans probs: [0.32813434725152174, 0.028339623269583385, 0.41758239963880395, 0.0360648861934018, 0.07690915046953488, 0.006642329181771485, 0.09787426362480947, 0.008453000370573449]
Timestep: 186, Trans probs: [0.3258959659989203, 0.02781707917596657, 0.42218021878498724, 0.03603548922881662, 0.07548896429087158, 0.006443413591065576, 0.09779178260917117, 0.00834708632020084]
Timestep: 187, Trans probs: [0.3198717688347561, 0.08810570325484046, 0.31810866491026024, 0.08762007267936031, 0.07323297220053399, 0.020171340974149608, 0.07282931875790724, 0.020060158388192053]
Timestep: 188, Trans probs: [0.3270837325209476, 0.03268977325808433, 0.41425080909162915, 0.04140152405872424, 0.07403641465318751, 0.007399431299137483, 0.09376695207659734, 0.009371363041692449]
Timestep: 189, Trans probs: [0.32493340838427603, 0.03205774823590432, 0.41878777426172464, 0.04131736745173284, 0.07273502928572156, 0.007175997286235417, 0.09374394949689241, 0.009248725597512716]
Timestep: 190, Trans probs: [0.32286648803432627, 0.03140593669495556, 0.4233390564567022, 0.041179125428985, 0.07145470400904083, 0.006950556944845068, 0.0936906371384206, 0.009113495292724394]
Timestep: 191, Trans probs: [0.3712139056188478, 0.035604322802024954, 0.3774532004253627, 0.03620275368779095, 0.08122434718803191, 0.00779048907622495, 0.08258955102307676, 0.007921430178639922]
Timestep: 192, Trans probs: [0.3215005337063148, 0.03045219194244919, 0.31976712694572024, 0.030288005479741198, 0.1364723080625327, 0.012926513284564638, 0.13573650206338725, 0.01285681851528985]
Timestep: 193, Trans probs: [0.325607561771927, 0.030448503289589878, 0.4175962038839708, 0.039050626829691765, 0.07504015766477208, 0.0070172218208728035, 0.09624004064627108, 0.008999684092904553]
Timestep: 194, Trans probs: [0.3697383380367249, 0.03414094265604879, 0.3758171551808161, 0.034702249196871746, 0.08426330122763037, 0.007780714735987556, 0.08564866256949197, 0.007908636396428692]
Timestep: 195, Trans probs: [0.33165109005862253, 0.03024798542537776, 0.4162435074640534, 0.03796317251650013, 0.07473140122749264, 0.006815820610593181, 0.0937927282528655, 0.00855429444449472]
Timestep: 196, Trans probs: [0.3680631660938968, 0.033144072880042855, 0.382150185604672, 0.03441260840421049, 0.08201833756720427, 0.007385747904841631, 0.08515745614245394, 0.007668425402678047]
Timestep: 197, Trans probs: [0.3732057830461434, 0.03322617337920536, 0.37921048724772133, 0.033760766764291794, 0.08225470123355864, 0.007323061668910543, 0.08357814039911847, 0.007440886261050596]
Timestep: 198, Trans probs: [0.2840731200618903, 0.07160896066240353, 0.2826055374371845, 0.07123901342340216, 0.11629679900281326, 0.029316018717791822, 0.1156959848128319, 0.02916456588168253]
Timestep: 199, Trans probs: [0.330145215844504, 0.03404870961249541, 0.40567038270707934, 0.04183781074595013, 0.07658677136261341, 0.007898587085727755, 0.0941070273258305, 0.009705495315799263]
Timestep: 200, Trans probs: [0.3281207094500937, 0.03345245897089497, 0.41006030385245634, 0.04180633862826456, 0.07525358456972721, 0.007672229693915333, 0.09404620575874488, 0.009588169075903055]
Timestep: 201, Trans probs: [0.3673913298767164, 0.036979068659040375, 0.37317882723139134, 0.03756159808921053, 0.08333428819145837, 0.008387852717477792, 0.08464704909037132, 0.008519986144333826]
Timestep: 202, Trans probs: [0.3724435598348017, 0.03698793040712948, 0.3705588624334756, 0.036800758271975174, 0.08354029557568485, 0.008296512471084282, 0.08311755185030711, 0.008254529155541767]
Timestep: 203, Trans probs: [0.3773637261025529, 0.037049166788591416, 0.36791535297333466, 0.036121535626050576, 0.0837076000028955, 0.008218322587627717, 0.08161174238895044, 0.008012553529996864]
Timestep: 204, Trans probs: [0.33404708088894136, 0.032403254701188995, 0.31927254215923706, 0.030970094021331572, 0.1320480170769662, 0.012808929563897118, 0.12620767703480046, 0.01224240455363736]
Timestep: 205, Trans probs: [0.33274227372067444, 0.031852547700004695, 0.40729474766934337, 0.03898926106692963, 0.07760543958227306, 0.007428965783137266, 0.09499330391354013, 0.009093460564097471]
Timestep: 206, Trans probs: [0.3758153510370208, 0.03551965869617111, 0.3665910016023825, 0.03464783229869036, 0.08668458540712269, 0.00819287152423102, 0.08455692110552987, 0.007991778328851784]
Timestep: 207, Trans probs: [0.33857031966224777, 0.031647332164239726, 0.40608605126724734, 0.03795825979235139, 0.07722992042536786, 0.0072189462654542015, 0.09263066371709007, 0.00865850670600178]
Timestep: 208, Trans probs: [0.33656161782534394, 0.031048529538494577, 0.41045220979883495, 0.03786509478538598, 0.07592801838163696, 0.0070045221934516505, 0.09259767388734799, 0.008542333589503907]
Timestep: 209, Trans probs: [0.3345408156668662, 0.0304963789675905, 0.4147236275018784, 0.03780575738090355, 0.07465009801310314, 0.006805022204651855, 0.09254224893202224, 0.008436051332984078]
Timestep: 210, Trans probs: [0.3325301381265821, 0.029963615272932568, 0.4189278614474957, 0.037748738620337764, 0.07340513128235492, 0.006614387270865436, 0.0924771957231848, 0.008332932256246784]
Timestep: 211, Trans probs: [0.33056828377721426, 0.029418825184545888, 0.4231144637240149, 0.037654944688337556, 0.07219218998035995, 0.006424722276602528, 0.09240317733926438, 0.0082233930296606]
Timestep: 212, Trans probs: [0.32862247386960397, 0.028888476004620415, 0.42724467294333834, 0.0375581357449185, 0.0710090176964398, 0.006242245941612715, 0.09231938456461503, 0.008115593234851141]
Timestep: 213, Trans probs: [0.3336384867962644, 0.028998426312644484, 0.33201671484431994, 0.028857468850284656, 0.12749955002208704, 0.011081714048381234, 0.12687979180385237, 0.01102784732216596]
Timestep: 214, Trans probs: [0.32999928061768685, 0.028313924425605354, 0.4205590172965664, 0.0360839460314982, 0.07492958970078863, 0.00642895565123253, 0.09549207062516743, 0.00819321565145451]
Timestep: 215, Trans probs: [0.2939400757787788, 0.06838620725984809, 0.2982971984121213, 0.0693999073845109, 0.10870466173813224, 0.025290527356774558, 0.11031600901956091, 0.02566541305027321]
Timestep: 216, Trans probs: [0.368169631634348, 0.03663653870839921, 0.36641454986410016, 0.036461890623149334, 0.08766490868837465, 0.008723529983373795, 0.08724700598834366, 0.00868194450991129]
Timestep: 217, Trans probs: [0.3275359621768675, 0.03221699447720591, 0.40933078988561594, 0.0402624728883178, 0.07715606493650859, 0.007589201812899411, 0.09642407751205234, 0.009484436310532442]
Timestep: 218, Trans probs: [0.32575805871206753, 0.031648171828297794, 0.4134228062146086, 0.040165010991736666, 0.07591943770996318, 0.007375754322862, 0.09635011673504132, 0.009360643485422938]
Timestep: 219, Trans probs: [0.36807169843598564, 0.03530227652111434, 0.3734223642565397, 0.03581546643811125, 0.08487729378395352, 0.008140701141264486, 0.086111156742504, 0.008259042680527073]
Timestep: 220, Trans probs: [0.33128727157589405, 0.031399532876842995, 0.41244262532654313, 0.03909146799437303, 0.07558913319551634, 0.0071643666284382035, 0.09410618280930365, 0.008919419593088701]
Timestep: 221, Trans probs: [0.32946337720149427, 0.030873488365514613, 0.41643927491096305, 0.03902386121976729, 0.07438974429379498, 0.006970944462708764, 0.09402808724192065, 0.008811222303836274]
Timestep: 222, Trans probs: [0.2977974226540087, 0.0642075256405455, 0.3078752134514366, 0.0663803785996448, 0.10667545934263949, 0.023000089221448115, 0.11028547367014319, 0.023778437420133608]
Timestep: 223, Trans probs: [0.3258550032635104, 0.03504378255120517, 0.40418704042533526, 0.04346793086747963, 0.07715469200919937, 0.008297531793271574, 0.09570184992037126, 0.010292169169627474]
Timestep: 224, Trans probs: [0.3242144620126064, 0.034423951788493445, 0.40820630851563366, 0.043341910773723194, 0.0759581016544717, 0.008064964200139066, 0.09563600613541265, 0.010154294919519965]
Timestep: 225, Trans probs: [0.3226170671174596, 0.03380746168594058, 0.4122209697242197, 0.04319717107532599, 0.07477158858752377, 0.00783541192955324, 0.09553870485143152, 0.010011625028545669]
Timestep: 226, Trans probs: [0.32097726434276136, 0.03323875637728834, 0.4161229057551848, 0.043091550162368465, 0.07361978305279888, 0.007623686488983525, 0.09544251711324632, 0.009883536707368384]
Timestep: 227, Trans probs: [0.36014947711532685, 0.03681720290719354, 0.3792897062587085, 0.03877386186365347, 0.08173532155941578, 0.008355602630998953, 0.08607916455562327, 0.008799663109079698]
Timestep: 228, Trans probs: [0.3263291794825545, 0.03299037275927004, 0.41530057465852305, 0.04198496986033755, 0.0732876987086782, 0.007409047829869659, 0.09326908319193648, 0.009429073508830514]
Timestep: 229, Trans probs: [0.32471973677210586, 0.03241672595709072, 0.4192099691769439, 0.04184967265733753, 0.07215301165701253, 0.007203025073605781, 0.09314882456309691, 0.009299034142806752]
Timestep: 230, Trans probs: [0.326017488551169, 0.032116711840811905, 0.3496372790667106, 0.03444355022331459, 0.11323188732154493, 0.011154726430347815, 0.12143547624586894, 0.011962880320232279]
Timestep: 231, Trans probs: [0.36014893653936975, 0.035082182965981173, 0.3789265811474599, 0.03691131724065416, 0.08389334419619619, 0.008172068142140016, 0.0882674218137436, 0.008598147954455182]
Timestep: 232, Trans probs: [0.33568638386586697, 0.032286310125957444, 0.34662384404189694, 0.033338274841257655, 0.1131313180078104, 0.010880968051471452, 0.11681740521552579, 0.01123549585021344]
Timestep: 233, Trans probs: [0.323805926973695, 0.030758269942985344, 0.41049630850097724, 0.038992974543352814, 0.07891097562511815, 0.007495740156537951, 0.10003728003704232, 0.009502524220291157]
Timestep: 234, Trans probs: [0.35910685940626347, 0.0336998520257929, 0.37748215659231527, 0.03542425460925721, 0.08659378678956041, 0.008126265830694814, 0.0910247424370092, 0.00854208230910673]
Timestep: 235, Trans probs: [0.3307635820334465, 0.06655945183210488, 0.3413439133194, 0.06868852857708924, 0.07892408586927982, 0.015881869036229165, 0.08144867751206106, 0.016389891820389364]
Timestep: 236, Trans probs: [0.3254111406316887, 0.03488319432777884, 0.4052268542588809, 0.043439222998041774, 0.0768472835353568, 0.008237820991383493, 0.09569611816277335, 0.010258365094096087]
Timestep: 237, Trans probs: [0.32385448968120706, 0.03431591526774959, 0.40902326313837895, 0.04334047570009511, 0.07570238545290278, 0.008021493379096046, 0.09561095402995878, 0.01013102335061177]
Timestep: 238, Trans probs: [0.32232905048030003, 0.03375297249002574, 0.4128060352078658, 0.043227350216574006, 0.07457149733397982, 0.007808820502847235, 0.09550353624063294, 0.010000737527774507]
Timestep: 239, Trans probs: [0.32081644017816396, 0.03320378926423798, 0.41655352534682855, 0.04311236501848359, 0.0734589841758579, 0.0076028417645480585, 0.09538039512519106, 0.009871659126688838]
Timestep: 240, Trans probs: [0.3607591841369064, 0.036876295304357286, 0.378882177217031, 0.03872880211224461, 0.08175630336482631, 0.008357014092619264, 0.0858633891585868, 0.00877683461342842]
Timestep: 241, Trans probs: [0.36522519544315546, 0.036849193421290824, 0.37669849707586395, 0.0380067858226899, 0.08192745547288074, 0.008266025156263493, 0.08450115088154528, 0.008525696726310277]
Timestep: 242, Trans probs: [0.3269681957244769, 0.0325831262198518, 0.4171485713211444, 0.04156980626715492, 0.07261667942271689, 0.007236417676814962, 0.09264492532110892, 0.009232278046731315]
Timestep: 243, Trans probs: [0.32544843808798296, 0.032023882903499695, 0.4208769087926719, 0.04141397304945652, 0.07155454638732764, 0.007040913848544381, 0.0925358759454815, 0.00910546098503551]
Timestep: 244, Trans probs: [0.3239378492045351, 0.03147498801400455, 0.42456623810970934, 0.04125241088211503, 0.07051591279060132, 0.006851584386730236, 0.09242104895706268, 0.008979967655241661]
Timestep: 245, Trans probs: [0.32237226921707285, 0.031004862117574875, 0.4281309830061431, 0.04117643905477792, 0.0694817748226572, 0.006682562533349507, 0.0922762389832143, 0.00887487026521023]
Timestep: 246, Trans probs: [0.3208636347329551, 0.030516560000913098, 0.43171886989768155, 0.041059731831947194, 0.0684589522609539, 0.006510964466290375, 0.09211084805255691, 0.008760438756701964]
Timestep: 247, Trans probs: [0.31939768602461854, 0.030004609767696273, 0.43531494493934336, 0.040894019025373984, 0.06746439010381701, 0.006337687424963478, 0.09194887298321194, 0.008637789730975365]
Timestep: 248, Trans probs: [0.317902467213593, 0.029540271014816957, 0.4388230843289326, 0.04077650907290681, 0.06648229164989836, 0.006177696355230189, 0.09177017256510484, 0.008527507799517324]
Timestep: 249, Trans probs: [0.3164503889843151, 0.029056178947811494, 0.44234228288579225, 0.04061545498163405, 0.06552187797884403, 0.0060161575963312355, 0.09158812279280446, 0.008409535832467445]
Timestep: 250, Trans probs: [0.3149672796142923, 0.028616939438192452, 0.4457700647645723, 0.040501270361634215, 0.06457742310932288, 0.005867302179633028, 0.09139578599092613, 0.008303934541426725]
Timestep: 251, Trans probs: [0.3412184169070999, 0.06439422588504833, 0.35805260500036423, 0.06757114851570513, 0.06927662207646511, 0.013073779812300037, 0.07269442026295254, 0.013718781540064635]
Timestep: 252, Trans probs: [0.31554038314812344, 0.03270155307190276, 0.4389059864444746, 0.04548675280828372, 0.0634257978711262, 0.006573238184339659, 0.08822313677544913, 0.009143151696300538]
Timestep: 253, Trans probs: [0.3659760849610295, 0.03746536384449292, 0.39059051781170273, 0.039985169701956286, 0.07283514447750943, 0.007456211759865874, 0.07773381367088483, 0.007957693772558484]
Timestep: 254, Trans probs: [0.3204300564691735, 0.03243016045426567, 0.4381717421407369, 0.044346588646300325, 0.06314462036132062, 0.006390755576134051, 0.08634704439218885, 0.00873903195988008]
Timestep: 255, Trans probs: [0.3648118126503228, 0.03646411673355624, 0.39588598622622906, 0.03957008055758604, 0.07118419840362626, 0.007115090109931393, 0.07724757151916806, 0.00772114379958027]
Timestep: 256, Trans probs: [0.32523105839894756, 0.03217459973920634, 0.4373434116076151, 0.04326569942712309, 0.06286598996208036, 0.006219234024561549, 0.08453690326949193, 0.008363103570974043]
Timestep: 257, Trans probs: [0.3634886971362424, 0.03559694288910128, 0.40096470472026957, 0.039267019323912994, 0.06958788711768732, 0.006814836508033347, 0.07676246009870462, 0.007517452206048395]
Timestep: 258, Trans probs: [0.3299374892929579, 0.031969063407044813, 0.4364125230071291, 0.042285887698124934, 0.06256255966748893, 0.006061955678947051, 0.08275229519622719, 0.008018226052080048]
Timestep: 259, Trans probs: [0.32416037430114275, 0.03105690583615889, 0.363391497993143, 0.034815530920967286, 0.106089048775307, 0.010164097339675247, 0.1189283497041869, 0.01139419512941896]
Timestep: 260, Trans probs: [0.3623430677614639, 0.03436378405331129, 0.3990430170997385, 0.03784432292940803, 0.07233254695216086, 0.006859852566922511, 0.07965875530230994, 0.0075546533346850225]
Timestep: 261, Trans probs: [0.3665996099827701, 0.03436680984742425, 0.3967446567065548, 0.03719275144798056, 0.0724924119901789, 0.006795787203278004, 0.07845337617851096, 0.007354596643302617]
Timestep: 262, Trans probs: [0.3324969055904723, 0.030857919477779158, 0.4327143097981071, 0.040158759688064274, 0.06511827533773694, 0.006043408113333488, 0.08474547911347348, 0.007864942881033283]
Timestep: 263, Trans probs: [0.33102587451733684, 0.0303770267931874, 0.43613279528376275, 0.040022302265766564, 0.06420153059117499, 0.005891538290701264, 0.08458672011380387, 0.007762212144266354]
Timestep: 264, Trans probs: [0.3295766502336647, 0.0298973813768303, 0.43953408224631924, 0.03987211495631316, 0.06330023363324858, 0.005742249109073506, 0.08441923927633127, 0.007658049168219138]
Timestep: 265, Trans probs: [0.3281346819396625, 0.029423722516217134, 0.4428995044333557, 0.03971464413326907, 0.06242161600080738, 0.0055973245417543, 0.08425352245383938, 0.007554983981094343]
Timestep: 266, Trans probs: [0.33195865587451456, 0.029422717684810633, 0.36499947158559976, 0.032351246811975806, 0.10555895988671682, 0.009356079201089338, 0.11606555183288154, 0.010287317122411585]
Timestep: 267, Trans probs: [0.3680963006955158, 0.03230663612170668, 0.3978491211742909, 0.034917946104953024, 0.0737058511890794, 0.006468927044110491, 0.07966341434448304, 0.006991803325860792]
Timestep: 268, Trans probs: [0.3722835037564597, 0.03228497311633281, 0.3956444112368187, 0.034310865379531014, 0.07381944082713433, 0.006401730505163163, 0.07845163406162868, 0.006803441116931611]
Timestep: 269, Trans probs: [0.3306105289760737, 0.028382167193908438, 0.439160961615798, 0.03770097666344811, 0.06492538761775335, 0.005573697886160629, 0.08624255176565918, 0.007403728281198773]
Timestep: 270, Trans probs: [0.338537594364408, 0.02875622034149794, 0.3654435628632079, 0.03104167983412981, 0.10470262161558344, 0.008893699570244086, 0.11302407685667626, 0.009600544554252563]
Timestep: 271, Trans probs: [0.33136530574613104, 0.027862203720776982, 0.4332850127984141, 0.036431922975659406, 0.06837837749889052, 0.005749462152292704, 0.08940986173259778, 0.007517853375237453]
Timestep: 272, Trans probs: [0.3385689802009288, 0.028115968144586154, 0.37114066093357617, 0.03082083596015289, 0.1019052876473379, 0.008462576280783509, 0.11170898109925378, 0.009276709733380885]
Timestep: 273, Trans probs: [0.36556510301719397, 0.030052490210701784, 0.39414107023905537, 0.03240167225271944, 0.0790745702129673, 0.006500586975143739, 0.0852557738011617, 0.007008733291056803]
Timestep: 274, Trans probs: [0.3330120772275824, 0.027035898557342782, 0.4287388506005564, 0.034807566647220414, 0.07132782606066121, 0.005790816614659711, 0.0918315348070246, 0.0074554294849525395]
Timestep: 275, Trans probs: [0.3315836725290355, 0.02665742534195613, 0.4320020267329812, 0.03473048503074217, 0.0703487876812437, 0.00565563901625965, 0.09165354441221543, 0.007368419255566173]
Timestep: 276, Trans probs: [0.3301933001521971, 0.026257667599216945, 0.4352717630120818, 0.034613728574226885, 0.06939369183026303, 0.005518332724260817, 0.09147706683010572, 0.00727444927764773]
Timestep: 277, Trans probs: [0.3288804678744983, 0.025813939863894554, 0.43860342499602406, 0.03442613211455929, 0.06845062538979393, 0.005372712885255317, 0.09128750920696257, 0.007165187669011999]
Timestep: 278, Trans probs: [0.3275299823661591, 0.02542526384557824, 0.4418450738959414, 0.03429923423045386, 0.06751302622359363, 0.005240853042972179, 0.09107654158926382, 0.007070024806037623]
Timestep: 279, Trans probs: [0.3261403686714082, 0.025070435018422866, 0.44499403162085205, 0.03420672515574614, 0.06660508936173891, 0.0051199383000087705, 0.09087764069896224, 0.006985771172860791]
Timestep: 280, Trans probs: [0.32477898906785946, 0.02471731302670626, 0.4481420495454018, 0.034105861807239624, 0.06570042012670058, 0.005000132104969587, 0.09065586729017654, 0.006899367030946227]
Timestep: 281, Trans probs: [0.32345978067503744, 0.024331533579202546, 0.4513101586871343, 0.03394879034980652, 0.06482384989141338, 0.0048762281266452176, 0.09044605768343218, 0.006803601007328441]
Timestep: 282, Trans probs: [0.3221781113176461, 0.0239424685683544, 0.4544937444418249, 0.03377542361989781, 0.06394613350928266, 0.004752117657379593, 0.09020823153487431, 0.006703769350740088]
Timestep: 283, Trans probs: [0.3439207204224055, 0.02529796998815036, 0.37646302117466907, 0.027691702319150947, 0.10078130092860223, 0.007413226871376466, 0.11031738064195842, 0.008114677653686987]
Timestep: 284, Trans probs: [0.32287205834912575, 0.023510123510391435, 0.44854734931943, 0.03266124556171911, 0.06726285787203563, 0.004897785532508112, 0.09344437162018931, 0.006804208234600602]
Timestep: 285, Trans probs: [0.32158633035698614, 0.023158831368398747, 0.45165230683366203, 0.03252544845266879, 0.06637052758139919, 0.004779630571930779, 0.093214166953645, 0.006712757881309414]
Timestep: 286, Trans probs: [0.3202843352591591, 0.022858842078713873, 0.4546967212670975, 0.032451916628215206, 0.06546478256058955, 0.004672252000894773, 0.09293811376906012, 0.0066330364362699075]
Timestep: 287, Trans probs: [0.31905704932358336, 0.02248834691069992, 0.45781139069818916, 0.032268277399034616, 0.06459787283782834, 0.004553102265410394, 0.09269076506138493, 0.006533195503869198]
Timestep: 288, Trans probs: [0.36882899903214217, 0.02573424081898276, 0.4097964465429219, 0.028592655322039674, 0.0739682422509111, 0.005160973144836468, 0.08218421791939359, 0.005734224968772378]
Timestep: 289, Trans probs: [0.37280011455032025, 0.025770608677890182, 0.4075037756315143, 0.02816957379219103, 0.07407164249465828, 0.005120361390341692, 0.08096691177310969, 0.005597011689974752]
Timestep: 290, Trans probs: [0.3508155053829317, 0.023964182385516498, 0.377364034121009, 0.025777710507803888, 0.10014970880566623, 0.006841219532345451, 0.10772869941908014, 0.007358939845647216]
Timestep: 291, Trans probs: [0.3764935878143691, 0.02543444582685338, 0.3986349757383615, 0.026930232076370592, 0.0784872736026228, 0.005302295638372465, 0.08310306847451061, 0.005614120828539536]
Timestep: 292, Trans probs: [0.3219431673457918, 0.021495914160576463, 0.45501619430853774, 0.0303811046377107, 0.06648472377788558, 0.0044391372772451115, 0.09396573389791889, 0.006274024594333845]
Timestep: 293, Trans probs: [0.35372929167944667, 0.023391482172538374, 0.38007858888092244, 0.025133913829303117, 0.09841725797753752, 0.006508156348945765, 0.10574836015426778, 0.006992948957038411]
Timestep: 294, Trans probs: [0.3750629288416609, 0.024483247833304623, 0.3967795196092724, 0.02590085707423909, 0.08109228447475912, 0.005293518355162579, 0.0857876244322107, 0.005600019379390532]
Timestep: 295, Trans probs: [0.3789419424841026, 0.024429738018519213, 0.3947879539631548, 0.025451303239127997, 0.08115629703184159, 0.00523200747334585, 0.08454996627292298, 0.005450791516984945]
Timestep: 296, Trans probs: [0.38277061362976583, 0.02438420254135282, 0.39280437921551953, 0.02502339835101894, 0.08120355568644903, 0.0051730302129505395, 0.08333218681296395, 0.005308633549979365]
Timestep: 297, Trans probs: [0.32490257927829075, 0.020495596922584573, 0.45240348114528434, 0.028538645081009957, 0.06827996104313616, 0.004307255924340407, 0.09507493642246752, 0.005997544182886246]
Timestep: 298, Trans probs: [0.38166557364761394, 0.023809090386854675, 0.3973864762632957, 0.02478979291069638, 0.07947759472658722, 0.004957977263944276, 0.082751297185219, 0.005162197615788733]
Timestep: 299, Trans probs: [0.3291631214742232, 0.020309221853740296, 0.45165030254756755, 0.02786662780953662, 0.06790247626386285, 0.00418955333964749, 0.09317013950696869, 0.00574855720445323]
Timestep: 300, Trans probs: [0.32784820891536876, 0.020033638665634162, 0.45462831375704066, 0.027780720215330585, 0.06701125082240922, 0.0040948193371246255, 0.09292474729366706, 0.005678300993424837]
Timestep: 301, Trans probs: [0.3265527682861064, 0.01976004635248965, 0.4575971294550158, 0.027689676422755428, 0.06612750744963665, 0.004001443990928247, 0.09266422007623917, 0.005607207966828594]
Timestep: 302, Trans probs: [0.3253274574157482, 0.01943561365062311, 0.4606295635634988, 0.027518790773428062, 0.06526324346006665, 0.0038989367683633135, 0.09240590877434389, 0.005520485593928027]
Timestep: 303, Trans probs: [0.32408249085109897, 0.019126116283513378, 0.4635998810450827, 0.027359902136660463, 0.06442718490896163, 0.0038022474683903173, 0.09216306373548383, 0.005439113570808765]
Timestep: 304, Trans probs: [0.32278775640699847, 0.018899355437818708, 0.46646309489277665, 0.027311605394003114, 0.06357072427979431, 0.003722091962151497, 0.09186654761074237, 0.005378824015714963]
Timestep: 305, Trans probs: [0.32151686240616234, 0.0186407903786074, 0.4693247653525498, 0.027210344443378415, 0.06275425452626411, 0.0036383438654987396, 0.09160367378556684, 0.005310965241972192]
Timestep: 306, Trans probs: [0.3202480213193588, 0.018398661024313687, 0.47215470166651374, 0.0271258953332775, 0.06194268808239367, 0.0035586871583704774, 0.09132462799137546, 0.005246717424396768]
Timestep: 307, Trans probs: [0.3861864900104775, 0.021942705074146918, 0.4078774241268585, 0.023175160849815267, 0.07400759330514027, 0.00420503263358085, 0.07816437732534297, 0.004441216674637698]
Timestep: 308, Trans probs: [0.32435990030781586, 0.018229644579164827, 0.4713223084561331, 0.026489212005654832, 0.061598558910945005, 0.0034619564085129778, 0.08950790450954559, 0.005030514822227928]
Timestep: 309, Trans probs: [0.32315988045163685, 0.017925335325345928, 0.474239071720363, 0.02630553759670827, 0.06080925991898037, 0.003373025059331184, 0.08923795532934464, 0.00494993459828977]
Timestep: 310, Trans probs: [0.32194868043201796, 0.017639770285810857, 0.47710857942314744, 0.026141078544320944, 0.06003295650916201, 0.00328924336940496, 0.08896523060825504, 0.004874460827880869]
Timestep: 311, Trans probs: [0.320745266828889, 0.017353934704901625, 0.4799595725330608, 0.025968230693096037, 0.05927251106213149, 0.003206941436540456, 0.08869471201742905, 0.004798830723951572]
Timestep: 312, Trans probs: [0.38730409702485263, 0.020769682829467517, 0.41485845997316745, 0.022247321159143647, 0.07094656934564998, 0.0038046014861893344, 0.07599399212455844, 0.004075276056970937]
Timestep: 313, Trans probs: [0.39104972504444774, 0.020707794977583946, 0.41268965727768187, 0.021853724130107173, 0.07101964577126489, 0.0037608011713723397, 0.07494973502409276, 0.0039689166034492076]
Timestep: 314, Trans probs: [0.32529540053353784, 0.01711211931845751, 0.4798279058165865, 0.02524128027384292, 0.05854453070303532, 0.003079726898044942, 0.08635627653565944, 0.004542759920835593]
Timestep: 315, Trans probs: [0.3239641124841134, 0.016926029674562092, 0.4824828549840065, 0.025208098076996734, 0.057807428632114674, 0.0030202427205120895, 0.08609315702236807, 0.0044980764053265156]
Timestep: 316, Trans probs: [0.3227528489217893, 0.016650181633690156, 0.48528177430421937, 0.025034727695440642, 0.05708171596253086, 0.002944732918435554, 0.08582640399663526, 0.004427614567258972]
Timestep: 317, Trans probs: [0.32151007320018615, 0.016404288604765047, 0.4880008418851079, 0.024899085027009944, 0.05637506279698508, 0.0028764038122615215, 0.08556832397946347, 0.004365920694220861]
Timestep: 318, Trans probs: [0.32028809093795063, 0.01615560408011272, 0.49071822588026853, 0.024752245233347757, 0.055674774420064764, 0.0028082830371436002, 0.08530016351744768, 0.004302612893664331]
Timestep: 319, Trans probs: [0.31906042774625304, 0.01593806823822524, 0.49339296407091393, 0.02464652475134404, 0.0549679665679101, 0.0027458221888067525, 0.08500210491619192, 0.004246121520355037]
Timestep: 320, Trans probs: [0.36208404561148017, 0.01788334201780382, 0.3874640783618116, 0.019136862606734317, 0.09824982806094003, 0.004852561994099918, 0.10513658234940909, 0.005192698997720948]
Timestep: 321, Trans probs: [0.39270307468192334, 0.019238869107575295, 0.4141183765357811, 0.020288023585419136, 0.07129390423029491, 0.0034927510887599105, 0.07518177926327864, 0.0036832215069677846]
Timestep: 322, Trans probs: [0.36966927419202433, 0.017999273693742903, 0.38424082256796177, 0.018708765408826232, 0.09790066561048145, 0.004766803730102047, 0.10175969416539066, 0.004954700631470428]
Timestep: 323, Trans probs: [0.3172879339202688, 0.015342758824974115, 0.48373926303584064, 0.02339167063565257, 0.06054301707726222, 0.0029276149838907725, 0.09230428053491846, 0.004463460987192424]
Timestep: 324, Trans probs: [0.3161592085914432, 0.015109637134896029, 0.48647240291079635, 0.02324911400452566, 0.0597775709910785, 0.0028568435836637805, 0.09197941356748361, 0.004395809216112847]
Timestep: 325, Trans probs: [0.3915754778828562, 0.01847956098791241, 0.41262322803496065, 0.019472864206737866, 0.07339507599574711, 0.0034637224741678753, 0.07734016783424918, 0.003649902583368494]
Timestep: 326, Trans probs: [0.3723461155381202, 0.017357822275432578, 0.38681569187709786, 0.018032356865728474, 0.09627786607431461, 0.0044882275351809334, 0.10001927729033552, 0.004662642543789643]
Timestep: 327, Trans probs: [0.3680728180789003, 0.017027931036758086, 0.3770481073240128, 0.01744314943592814, 0.10406236969216859, 0.004814174716536746, 0.10659988352541999, 0.004931566190275408]
Timestep: 328, Trans probs: [0.317339939522449, 0.014556151313430365, 0.48150161505446537, 0.02208612750396673, 0.06248780440072825, 0.002866269961070235, 0.09481308525310829, 0.004349006990781843]
Timestep: 329, Trans probs: [0.31620669036463966, 0.014358915809402123, 0.4841778787747435, 0.021986471538866917, 0.061701006034785205, 0.0028018368301671068, 0.09447700864817217, 0.0042901919992233166]
Timestep: 330, Trans probs: [0.3934379937449078, 0.017681218657698707, 0.40851416402823115, 0.018358746165306358, 0.07606283226049189, 0.0034182859568809066, 0.07897748775798447, 0.0035492714284986867]
Timestep: 331, Trans probs: [0.32001860229038165, 0.014306393432806336, 0.48328739665683823, 0.021605305404764193, 0.06131106119873063, 0.002740903675643204, 0.09259106483477446, 0.004139272506061366]
Timestep: 332, Trans probs: [0.3188590296603931, 0.01413704805820731, 0.48591276692885266, 0.021543602342031943, 0.0605307035750227, 0.0026837109375531993, 0.09224340201253191, 0.004089736485407371]
Timestep: 333, Trans probs: [0.3929133593979689, 0.01719762448042063, 0.4134444819280909, 0.018096261615018316, 0.07392268049433459, 0.003235559365239167, 0.07778540385225177, 0.0034046288666758047]
Timestep: 334, Trans probs: [0.39634887555831944, 0.01725697752495315, 0.41132785053541293, 0.017909160110717807, 0.07390351977496797, 0.003217749458668252, 0.07669651110582262, 0.0033393559311378725]
Timestep: 335, Trans probs: [0.3231780485345772, 0.013993214969492546, 0.48582371498471055, 0.021035573770819337, 0.05972047056450022, 0.0025858234693774164, 0.08977596406018383, 0.003887189646338808]
Timestep: 336, Trans probs: [0.3219747189585018, 0.013828757014212172, 0.48837678528401346, 0.02097569621901013, 0.058990138604778045, 0.0025336159796611655, 0.08947725569401938, 0.0038430322458037638]
Timestep: 337, Trans probs: [0.32078647337497906, 0.013667820014687443, 0.49092343905494157, 0.020916883232014984, 0.0582617533687375, 0.0024823713743477474, 0.08916230172747167, 0.003798957852820085]
Timestep: 338, Trans probs: [0.3243728312189245, 0.0576049241183555, 0.3410895287873465, 0.06057361940433192, 0.08955761799343942, 0.015904413971251745, 0.0941730095147292, 0.016724054991621176]
Timestep: 339, Trans probs: [0.3166064361499643, 0.017944102558004493, 0.4780367277637709, 0.027093385004412645, 0.06044933570017006, 0.0034260487327974222, 0.09127105243026574, 0.005172911660614317]
Timestep: 340, Trans probs: [0.315545333824085, 0.017711238890100595, 0.4806624045282291, 0.026979092255680962, 0.05970268406281965, 0.0033510509789579095, 0.09094362236528089, 0.005104573094845877]
Timestep: 341, Trans probs: [0.3145025614920041, 0.017451733402123182, 0.4832924877368601, 0.026817879037996335, 0.05898723781706044, 0.003273199250356978, 0.09064501342720455, 0.005029887836394198]
Timestep: 342, Trans probs: [0.3134502730193197, 0.01721627081563771, 0.48588385094121667, 0.02668719309819629, 0.058272095061381896, 0.0032005975298975116, 0.09032842650959112, 0.004961293024758981]
Timestep: 343, Trans probs: [0.3878152648481694, 0.021040490914210532, 0.41313130286812655, 0.022413984730012902, 0.07146325913938403, 0.0038771605733744245, 0.07612828073442361, 0.004130256192298693]
Timestep: 344, Trans probs: [0.3172770346177637, 0.01699382354785444, 0.4852895029236272, 0.025992817892557248, 0.05795310170532613, 0.0031040531679756033, 0.08864187713221121, 0.004747789012684666]
Timestep: 345, Trans probs: [0.3162362678606119, 0.016736424022761587, 0.4878936638594577, 0.02582118519046576, 0.057261926658734884, 0.0030305185784170745, 0.08834448808223315, 0.0046755257473180606]
Timestep: 346, Trans probs: [0.38749306914338844, 0.020319941387040987, 0.41811352297005533, 0.021925662563881492, 0.06953596367870875, 0.003646430913890529, 0.07503083038645049, 0.003934578956583902]
Timestep: 347, Trans probs: [0.31990382175367205, 0.01664395278357685, 0.4870790035958285, 0.025341741443661175, 0.05691088265157869, 0.002960958823598943, 0.08665134371865904, 0.004508295229424826]
Timestep: 348, Trans probs: [0.3187821078135032, 0.01646460071380483, 0.48955208207549156, 0.02528460463251682, 0.05621887397283004, 0.002903617517592539, 0.08633504243418774, 0.0044590708400733085]
Timestep: 349, Trans probs: [0.3176985970069253, 0.016255148779226316, 0.4920586567361434, 0.025176336152274256, 0.055542474652023714, 0.0028418482094063864, 0.08602542071811646, 0.004401517745884283]
Timestep: 350, Trans probs: [0.3166474247299887, 0.016028376227540216, 0.4945919053895203, 0.025035748026181314, 0.05487215917554156, 0.002777573866053165, 0.08570834195986399, 0.004338470625310811]
Timestep: 351, Trans probs: [0.3882713071428643, 0.019521495270214632, 0.4242894899334928, 0.02133241658233277, 0.06669074481212503, 0.0033530756341414512, 0.07287734524562664, 0.003664125379202503]
Timestep: 352, Trans probs: [0.39178843358597837, 0.019430125586007378, 0.42232849457846866, 0.02094471144311689, 0.06671619986385363, 0.003308684052030263, 0.07191675362798648, 0.003566597262558234]
Timestep: 353, Trans probs: [0.32678121826888457, 0.05485771989724147, 0.3475421599968848, 0.05834291997131812, 0.08816640331990241, 0.014800752268726566, 0.0937677581694511, 0.015741068107590843]
Timestep: 354, Trans probs: [0.31361620902142723, 0.01991711465248701, 0.48349828636671555, 0.030705972863758858, 0.05632870712463226, 0.0035773193022399256, 0.08684128110913915, 0.00551510955959998]
Timestep: 355, Trans probs: [0.35845879576594913, 0.02254011974270147, 0.3860271225131772, 0.02427363386853192, 0.09454126034378747, 0.005944815286848963, 0.10181223370819639, 0.00640201877080749]
Timestep: 356, Trans probs: [0.31399866540739746, 0.019476188685106047, 0.4778759163844739, 0.029640895140418348, 0.05936848939892535, 0.0036824102420403085, 0.0903531587914991, 0.005604275950139524]
Timestep: 357, Trans probs: [0.31305982811939514, 0.019198867072618527, 0.48046533034708294, 0.02946526248911561, 0.058661627578944324, 0.003597512963950391, 0.09003032564965777, 0.005521245779235297]
Timestep: 358, Trans probs: [0.31216678016300825, 0.01889976856185895, 0.4831051267830051, 0.029249028620144942, 0.057953112122237964, 0.003508702642791819, 0.08968745990416946, 0.005430021202783553]
Timestep: 359, Trans probs: [0.3588168607232514, 0.02148846116740246, 0.39121237833672245, 0.023428531154169017, 0.09255563034404989, 0.005542877958587784, 0.10091194767817088, 0.006043312637646095]
Timestep: 360, Trans probs: [0.3805091601504889, 0.022548330410502675, 0.4093868829300415, 0.02425957550767385, 0.07426239985690493, 0.004400664437061401, 0.0798983456385093, 0.004734641068817215]
Timestep: 361, Trans probs: [0.31312738516204175, 0.01835598093641672, 0.47843747710587553, 0.028046698005918663, 0.06054745277953385, 0.0035493793952086536, 0.09251241483729197, 0.005423211777712831]
Timestep: 362, Trans probs: [0.31215946187352517, 0.018144229734918523, 0.48092323730834985, 0.02795360310468137, 0.05982183411957216, 0.0034771366368816815, 0.09216350500426002, 0.005356992217811202]
Timestep: 363, Trans probs: [0.31123004001965077, 0.017916898690289965, 0.4834461361452379, 0.027831039198463796, 0.05909493616229832, 0.003401978755849532, 0.09179454062856136, 0.0052844303996484295]
Timestep: 364, Trans probs: [0.32981860404819635, 0.05239475951174017, 0.35920304592477975, 0.05706275199795333, 0.08323989510633024, 0.013223433221618178, 0.0906559651204021, 0.014401545068980011]
Timestep: 365, Trans probs: [0.3071182971702449, 0.021933319372484786, 0.47106739285547133, 0.03364199290195799, 0.06123461970038665, 0.00437316331497084, 0.09392352367324892, 0.006707691011234516]
Timestep: 366, Trans probs: [0.30629434299678043, 0.021630708210895414, 0.47365081426705724, 0.03344953242369031, 0.06051407237316689, 0.004273543642204122, 0.09357841667505884, 0.00660856941114666]
Timestep: 367, Trans probs: [0.3717949959628033, 0.026014966869532363, 0.4098271361849997, 0.028676123901233874, 0.0727692961875846, 0.005091759840760734, 0.08021310825210642, 0.00561261280097899]
Timestep: 368, Trans probs: [0.3099935787912097, 0.021426578765559406, 0.4734133545940074, 0.032722060148569265, 0.060123448715613176, 0.0041556983682872585, 0.09181881656132654, 0.0063464640554274]
Timestep: 369, Trans probs: [0.35480165094333277, 0.024250652341732303, 0.39577936660272306, 0.027051474529487435, 0.08765889136070248, 0.00599147521833149, 0.09778303006086306, 0.006683458942827419]
Timestep: 370, Trans probs: [0.3103179756049267, 0.020974975236871495, 0.4680861387744507, 0.031638821922506194, 0.06310114243830073, 0.004265124820699062, 0.09518227250168965, 0.006433548700555518]
Timestep: 371, Trans probs: [0.309546410777005, 0.020641719241630337, 0.47072601822336235, 0.031389781853736205, 0.06236870290196093, 0.004158979752132754, 0.09484384298012621, 0.006324544270046077]
Timestep: 372, Trans probs: [0.36734682017311093, 0.024234595123572605, 0.41462331660473206, 0.027353518949676348, 0.07335041939957293, 0.004839072012261326, 0.08279041084789324, 0.005461846889180695]
Timestep: 373, Trans probs: [0.31324199862349095, 0.020384077090704403, 0.47055796628973806, 0.030621340377872883, 0.06198557565228995, 0.0040336824505027066, 0.09311588658741526, 0.0060594729279856464]
Timestep: 374, Trans probs: [0.3266782373166849, 0.049240164394797004, 0.3730340990789757, 0.05622737686596307, 0.07904257908961156, 0.011914076739639713, 0.09025877426597091, 0.013604692248357154]
Timestep: 375, Trans probs: [0.3608637757913283, 0.02857964066348302, 0.4067001443522904, 0.03220978320111687, 0.07477613367675974, 0.005922110153616919, 0.08427408457320462, 0.006674327588200233]
Timestep: 376, Trans probs: [0.30972207099337906, 0.024241887626974906, 0.4596822489815499, 0.03597924225478933, 0.06360552044789054, 0.004978391995790254, 0.09440182481458785, 0.007388812885038257]
Timestep: 377, Trans probs: [0.3604089166861842, 0.027850183225556647, 0.410884998538014, 0.03175066421533663, 0.07335108864851561, 0.005668120748616089, 0.08362407409123462, 0.006461953846542238]
Timestep: 378, Trans probs: [0.36373481224881826, 0.027796212797574896, 0.40934080038485504, 0.03128137206301739, 0.07336596840560536, 0.005606546311292723, 0.08256477856075228, 0.006309509228084]
Timestep: 379, Trans probs: [0.3670173353564315, 0.027770259754716045, 0.407787680403584, 0.030855136034876714, 0.07335216672836918, 0.005550170325441976, 0.08150053700784807, 0.006166714388732559]
Timestep: 380, Trans probs: [0.3702698133649421, 0.027728135199119323, 0.4062403147703055, 0.030421832849175906, 0.07334767243315615, 0.005492735579183555, 0.08047315892734304, 0.00602633687677456]
Timestep: 381, Trans probs: [0.3612354050334027, 0.02671863109412107, 0.39141777318138665, 0.02895105778557001, 0.08565954219463345, 0.006335773503093027, 0.09281666965744993, 0.006865147550343223]
Timestep: 382, Trans probs: [0.3128527713786064, 0.022898172216960402, 0.45881592170236624, 0.03358143814653971, 0.06492107670799198, 0.00475167277061159, 0.09521035570958745, 0.0069685913673362965]
Timestep: 383, Trans probs: [0.3120982945951735, 0.022561151858820936, 0.4614146172967362, 0.03335502125769193, 0.06418257164911097, 0.004639668882342047, 0.09488926164434372, 0.0068594128157806935]
Timestep: 384, Trans probs: [0.31134998820200416, 0.022238225593470218, 0.46400591991823825, 0.03314170134849241, 0.06343821168188606, 0.0045310850042904185, 0.09454217724371185, 0.0067526910079066345]
Timestep: 385, Trans probs: [0.338533635300253, 0.04862007470373986, 0.37101365177199297, 0.05328484258074586, 0.07866115877713961, 0.011297286346850656, 0.08620816582860029, 0.012381184690677631]
Timestep: 386, Trans probs: [0.3529349310849239, 0.030285113100511536, 0.3820626351046578, 0.03278454212524474, 0.08930216575888456, 0.007662959803425292, 0.0966722694903288, 0.008295383532023535]
Timestep: 387, Trans probs: [0.3072210352360614, 0.02608193906231674, 0.45247187137081085, 0.03841320229729072, 0.06553495897432329, 0.005563677646963068, 0.09651919018024571, 0.008194125231988142]
Timestep: 388, Trans probs: [0.352910765220078, 0.02959627167071254, 0.386355804495682, 0.03240108400853157, 0.08753183307373802, 0.007340710929773657, 0.09582714702708588, 0.008036383574398238]
Timestep: 389, Trans probs: [0.30746180188732236, 0.025509809997045666, 0.4475639999224255, 0.03713395462283476, 0.06856026681930805, 0.005688379399234302, 0.09980136415333846, 0.008280423198491003]
Timestep: 390, Trans probs: [0.30681165084048423, 0.02515688339766808, 0.45018415187017846, 0.03691264717311642, 0.0677758678514559, 0.0055572518189711964, 0.09944740202136718, 0.00815414502675868]
Timestep: 391, Trans probs: [0.36019960779900334, 0.029184098868268286, 0.3987440811637238, 0.03230704985751266, 0.07883539078032226, 0.006387402398659294, 0.08727145943319287, 0.007070909699317593]
Timestep: 392, Trans probs: [0.36346584945937543, 0.029059559279140793, 0.39749439878352877, 0.03178018529597081, 0.0788143314068021, 0.0063013065435678604, 0.08619311917383905, 0.006891250057775172]
Timestep: 393, Trans probs: [0.36665676920958234, 0.028988636944321355, 0.39619320749683823, 0.03132384839557427, 0.07876778076090937, 0.006227542462424085, 0.08511300575289323, 0.006729208977457151]
Timestep: 394, Trans probs: [0.3698222855157721, 0.028918208851119363, 0.394895553156043, 0.03087880997928054, 0.07871091209829109, 0.006154790244038459, 0.08404736650502835, 0.006572073650427237]
Timestep: 395, Trans probs: [0.372993516280451, 0.028823455804346032, 0.39363414558133053, 0.030418481563400948, 0.07864378412196679, 0.0060772789257324804, 0.08299575573548781, 0.006413581987284292]
Timestep: 396, Trans probs: [0.3762032364114823, 0.028664483617825223, 0.39244196492303157, 0.029901779638544432, 0.078581607023373, 0.005987458291613743, 0.08197356450525409, 0.006245905588875677]
Timestep: 397, Trans probs: [0.3683101353745192, 0.027698714311937277, 0.3798269750297473, 0.028564836692908893, 0.08955887573411188, 0.00673526323280507, 0.09235932870150973, 0.006945870922460673]
Timestep: 398, Trans probs: [0.3447362385185025, 0.047223330325150054, 0.35150763702675586, 0.04815090321360725, 0.09074677350783698, 0.012430851133372103, 0.09252924514296447, 0.01267502113181083]
Timestep: 399, Trans probs: [0.3750198895449653, 0.033714704596025845, 0.378122940516901, 0.03399367232488994, 0.08184718496837173, 0.0073581528344354085, 0.08252441834704526, 0.007419036867365636]
Timestep: 400, Trans probs: [0.35188099290104696, 0.04609091957913451, 0.35088064883334247, 0.04595989011489462, 0.09084105085739518, 0.011898760245710937, 0.09058280358583885, 0.011864933882636588]
Timestep: 401, Trans probs: [0.3008050582554913, 0.03157121574431331, 0.43629234173922166, 0.04579138305892895, 0.06852561323168216, 0.007192156049155513, 0.09939061676473993, 0.010431615156467152]
Timestep: 402, Trans probs: [0.30029025783551366, 0.031093129292866558, 0.43900174091145927, 0.04545581327993121, 0.06778425599035502, 0.007018624749003149, 0.09909547715814915, 0.010260700782721966]
Timestep: 403, Trans probs: [0.36054847613040886, 0.03681634786767086, 0.3634988915384604, 0.037117620864807785, 0.09127722415021726, 0.009320505449853267, 0.09202415763174879, 0.0093967763668329]
Timestep: 404, Trans probs: [0.3681813345018531, 0.037151701979416224, 0.3671460657148071, 0.0370472371577626, 0.08662948091365777, 0.008741433516422705, 0.08638589225441934, 0.008716853961661093]
Timestep: 405, Trans probs: [0.3712842945357532, 0.03696176745695454, 0.3662461181959521, 0.03646021135824667, 0.08655305622107934, 0.008616453708962853, 0.08537856657417475, 0.008499531948876642]
Timestep: 406, Trans probs: [0.3024922011508826, 0.029732381542122086, 0.4371811088993001, 0.04297114267193427, 0.0698623372756674, 0.006866866846158689, 0.1009695257076682, 0.00992443590626679]
Timestep: 407, Trans probs: [0.30199012305550527, 0.0292740003012154, 0.4398969812417803, 0.042642269989104094, 0.06909475135723447, 0.006697834192651129, 0.10064757162972637, 0.009756468232782811]
Timestep: 408, Trans probs: [0.37254971314818636, 0.03561664073858559, 0.37151346249176886, 0.03551757270540188, 0.08445581476061818, 0.00807417723448089, 0.0842209000891119, 0.008051718831846355]
Timestep: 409, Trans probs: [0.3057417742423949, 0.028890097628827993, 0.4403394112581768, 0.04160847372784489, 0.06867575408220815, 0.006489297202139618, 0.09890909148808633, 0.009346100370321155]
Timestep: 410, Trans probs: [0.30519802663077333, 0.02846091253751751, 0.4429992920071733, 0.0413114207951666, 0.06791853814091271, 0.00633366996190681, 0.09858472757095063, 0.009193412355599109]
Timestep: 411, Trans probs: [0.365238414579532, 0.03367504800867928, 0.36816272255932264, 0.03394466973432657, 0.09072775952638396, 0.008365115869008883, 0.0914541779440002, 0.008432091778746573]
Timestep: 412, Trans probs: [0.305525515969989, 0.02779529785056895, 0.4385238705504622, 0.0398948727992058, 0.07085815693498772, 0.006446347274457433, 0.10170343102294307, 0.009252507597385653]
Timestep: 413, Trans probs: [0.3696094612533554, 0.03318172114241889, 0.3765561444626338, 0.03380536022442008, 0.08492935676288114, 0.007624540300875067, 0.08652557492948028, 0.007767840923935279]
Timestep: 414, Trans probs: [0.30927718344763955, 0.027386466049030243, 0.4390074113133596, 0.038874065752870016, 0.07041594018896363, 0.006235325004575003, 0.09995279727056511, 0.008850810972996873]
Timestep: 415, Trans probs: [0.3696621222429728, 0.032351889100036266, 0.38059774536875135, 0.033308947032989554, 0.08339921147042768, 0.007298886951550635, 0.08586638971442495, 0.007514808118846642]
Timestep: 416, Trans probs: [0.3129459595075908, 0.02702406004482855, 0.4393623389919011, 0.03794058964377027, 0.06996890412688755, 0.006042077901791849, 0.09823325861839008, 0.00848281116483996]
Timestep: 417, Trans probs: [0.3123602834493255, 0.026622100575265678, 0.4419528445510798, 0.037667122552321436, 0.06921727129249623, 0.0058993068438332, 0.09793424952101913, 0.008346821214659022]
Timestep: 418, Trans probs: [0.3706329474431906, 0.03120999167089832, 0.3855957205339398, 0.032469966065396545, 0.08140882382210449, 0.0068552154657404015, 0.08469536854738594, 0.007131966451343998]
Timestep: 419, Trans probs: [0.3735740381902826, 0.031125938513606517, 0.38450742352446343, 0.03203690085270766, 0.08131379201873251, 0.006775010659049305, 0.08369360145471748, 0.006973294786440509]
Timestep: 420, Trans probs: [0.3538923962451259, 0.04445999743397855, 0.36040315777243936, 0.04527795352421649, 0.08625393354718161, 0.010836202486594306, 0.08784079666737553, 0.011035562323088301]
Timestep: 421, Trans probs: [0.3699041314982974, 0.03605250905358737, 0.37277285384790043, 0.03633210754864167, 0.0839316652243449, 0.008180355023683444, 0.08458258156554178, 0.008243796238003151]
Timestep: 422, Trans probs: [0.3103847006914084, 0.029854853710939103, 0.4344090443211725, 0.041784335503739146, 0.06978700439197683, 0.006712575724273786, 0.09767268108390784, 0.009394804572582446]
Timestep: 423, Trans probs: [0.30986037050186754, 0.029402861971406322, 0.4370259107598506, 0.041469686850202025, 0.06905375320168694, 0.006552557755960345, 0.09739315594141555, 0.009241703017610745]
Timestep: 424, Trans probs: [0.3092788102763399, 0.029024248276488612, 0.4395520838606527, 0.04124973450661097, 0.06830264356539036, 0.006409856798825298, 0.09707282980535792, 0.009109792910334312]
Timestep: 425, Trans probs: [0.3720181616022624, 0.0344857247961847, 0.37879087137336975, 0.03511354846018244, 0.0814367324746647, 0.0075491065606210035, 0.08291931426955, 0.007686540463165016]
Timestep: 426, Trans probs: [0.37496580817722447, 0.034304902571547224, 0.37784370932074396, 0.034568196227091175, 0.08137317324996828, 0.0074446755394785595, 0.08199772072400675, 0.007501814189939375]
Timestep: 427, Trans probs: [0.37791591758039544, 0.034106703643400814, 0.3769183928013591, 0.03401667758090159, 0.08130078509464402, 0.007337351125489314, 0.08108618829171955, 0.007317983882090234]
Timestep: 428, Trans probs: [0.31455131685006066, 0.02802102869458515, 0.4422551011453763, 0.03939720552951443, 0.06708167119878289, 0.005975805322849214, 0.09431596592285223, 0.008401905335979041]
Timestep: 429, Trans probs: [0.31390830182705964, 0.02767522357698592, 0.44471553070277037, 0.03920763378579805, 0.06635306451982531, 0.005849911852971709, 0.09400273305911527, 0.008287600675473697]
Timestep: 430, Trans probs: [0.37880025140714413, 0.03302858302850153, 0.38167782270464834, 0.033279485983731864, 0.07935964224545239, 0.006919574428156432, 0.07996250094963067, 0.0069721392527346635]
Timestep: 431, Trans probs: [0.3817355904597644, 0.03283635751382623, 0.3807381913124745, 0.032750562644804596, 0.07926393477991228, 0.006818171963612439, 0.07905683388878212, 0.00680035743682338]
Timestep: 432, Trans probs: [0.3741570965660323, 0.03185083955299674, 0.36943623380487206, 0.031448967067515515, 0.08954383161525728, 0.007622590189826268, 0.08841402773329493, 0.0075264134702050095]
Timestep: 433, Trans probs: [0.3834262281405155, 0.0322324922766009, 0.3748286029878292, 0.0315097381560103, 0.08303070470106517, 0.006979925606489878, 0.08116889446798552, 0.006823413663503431]
Timestep: 434, Trans probs: [0.31650235200360016, 0.026293609017021505, 0.44363426961529456, 0.03685516381781512, 0.0679358441988318, 0.005643808061132686, 0.09522415372605, 0.00791079956025424]
Timestep: 435, Trans probs: [0.3834012513391359, 0.03145853134792397, 0.37861180667178673, 0.031065551683197537, 0.08158841650602161, 0.006694427181229616, 0.0805692148080945, 0.006610800462610128]
Timestep: 436, Trans probs: [0.3200250323478976, 0.025934783153948756, 0.44385998984478386, 0.03597035051565708, 0.0675129275999641, 0.005471238060808572, 0.09363732311519776, 0.007588355361742197]
Timestep: 437, Trans probs: [0.369478974772179, 0.04456775992192443, 0.3685328065193645, 0.044453630018962575, 0.07727332927578055, 0.009320961198548066, 0.07707544637596163, 0.009297091917279161]
Timestep: 438, Trans probs: [0.37218338957650077, 0.035218039501833304, 0.3675797973417291, 0.03478242228270108, 0.08743638981559224, 0.008273712144776622, 0.08635487598003513, 0.008171373356831867]
Timestep: 439, Trans probs: [0.3164294179299777, 0.02959847390809232, 0.43430989069162695, 0.04062488896183222, 0.06900761705126829, 0.006454899693313527, 0.09471524744598228, 0.008859564317906691]
Timestep: 440, Trans probs: [0.3768026995121219, 0.03483176529864922, 0.3758472667538515, 0.03474344478067574, 0.0814692074452508, 0.007531040293697925, 0.08126263156433405, 0.007511944351418927]
Timestep: 441, Trans probs: [0.3199586605355373, 0.029217668957049223, 0.43463201988753675, 0.03968929752972644, 0.06857755658198889, 0.006262297581638108, 0.09315579045834631, 0.008506708468176943]
Timestep: 442, Trans probs: [0.3713087711248459, 0.033478454035441814, 0.37401854083748143, 0.033722776033266635, 0.08567058642080351, 0.0077243496860833994, 0.08629580073945144, 0.007780721122625944]
Timestep: 443, Trans probs: [0.32019809168281255, 0.028493566911090923, 0.4305228956684263, 0.03831107446647969, 0.07146925234980984, 0.006359856528852196, 0.09609410634269945, 0.008551156049829034]
Timestep: 444, Trans probs: [0.37311293948745633, 0.03281100895708276, 0.37950488969762414, 0.03337310775721323, 0.08256861006922805, 0.007260963418413948, 0.08398312666361443, 0.007385353949367147]
Timestep: 445, Trans probs: [0.37589783198347804, 0.03266377447446102, 0.3786143761844637, 0.0328998295393777, 0.08247178019105521, 0.0071664143803477735, 0.08306778851342515, 0.007218204733391494]
Timestep: 446, Trans probs: [0.3786670218844702, 0.03251353875724579, 0.3777253751405584, 0.032432686012923206, 0.08236940308823931, 0.007072495424589028, 0.08216457173052027, 0.007054907961453859]
Timestep: 447, Trans probs: [0.3253062237790124, 0.027587730299435394, 0.4329770442454442, 0.03671879924007976, 0.07015968734993491, 0.005949921615448626, 0.09338134912105284, 0.007919244349591905]
Timestep: 448, Trans probs: [0.3246938052652369, 0.02721549664507933, 0.43543927198238036, 0.03649806634312479, 0.06942542689221307, 0.0058191669875708495, 0.09310481707008975, 0.007803948814304779]
Timestep: 449, Trans probs: [0.37960744198115237, 0.03146440110608461, 0.38232433846815433, 0.03168959563963908, 0.08047495487177787, 0.006670301946307462, 0.08105092388081972, 0.006718042106064569]
Timestep: 450, Trans probs: [0.38235133809239746, 0.03132169678290275, 0.3814096103217387, 0.031244551736590704, 0.08036045393289619, 0.006583018079602863, 0.08016252688624606, 0.0065668041676253605]
Timestep: 451, Trans probs: [0.3793261071029316, 0.030704169780194527, 0.37481172299490717, 0.030338757504291828, 0.08600149498744154, 0.006961304413272075, 0.08497798572992478, 0.006878457487036472]
Timestep: 452, Trans probs: [0.32626438173615674, 0.02613717897245031, 0.433171157094749, 0.03470152640763774, 0.07148598533770434, 0.005726772817955064, 0.09490973798614936, 0.007603259647197469]
Timestep: 453, Trans probs: [0.3256430161582045, 0.025798889727777503, 0.4356022542383445, 0.03451035018299504, 0.0707311891716283, 0.005603639750305246, 0.09461485098501721, 0.007495809785727719]
Timestep: 454, Trans probs: [0.32502767684679473, 0.025453964995678362, 0.438030572092549, 0.03430358595073182, 0.06999108299219245, 0.005481227302783322, 0.09432499540307829, 0.007386894416192098]
Timestep: 455, Trans probs: [0.38285107296413656, 0.029691411287387483, 0.3819170365370512, 0.029618973565065647, 0.08172975955039546, 0.006338422631134677, 0.0815303645950517, 0.006322958869777276]
Timestep: 456, Trans probs: [0.3855420751333163, 0.029560719509594397, 0.38099671969793447, 0.029212212859444035, 0.0816051401876066, 0.00625692191648037, 0.08064305487596178, 0.006183155819662017]
Timestep: 457, Trans probs: [0.3291573384568911, 0.02492966090883137, 0.4392006087431391, 0.033264098859982605, 0.06907224074752068, 0.005231381284468537, 0.09216434403614808, 0.006980326963018511]
Timestep: 458, Trans probs: [0.3284722819381088, 0.024651010940068413, 0.4415423566632176, 0.03313663302238521, 0.06832812421781514, 0.005127852273164049, 0.09184872713002852, 0.00689301381521229]
Timestep: 459, Trans probs: [0.38631113044055576, 0.028700301069170465, 0.38537748745784306, 0.028630937717758834, 0.07967424653840398, 0.0059192570001898315, 0.07948168853185969, 0.005904951244218478]
Timestep: 460, Trans probs: [0.33176971195544813, 0.024402626489444922, 0.4415967734039264, 0.03248072603374696, 0.06783254849374312, 0.004989281073801739, 0.09028742970553257, 0.006640902844356052]
Timestep: 461, Trans probs: [0.3311413179738079, 0.024062570925338995, 0.44401201768415466, 0.03226438407807786, 0.06711384416648787, 0.004876865397558146, 0.0899898374060927, 0.006539162368481918]
Timestep: 462, Trans probs: [0.3801296706423363, 0.0273401307784286, 0.3827738094901664, 0.02753030562527452, 0.0847050018212071, 0.0060922522134764165, 0.0852942002006509, 0.0061346292284597806]
Timestep: 463, Trans probs: [0.330983049988861, 0.023593266789502583, 0.4394803668049008, 0.03132721613123522, 0.07002192491233111, 0.004991330993012311, 0.09297533890600185, 0.0066275054741550795]
Timestep: 464, Trans probs: [0.3800379691223671, 0.02680225805400511, 0.38624345413284056, 0.02723990119525508, 0.08324015334986744, 0.005870529399181546, 0.08459934786686528, 0.005966386879617759]
Timestep: 465, Trans probs: [0.3308497925359057, 0.02306537123092078, 0.4350687286694002, 0.030331050416588682, 0.07296292371201547, 0.0050866494689681555, 0.09594652067355906, 0.006688963292641881]
Timestep: 466, Trans probs: [0.37896726067862035, 0.026127952214383972, 0.38870721538260894, 0.02679947479029294, 0.08284894918237944, 0.0057120327000618285, 0.08497827563359954, 0.00585883941805292]
Timestep: 467, Trans probs: [0.3815952317993427, 0.026043802015464555, 0.38776827933132435, 0.026465111335806178, 0.08270460407832275, 0.0056445735032555275, 0.08404251244180483, 0.005735885494679162]
Timestep: 468, Trans probs: [0.33487699760199713, 0.022632065263114266, 0.43615898264436515, 0.0294770277773236, 0.07194922109216402, 0.004862559922146121, 0.09370992722202315, 0.006333218476866409]
Timestep: 469, Trans probs: [0.33422899610977114, 0.022352654384637006, 0.43850783722934594, 0.02932664204670923, 0.07118397925599258, 0.004760660818039226, 0.09339325178917765, 0.006245978366327143]
Timestep: 470, Trans probs: [0.3335775649410134, 0.02207941708332163, 0.44084067134177063, 0.02917913574783617, 0.0704274517180904, 0.004661575729393506, 0.09307366069952336, 0.006160522739050887]
Timestep: 471, Trans probs: [0.33295717801933805, 0.02177525901173169, 0.4432026413300511, 0.02898526581422721, 0.06969004231405679, 0.00455769937429909, 0.09276511475658619, 0.006066799379709897]
Timestep: 472, Trans probs: [0.3322633025698603, 0.021533292522755494, 0.44545525424826804, 0.02886902712799461, 0.06896230592661515, 0.004469303396059912, 0.09245565574798383, 0.005991858460462763]
Timestep: 473, Trans probs: [0.3315672197355346, 0.02129334331755081, 0.44769269151290497, 0.028750954900627044, 0.06824652285813715, 0.004382811553586314, 0.09214864343081484, 0.00591781269084432]
Timestep: 474, Trans probs: [0.382018167482052, 0.024262354587905696, 0.391745367752164, 0.024880138772507655, 0.08221244234160932, 0.005221394157186496, 0.08430579014394769, 0.005354344762627356]
Timestep: 475, Trans probs: [0.3314053879013619, 0.020824987126081673, 0.443233467956147, 0.027852085696272903, 0.07111978664827918, 0.0044690542019821, 0.09511815687740217, 0.005977073592473048]
Timestep: 476, Trans probs: [0.3307552774324514, 0.020578614759096954, 0.44549887156117934, 0.027717621694916747, 0.07037882336950983, 0.004378762160840961, 0.09479421352339089, 0.005897815498613862]
Timestep: 477, Trans probs: [0.33013815798438845, 0.020301801683333842, 0.44779705886736704, 0.02753721998998781, 0.06965411281113945, 0.004283370311853458, 0.09447834520334057, 0.005809933148589497]
Timestep: 478, Trans probs: [0.3831646665117818, 0.023271847032685263, 0.39647901954729214, 0.024080506113916156, 0.08015637536383484, 0.004868368795963358, 0.08294167988931918, 0.005037536745207248]
Timestep: 479, Trans probs: [0.33337005649086604, 0.020016517472687994, 0.44793132705938665, 0.026895112683565783, 0.06914723190446244, 0.004151802924872479, 0.09290939826894037, 0.00557855319521814]
Timestep: 480, Trans probs: [0.3327098717292599, 0.019768337385403144, 0.45017051078289805, 0.026747395536725116, 0.06843725874053645, 0.004066277966095214, 0.09259850200320709, 0.005501845855874985]
Timestep: 481, Trans probs: [0.3814239867636364, 0.022390851068985876, 0.3982196630279173, 0.023376812882838587, 0.0806777319949967, 0.0047360500240457, 0.08423030633575009, 0.0049445979018292825]
Timestep: 482, Trans probs: [0.33252042428167555, 0.019295774886747722, 0.44572479651292285, 0.025864893422815095, 0.07131494862711789, 0.004138323826999513, 0.09559364972488207, 0.005547188716839331]
Timestep: 483, Trans probs: [0.3318979806088127, 0.019054165575760482, 0.4479810891333094, 0.025718462738151843, 0.07057251862280411, 0.004051547564316951, 0.09525563758336734, 0.00546859817347717]
Timestep: 484, Trans probs: [0.3312965854840103, 0.018795792993083336, 0.45025527700435797, 0.025544799890567422, 0.06984109694557361, 0.003962367431831631, 0.09491894522720697, 0.005385135023368673]
Timestep: 485, Trans probs: [0.33061961567771314, 0.018611888325757584, 0.4524154993844117, 0.025468261264911172, 0.06910655285878536, 0.0038902817116561023, 0.09456449085228966, 0.005323409924475275]
Timestep: 486, Trans probs: [0.38187886962322437, 0.021263138824171784, 0.4022406438499886, 0.022396888990860227, 0.07945032562231087, 0.0044238197965748545, 0.08368661550700783, 0.004659697785861402]
Timestep: 487, Trans probs: [0.3303699949136491, 0.018208796063760774, 0.44789761480693757, 0.024686492269360313, 0.07194968574493983, 0.003965605759456813, 0.0975454585083927, 0.00537635193350296]
Timestep: 488, Trans probs: [0.32971199268892154, 0.0180401862893171, 0.4500517516625391, 0.024624574234052385, 0.07118849985796827, 0.0038950776058256603, 0.09717119719553215, 0.005316720465843915]
Timestep: 489, Trans probs: [0.32903906847658887, 0.017879137792560364, 0.4521749559450329, 0.024570025623754668, 0.07044347892278609, 0.003827717699539456, 0.09680545573508993, 0.005260159804647703]
Timestep: 490, Trans probs: [0.36074493980973754, 0.041723449017508386, 0.3833297059615304, 0.04433558361766014, 0.07381752789093506, 0.008537671694522813, 0.07843894158616109, 0.009072180421944673]
Timestep: 491, Trans probs: [0.32460446939751153, 0.02168023976090573, 0.4419922831150184, 0.02952053829754566, 0.07232075630092587, 0.004830282648924388, 0.09847435635553865, 0.0065770741236297866]
Timestep: 492, Trans probs: [0.3708343104562643, 0.024482181062294262, 0.3974942923718606, 0.026242251492595233, 0.0819255163635591, 0.005408656288483201, 0.08781529711764058, 0.005797494847302706]
Timestep: 493, Trans probs: [0.32774328410928066, 0.021441530738229193, 0.4422107755348512, 0.02893019139103142, 0.07178491723623888, 0.004696293056454635, 0.09685648939844559, 0.00633651853546839]
Timestep: 494, Trans probs: [0.3707912151083739, 0.02397473242297012, 0.4008912785937907, 0.02592095158505669, 0.08052458802286402, 0.005206583577644395, 0.08706140743191293, 0.0056292432573874]
Timestep: 495, Trans probs: [0.3733778647169954, 0.023865930747284356, 0.3999735846606673, 0.02556590193017956, 0.08042069057739738, 0.005140408185213945, 0.08614905952046338, 0.0055065596617984765]
Timestep: 496, Trans probs: [0.33160575408848664, 0.020963860994165615, 0.44339289851714025, 0.02803095837665452, 0.0708316017477077, 0.00447791944115905, 0.09470954233546654, 0.0059874644992196115]
Timestep: 497, Trans probs: [0.33104482347003483, 0.020685838208283628, 0.445624867734603, 0.027845546167799176, 0.07012385319106608, 0.004381795390868351, 0.09439486917740031, 0.005898406659944487]
Timestep: 498, Trans probs: [0.3304143807157519, 0.020491974936739484, 0.4477534096854458, 0.02776922611309449, 0.06939538410822317, 0.004303833473563233, 0.0940395505291844, 0.0058322404379974515]
Timestep: 499, Trans probs: [0.37697288491629777, 0.023183029189432366, 0.4072932728128702, 0.025047668440070316, 0.07584910773121054, 0.004664558510396544, 0.08194974377173066, 0.005039734627991539]
