45.0,0.5,0
116.0,0.33333333333333326,1
30.0,0.5569620253164557,0
72.0,0.31666666666666665,0
131.0,0.2871495548349384,1
88.0,0.4679091680804817,0
127.0,0.28028187121463943,1
42.0,0.49591959478915415,0
123.0,0.2810708234246278,1
130.0,0.5171234409376357,1
74.0,0.47614785022433315,0
63.0,0.3516756301188131,0
85.0,0.34426474039320293,0
49.0,0.3051389842867036,0
72.0,0.28016218745537835,0
148.0,0.2563194671238986,1
101.0,0.3940106633838084,0
46.0,0.35436386713505574,0
90.0,0.2415554362541958,0
50.0,0.2368744785806327,0
93.0,0.21910094066547636,0
96.0,0.20461537373057606,0
92.0,0.19168114461878,0
113.0,0.179366491413175,1
83.0,0.2976675557990804,0
52.0,0.19441437947008253,0
38.0,0.1902094890610707,0
154.0,0.17875835751395625,1
94.0,0.29426996119401105,0
23.0,0.19102731582660537,0
127.0,0.18929186475815418,1
84.0,0.3053744676619182,0
124.0,0.19622057371898233,1
144.0,0.3287309242636037,1
48.0,0.32966105403976087,0
119.0,0.22805725938654695,1
32.0,0.3610895343773412,0
108.0,0.23454980277478413,1
146.0,0.3774149233117177,1
35.0,0.3718376069596019,0
94.0,0.2625620290847366,0
125.0,0.26385028089160717,1
81.0,0.38540480929308596,0
76.0,0.254571634208304,0
132.0,0.2622508604387005,1
128.0,0.3809461770620152,1
125.0,0.3762474868685881,1
136.0,0.39703354385650413,1
28.0,0.4138070585668217,0
24.0,0.29419027957966093,0
101.0,0.2885214961002207,0
77.0,0.3775971250418406,0
98.0,0.26065727886877516,0
57.0,0.2511229903984147,0
24.0,0.24012857063762189,0
39.0,0.22951366354234048,0
46.0,0.21947470779041825,0
90.0,0.2100649352522982,0
69.0,0.20133240787117287,0
114.0,0.19297784140437704,1
74.0,0.2984838951252724,0
91.0,0.20889887339879631,0
29.0,0.19871288479896856,0
39.0,0.19089925603493396,0
150.0,0.18340675993131123,1
103.0,0.2892364625343459,0
126.0,0.2866405033366308,1
45.0,0.30824411621720454,0
30.0,0.2124017649253796,0
101.0,0.2057593130041903,0
73.0,0.2821013804420811,0
28.0,0.18925929208478096,0
79.0,0.1809828069844802,0
82.0,0.17287797322707626,0
124.0,0.16570604762839533,1
115.0,0.2678773069536881,1
28.0,0.28063124487276486,0
136.0,0.19182750261218,1
91.0,0.2972031057693846,0
51.0,0.20458610859335072,0
68.0,0.19687174840608157,0
147.0,0.18808808688062595,1
133.0,0.29665304417688293,1
67.0,0.3070713813346967,0
148.0,0.21178240070560606,1
111.0,0.3255152528378016,1
121.0,0.3343575961763363,1
72.0,0.3457881090629497,0
54.0,0.2420996938198948,0
130.0,0.22981471188247093,1
67.0,0.34764444348415474,0
136.0,0.24393564855128297,1
142.0,0.3655878470261618,1
90.0,0.37155868702836004,0
39.0,0.26317464714623645,0
136.0,0.2537355102399976,1
94.0,0.37432163481807984,0
56.0,0.26140219037385487,0
80.0,0.25493425668797837,0
101.0,0.24361746624458724,0
29.0,0.3273173956023156,0
50.0,0.22399638383762951,0
110.0,0.21414543961031637,1
125.0,0.32706250761083244,1
69.0,0.33663732343225894,0
95.0,0.23564787951558955,0
122.0,0.2250312998661676,1
150.0,0.33863058114178896,1
123.0,0.3482644212503967,1
39.0,0.35849642431427453,0
38.0,0.25284855868650397,0
92.0,0.23989272327030453,0
149.0,0.2297842454409249,1
117.0,0.34477425640396725,1
25.0,0.3584232812481862,0
149.0,0.253090714885144,1
98.0,0.36846581520271043,0
104.0,0.2621557868923188,0
66.0,0.34961075065690195,0
145.0,0.24290732001190124,1
138.0,0.35798388894161276,1
41.0,0.36761514143149404,0
155.0,0.2605720585136751,1
85.0,0.3789129861390954,0
103.0,0.26802335860018517,0
106.0,0.36005837124978324,1
126.0,0.37428556969168403,1
85.0,0.3838540375132467,0
73.0,0.2740062606417981,0
122.0,0.26595034174077015,1
80.0,0.3845384173439807,0
31.0,0.270990290060115,0
115.0,0.26530277381679185,1
125.0,0.3839407593770388,1
25.0,0.38662832175466216,0
118.0,0.276735107854707,1
146.0,0.4021503532531794,1
39.0,0.40292891378399187,0
37.0,0.29041256444065877,0
99.0,0.28511061622450024,0
37.0,0.2738160452431371,0
117.0,0.26296963583658356,1
98.0,0.3820014820722484,0
47.0,0.2695523971978698,0
105.0,0.26333033171100195,1
66.0,0.3812224428022981,0
77.0,0.2670607991345742,0
91.0,0.2629608903254955,0
48.0,0.2524356695341952,0
48.0,0.24248525287098094,0
140.0,0.23282173579767468,1
72.0,0.3465944741043495,0
82.0,0.24172955560755766,0
40.0,0.2358275483644995,0
82.0,0.226888143433292,0
94.0,0.21855645288206318,0
148.0,0.21068034103735578,1
44.0,0.3192074955582031,0
48.0,0.2216011289533404,0
65.0,0.2154914484295252,0
148.0,0.207686160976861,1
35.0,0.31469939832615496,0
135.0,0.21719791343243436,1
34.0,0.3301292435254226,0
103.0,0.22590696299194582,0
101.0,0.31525642040157037,0
149.0,0.29998413564185855,1
76.0,0.3188726106539776,0
101.0,0.22205343271380962,0
23.0,0.3101508068145343,0
119.0,0.20624399377233352,1
129.0,0.31966944646278417,1
107.0,0.3198865979737384,1
76.0,0.3298572878412329,0
29.0,0.2308849816978354,0
25.0,0.22471024002557446,0
86.0,0.21619722281595982,0
115.0,0.20799496432995654,1
131.0,0.31723633641430216,1
68.0,0.3238317325578732,0
107.0,0.22622392650022022,1
110.0,0.3402909737756295,1
79.0,0.34597471233284877,0
50.0,0.2435879849881796,0
137.0,0.23563927563955733,1
79.0,0.35087137464564544,0
130.0,0.24450430743211388,1
42.0,0.36579392528581994,0
62.0,0.2526036568987443,0
44.0,0.2501675808359333,0
37.0,0.24012135974459886,0
73.0,0.23102856577995537,0
105.0,0.222340149711046,1
121.0,0.3324283430795249,1
64.0,0.33675267046971835,0
72.0,0.23644299999302107,0
101.0,0.23043940127834456,0
130.0,0.3132851335794435,1
139.0,0.3292928210977328,1
41.0,0.33899618908810936,0
88.0,0.2378210839620462,0
57.0,0.23037051411098455,0
24.0,0.22182633344517114,0
37.0,0.21378762215477434,0
90.0,0.20609759795649835,0
118.0,0.19849772868218454,1
59.0,0.303831751839028,0
93.0,0.21203082149510125,0
68.0,0.20394996181395056,0
74.0,0.19647456713529868,0
66.0,0.18947549876993675,0
69.0,0.1829486760389677,0
97.0,0.17603778443184342,0
54.0,0.16964520411938208,0
103.0,0.16384139594141028,0
88.0,0.2306339981866209,0
88.0,0.15682698776806808,0
33.0,0.14677322508699206,0
41.0,0.1412605234516417,0
109.0,0.13579322669359126,1
25.0,0.22737502469680138,0
145.0,0.15878312396725447,1
132.0,0.25138281310275074,1
115.0,0.2628756714329532,1
140.0,0.27154865829776575,1
30.0,0.28002758317591897,0
39.0,0.19230276363367968,0
97.0,0.17800474947279382,0
47.0,0.1709322008405266,0
98.0,0.16425342782399383,0
126.0,0.1580575056150494,1
153.0,0.2559527540185092,1
129.0,0.2744080491648989,1
56.0,0.2836320062873235,0
81.0,0.1953922485257997,0
41.0,0.17855981745850463,0
66.0,0.1706386753797849,0
127.0,0.16438237564783983,1
129.0,0.2636617400036319,1
80.0,0.2843484258274694,0
36.0,0.19768062854443663,0
98.0,0.1810086759134835,0
52.0,0.1722346352251026,0
117.0,0.16536994331746108,1
26.0,0.26581350628604455,0
30.0,0.1928708447213354,0
105.0,0.17841449136243587,1
126.0,0.28255267955865365,1
71.0,0.3005423449138447,0
35.0,0.20953983375168692,0
85.0,0.19346843146873013,0
142.0,0.18472767809765506,1
101.0,0.28942774587486775,0
91.0,0.296396511173447,0
137.0,0.2021474976559899,1
109.0,0.30295063611081513,1
113.0,0.317843633630139,1
141.0,0.3264426829161924,1
90.0,0.33445876841244176,0
108.0,0.2346663653578576,1
30.0,0.340134683072709,0
42.0,0.24693841995552004,0
77.0,0.23127698122309098,0
125.0,0.22072098224250855,1
51.0,0.3342182376976266,0
125.0,0.24152813394828349,1
62.0,0.35318465659367626,0
131.0,0.2529963676791677,1
154.0,0.37055502880575253,1
141.0,0.3775354896169998,1
119.0,0.3858358629633681,1
91.0,0.3942023881586302,0
38.0,0.2833703088017618,0
101.0,0.26814318574607493,0
144.0,0.35521949662002833,1
68.0,0.37940983224236186,0
58.0,0.2719158007178412,0
110.0,0.2579862809421993,1
25.0,0.376426357544614,0
91.0,0.27083045578038817,0
150.0,0.2593464481351007,1
93.0,0.3785591067612748,0
128.0,0.2702662177972101,1
62.0,0.3924852241450033,0
116.0,0.277709223108467,1
52.0,0.40482545486771504,0
74.0,0.2837310337237745,0
87.0,0.2815940862098891,0
114.0,0.270146554488721,1
92.0,0.3894284943531412,0
136.0,0.2717540874042386,1
130.0,0.4010386591302875,1
21.0,0.39674806751246705,0
28.0,0.28609239351026794,0
42.0,0.2841513967527619,0
118.0,0.2731714463369203,1
31.0,0.39214856292976247,0
138.0,0.2729939856926772,1
30.0,0.4031910605225708,0
70.0,0.27771412491372516,0
103.0,0.28127119802896056,0
96.0,0.37214694372328544,0
75.0,0.2537519805915578,0
119.0,0.25270825822758664,1
66.0,0.36708750391316947,0
121.0,0.25320559528444453,1
123.0,0.3784889964375772,1
147.0,0.37236875939795006,1
60.0,0.3820385775394602,0
85.0,0.27347318441677826,0
57.0,0.2719172706172531,0
153.0,0.2628355155170579,1
145.0,0.3782455997667517,1
47.0,0.3779627547557532,0
101.0,0.27065391647676473,0
107.0,0.36879836082929257,1
82.0,0.37575461385072284,0
49.0,0.26852274787576,0
100.0,0.266804657545785,0
105.0,0.3569240888259951,1
64.0,0.3647465581362221,0
153.0,0.2595446859383363,1
59.0,0.3827613021131678,0
93.0,0.2638536683338678,0
66.0,0.26613911821034303,0
69.0,0.256413990547943,0
90.0,0.24809265384021448,0
52.0,0.2400445776689858,0
72.0,0.2321569686955256,0
87.0,0.22429911966874122,0
145.0,0.21646837616203718,1
140.0,0.3246496652099997,1
155.0,0.32821460091408977,1
53.0,0.3360037549633566,0
24.0,0.2363665538274296,0
27.0,0.2287353815671694,0
40.0,0.2208366923221319,0
90.0,0.2133693281313683,0
128.0,0.20593824825803408,1
88.0,0.31348533189728817,0
95.0,0.21986079669915154,0
60.0,0.21167398337721238,0
61.0,0.20379007396594387,0
24.0,0.1960133732308162,0
44.0,0.18813917984014553,0
79.0,0.1810444982107333,0
67.0,0.17381221528013774,0
109.0,0.16688545896970064,1
150.0,0.26966435380806925,1
148.0,0.28124503969212444,1
66.0,0.28856873806057304,0
156.0,0.1993765682875707,1
134.0,0.30144930081395804,1
83.0,0.3140292195519093,0
40.0,0.21913631242291992,0
125.0,0.20603935028764883,1
49.0,0.3135198605513218,0
89.0,0.22224512693951734,0
122.0,0.21160783503263939,1
61.0,0.32273032360248677,0
30.0,0.22709194134842184,0
121.0,0.21761867701661697,1
80.0,0.32970109155502375,0
103.0,0.2303159319542791,0
151.0,0.3141231917949337,1
72.0,0.3325751424355555,0
72.0,0.2333142148533701,0
32.0,0.227082461304408,0
138.0,0.21763043159618262,1
114.0,0.32919100935231616,1
86.0,0.33270376362053805,0
141.0,0.23372122902084086,1
31.0,0.3508328711954062,0
78.0,0.242769894847701,0
121.0,0.23870754455810883,1
65.0,0.3527220388705638,0
46.0,0.24275932482462628,0
150.0,0.24068865258636307,1
105.0,0.35544625967600013,1
50.0,0.35296802734624194,0
135.0,0.2506570377140138,1
50.0,0.37534838542513865,0
58.0,0.2572719727741061,0
101.0,0.25786132800321165,0
36.0,0.3442969475071905,0
111.0,0.23216114113858097,1
46.0,0.35318972813333344,0
56.0,0.24128107045318575,0
104.0,0.24034100935763145,0
59.0,0.32361101809211845,0
117.0,0.21681700778529825,1
135.0,0.3329917671505946,1
38.0,0.3323725931756019,0
133.0,0.23389943521514878,1
109.0,0.3534279817346623,1
90.0,0.35270581001531714,0
142.0,0.24976930592315258,1
127.0,0.37305631805277284,1
39.0,0.3707782216319435,0
52.0,0.26449623333136646,0
144.0,0.2613012722045688,1
115.0,0.3783775561576982,1
60.0,0.3777463751129997,0
109.0,0.27001767243328717,1
139.0,0.39654506120918015,1
96.0,0.39401717931074254,0
133.0,0.2835304064050327,1
117.0,0.4128811393010843,1
88.0,0.4086358059647915,0
56.0,0.29604407992056536,0
35.0,0.29429141543664283,0
89.0,0.2833038653542517,0
32.0,0.27323802493674554,0
98.0,0.26370059194862455,0
44.0,0.2544673432314431,0
54.0,0.24541527894535634,0
58.0,0.23659049806771262,0
55.0,0.2279738839700105,0
143.0,0.21946213367019185,1
95.0,0.32989661209047355,0
98.0,0.23239892227154385,0
110.0,0.22367492555587923,1
59.0,0.33555977992909364,0
84.0,0.23466331631110002,0
27.0,0.22765697326156142,0
28.0,0.21910981047454428,0
80.0,0.211087996885334,0
33.0,0.20334640454006714,0
45.0,0.19565613821793013,0
40.0,0.18817114626723783,0
127.0,0.18080227116372546,1
68.0,0.2834955911763404,0
61.0,0.19787240843980158,0
98.0,0.1892361655437423,0
30.0,0.18174975629522572,0
93.0,0.1748572822572945,0
97.0,0.16798721919619566,0
31.0,0.1618976862380564,0
149.0,0.15562080533624875,1
65.0,0.2550179498753846,0
86.0,0.17751708769895694,0
98.0,0.16830040746543404,0
79.0,0.16115870240223534,0
55.0,0.1548209739301488,0
116.0,0.14811916043848844,1
96.0,0.24628628919935047,0
144.0,0.17057114244252777,1
49.0,0.27032855028104846,0
124.0,0.18556419841240487,1
37.0,0.29172851602203237,0
22.0,0.19857636631072892,0
149.0,0.1936654306165374,1
60.0,0.3027411657935929,0
76.0,0.20479048294215624,0
63.0,0.20112858081308402,0
66.0,0.19179663308091935,0
21.0,0.18289028678944186,0
30.0,0.1743110348642148,0
74.0,0.16617205668913423,0
48.0,0.15865071493765012,0
141.0,0.15176128537382733,1
110.0,0.2525845195931406,1
51.0,0.25841948319137664,0
93.0,0.17651550102571353,0
76.0,0.16842937742105188,0
55.0,0.1610019680909855,0
107.0,0.15419774599702882,1
76.0,0.25190489951419515,0
117.0,0.17175749316161956,1
105.0,0.2757941427182173,1
60.0,0.2800004132771018,0
122.0,0.19275404823045517,1
84.0,0.3024687419832388,0
55.0,0.20566266010255513,0
85.0,0.20123232803507862,0
120.0,0.1928448265682795,1
93.0,0.2978898782291316,0
135.0,0.20174983736803584,1
148.0,0.3155113383436031,1
44.0,0.31382418386171296,0
75.0,0.2193108365575081,0
109.0,0.2161471791040497,1
104.0,0.3258091238914619,0
52.0,0.3119777298843043,0
135.0,0.21373449606530212,1
97.0,0.33062934388144727,0
137.0,0.22243093788040785,1
82.0,0.3444415686526003,0
96.0,0.2299154185299845,0
139.0,0.2345794853693227,1
100.0,0.34446532639537786,0
132.0,0.3233961852175698,1
141.0,0.34081348645030474,1
33.0,0.3483218480878978,0
69.0,0.2461894199983937,0
150.0,0.25033826156522876,1
109.0,0.363430876198819,1
56.0,0.3554307390791236,0
52.0,0.2534900499056325,0
124.0,0.2560547376809164,1
