4859.1714864829555,0.5,0
756.0,0.4545454545454545,1
3542.0,0.6161137440758293,1
3248.0,0.6250000000000001,1
1971.0,0.6801271110022881,1
2028.0,0.7757768991003426,1
4437.0,0.8121670613315621,0
2461.0,0.6652244017037938,1
1512.0,0.7457273543929113,1
1449.0,0.7681163626402161,1
1230.0,0.7883193835972239,1
4321.0,0.8055100498209302,0
696.0,0.6922734061989664,1
2460.0,0.7671651261885013,1
1806.0,0.7787768352758276,1
860.0,0.7926160208137453,1
2068.0,0.8047083490361184,1
1530.0,0.8156445739460547,1
2262.0,0.8253556975807681,1
1140.0,0.834135068364283,1
1060.0,0.8421041666296774,1
3000.0,0.8494064077559287,1
870.0,0.8169065974357455,1
2760.0,0.8600778914162444,1
2828.0,0.8677053861861403,1
1896.0,0.8730218074887723,1
2835.0,0.8778327004138637,1
3875.0,0.8822927287382912,0
1743.0,0.8147437068628975,1
2772.0,0.8570672271821571,1
2465.0,0.862221862244288,1
1593.0,0.8666138267388344,1
3051.0,0.8707420935344563,1
2125.0,0.8395364455562286,1
3120.0,0.877015147249278,1
2457.0,0.8482383476016192,1
2852.0,0.8835503743963536,1
725.0,0.8880353881416025,1
506.0,0.891037197298678,1
2639.0,0.8938269087421429,1
2044.0,0.8964759737790571,1
1380.0,0.8989974267839235,1
4023.0,0.9013994108321415,0
2600.0,0.8493045202774138,1
2070.0,0.8838128350303845,1
2256.0,0.8869438677129591,1
1311.0,0.8894122180326478,1
1440.0,0.8917678660942534,1
2760.0,0.89402565185996,1
3625.0,0.8961919521208024,0
4350.0,0.8461757618236908,0
2460.0,0.826603002041563,1
1344.0,0.8663130686366647,1
3450.0,0.8720105851051067,1
720.0,0.8396193036103679,1
1976.0,0.873726396081804,1
2208.0,0.8789322253537135,1
3321.0,0.8813655732714722,1
3240.0,0.8504312303898109,1
3030.0,0.8487263137711091,1
728.0,0.8505597888574463,1
2967.0,0.8853622693442342,1
2460.0,0.8906628356214021,1
2400.0,0.8927909604961137,1
1672.0,0.8945288479603162,1
1898.0,0.8961775059620604,1
1700.0,0.8977718272603965,1
2862.0,0.8993176618811032,1
3444.0,0.9008175382767936,1
2750.0,0.8738086949423484,1
667.0,0.900269218636548,1
2856.0,0.9046461124772694,1
3614.0,0.9063448736568266,0
2262.0,0.8648604735214394,1
920.0,0.8933078459144643,1
3059.0,0.8971312664312577,1
2220.0,0.8693691825778663,1
3256.0,0.8973204433977062,1
3528.0,0.8723545574102393,1
2352.0,0.8707718570467138,1
1150.0,0.9007631947020174,1
2352.0,0.9047646371814786,1
2470.0,0.9062125658647455,1
2660.0,0.9073837207509388,1
2054.0,0.9085026034869287,1
2560.0,0.9095926187768608,1
1080.0,0.910656516000644,1
3186.0,0.9116953488675661,1
3150.0,0.886905097623997,1
2645.0,0.8846812506080545,1
1014.0,0.9115427111931664,1
1113.0,0.9152815313860541,1
920.0,0.9165121798044251,1
3483.0,0.9174533598607202,1
1533.0,0.8940103035377174,1
1470.0,0.9164829564842202,1
2328.0,0.9197545232900626,1
2961.0,0.9208598709066069,1
1674.0,0.9217064049216054,1
3074.0,0.9225100222607607,1
3212.0,0.9002738229120547,1
1760.0,0.8978446933461883,1
1014.0,0.9217367490955618,1
754.0,0.9251882145197171,1
3410.0,0.9262323401670478,1
1160.0,0.9049507343431678,1
2898.0,0.9250356027865256,1
1650.0,0.9280428528650262,1
1659.0,0.9289929420484819,1
1350.0,0.929683549833477,1
750.0,0.930331221690318,1
2125.0,0.9309679391344599,1
1428.0,0.9315885872751145,1
2645.0,0.9321994081589385,1
3024.0,0.932801801457231,1
1080.0,0.9131194831997752,1
2645.0,0.9314218964618112,1
2408.0,0.9342209911938174,1
1550.0,0.9350643023243104,1
1404.0,0.9356487023806247,1
1296.0,0.9361960385102538,1
2781.0,0.9367264421076086,1
3020.0,0.9372478014714387,1
3312.0,0.9187072351457057,1
3020.0,0.916195592135683,1
2996.0,0.9163204510022885,1
2064.0,0.9363363075810054,1
1026.0,0.9393660177423329,1
3861.0,0.940175483854351,0
1562.0,0.9132713037366709,1
462.0,0.9316292027920893,1
2610.0,0.9340621142511449,1
1416.0,0.934776720104064,1
1350.0,0.9352973558956325,1
925.0,0.9357940823305421,1
1860.0,0.9362813090322072,1
3770.0,0.9367564463310798,0
1269.0,0.9093676749506339,1
3080.0,0.928891073798801,1
2310.0,0.9101949792002615,1
1276.0,0.9298635176779135,1
2133.0,0.9320900188508686,1
2030.0,0.932734757044623,1
3150.0,0.9332312415624253,1
650.0,0.9135197399734633,1
1239.0,0.9323027972203608,1
2100.0,0.934461710309484,1
3146.0,0.935076464454579,1
3197.0,0.9158616807871208,1
1769.0,0.9140550740538269,1
540.0,0.9343396263268229,1
1302.0,0.936651066626027,1
672.0,0.9372573384274042,1
3045.0,0.9376945372931803,1
1800.0,0.9191469646849785,1
2596.0,0.9366799922914604,1
1672.0,0.9387407427000616,1
2233.0,0.9393015616749189,1
1876.0,0.9397075368279322,1
1305.0,0.9400979301373537,1
1704.0,0.9404796853600084,1
2860.0,0.9408598539349071,1
2340.0,0.9412323915612607,1
2064.0,0.9416033272263187,1
2553.0,0.9419690536887488,1
2622.0,0.9423296314841296,1
3302.0,0.9426864091855169,1
1305.0,0.9254681793072054,1
2889.0,0.9416068365765918,1
3850.0,0.9435535596341638,0
1512.0,0.9197085499995473,1
2187.0,0.9371997855343134,1
1750.0,0.9390124380764516,1
1794.0,0.9394985264206898,1
621.0,0.9398685459816645,1
2950.0,0.9402234100151038,1
2475.0,0.9405747092456485,1
980.0,0.9409205053093267,1
3094.0,0.9412624184760552,1
1260.0,0.9236178320734311,1
1738.0,0.9403553889948999,1
1360.0,0.9421171220962102,1
2175.0,0.9425677881634131,1
1008.0,0.9429017424926548,1
696.0,0.9432206378164391,1
2352.0,0.9435384306548543,1
2691.0,0.9438521844102811,1
4582.0,0.9441597698371912,0
1586.0,0.9208657885257665,1
3276.0,0.9382813481213473,1
660.0,0.9214206275497816,1
2961.0,0.9389184575353918,1
3451.0,0.940530682781996,1
2420.0,0.9227837571314336,1
980.0,0.9398865902790581,1
1920.0,0.9414769733738088,1
2664.0,0.941884000101808,1
3068.0,0.942197395365806,1
3556.0,0.9247773443739191,1
4380.0,0.9233964195532959,0
2600.0,0.9176755393191767,1
1026.0,0.937268773174473,1
1760.0,0.9388205979394041,1
2090.0,0.9392107038913124,1
3645.0,0.9395229495418776,0
3741.0,0.9154356226009597,0
1898.0,0.9081676522048516,1
1770.0,0.9296361069286865,1
1742.0,0.9321001355193085,1
2378.0,0.9326509486929935,1
2025.0,0.9330071160488694,1
3675.0,0.9333406767969329,0
2540.0,0.9077493567735931,1
780.0,0.9275290512524971,1
1400.0,0.9295878045420348,1
2625.0,0.9300812965054862,1
2523.0,0.9304338317458658,1
1092.0,0.9307717026026036,1
3834.0,0.9311041012084602,0
2660.0,0.9050840814554992,1
1880.0,0.9256284046684549,1
1334.0,0.9275372278012458,1
3080.0,0.9279997952002018,1
1484.0,0.9066931112877173,1
3510.0,0.9269794350913847,1
1485.0,0.9073737913527741,1
3720.0,0.9276280574351593,0
540.0,0.9028724583006582,1
2037.0,0.9241902652022239,1
2323.0,0.9259558813259445,1
4060.0,0.926390888373393,0
575.0,0.8993969950783087,1
828.0,0.9215293781491999,1
968.0,0.9231375869966049,1
2184.0,0.9235554096602082,1
4176.0,0.9239012798212427,0
2950.0,0.8963491564271016,1
1850.0,0.9193082829752665,1
1200.0,0.9207642833278078,1
2992.0,0.9211670904673248,1
1664.0,0.921515139793072,1
782.0,0.9218575350385051,1
696.0,0.9221968990831038,1
2070.0,0.9225331327074388,1
680.0,0.9228670700822194,1
2992.0,0.9231977941430107,1
2457.0,0.9235261003946734,1
988.0,0.923851009551555,1
1909.0,0.9241736258037333,1
2940.0,0.9244934163630963,1
696.0,0.9248107740388571,1
900.0,0.9251254510979697,1
2970.0,0.925437288423217,1
2340.0,0.9257465146454995,1
3775.0,0.9260531802747681,0
1740.0,0.8994137344547681,1
620.0,0.9218140251963254,1
1898.0,0.9231300597139149,1
2117.0,0.9234888380228975,1
2079.0,0.9238015804208459,1
2190.0,0.9241096197901466,1
2002.0,0.9244153377236506,1
1008.0,0.9247187669378132,1
3275.0,0.9250190507172593,1
980.0,0.9028419556107625,1
990.0,0.9245310778278182,1
3075.0,0.9258546313780658,1
2928.0,0.9039570440862389,1
2784.0,0.9253970470085249,1
3240.0,0.926720476100771,1
1040.0,0.9050505880487968,1
3058.0,0.9262434861153135,1
4144.0,0.9057003328339943,0
3132.0,0.9003857519251693,1
1920.0,0.9007087353557869,1
882.0,0.9239178990719394,1
1809.0,0.9251655805204875,1
1809.0,0.9254898653126452,1
2220.0,0.9257728533107396,1
3402.0,0.9260522150377033,1
2952.0,0.9041273694465626,1
2772.0,0.9256348298704553,1
3360.0,0.9268359011814534,1
2667.0,0.9051670200390465,1
2904.0,0.9264402718597751,1
966.0,0.9276430772645549,1
990.0,0.9279503022886202,1
1752.0,0.9282155300679994,1
2314.0,0.928477122297047,1
4205.0,0.9287369417958409,0
3180.0,0.9033257606023023,1
720.0,0.9025202877747931,1
1377.0,0.9252837193501098,1
4396.0,0.926409050261114,0
1800.0,0.9004734116786629,1
2856.0,0.922961204142235,1
1850.0,0.9239221446712675,1
3000.0,0.9242137307568552,1
506.0,0.9017820919839847,1
2268.0,0.9240185541012678,1
3051.0,0.9249885108086959,1
1980.0,0.9027865425535943,1
1080.0,0.9247940206882805,1
3096.0,0.9257694731048928,1
4650.0,0.9037727082162976,0
2040.0,0.8992603133736011,1
2492.0,0.922755337499812,1
3256.0,0.9236320934803414,1
4002.0,0.9010555764674238,0
3048.0,0.896768348773239,1
2580.0,0.8971194743956475,1
2106.0,0.9210642871300594,1
735.0,0.9218149916455147,1
1200.0,0.922088276128781,1
1222.0,0.9223497753755102,1
1914.0,0.9226095895847871,1
2136.0,0.9228673716673994,1
1008.0,0.9231235541507631,1
1248.0,0.9233779629127256,1
3330.0,0.9236307278702932,1
2806.0,0.9010205995135867,1
2047.0,0.9236006342169522,1
3425.0,0.924367589271321,1
940.0,0.9019644887872719,1
2548.0,0.9243270562701886,1
3350.0,0.9251014687392163,1
1860.0,0.9028913711837048,1
1800.0,0.9250404547692391,1
3171.0,0.9258219096379309,1
3915.0,0.9038008071353918,0
770.0,0.8997909557603753,1
660.0,0.923165072464508,1
1590.0,0.9238463718247069,1
2200.0,0.9240954750759808,1
1846.0,0.924334699104158,1
1175.0,0.9245725725733254,1
2484.0,0.9248091425979807,1
4004.0,0.9250438715992497,0
3504.0,0.8992017920923708,1
3220.0,0.8990303195678728,1
2886.0,0.8993185642900541,1
3892.0,0.9227721143165706,0
2780.0,0.8968113370009082,1
2184.0,0.9205496167601596,1
4104.0,0.92100948173253,0
2028.0,0.8941785645540636,1
2820.0,0.9185919251881787,1
2856.0,0.918934607396189,1
3406.0,0.9191806556129766,1
1944.0,0.8953764821493917,1
3381.0,0.9195467988380124,1
3588.0,0.8959875166989408,1
1100.0,0.8961240194502776,1
2626.0,0.9202474105794144,1
2254.0,0.920622663388965,1
2850.0,0.920858971568657,1
2730.0,0.9210932482820499,1
729.0,0.9213261488144537,1
3240.0,0.9215576650291375,1
3380.0,0.8983666712783627,1
2280.0,0.8984323660823569,1
1768.0,0.9220601094277842,1
4205.0,0.9224684700834705,0
1872.0,0.8961798641776099,1
1608.0,0.9201898499175734,1
600.0,0.9204865680850935,1
696.0,0.9207154801351602,1
728.0,0.92094290810808,1
1566.0,0.921169113698709,1
2940.0,0.9213940302228587,1
1122.0,0.921617568306827,1
4380.0,0.9218397837515634,0
1066.0,0.8954592606884448,1
4023.0,0.9196965517401339,0
3675.0,0.8927575949254547,0
1760.0,0.8895931701075033,1
3175.0,0.9151023399884547,1
720.0,0.8907951890268488,1
1794.0,0.9155738984183684,1
2926.0,0.9162657071257564,1
1470.0,0.9165065830250165,1
2975.0,0.9167377236091999,1
550.0,0.9169673368617206,1
3020.0,0.9171958033750075,1
1421.0,0.8928467202804299,1
2755.0,0.917147847308048,1
3780.0,0.9178632416754234,0
4410.0,0.8905764966734049,0
3770.0,0.8868814048063113,0
1537.0,0.8836905981314078,1
2640.0,0.9103947261681931,1
880.0,0.9121624070005281,1
2424.0,0.9124874981704171,1
2300.0,0.9127276770063553,1
2256.0,0.9129617417379513,1
2222.0,0.913194230674758,1
2185.0,0.9134254713159211,1
1392.0,0.9136554854257863,1
2100.0,0.9138842950932524,1
1869.0,0.9141118361612662,1
828.0,0.9143383197681507,1
3450.0,0.9145635268333164,1
1580.0,0.8895214746306634,1
675.0,0.9134724735624642,1
2550.0,0.9151382967823042,1
2044.0,0.9154471321981901,1
572.0,0.9156720254506386,1
2576.0,0.9158907410591884,1
3537.0,0.9161078880517568,1
2120.0,0.8914592827711135,1
1540.0,0.9149868144050033,1
840.0,0.9166553867543187,1
3618.0,0.9169593376288923,0
3190.0,0.8896127621396318,1
1392.0,0.888020894397825,1
1440.0,0.9137035629703735,1
1491.0,0.9153751027303857,1
1872.0,0.9156722828758103,1
1344.0,0.9158895390010173,1
3213.0,0.9161013133664493,1
1428.0,0.8914439265963672,1
1755.0,0.9150659809824765,1
4470.0,0.9166439190626045,0
3248.0,0.88937404738509,1
1560.0,0.8879056751479008,1
630.0,0.9136213528352141,1
1104.0,0.9151909566303325,1
2392.0,0.9154727062831615,1
1078.0,0.9156846193958147,1
2697.0,0.9158917110290169,1
1080.0,0.9160977311797889,1
1218.0,0.9163027333417072,1
1760.0,0.9165067229232313,1
960.0,0.9167096929653372,1
1053.0,0.9169116223616315,1
1026.0,0.91711254460008,1
2163.0,0.9173126271958514,1
910.0,0.9175116901712013,1
3330.0,0.9177097792535609,1
1197.0,0.8934581911394096,1
2233.0,0.9167239503829114,1
1242.0,0.9182206252485816,1
3683.0,0.9184887359894588,0
572.0,0.8917192341344787,1
3025.0,0.9154161326274258,1
4176.0,0.8920879693191723,0
625.0,0.8881669627835075,1
2059.0,0.9138637516210728,1
1680.0,0.9152472559220056,1
2160.0,0.9155009283239223,1
1638.0,0.9157011078741842,1
4500.0,0.915897867137493,0
714.0,0.888502737193713,1
2680.0,0.9130695525676553,1
3780.0,0.914297581865647,0
2760.0,0.8865621690115905,1
3640.0,0.9116385082509426,0
525.0,0.8843540508391434,1
1222.0,0.9100267993529516,1
2268.0,0.9110660355129204,1
875.0,0.9112970083220426,1
2688.0,0.9115004209918169,1
4321.0,0.911702046041015,0
2233.0,0.8832908802747357,1
1334.0,0.9092408843744786,1
4710.0,0.9101915766516164,0
2120.0,0.8814398492615096,1
2280.0,0.9078744167231085,1
1260.0,0.9087287907608306,1
4030.0,0.9089497394443059,0
1075.0,0.8798774794660513,1
1032.0,0.906730538535598,1
1260.0,0.9074910847155687,1
1824.0,0.9077085006277594,1
1260.0,0.9079136163806086,1
2952.0,0.9081175838329437,1
1025.0,0.908320646161681,1
2916.0,0.908522814039184,1
3750.0,0.908724091574755,0
3124.0,0.8796389245759876,1
3840.0,0.8792401542466102,0
2392.0,0.8770578082309494,1
3171.0,0.9051034079969583,1
1386.0,0.8780941894119195,1
700.0,0.9055105118328705,1
2220.0,0.9061053370718809,1
1352.0,0.906314186498986,1
775.0,0.9065165477540905,1
546.0,0.9067179547296645,1
2037.0,0.9069184966725741,1
899.0,0.9071181795301657,1
988.0,0.9073170087236965,1
2184.0,0.9075149895238612,1
3600.0,0.9077121274520501,1
1160.0,0.880868247215458,1
1230.0,0.9076511899113947,1
2668.0,0.9082908627210754,1
1032.0,0.9084922241008373,1
2712.0,0.9086853558387092,1
1500.0,0.9088775482812895,1
