28.0,0.5,0
58.0,0.33333333333333326,0
39.0,0.24137931034482757,0
35.0,0.2230345260454746,0
44.0,0.2185575752152081,0
48.0,0.22248250034560388,0
82.0,0.21245300926775712,0
23.0,0.22345286744978865,0
58.0,0.221691625503887,0
128.0,0.2156806343087335,1
41.0,0.5404924138826674,0
117.0,0.30351544066911934,1
100.0,0.5175732432024028,0
125.0,0.4424816385748679,1
99.0,0.4685389322395973,0
141.0,0.33969084948255557,1
25.0,0.4962815072461566,0
122.0,0.33104402660936827,1
118.0,0.49656358415460455,1
129.0,0.5945039919653384,1
93.0,0.6191124633005386,0
56.0,0.3167071960835644,0
44.0,0.21478209254414155,0
75.0,0.19406827122426823,0
143.0,0.2040733063811894,1
93.0,0.5220963722711057,0
62.0,0.3053810718778275,0
92.0,0.21258765456005324,0
23.0,0.1917761338984049,0
119.0,0.18795162135366866,1
151.0,0.5182148407957028,1
106.0,0.5815534631492076,1
91.0,0.6109139298948578,0
60.0,0.3336706293020334,0
73.0,0.2468914839995999,0
48.0,0.21281604357510928,0
113.0,0.19976530198398204,1
93.0,0.501943135956964,0
49.0,0.30021518884965626,0
68.0,0.2004433495736898,0
90.0,0.19046095522000464,0
147.0,0.18735792456168146,1
65.0,0.49235401679828716,0
67.0,0.2957443987701593,0
140.0,0.21996139596284647,1
109.0,0.5158062508982759,1
36.0,0.5871053605560825,0
42.0,0.30474542906216795,0
22.0,0.2282232516426403,0
47.0,0.20116988948605036,0
78.0,0.19294364358729177,0
81.0,0.19158352427792275,0
58.0,0.18496824071014945,0
83.0,0.2007015517010006,0
68.0,0.19549690519345414,0
50.0,0.19977017882189702,0
40.0,0.2009370647245208,0
34.0,0.19061194558417832,0
37.0,0.20027043574294934,0
37.0,0.1977869935110294,0
128.0,0.18755139431120246,1
144.0,0.4898502612317712,1
97.0,0.55178866168401,0
108.0,0.316796633037027,1
87.0,0.5242298474405718,0
25.0,0.3247652881846356,0
106.0,0.23788556644696063,1
117.0,0.5218386589472442,1
118.0,0.5993008305485147,1
65.0,0.6119829794431421,0
157.0,0.30921707767026396,1
123.0,0.5313715279122516,1
79.0,0.6050055406996657,0
48.0,0.32031175954078167,0
117.0,0.22133288614119256,1
126.0,0.5249384623737192,1
75.0,0.5735647908444562,0
133.0,0.3186834528431604,1
145.0,0.5223747309189755,1
108.0,0.5993650687163656,1
40.0,0.6210809313611988,0
101.0,0.3426429186111564,0
134.0,0.35794883083089013,1
70.0,0.5139488481619682,0
56.0,0.3235662847446382,0
152.0,0.21038973501786556,1
135.0,0.5209316637461151,1
148.0,0.5992734645015315,1
25.0,0.6194812249656582,0
123.0,0.33088469581994795,1
116.0,0.5374234750483615,1
139.0,0.608326124574944,1
69.0,0.6268688579074433,0
29.0,0.31354090889856623,0
22.0,0.2094648586237216,0
30.0,0.1947714451455193,0
21.0,0.19053245087950732,0
155.0,0.1922385640702462,1
99.0,0.48454221113730267,0
31.0,0.29658360360727964,0
56.0,0.2178050307026362,0
72.0,0.1928890586892159,0
137.0,0.19188435132079965,1
58.0,0.48273675640766806,0
84.0,0.3028787182661641,0
33.0,0.20006872725466826,0
68.0,0.19380948323382488,0
57.0,0.18565162116258946,0
129.0,0.1972787159768468,1
151.0,0.4981090195594853,1
39.0,0.5578876755456527,0
81.0,0.3159548549346338,0
145.0,0.2104419532400677,1
137.0,0.5053738107870176,1
115.0,0.5545858468691178,1
110.0,0.5945415359937775,1
55.0,0.5966618792597596,0
73.0,0.3289688044446731,0
47.0,0.2291845251912393,0
32.0,0.21408671425799702,0
143.0,0.20621492884531925,1
98.0,0.5223747420800282,0
116.0,0.30594693124764133,1
107.0,0.5139722042034032,1
122.0,0.5888168412080865,1
66.0,0.6196714341243496,0
55.0,0.34169310856633306,0
40.0,0.25676279752907977,0
132.0,0.21065488926279669,1
40.0,0.5146597629696232,0
114.0,0.30437947501866414,1
78.0,0.5157674251960721,0
125.0,0.3305915480621242,1
47.0,0.5082954442859869,0
43.0,0.33517264071700265,0
75.0,0.2102279326717546,0
86.0,0.19444214890725986,0
35.0,0.19661599368366955,0
96.0,0.18506974542212268,0
95.0,0.19220797438560416,0
67.0,0.1959660337441767,0
130.0,0.18699796872759766,1
45.0,0.5405297569524559,0
146.0,0.3077395430110065,1
26.0,0.5083373131723443,0
82.0,0.3216022404144407,0
85.0,0.21633274447108666,0
41.0,0.193662935466992,0
84.0,0.1901416800892324,0
35.0,0.18062322278053608,0
80.0,0.19155929185667236,0
141.0,0.1916829914590603,1
23.0,0.4782223558887073,0
48.0,0.2965400645318236,0
88.0,0.219317554822763,0
44.0,0.18997403544452254,0
29.0,0.19613002827970075,0
73.0,0.1879845382830448,0
105.0,0.1936301952161238,1
78.0,0.4775343274814594,0
84.0,0.2954251265305982,0
128.0,0.19986414535494107,1
27.0,0.5323278147216183,0
37.0,0.3126335191374025,0
105.0,0.20741453884851485,1
65.0,0.50423613595262,0
40.0,0.30677444627229367,0
41.0,0.22679342615085388,0
81.0,0.19569157494340983,0
120.0,0.18370620579175645,1
91.0,0.4922940640807128,0
48.0,0.3011931546847332,0
37.0,0.2082250216992177,0
152.0,0.18820244199759784,1
140.0,0.5325260913821067,1
102.0,0.5769173463053128,0
93.0,0.44510229237541865,0
23.0,0.24552991564627413,0
74.0,0.21027445284362367,0
108.0,0.205376894888468,1
33.0,0.5534543012521633,0
39.0,0.3119561114240851,0
38.0,0.23002589211387842,0
111.0,0.1937229486917075,1
123.0,0.4954950071012971,1
24.0,0.5395775618639451,0
61.0,0.3191829679976293,0
90.0,0.22333840911124592,0
87.0,0.2027469723319716,0
126.0,0.19642057895684925,1
108.0,0.5439088667476084,1
133.0,0.5932149317789108,1
84.0,0.6139480113888595,0
89.0,0.3140380047873098,0
51.0,0.24511954678213707,0
111.0,0.20382414194881854,1
31.0,0.5047435873712601,0
113.0,0.30571172940776126,1
130.0,0.5117197199018135,1
121.0,0.6008692396387176,1
125.0,0.6249749454749094,1
123.0,0.622790996088305,1
130.0,0.6227042981258669,1
144.0,0.6213539660778582,1
98.0,0.6227341161233564,0
120.0,0.3355313621622873,1
125.0,0.5243625502557064,1
113.0,0.602337503146564,1
40.0,0.6168507352923651,0
110.0,0.3311398100069022,1
89.0,0.522598218828677,0
107.0,0.32542243174712954,1
124.0,0.502531977984604,1
99.0,0.6040045067894794,0
136.0,0.3353216964205094,1
108.0,0.523126219692064,1
86.0,0.5890486604917842,0
67.0,0.334179949402027,0
50.0,0.23649232247159246,0
41.0,0.20354918509470174,0
128.0,0.2031188855639522,1
65.0,0.5298294021893518,0
98.0,0.3088910803600292,0
143.0,0.21299004001146293,1
30.0,0.4968229144052093,0
97.0,0.3077624773704034,0
123.0,0.2085783053842528,1
151.0,0.5121046717958483,1
150.0,0.5666425707986114,1
129.0,0.6014800384189359,1
144.0,0.6073541179029076,1
21.0,0.6071564685574715,0
58.0,0.3027649519400859,0
109.0,0.23923594846749585,1
27.0,0.4920635893162908,0
44.0,0.3075607884753825,0
148.0,0.22225512967147698,1
101.0,0.49421041292529455,0
135.0,0.40870378275653485,1
132.0,0.46540275394852276,1
74.0,0.5982854493253399,0
151.0,0.3368646909144419,1
64.0,0.5215286299520316,0
143.0,0.3270035835119601,1
21.0,0.5058766123625794,0
125.0,0.3292151462018976,1
52.0,0.5107979851665391,0
110.0,0.3345657354350663,1
51.0,0.5028660424586701,0
22.0,0.33385383686309944,0
147.0,0.22174634321376127,1
57.0,0.5275509106009616,0
146.0,0.31650820095007703,1
22.0,0.5162343909249236,0
100.0,0.3362902602770783,0
101.0,0.29115647258699134,0
144.0,0.2793183598120588,1
145.0,0.48614925909379,1
98.0,0.5562410241217727,0
76.0,0.30934242696812103,0
140.0,0.23371494755096578,1
152.0,0.5141510588422697,1
110.0,0.5951808643072988,1
86.0,0.6138069078622213,0
91.0,0.33511157633134553,0
110.0,0.23821151086774656,1
63.0,0.5170759416758866,0
46.0,0.3080408309589042,0
113.0,0.21316342916969908,1
62.0,0.5273824210534757,0
60.0,0.3181780266337107,0
74.0,0.21566222531622953,0
41.0,0.1938922447701277,0
68.0,0.18514818890600687,0
63.0,0.196893626749654,0
93.0,0.1981569845130563,0
127.0,0.19210980248041343,1
84.0,0.5139139099923771,0
133.0,0.30768485661556555,1
21.0,0.5077844610630089,0
79.0,0.32647288878303565,0
35.0,0.2007362837511631,0
133.0,0.18465575575217613,1
126.0,0.5038380842956474,1
138.0,0.5862440477728652,1
115.0,0.6015755850303249,1
113.0,0.597696124095766,1
42.0,0.6012757523070382,0
111.0,0.3025606009989445,1
124.0,0.5239637717054391,1
110.0,0.612054561601444,1
79.0,0.626830080191432,0
46.0,0.32279768784998186,0
43.0,0.24140615488382644,0
33.0,0.20331330827736774,0
114.0,0.19964983852962215,1
123.0,0.5002058535111082,1
40.0,0.5792348306208271,0
52.0,0.30584524239493155,0
117.0,0.22596177417064686,1
154.0,0.5102707027331721,1
122.0,0.5580591988231063,1
143.0,0.5972499891278564,1
148.0,0.6022625368691851,1
81.0,0.6107425529808516,0
99.0,0.3163059326066039,0
52.0,0.24455552774846032,0
80.0,0.20921709419647502,0
89.0,0.1947883570688731,0
68.0,0.19776954803293778,0
95.0,0.1947872000299945,0
53.0,0.1931680713367483,0
138.0,0.2001151359784373,1
60.0,0.501426846529549,0
52.0,0.2992004974635753,0
82.0,0.21190431361078566,0
77.0,0.19692548432486462,0
29.0,0.19463629611035943,0
86.0,0.1847307942618256,0
31.0,0.1824593234698829,0
38.0,0.19245964111365318,0
150.0,0.1884606812022533,1
91.0,0.517536714202163,0
26.0,0.3129961032029083,0
145.0,0.20787026582881415,1
126.0,0.4991270123777921,1
146.0,0.5527357274436642,1
139.0,0.5929648178165161,1
65.0,0.6042494890309027,0
135.0,0.3195161488527258,1
52.0,0.5299444163981682,0
45.0,0.325496771189702,0
104.0,0.21455273062519364,0
124.0,0.2776845694270867,1
22.0,0.5147351453133663,0
80.0,0.31990098391647465,0
142.0,0.20885961226325578,1
105.0,0.4924969851511125,1
87.0,0.5591569941132237,0
100.0,0.30118651176486344,0
119.0,0.32768793328786106,1
85.0,0.4808588187373797,0
27.0,0.32116288749092636,0
105.0,0.22404817004318156,1
138.0,0.4898184671157865,1
111.0,0.544185804662676,1
141.0,0.5890599817456479,1
85.0,0.598713392718651,0
90.0,0.30667243354857787,0
72.0,0.2101018618966342,0
90.0,0.19975324805136138,0
46.0,0.2020617492167673,0
119.0,0.20253008222094535,1
93.0,0.5502278282165094,0
143.0,0.31587496983900626,1
31.0,0.5133511030502369,0
137.0,0.324927503141024,1
108.0,0.4994279491291612,1
82.0,0.610352176250247,0
22.0,0.3270721412420595,0
55.0,0.21555780451033174,0
69.0,0.20030559095368275,0
81.0,0.1939802935389898,0
109.0,0.20568834659156154,1
72.0,0.4888014922322581,0
73.0,0.2957422547475689,0
96.0,0.2115234459043302,0
154.0,0.19374425770179454,1
80.0,0.47951912259504503,0
142.0,0.2997557005836046,1
100.0,0.509220942831642,0
98.0,0.4310783932349812,0
118.0,0.19829809080993846,1
40.0,0.4813237755130004,0
93.0,0.2964150186226164,0
35.0,0.20665064504768046,0
144.0,0.18555249289532394,1
112.0,0.5368205569484583,1
129.0,0.5624220607220929,1
34.0,0.611456439305535,0
78.0,0.30631406941613776,0
143.0,0.24033333994579456,1
137.0,0.4930658595651757,1
139.0,0.5501583924383404,1
153.0,0.5930460467181197,1
77.0,0.5946271656691174,0
104.0,0.30226278361376735,0
60.0,0.30360085651789687,0
66.0,0.20495156177935034,0
42.0,0.19352666535770024,0
97.0,0.20174875540610443,0
155.0,0.1915875221058736,1
218.0,0.45454545454545453,1
115.0,0.5217339355184627,1
67.0,0.559668935103206,0
21.0,0.31363338331538776,0
117.0,0.2240593880830738,1
28.0,0.5058957322345887,0
84.0,0.3028277208198361,0
90.0,0.20805315192179627,0
134.0,0.19194126557913332,1
128.0,0.5068088916236994,1
146.0,0.5620120342674733,1
27.0,0.6005008253315506,0
57.0,0.3330781817286736,0
115.0,0.2243435372751244,1
59.0,0.5405544241821119,0
100.0,0.3121428273891143,0
51.0,0.3001305616002073,0
86.0,0.19359372065125421,0
132.0,0.19897513575126408,1
145.0,0.5092463793960722,1
111.0,0.5474287376177828,1
156.0,0.5953491850300082,1
92.0,0.6098278240780174,0
129.0,0.29885131368099804,1
153.0,0.5266324272998887,1
140.0,0.5831449721460651,1
34.0,0.6241488335177807,0
54.0,0.3313054984681319,0
121.0,0.2525603271456592,1
48.0,0.5021809576770975,0
34.0,0.30873073699604986,0
87.0,0.20292136361240054,0
101.0,0.19841431821653704,0
132.0,0.285146150521308,1
111.0,0.5013040596044859,1
44.0,0.5881811909617651,0
25.0,0.3348278998277022,0
126.0,0.232539127289234,1
54.0,0.5010146347825262,0
151.0,0.30528604956942634,1
70.0,0.5105060009374518,0
38.0,0.3230102570953183,0
68.0,0.20330507046032875,0
45.0,0.19663364204248582,0
65.0,0.1967288372465989,0
33.0,0.19701751059009215,0
82.0,0.19195708068775272,0
36.0,0.1895101272716326,0
39.0,0.18475526866818082,0
90.0,0.190766211126789,0
86.0,0.19636400107227733,0
35.0,0.18398019879820354,0
97.0,0.18490552893505421,0
41.0,0.18829356791007248,0
113.0,0.18448047611768228,1
155.0,0.4783363262355625,1
136.0,0.5468061228423102,1
93.0,0.5819709018285704,0
31.0,0.3105172253301261,0
69.0,0.2196959702583942,0
118.0,0.1986429459511924,1
84.0,0.5192667629570006,0
138.0,0.3068436651905325,1
106.0,0.5093429454764655,1
67.0,0.6025835110919333,0
108.0,0.3336617937481396,1
128.0,0.5321006642032744,1
28.0,0.6203783953905837,0
67.0,0.3396337428805932,0
57.0,0.2405500847331853,0
92.0,0.2083047509988287,0
150.0,0.2092461475657234,1
36.0,0.538597320877047,0
26.0,0.3091724440252127,0
146.0,0.2275332397399588,1
57.0,0.5070405588945849,0
116.0,0.31215014515015815,1
147.0,0.5136866474803465,1
141.0,0.6215247270357682,1
130.0,0.6340651899901009,1
157.0,0.6334310695686921,1
131.0,0.6387141536909536,1
71.0,0.6373139589975023,0
23.0,0.3380041565329269,0
45.0,0.26050552346735195,0
73.0,0.21344354709987276,0
124.0,0.1985402277036878,1
117.0,0.5033035525739029,1
121.0,0.5719380746003438,1
130.0,0.592714610338914,1
157.0,0.6022590391782088,1
43.0,0.6012637658012181,0
152.0,0.3008635843556544,1
98.0,0.5255103413918003,0
147.0,0.3233230244939568,1
115.0,0.5157017905645287,1
35.0,0.6158893295857875,0
69.0,0.32713977657409526,0
39.0,0.22034544057768848,0
33.0,0.20071705431792697,0
77.0,0.20282639227622665,0
103.0,0.1979297885972242,0
127.0,0.28771232567857624,1
107.0,0.49792701049902,1
50.0,0.5686733692842809,0
81.0,0.30739519736321463,0
76.0,0.21129547686368977,0
83.0,0.19581123926866,0
