1736.0,0.5,1
2288.0,0.5263157894736842,1
2750.0,0.6129917657822507,1
2415.0,0.6766615023037215,1
725.0,0.7243052856965106,1
1368.0,0.7601095701428924,1
2592.0,0.7874283730119752,1
3952.0,0.8089447046077282,0
728.0,0.6810191313528576,1
690.0,0.7576163913894676,1
2970.0,0.7819139109673886,1
2464.0,0.7984155502634662,1
986.0,0.81258044313081,1
3660.0,0.8247045226570136,0
4110.0,0.7240368880906946,0
2187.0,0.6621732599079535,1
2880.0,0.7390564220977072,1
2900.0,0.7629520255774934,1
3484.0,0.7766405392521291,1
2688.0,0.7361156023816092,1
1008.0,0.7868112373516453,1
3036.0,0.8046167150753477,1
2340.0,0.7674496714176071,1
3565.0,0.8115568018149344,1
891.0,0.782291032718422,1
2750.0,0.8246666995455852,1
980.0,0.8395709859542618,1
3591.0,0.8472947159001288,1
1000.0,0.8131268061907869,1
1386.0,0.8472263205420648,1
1232.0,0.8599349289406772,1
1875.0,0.8665404049620323,1
2000.0,0.8708176421423227,1
2380.0,0.8750949552967364,1
864.0,0.8788552244167656,1
1740.0,0.8819555282264627,1
1995.0,0.8854368160891601,1
483.0,0.8889668007244291,1
2340.0,0.8921363166308867,1
2332.0,0.8944000476055615,1
3406.0,0.8964629703280945,1
2825.0,0.8700195724428662,1
880.0,0.8927815147211406,1
1944.0,0.9008125688434327,1
1458.0,0.904448715938688,1
1400.0,0.9065190509186155,1
1770.0,0.9082676337625054,1
2288.0,0.9099361691736283,1
4380.0,0.9120578720072092,0
2175.0,0.8537727691017706,1
1357.0,0.8789342636740605,1
1452.0,0.8861484232680825,1
851.0,0.8895049167893727,1
3900.0,0.8923347609134543,0
1058.0,0.8328275714251288,1
2816.0,0.8647816546606033,1
2288.0,0.8720595292949364,1
2775.0,0.8760708869641821,1
3325.0,0.8794357626063632,1
2403.0,0.8489890833825517,1
2912.0,0.8790603701834377,1
1550.0,0.8864103863670472,1
2378.0,0.8895981037420434,1
1748.0,0.891968594031845,1
1771.0,0.8941334595279397,1
2800.0,0.8966253956608462,1
3429.0,0.8991508552832935,1
957.0,0.8728523460007234,1
1760.0,0.8980221449630597,1
2275.0,0.9042446602117299,1
3925.0,0.9070563180877455,0
2070.0,0.8553647472170929,1
2625.0,0.8836846114938677,1
1680.0,0.8891459161114625,1
3900.0,0.891495113752343,0
1944.0,0.8373532661142271,1
3528.0,0.8707946466396955,1
1128.0,0.8411211714496158,1
3132.0,0.8753949749517078,1
1817.0,0.847348298083132,1
1472.0,0.880299733294376,1
3552.0,0.8855379554714686,1
3537.0,0.8559993883287536,1
966.0,0.8544103104873674,1
1404.0,0.888317273531337,1
3080.0,0.8934850866524042,1
3683.0,0.865500007946548,0
550.0,0.8394197602009433,1
1474.0,0.8754198764724411,1
1472.0,0.8799947628253378,1
2860.0,0.8823442122976995,1
3753.0,0.884679991142921,0
3780.0,0.830480538080813,0
3720.0,0.8126093583136826,0
806.0,0.7969377963398262,1
1344.0,0.8416175046549164,1
2700.0,0.85118886147465,1
2760.0,0.8550249111594512,1
3168.0,0.8579967110439031,1
3190.0,0.8226280019064042,1
2625.0,0.817862813314493,1
1806.0,0.8577792999710359,1
2002.0,0.8667098166411416,1
460.0,0.8700664353149572,1
3000.0,0.8724900067641279,1
1450.0,0.8395598895624455,1
1740.0,0.870142334698692,1
1728.0,0.8774544364795938,1
2600.0,0.8804311954004854,1
3484.0,0.8828734642322744,1
2610.0,0.8522145608822236,1
2088.0,0.8804249257661146,1
1120.0,0.8874654176156663,1
1770.0,0.8902903159657862,1
3052.0,0.8921456625664036,1
2751.0,0.8634436939267306,1
1500.0,0.8894198960177464,1
1155.0,0.8958803819698963,1
2047.0,0.8983567759424801,1
3388.0,0.9002107875143321,1
3132.0,0.8733806664455752,1
2604.0,0.8678863794806155,1
900.0,0.8978530013534811,1
2538.0,0.905142656137571,1
2350.0,0.9079327461386826,1
1218.0,0.9096889950883004,1
1740.0,0.910985051027432,1
1840.0,0.9123664555614864,1
3483.0,0.9133417976364654,1
1440.0,0.889041553448178,1
1248.0,0.9104317916156951,1
3429.0,0.9158085453575743,1
672.0,0.8936462977174968,1
2156.0,0.9142366655978016,1
1296.0,0.919884420575267,1
1533.0,0.9220346543792601,1
2760.0,0.9232965058432947,1
3186.0,0.9245551356574315,1
2952.0,0.9027634254236274,1
3040.0,0.9209696618030977,1
4004.0,0.9040038899535776,0
3328.0,0.8775038677044822,1
782.0,0.8737301838886885,1
616.0,0.90276177920223,1
483.0,0.9094481150074963,1
3969.0,0.9121217445100003,0
3102.0,0.8657589930717888,1
3066.0,0.8587045827997903,1
2871.0,0.8593242287569031,1
837.0,0.8919264152827571,1
1281.0,0.8981959912511138,1
2952.0,0.9006170903944772,1
3190.0,0.9020568710854372,1
2204.0,0.8752476202302598,1
2288.0,0.9002502990113592,1
2016.0,0.9058959033895804,1
3724.0,0.9082695834294255,0
3952.0,0.861916165244215,0
2646.0,0.8457891977649504,1
3080.0,0.87923618194796,1
704.0,0.8543956577235674,1
1092.0,0.8834510769983603,1
1161.0,0.8898765775256132,1
3390.0,0.892379990215636,1
2310.0,0.864038866264992,1
609.0,0.8905993434777622,1
1224.0,0.8970416776989322,1
2300.0,0.8995496957342543,1
1170.0,0.9014474837629456,1
840.0,0.9027535719596343,1
3480.0,0.904104199010364,1
2280.0,0.87793087530069,1
1800.0,0.9016700903379289,1
2088.0,0.9073980193904919,1
3725.0,0.9097970331022567,0
1848.0,0.8637125727815194,1
896.0,0.8878989814835688,1
1403.0,0.8932468471868747,1
3724.0,0.8957060479948338,0
1512.0,0.8471497040983171,1
1541.0,0.8755034489256035,1
810.0,0.8811108910636726,1
2575.0,0.8835962304732526,1
1274.0,0.8855041525034322,1
2040.0,0.8873589236117085,1
1260.0,0.8891673363119853,1
460.0,0.8905791966896216,1
3168.0,0.8923333654114081,1
1771.0,0.863274461378258,1
975.0,0.8905264239954983,1
777.0,0.895959538988684,1
2838.0,0.8980493164716357,1
2222.0,0.8995739279553974,1
1848.0,0.9011959259907573,1
1800.0,0.9027787667610527,1
1660.0,0.9043162921849356,1
1125.0,0.9058900997365896,1
1449.0,0.9069469604556367,1
3857.0,0.9082978398271303,0
1534.0,0.8627949648638237,1
4350.0,0.88835669391783,0
1885.0,0.8425484337801944,1
2028.0,0.8733120820876951,1
1794.0,0.8784374728975471,1
2001.0,0.880565261569473,1
3888.0,0.8823858564632786,0
460.0,0.8319365948099487,1
2436.0,0.8651493932602485,1
2398.0,0.8700788885688021,1
1196.0,0.8722417104277532,1
2900.0,0.8740860010603936,1
1537.0,0.8758760889289011,1
2001.0,0.8775727356769824,1
1102.0,0.8795576053624031,1
2400.0,0.8815457928332913,1
2760.0,0.8833489800425958,1
2856.0,0.8852905389356487,1
3538.0,0.8871937504880101,1
1403.0,0.857037807240657,1
2852.0,0.887052983724607,1
3045.0,0.891890110467707,1
3456.0,0.8630393031045643,1
3600.0,0.8604884661939333,1
2862.0,0.861393508488765,1
2756.0,0.893730640079142,1
3402.0,0.8987781032953134,1
3087.0,0.8715480932125977,1
1590.0,0.8687792118560387,1
3016.0,0.8989476110362414,1
2300.0,0.8755641310979092,1
2583.0,0.9020735860224847,1
594.0,0.9068324665550027,1
2576.0,0.9084046425733634,1
2898.0,0.9099507751537483,1
2200.0,0.9111264148189184,1
2310.0,0.9122962428907546,1
3174.0,0.9133419361177779,1
3375.0,0.8895134771054176,1
2961.0,0.8870185093024417,1
1036.0,0.9137221688441137,1
3016.0,0.9180485264199347,1
2940.0,0.8952094799273953,1
1344.0,0.9168581563202538,1
1428.0,0.9206358955732512,1
1311.0,0.9223428806615754,1
1357.0,0.9232384945159553,1
1350.0,0.9243903576509517,1
1408.0,0.9255644465778528,1
3625.0,0.926348971684284,0
870.0,0.8818773078789196,1
987.0,0.9042234645874386,1
1848.0,0.9079909865438315,1
3120.0,0.9095513245173833,1
2407.0,0.884589898133999,1
1826.0,0.9088913244966198,1
3013.0,0.9131706894604039,1
648.0,0.8900959380376833,1
2225.0,0.9132561521270776,1
621.0,0.9172235601392923,1
2314.0,0.9190045991388993,1
2464.0,0.9202899624846329,1
3892.0,0.9214377124208434,0
2492.0,0.8754665732036819,1
3496.0,0.8995781454013554,1
1920.0,0.8755350180805471,1
1120.0,0.9025029051188004,1
900.0,0.9064984167689212,1
1500.0,0.908110649207761,1
1809.0,0.9095926769126796,1
1092.0,0.9112790538723328,1
2373.0,0.912697657734461,1
3240.0,0.914005481516624,1
1104.0,0.8902252492543403,1
1176.0,0.9137234280090661,1
2875.0,0.9173761681980036,1
2664.0,0.918853690363209,1
1776.0,0.9202142318314184,1
594.0,0.9217673808956429,1
3648.0,0.9232415121906954,0
1848.0,0.8764685081027767,1
1298.0,0.9005726812731787,1
2325.0,0.9045859651777357,1
2220.0,0.9064853774739183,1
1652.0,0.9081394818923385,1
3393.0,0.9094471132421144,1
1620.0,0.8847877471093079,1
2354.0,0.9098962511597872,1
3358.0,0.9135529806815635,1
4380.0,0.8896790402787269,0
3212.0,0.8640459179674299,1
1040.0,0.8625184898005727,1
3276.0,0.8947606550958149,1
1368.0,0.8700268893097264,1
2525.0,0.8987444113181409,1
837.0,0.9027279139788924,1
2000.0,0.9047779944940255,1
2354.0,0.906635063271886,1
1850.0,0.9081039363952942,1
3444.0,0.9097055868952113,1
2340.0,0.8850957142293033,1
1975.0,0.9099392671132039,1
1900.0,0.9137875763628774,1
3683.0,0.9153941775332228,0
1035.0,0.8698404239792797,1
812.0,0.8963042120435473,1
999.0,0.8997374952189336,1
3080.0,0.9014561039143963,1
1400.0,0.8749020332292563,1
1825.0,0.9023834118219899,1
575.0,0.9060351272496525,1
2244.0,0.9079138323455455,1
2760.0,0.9091612837277242,1
868.0,0.9108272600318453,1
2037.0,0.9120659532817147,1
1700.0,0.9133502908706063,1
1944.0,0.914572074561522,1
460.0,0.9160967054073964,1
2296.0,0.9174210973868727,1
3080.0,0.9187495956659371,1
1050.0,0.8960154047375521,1
2100.0,0.9188392930372395,1
2525.0,0.9222095275174356,1
2511.0,0.9234083783185718,1
729.0,0.9247932207504587,1
483.0,0.9256471205680623,1
3624.0,0.9269516527415085,0
2125.0,0.8848267439075305,1
924.0,0.9082043593247383,1
2079.0,0.9113187489924955,1
2184.0,0.9130166961193913,1
2354.0,0.9140615427590021,1
4500.0,0.9152073933000061,0
858.0,0.8705422288777931,1
1660.0,0.8973781785731823,1
2250.0,0.9007056816360924,1
1015.0,0.9024178608816075,1
3335.0,0.9040832476450057,1
3096.0,0.8780817499860021,1
1160.0,0.8771320417911109,1
2403.0,0.9058545223381074,1
1653.0,0.9093709378309146,1
2100.0,0.9107030089148304,1
2550.0,0.9120021641625456,1
2465.0,0.9135220931825866,1
3240.0,0.914533432477573,1
3150.0,0.8907271661663394,1
3335.0,0.8895574861361106,1
4170.0,0.8911268560087433,0
2075.0,0.8730160639339763,1
812.0,0.9011324893959101,1
2800.0,0.9042630864118089,1
880.0,0.9059439634830468,1
936.0,0.9072804538890626,1
575.0,0.9085002676271339,1
3712.0,0.9095834576529715,0
3051.0,0.8646199761346111,1
2291.0,0.8627044811405626,1
966.0,0.8946511568831019,1
3096.0,0.8977926507484133,1
2236.0,0.8702773209546848,1
2072.0,0.8996312948003473,1
3542.0,0.9023687062337143,1
1792.0,0.8757070509614369,1
600.0,0.9037064776127177,1
1533.0,0.9065438486094899,1
735.0,0.9079089034597388,1
990.0,0.90927727429955,1
782.0,0.9104824139237737,1
777.0,0.9115091172604353,1
1890.0,0.9129582599702415,1
1320.0,0.9143274752101577,1
3240.0,0.9155121683086803,1
1675.0,0.8916487601648985,1
1632.0,0.9158950961226777,1
1820.0,0.918946233173908,1
1560.0,0.9201253096735342,1
4140.0,0.920937271284856,0
3575.0,0.8766831326556128,1
3090.0,0.8744327678684023,1
1404.0,0.8761719820054701,1
2750.0,0.9056669510864742,1
1100.0,0.9083324442829493,1
882.0,0.9097857990229516,1
3045.0,0.9112948964986779,1
975.0,0.8868403033479357,1
1512.0,0.9122885615555985,1
2958.0,0.9147908416253735,1
2328.0,0.9158837619799184,1
1484.0,0.9171739936942069,1
4205.0,0.9185454822650183,0
1134.0,0.8735237069116893,1
1484.0,0.9005152802161174,1
3654.0,0.9033116172113552,0
2522.0,0.8548651712214261,1
2688.0,0.8864411864563053,1
3014.0,0.8891562752226875,1
3775.0,0.8597163752438188,0
1100.0,0.8404635618551151,1
1738.0,0.8758169193657155,1
3302.0,0.8780645157590534,1
2250.0,0.846091129499337,1
918.0,0.8813842744859647,1
1932.0,0.8838964850004107,1
4396.0,0.8859634701896538,0
2550.0,0.8354978827260051,1
630.0,0.8720389605994059,1
1748.0,0.8740909269607678,1
810.0,0.8760589560575343,1
2320.0,0.8780025756037104,1
4185.0,0.8798523593701988,0
528.0,0.8281990557832868,1
644.0,0.8666613728274474,1
4256.0,0.868259114954432,0
2208.0,0.8150269091544347,1
2575.0,0.8567756835260467,1
1470.0,0.8577531379829193,1
3973.0,0.8600714800123818,0
2050.0,0.8055901375820285,1
740.0,0.8496902069392308,1
1560.0,0.850272851568069,1
1518.0,0.8527631649344722,1
2700.0,0.8549811846556187,1
3472.0,0.8572560025337629,1
2457.0,0.8209470350019193,1
2394.0,0.8627307582546094,1
2900.0,0.8635869138105899,1
4290.0,0.8655872083138207,0
2340.0,0.8127715625021661,1
3159.0,0.8552805952969784,1
2700.0,0.8165354275122967,1
1008.0,0.859445827195669,1
2862.0,0.8601542825672618,1
1288.0,0.8622934878866427,1
1000.0,0.8643331683585678,1
945.0,0.8663854201127217,1
3683.0,0.8683220632522636,0
1560.0,0.8171512820442262,1
3519.0,0.8587267734499328,1
3248.0,0.8205817207543494,1
3640.0,0.8248612808743225,0
943.0,0.81117228623829,1
2926.0,0.8526169260285104,1
1960.0,0.8526756806494892,1
925.0,0.854817169056267,1
594.0,0.8567582086060952,1
966.0,0.8586555659816469,1
840.0,0.8604765753351559,1
1890.0,0.8624873049384356,1
4470.0,0.8643318600578306,0
2016.0,0.813347319350822,1
3003.0,0.8561204536618721,1
4260.0,0.8168016528277828,0
725.0,0.8062875328481747,1
3212.0,0.8484880139025679,1
1620.0,0.8070206935257767,1
2133.0,0.8525166504311728,1
1680.0,0.8519118484290025,1
702.0,0.8539758204903233,1
1144.0,0.85587115403328,1
2898.0,0.8579162862852481,1
2618.0,0.85983378619576,1
3103.0,0.8616339742932012,1
810.0,0.8259575809793052,1
1820.0,0.8669470779243329,1
1377.0,0.8672076791909269,1
1092.0,0.8690842193242548,1
1620.0,0.8708717968435278,1
2425.0,0.8725486651940233,1
1518.0,0.8742006625152146,1
3861.0,0.8760121289718775,0
1012.0,0.827162022005782,1
1485.0,0.8669699273300863,1
3900.0,0.8670808815006219,0
3519.0,0.8166890237746482,1
902.0,0.8205833158698561,1
972.0,0.8609023164248399,1
2756.0,0.8606095145736684,1
840.0,0.8626017763514592,1
1480.0,0.8643836119549293,1
3072.0,0.8661778585901905,1
1372.0,0.8312371795357626,1
3640.0,0.8711609333112592,0
696.0,0.8199524177205048,1
2944.0,0.8617777323373554,1
2691.0,0.8612942677360569,1
1900.0,0.8631923081128884,1
980.0,0.8649283415891084,1
2438.0,0.8667285558403085,1
3496.0,0.868440486664175,1
3090.0,0.8339006207443431,1
1650.0,0.8376849404030493,1
1659.0,0.8746465800063756,1
2187.0,0.8749673917473225,1
1210.0,0.8765266981020943,1
675.0,0.8781288457259865,1
2028.0,0.8796543237878336,1
1792.0,0.8812493005883374,1
1675.0,0.8827303924061405,1
3800.0,0.8841334899857036,0
2430.0,0.8373154736339302,1
2784.0,0.8750474652039754,1
1275.0,0.8752117161130379,1
2046.0,0.8769504000810057,1
2772.0,0.8784567748773949,1
630.0,0.8799490579670632,1
2028.0,0.8814451334230469,1
616.0,0.8829670465969881,1
1120.0,0.8843921053796004,1
3020.0,0.8859318157214494,1
2464.0,0.855369293341057,1
2100.0,0.8897016418422201,1
3432.0,0.8901511229481299,1
2000.0,0.8605834048392081,1
2709.0,0.8935347881093965,1
1404.0,0.8943199251472024,1
3289.0,0.8956848031555011,1
2106.0,0.8673829449760571,1
3969.0,0.8987300365243422,0
1827.0,0.8543274165401862,1
880.0,0.8880144452418818,1
1288.0,0.8886887162078052,1
2044.0,0.8900130710077879,1
1050.0,0.8913001470125159,1
868.0,0.89283466928128,1
2408.0,0.8941923175416547,1
2550.0,0.8953713158595442,1
1012.0,0.8966924497882018,1
837.0,0.8981723492453,1
3192.0,0.899368610203764,1
1656.0,0.8716509774531066,1
3216.0,0.9022655325000988,1
3930.0,0.8750975494053124,0
1794.0,0.8605310089042374,1
1752.0,0.8922473211457916,1
2660.0,0.8928985098429033,1
2996.0,0.8941793121427363,1
2020.0,0.8956994850903459,1
1140.0,0.8970097891066249,1
1344.0,0.8984707191351639,1
1944.0,0.8995993284093374,1
1708.0,0.900761755827534,1
3322.0,0.9022195903833035,1
1560.0,0.875363394507921,1
2997.0,0.9051051966411433,1
3648.0,0.9059378836269133,0
3108.0,0.8628610375590368,1
644.0,0.8644026193624084,1
1134.0,0.8959811204861273,1
1960.0,0.896661252073618,1
3528.0,0.8981210802720144,1
725.0,0.8700903398256583,1
1587.0,0.9009575910235613,1
3136.0,0.901615979317666,1
598.0,0.8745993732160022,1
624.0,0.9044212120803441,1
3024.0,0.9052880109752592,1
1904.0,0.8793521762281683,1
3770.0,0.9083830952664774,0
2025.0,0.8637682110233127,1
616.0,0.895576214134227,1
4110.0,0.8964400681257847,0
990.0,0.8504433824479475,1
567.0,0.8854899432028052,1
3406.0,0.8857069250692846,1
2369.0,0.8554045549465684,1
1940.0,0.8900625494772801,1
2208.0,0.8903443075732073,1
3588.0,0.8918765633395773,1
1034.0,0.8628196625393602,1
1008.0,0.8956940788691008,1
2898.0,0.8962625844832752,1
1326.0,0.897870037727291,1
2262.0,0.89920753713667,1
2938.0,0.9006122657034733,1
504.0,0.9019382905071207,1
2262.0,0.9036047617811114,1
2772.0,0.9049852235888985,1
2162.0,0.9063223608065158,1
1222.0,0.9075199415078788,1
3425.0,0.9091407695953847,1
640.0,0.8839482154010824,1
2132.0,0.9121885395062762,1
1474.0,0.9134813736590071,1
3072.0,0.9148203101539601,1
1408.0,0.8910410485272164,1
3014.0,0.9170760356180657,1
1225.0,0.8937745022568079,1
861.0,0.919274825297189,1
2714.0,0.9206496069111766,1
3973.0,0.9219945088605142,0
1701.0,0.8783388682027087,1
1428.0,0.9067569205947538,1
3375.0,0.9076181404509147,1
2323.0,0.8821217901802952,1
3175.0,0.9107262518232786,1
525.0,0.885888820696432,1
2175.0,0.913388222179117,1
1976.0,0.9144939663023575,1
756.0,0.9157086653367239,1
2280.0,0.9169769811879657,1
780.0,0.9183948724492375,1
2288.0,0.9195776118320752,1
750.0,0.920636325650721,1
3618.0,0.9217956735395046,0
1378.0,0.8783122034244698,1
2950.0,0.906758884782723,1
3050.0,0.9077029409765257,1
1690.0,0.8823523901824628,1
3930.0,0.9109456128697451,0
4110.0,0.8637198537797706,0
3160.0,0.8615780603473018,1
3270.0,0.8620318734443169,1
3197.0,0.8639896884853412,1
1920.0,0.8663353419272444,1
4234.0,0.8979699020522106,0
2875.0,0.8489437065529248,1
1220.0,0.8836611745254611,1
2508.0,0.8847542392022826,1
3030.0,0.8868754989588229,1
3234.0,0.8571623227196475,1
2780.0,0.859932575063558,1
2350.0,0.8928590201783956,1
3942.0,0.8940705620722375,0
1980.0,0.8457743910102594,1
782.0,0.8813011235480863,1
3528.0,0.8822126214236339,1
3480.0,0.8513927323337681,1
2068.0,0.8546005209261875,1
1378.0,0.8886325154057391,1
2673.0,0.8896271832405322,1
3045.0,0.8913260478309134,1
910.0,0.8621057453552127,1
962.0,0.8950256986319165,1
1127.0,0.8962906703815359,1
1980.0,0.8976780548619008,1
2880.0,0.8990784352077945,1
3422.0,0.900377210591346,1
3306.0,0.8733694207687406,1
2470.0,0.8751857567142787,1
1000.0,0.9047404077575788,1
3212.0,0.906273897116501,1
3192.0,0.880482848453896,1
2783.0,0.8817693869089949,1
3648.0,0.9097133029864671,0
1464.0,0.8635925502979462,1
704.0,0.8949721158039289,1
1080.0,0.8961799427739874,1
2025.0,0.8976601697977704,1
2970.0,0.8993690624091965,1
2450.0,0.900744151438044,1
1400.0,0.9025341192736432,1
1474.0,0.9042054564903177,1
841.0,0.905785349994378,1
1225.0,0.9070655245279016,1
700.0,0.9082807067707535,1
3509.0,0.9096413861211825,1
3575.0,0.8848499828557753,1
1624.0,0.886567096055081,1
2244.0,0.9138065763470383,1
1404.0,0.9150736765408571,1
2716.0,0.9162194707336061,1
851.0,0.9176735041222635,1
3660.0,0.9191437646915653,0
1400.0,0.8748181767159087,1
1300.0,0.9035312580239844,1
2697.0,0.904996788472645,1
3625.0,0.9064813032357575,0
2415.0,0.8597278035971605,1
1980.0,0.8922374843015435,1
529.0,0.8933752453900965,1
2499.0,0.8952001110360249,1
700.0,0.8966951928350446,1
1350.0,0.8984365460060721,1
750.0,0.8998133299934552,1
640.0,0.9012642381315007,1
2576.0,0.903033654648798,1
3780.0,0.9046096051093339,0
3094.0,0.8585495775682561,1
1972.0,0.8603104117821917,1
2200.0,0.8930714022595393,1
2755.0,0.8939683171570377,1
1782.0,0.8955047152751583,1
756.0,0.8970250152902024,1
3197.0,0.8988013814409787,1
1122.0,0.8713315861230921,1
1972.0,0.902200544937819,1
2675.0,0.9034067631897914,1
1248.0,0.9050110529562767,1
2440.0,0.9064776569944838,1
3190.0,0.9079968927111238,1
1875.0,0.8824203186815369,1
1326.0,0.9105524754919783,1
2016.0,0.9118622173033653,1
2262.0,0.913099533032821,1
1120.0,0.9143531768439458,1
1638.0,0.9153606962401181,1
3562.0,0.9163700788084004,1
3172.0,0.892796758202667,1
1679.0,0.8942311348286914,1
2376.0,0.9198595830828163,1
2332.0,0.9213458643221062,1
1512.0,0.9223022703072107,1
2808.0,0.9232134545937378,1
1596.0,0.9244053580131595,1
1917.0,0.9253161147692189,1
1144.0,0.9264635045691867,1
726.0,0.9277721966530171,1
588.0,0.9286770988092984,1
1764.0,0.929390248501733,1
2673.0,0.9304851576173148,1
1596.0,0.9318430568580626,1
1620.0,0.932913963973854,1
1624.0,0.9338461693232435,1
2750.0,0.9351241985719428,1
1596.0,0.9360945005495139,1
3900.0,0.9372902025646065,0
1911.0,0.8952885737050063,1
3600.0,0.9193012243493376,1
1020.0,0.8966354005520449,1
1064.0,0.9216024911025682,1
4060.0,0.9229056829889796,0
1380.0,0.8786531016777037,1
3375.0,0.9068372472775291,1
1809.0,0.8810927400107504,1
1920.0,0.9099371001103782,1
2944.0,0.9113435681331895,1
4340.0,0.9127486109209901,0
3288.0,0.8659921289297158,1
3672.0,0.8676683533814304,0
1975.0,0.8483699040292286,1
2976.0,0.8829077152659176,1
1118.0,0.8833167198092998,1
3752.0,0.8852816298157303,0
1247.0,0.8331458352233012,1
2548.0,0.8726676459537557,1
1450.0,0.8728807458618024,1
567.0,0.8753267767415336,1
696.0,0.8775202884317284,1
900.0,0.8794679360226305,1
1128.0,0.8815658776226252,1
2940.0,0.8835053394397616,1
4650.0,0.885479025712664,0
2378.0,0.8343989067411903,1
2220.0,0.8736605404378562,1
4077.0,0.8735502687987389,0
2407.0,0.8208893889423989,1
1628.0,0.8635896514807501,1
2852.0,0.8627220499415171,1
3752.0,0.8651904519919629,0
2856.0,0.8109950559346281,1
720.0,0.8561510766655052,1
2300.0,0.854832420191349,1
3576.0,0.8574269835848735,1
483.0,0.8214203301871694,1
1848.0,0.8650964553240017,1
2574.0,0.8641846998310683,1
2520.0,0.8666574893725943,1
3393.0,0.8687035374162336,1
2856.0,0.8346337968139191,1
1920.0,0.8749841213500349,1
2511.0,0.8745347066643913,1
506.0,0.8765365270994796,1
1475.0,0.8784767712552887,1
1900.0,0.8803097468941349,1
2430.0,0.882047775694925,1
1886.0,0.8837734450805325,1
1078.0,0.8857432557740779,1
3570.0,0.887625922714159,1
2120.0,0.8574963446308752,1
810.0,0.8922961922258958,1
1140.0,0.8924931626800653,1
3864.0,0.8943507696419737,0
2296.0,0.8463042883180193,1
986.0,0.8828297056533274,1
4256.0,0.8829635000370218,0
1560.0,0.8334263698462552,1
1869.0,0.873227529884977,1
740.0,0.8726823981019697,1
1640.0,0.8747575720235317,1
2680.0,0.8767022330424652,1
1276.0,0.8784141636921481,1
2310.0,0.8803458943407872,1
3810.0,0.8822183173170794,0
2520.0,0.8332529981907668,1
4560.0,0.8731392989090211,0
1120.0,0.8196611333827359,1
1537.0,0.8630070506084457,1
3562.0,0.8614036536471407,1
1944.0,0.8260522148789063,1
3366.0,0.8684914752695283,1
1911.0,0.8305153724226197,1
2604.0,0.872124888960137,1
4228.0,0.8712231895994063,0
2478.0,0.8212175286324729,1
1144.0,0.8640306686726976,1
870.0,0.8625055347677353,1
3048.0,0.8646798923183482,1
3082.0,0.8297018100239734,1
682.0,0.8352884658164813,1
3108.0,0.8726732673736746,1
4256.0,0.8362205885594813,0
3807.0,0.8257528849284407,0
1265.0,0.8223357937075995,1
2016.0,0.8611237009760734,1
897.0,0.8606910170162412,1
2940.0,0.8627656687147669,1
2952.0,0.8646608519576788,1
903.0,0.8664139611942562,1
4004.0,0.8682131964563943,0
3144.0,0.8181078592673504,1
2140.0,0.8224603411681073,1
1012.0,0.8622570303792519,1
483.0,0.8616605020957216,1
945.0,0.8636531680752193,1
650.0,0.8654018854561253,1
1300.0,0.8670821658060717,1
1380.0,0.8688563518413134,1
1820.0,0.870401802586558,1
1044.0,0.872056038257147,1
4524.0,0.8735788584960396,0
1071.0,0.8249885474498907,1
2266.0,0.8660376097268208,1
2208.0,0.8652154223903575,1
920.0,0.8671465014401568,1
690.0,0.8688043428885687,1
840.0,0.8705185905443926,1
750.0,0.8721715361061217,1
700.0,0.8737338636341292,1
1800.0,0.8753790457875523,1
1326.0,0.8769268794781115,1
744.0,0.8785319083089529,1
575.0,0.8799938007808137,1
2560.0,0.8813630011537757,1
600.0,0.8829609215499788,1
2751.0,0.8843142599474897,1
1562.0,0.8858435238673141,1
2436.0,0.8872588658894931,1
1660.0,0.8886436118336054,1
1752.0,0.8899390238597368,1
1260.0,0.8912855989534707,1
1775.0,0.892753530771183,1
1144.0,0.8940224330285147,1
780.0,0.8953516767307412,1
4200.0,0.8966431698169675,0
2961.0,0.8512267842477748,1
1776.0,0.8860961934698856,1
3624.0,0.8862662866772915,0
1200.0,0.8385001863063316,1
2090.0,0.8764563331308446,1
750.0,0.8761973163858541,1
1500.0,0.8779480171137728,1
2538.0,0.879686684191717,1
3240.0,0.8814467130992126,1
3276.0,0.8500061312453456,1
1716.0,0.8537424385208329,1
2160.0,0.8876733260925748,1
1180.0,0.8879293200192745,1
2190.0,0.8895009088614321,1
1300.0,0.890975016985075,1
3078.0,0.892463514246228,1
1104.0,0.863343479540988,1
675.0,0.8962195310547806,1
2825.0,0.896624166272535,1
2583.0,0.898153858795345,1
3048.0,0.899367973363878,1
1260.0,0.871672047091789,1
754.0,0.9024074514619886,1
2184.0,0.9030227702606125,1
960.0,0.9044851601148842,1
638.0,0.9057134722191204,1
3828.0,0.9070648028670149,0
828.0,0.8632193506066239,1
1512.0,0.8952900210365727,1
4004.0,0.8959543305885224,0
2958.0,0.8499857655238465,1
2530.0,0.8853136722848514,1
1020.0,0.8852964384059463,1
3451.0,0.8870441200287721,1
1056.0,0.8568369992513962,1
1222.0,0.8913646720501219,1
696.0,0.891478898572315,1
2952.0,0.8929376415762925,1
2639.0,0.8943236433557721,1
972.0,0.8956872269969143,1
3294.0,0.8972011395744668,1
2436.0,0.8691476916795658,1
1350.0,0.900733621021704,1
1323.0,0.9012492150457139,1
3348.0,0.902829467136581,1
2180.0,0.8761005182210756,1
988.0,0.9061036255292989,1
1323.0,0.9068743672465861,1
3068.0,0.9084255244306914,1
930.0,0.8831946162565246,1
2808.0,0.9113394036768369,1
1456.0,0.9123430963333713,1
756.0,0.9134511367056621,1
1386.0,0.9148763707073417,1
1840.0,0.9159565885751302,1
3213.0,0.9168914179744869,1
3198.0,0.8934309691918748,1
2886.0,0.8953460362372825,1
4082.0,0.920423007900864,0
2675.0,0.8766401424077447,1
3164.0,0.9056390417965801,1
4410.0,0.8790409669285154,0
3225.0,0.8617047226459024,1
1944.0,0.8627336109021425,1
1140.0,0.8952058350825672,1
3886.0,0.8957998096267399,0
420.0,0.848400954354323,1
3024.0,0.8844111082148176,1
780.0,0.8518328605499111,1
1148.0,0.8879170585329533,1
528.0,0.8879385018536862,1
1846.0,0.8897764462659357,1
3335.0,0.89129277624805,1
616.0,0.8623982496900711,1
1755.0,0.8960111075537727,1
2352.0,0.8962071323218752,1
3618.0,0.8977815223031024,0
2156.0,0.850941402066548,1
2070.0,0.8863598872442715,1
2904.0,0.8865030074018285,1
1134.0,0.888149388806711,1
2320.0,0.8898463246795802,1
1720.0,0.8914813765351451,1
1316.0,0.8930953176304918,1
1460.0,0.8946482182430778,1
1840.0,0.8962604601550914,1
1978.0,0.897750236948501,1
1856.0,0.8991686915839168,1
2541.0,0.9005794535099096,1
1300.0,0.9019183767086092,1
1363.0,0.9034962599278854,1
3675.0,0.90469321256095,0
3151.0,0.8587142869138028,1
850.0,0.8614007539267037,1
2296.0,0.8937069890048626,1
1800.0,0.8941764893663056,1
3828.0,0.89586511002279,0
4440.0,0.8478263187747825,0
1050.0,0.8473498138385434,1
528.0,0.8812485932702228,1
2997.0,0.8820966048476819,1
2990.0,0.8840481080997912,1
690.0,0.8859320977585955,1
580.0,0.8877491594108575,1
1653.0,0.8895366558068781,1
720.0,0.891050653323783,1
2212.0,0.8924795432800672,1
598.0,0.893909816875381,1
2520.0,0.8955541002705191,1
768.0,0.8971120000635333,1
1334.0,0.8984260319375714,1
2921.0,0.8999607613050881,1
2132.0,0.9015236107886077,1
812.0,0.9029384655975192,1
3150.0,0.9043143143469435,1
3630.0,0.8779392716270431,0
900.0,0.861547687237403,1
682.0,0.8930783208569982,1
2772.0,0.8939866538836215,1
2616.0,0.8954676744143827,1
2553.0,0.8969462256638137,1
2898.0,0.898474608277547,1
2688.0,0.8998823761173056,1
759.0,0.9011050703845198,1
575.0,0.9025067335757014,1
1092.0,0.9040035838406655,1
2070.0,0.9053328358960714,1
3210.0,0.9067182756747392,1
1035.0,0.880913831107895,1
3278.0,0.9094256689545949,1
1456.0,0.8844680038362146,1
1218.0,0.9122568287988887,1
1650.0,0.9132783745179498,1
3654.0,0.9146747441287979,0
3306.0,0.871519839406847,1
1820.0,0.8725874366755826,1
2568.0,0.9026154822384428,1
1530.0,0.9036137221305426,1
960.0,0.9049358073993742,1
3556.0,0.9062231419933199,1
1624.0,0.8804634821354502,1
1920.0,0.909242270481186,1
1404.0,0.9104566868954888,1
1144.0,0.911782904473959,1
3200.0,0.9128123955723331,1
2079.0,0.888348389213617,1
3120.0,0.9148452980437682,1
1430.0,0.8910721873000518,1
2850.0,0.916941510507876,1
4200.0,0.9180622822128944,0
2340.0,0.8747288998013435,1
1885.0,0.9038324047217355,1
3000.0,0.9046495339840454,1
2200.0,0.8786820545886964,1
2730.0,0.9077808982837322,1
841.0,0.9088534331457042,1
