3325.0,0.5,1
575.0,0.4545454545454545,1
2240.0,0.6012658227848101,1
3388.0,0.6737738670221747,1
4495.0,0.6615902052394147,0
770.0,0.5642877380441444,1
2650.0,0.6881839259857427,1
2520.0,0.719759005014325,1
2600.0,0.7458163635578089,1
1632.0,0.7675475949262719,1
2268.0,0.7859187917365327,1
936.0,0.8013703126999155,1
648.0,0.8151919685831126,1
1350.0,0.827579415071493,1
1320.0,0.8381128248508731,1
1148.0,0.8473989965970373,1
1075.0,0.8559952642068233,1
572.0,0.8631196228058784,1
1943.0,0.8693899805721995,1
506.0,0.8752850658263138,1
2783.0,0.8808600584294726,1
1071.0,0.8860046782333628,1
3192.0,0.8906367375382439,1
2464.0,0.8649884553554181,1
3140.0,0.8926763154367269,1
1827.0,0.8728929382852249,1
2511.0,0.8996691217166503,1
3270.0,0.9083055684967215,1
1036.0,0.8869449328141197,1
1352.0,0.9097852424429339,1
1188.0,0.9170129797638189,1
860.0,0.9207021959309006,1
3750.0,0.9231251040293758,0
2852.0,0.864261970613589,1
3100.0,0.8921963110710898,1
3105.0,0.8695303934291617,1
2088.0,0.8683043045573411,1
2002.0,0.899771648829724,1
1972.0,0.9066298586945973,1
3120.0,0.9097570300343055,1
754.0,0.8863286413246987,1
1562.0,0.9101847628282661,1
644.0,0.915745838119643,1
621.0,0.9184410134347506,1
2222.0,0.9206130355239607,1
820.0,0.9225925208866737,1
2793.0,0.9244373750166216,1
2856.0,0.9260381882416382,1
696.0,0.9275269786622,1
4350.0,0.9290493689419769,0
616.0,0.882121385364736,1
780.0,0.9073133802426416,1
1485.0,0.9116898779907296,1
1748.0,0.9137835572590134,1
2436.0,0.9155181172122616,1
1296.0,0.9170518022496923,1
2662.0,0.9186972050224078,1
3096.0,0.9202258353488869,1
1560.0,0.8982835769417314,1
2912.0,0.9204358613494785,1
1875.0,0.9241361258478851,1
1426.0,0.9257037724592379,1
2288.0,0.9269503682778414,1
1968.0,0.928397507466457,1
3330.0,0.9296328350166929,1
1230.0,0.9099199648545189,1
928.0,0.9293760978331149,1
1976.0,0.9326818039550203,1
3220.0,0.9341092605822635,1
1012.0,0.9154141743730405,1
2240.0,0.9336575926024535,1
2610.0,0.9370558778964557,1
1924.0,0.9384608147618552,1
2472.0,0.9396278948250518,1
902.0,0.9405196779247427,1
3796.0,0.9415418387316759,0
2548.0,0.9036780594163166,1
875.0,0.9245184800265349,1
1215.0,0.9272990671438055,1
3100.0,0.9286273221954879,1
903.0,0.9083622363077581,1
1352.0,0.9288332493245267,1
980.0,0.9316796197260714,1
3510.0,0.9329265748244729,1
1892.0,0.9136617434955542,1
704.0,0.9328060467828823,1
1653.0,0.9354542389862769,1
2610.0,0.9365089725500504,1
2400.0,0.9375407619041867,1
1320.0,0.9383824729782775,1
1925.0,0.9393580482734327,1
2424.0,0.9401396690723058,1
1242.0,0.941029503722024,1
1728.0,0.9418757183973295,1
3973.0,0.9426986911298267,0
1860.0,0.9079234606959892,1
700.0,0.9281791553108143,1
1380.0,0.9304875459596802,1
3172.0,0.9314984028229754,1
3726.0,0.9118499561849638,0
4500.0,0.894393797306802,0
3540.0,0.8797813524105577,1
1323.0,0.8806551672357359,1
1992.0,0.9088647894621371,1
1848.0,0.9135773290916449,1
2725.0,0.9152238795567156,1
3996.0,0.916472275845605,0
1740.0,0.87666492954681,1
2046.0,0.9022995579087162,1
1840.0,0.906033649538928,1
3556.0,0.9074526833348566,1
2418.0,0.8816684766045808,1
3078.0,0.9068468926767743,1
2850.0,0.8840086996060074,1
3562.0,0.9090095908534811,1
3335.0,0.8869146946464086,1
3510.0,0.8849143870475924,1
2275.0,0.8857184479702247,1
3976.0,0.9128269279789831,0
660.0,0.8767101970859927,1
3456.0,0.9031148058396986,1
3600.0,0.8789391787677054,1
1680.0,0.8775016408552797,1
1344.0,0.9060599631540595,1
3248.0,0.9094844932888444,1
1298.0,0.8845375581806074,1
924.0,0.9095361664865985,1
806.0,0.9126527893091088,1
2706.0,0.9139255894478621,1
1860.0,0.9148819380693906,1
3519.0,0.9159837585887595,1
3277.0,0.8922287955459367,1
1496.0,0.8905090597882437,1
567.0,0.9163073387751446,1
3360.0,0.9196407472785602,1
2904.0,0.8970324350260105,1
2121.0,0.9194239874014905,1
3198.0,0.9225143178696414,1
880.0,0.9005764747560454,1
2660.0,0.9220309782407214,1
4440.0,0.9249951678441956,0
1518.0,0.8890832640579451,1
2970.0,0.9127655914983834,1
1060.0,0.9154810274302061,1
1152.0,0.9166214655782867,1
2523.0,0.9175097298862513,1
621.0,0.9184487539999856,1
630.0,0.9192510139116029,1
943.0,0.9202410931786182,1
1100.0,0.921188474783841,1
748.0,0.9221195758881978,1
1728.0,0.9229703099997171,1
1800.0,0.9237585599752747,1
841.0,0.924509108367911,1
4050.0,0.925261248248423,0
920.0,0.8893069075459199,1
1890.0,0.9132008522968389,1
3074.0,0.915555884548944,1
2260.0,0.8918936415977432,1
3565.0,0.9158412229668171,1
1512.0,0.8940025282434946,1
1125.0,0.9177446572241811,1
1624.0,0.9202137381450161,1
3900.0,0.9210795047771957,0
3248.0,0.8846036207577825,1
2241.0,0.8833243928025829,1
504.0,0.9107541558515494,1
860.0,0.9130731790836146,1
520.0,0.914009825429607,1
1568.0,0.9149563734212502,1
2226.0,0.9158582917601065,1
3696.0,0.916695517048325,0
2002.0,0.8792312201793739,1
1305.0,0.9060126752284318,1
1035.0,0.9079876198130767,1
880.0,0.9090900274594126,1
1176.0,0.9100451177676172,1
3892.0,0.9109912012961425,0
1080.0,0.8723946768082298,1
1218.0,0.901144524066931,1
1848.0,0.9027268641869722,1
2499.0,0.9036702061033948,1
3020.0,0.9047558932655269,1
3248.0,0.8782586903996333,1
2550.0,0.8785148324671354,1
1720.0,0.9069232032118687,1
644.0,0.9086799820550868,1
1817.0,0.9096626725378787,1
836.0,0.9106261427650207,1
1780.0,0.9116294357974292,1
4002.0,0.9126130632469187,0
2574.0,0.8746750995926837,1
2856.0,0.9031001096960029,1
2730.0,0.9045387875712984,1
1020.0,0.9055925161939835,1
2725.0,0.9065666272216579,1
2968.0,0.907519141426433,1
2520.0,0.9084773474925179,1
1404.0,0.9094162679255158,1
725.0,0.9103739646877517,1
1450.0,0.9112375978384895,1
735.0,0.9121331934811929,1
484.0,0.9130403171809972,1
3150.0,0.9138556432928618,1
1752.0,0.8893800327089075,1
924.0,0.914883983896532,1
2784.0,0.9164378279379607,1
4020.0,0.9173956208124207,0
1140.0,0.8810877750831231,1
575.0,0.9081851753607328,1
2001.0,0.9093246172731274,1
682.0,0.9103022383425805,1
2782.0,0.9112381235705711,1
1288.0,0.9120691618826045,1
1716.0,0.9129240919701759,1
2037.0,0.913725391939751,1
2904.0,0.9145620391472693,1
1230.0,0.9154116927941813,1
3848.0,0.9163608927191522,0
1932.0,0.8793331749736443,1
1817.0,0.9069690128095484,1
4050.0,0.9081098776635398,0
888.0,0.8693004228987338,1
1232.0,0.8994862508246892,1
3480.0,0.9001414390573808,1
1848.0,0.8724150270119793,1
928.0,0.902394114804644,1
700.0,0.9031659388605057,1
3172.0,0.9042669220100266,1
2688.0,0.8775653834485083,1
2322.0,0.9063470710752625,1
999.0,0.9072434394119743,1
1210.0,0.9082844686775927,1
3825.0,0.9091738421815021,0
1664.0,0.8708463144892653,1
3750.0,0.9008787152185181,0
1848.0,0.8602212195169169,1
1820.0,0.8929205676651277,1
3720.0,0.8932116861133086,0
2460.0,0.8515231762567452,1
945.0,0.8864077543353756,1
840.0,0.8861804559537556,1
2200.0,0.8873839492997994,1
4200.0,0.8885295885195544,0
2300.0,0.8456394539941919,1
2916.0,0.8820621144387325,1
1920.0,0.8814530311897819,1
713.0,0.8827851289035507,1
3696.0,0.8839680618576132,0
4466.0,0.8402433663116654,0
3836.0,0.8356620592502032,0
1768.0,0.8284283684443263,1
4077.0,0.8665188420697771,0
2376.0,0.8198163114709707,1
3040.0,0.8593637332659098,1
1449.0,0.8224789211989265,1
2926.0,0.8621070321093408,1
1066.0,0.8634981202547871,1
2783.0,0.8648544218572816,1
840.0,0.8662056746244262,1
506.0,0.8674919178484841,1
567.0,0.8688173344111596,1
1363.0,0.8701639349145024,1
1914.0,0.8715190165197407,1
1617.0,0.8727731062378241,1
2047.0,0.8740482695955857,1
4228.0,0.8753618302760401,0
1080.0,0.8290831323111025,1
616.0,0.8666735102303267,1
1118.0,0.8681254201795691,1
2646.0,0.8695363646581248,1
3780.0,0.8709227764851332,0
1890.0,0.8238643737690579,1
2808.0,0.8628780647262558,1
3422.0,0.8639301941870938,1
1640.0,0.8283044850477996,1
4118.0,0.8670667320121206,0
1239.0,0.8192141596379496,1
3565.0,0.8595632291034185,1
660.0,0.8220232421593623,1
2490.0,0.8624654756581656,1
4260.0,0.8633243155362633,0
1080.0,0.8150943419818544,1
3144.0,0.8565742094706854,1
1340.0,0.8180158872007275,1
3256.0,0.8594835043683448,1
962.0,0.8215124585816739,1
3250.0,0.8621224456870294,1
1404.0,0.8250000189052931,1
1566.0,0.8648651908691438,1
2997.0,0.8656773778370692,1
3124.0,0.867159346612722,1
990.0,0.8320004185846722,1
2814.0,0.8702243672158129,1
810.0,0.8712788885525187,1
3360.0,0.8727226244723355,1
1584.0,0.8387645715756664,1
2068.0,0.8754937103498006,1
3575.0,0.8767489528274836,1
2814.0,0.8437376781759449,1
3094.0,0.8793192380909177,1
2024.0,0.8470280746457339,1
3915.0,0.8819936127062535,0
2772.0,0.8370707440790327,1
3264.0,0.8737060098163354,1
440.0,0.8396475233095066,1
2415.0,0.8764560362927774,1
1050.0,0.877393298394714,1
4004.0,0.8787397362032237,0
1740.0,0.8333856329565938,1
2860.0,0.8710258303520203,1
4004.0,0.8716237847737766,0
3538.0,0.8244108256420397,1
3192.0,0.8268608611306495,1
3720.0,0.8286411128472239,0
3611.0,0.8180715301490948,0
2394.0,0.8122817568905131,1
2289.0,0.8531276832023261,1
3297.0,0.8540846624633865,1
2058.0,0.8164017564725317,1
1150.0,0.8576460990669975,1
3570.0,0.8586841577213536,1
1909.0,0.8218819173675972,1
1968.0,0.8619362532912925,1
2828.0,0.8632036885594377,1
704.0,0.864578608967812,1
3024.0,0.8659433043648234,1
2289.0,0.83053491769087,1
3024.0,0.8686735202451114,1
588.0,0.8339360114155493,1
3562.0,0.8713327270569025,1
620.0,0.8373720387806827,1
2375.0,0.8738948633005361,1
3926.0,0.8754856309294156,0
1690.0,0.8288915831512789,1
884.0,0.8666946947015891,1
4131.0,0.8679526230033259,0
2596.0,0.8195997796357984,1
1533.0,0.8597170547007689,1
3807.0,0.860624955601326,0
2921.0,0.8107379081622077,1
756.0,0.8531012168546108,1
3496.0,0.8534100811499217,1
1541.0,0.8157421061850676,1
1080.0,0.8578541206521111,1
546.0,0.8584709331956032,1
3744.0,0.8601213381253455,0
2415.0,0.8103219458948939,1
4284.0,0.8529544104386202,0
952.0,0.8000586826852601,1
1804.0,0.8453532036599486,1
2392.0,0.8448974542471481,1
3770.0,0.8467592895152577,0
754.0,0.7947163348906006,1
2520.0,0.8413501977429891,1
2784.0,0.8404714610409074,1
2772.0,0.842349508294391,1
2525.0,0.8441051343987718,1
2552.0,0.8459186568516539,1
3136.0,0.8475883671980569,1
902.0,0.8086212563950522,1
960.0,0.8528116692630585,1
529.0,0.8526529522322533,1
1071.0,0.8543521633343353,1
3278.0,0.855977788504383,1
1421.0,0.8188298077130153,1
1500.0,0.8607749048527294,1
1608.0,0.8610744795233595,1
2706.0,0.8626450117965566,1
1118.0,0.864146041299557,1
896.0,0.8657592287121549,1
945.0,0.8672588842740646,1
1479.0,0.8689029006876892,1
575.0,0.870437517310171,1
2448.0,0.8719789457728881,1
1344.0,0.8734046330740259,1
3683.0,0.874863683287485,0
3325.0,0.8268092944810356,1
3810.0,0.8291292964826272,0
1073.0,0.8171908197089538,1
3025.0,0.8574301178700335,1
3770.0,0.8184476292876117,0
775.0,0.8091452610336862,1
1365.0,0.8507354562946139,1
3210.0,0.8502872912678759,1
2300.0,0.8122542884146016,1
2808.0,0.8560540099046235,1
1518.0,0.8556216487203601,1
2691.0,0.8573962338339065,1
1200.0,0.8591471587757477,1
2240.0,0.86072827898213,1
836.0,0.8623496907193063,1
1274.0,0.8639466588270339,1
975.0,0.8654907415413495,1
1176.0,0.8669786629221343,1
888.0,0.8686291381922657,1
2200.0,0.8701150583447042,1
3220.0,0.8717595045241355,1
3220.0,0.8378555501651389,1
2480.0,0.8408699724689024,1
1479.0,0.8770457514889239,1
1392.0,0.8776447088154007,1
3168.0,0.8791091659576274,1
912.0,0.8469048000540162,1
3510.0,0.8825569803801816,1
2596.0,0.8502073545475503,1
980.0,0.8852571379707032,1
3151.0,0.8861009306746289,1
567.0,0.8555260363051542,1
600.0,0.8892222059123455,1
700.0,0.8902979577104341,1
1386.0,0.8916450438505601,1
2808.0,0.8929352265408663,1
1824.0,0.894232316523256,1
2494.0,0.8954829317736845,1
1710.0,0.8966476749887519,1
1920.0,0.8978991448257926,1
1080.0,0.8989665890004048,1
580.0,0.9000763146297138,1
783.0,0.9012426319543255,1
1430.0,0.9024019131041333,1
2375.0,0.9035090936706472,1
1064.0,0.9046854244410728,1
2898.0,0.9056809323502573,1
1015.0,0.9068515197084759,1
4031.0,0.9078560786458919,0
3753.0,0.8672364616653805,0
2550.0,0.8632894387001605,1
2400.0,0.8942279338536555,1
3275.0,0.8961075906969135,1
897.0,0.8677514082310953,1
1710.0,0.8979828273943766,1
2508.0,0.8998367380145297,1
2075.0,0.9009224172351291,1
4020.0,0.9020922756656967,0
3724.0,0.8609149766815075,0
672.0,0.8561268730732681,1
1593.0,0.8884301958730396,1
2420.0,0.890807793992261,1
1890.0,0.8921234997306224,1
2640.0,0.8933828246125186,1
3234.0,0.8944902100155863,1
1073.0,0.8654136784423818,1
2640.0,0.8954309148247479,1
4030.0,0.8977713960531049,0
1566.0,0.8557022172695207,1
1265.0,0.8868530833918169,1
2160.0,0.8889495697989114,1
2496.0,0.8902852131032829,1
1650.0,0.8915955543592101,1
3060.0,0.8927807027797926,1
1624.0,0.8633587933946478,1
575.0,0.8938422444389728,1
3960.0,0.8961659125335233,0
2288.0,0.8536744621249798,1
1288.0,0.8854598317198373,1
2684.0,0.8874531878451416,1
2400.0,0.8887390234223387,1
4004.0,0.8900626023687414,0
3422.0,0.8468727413127515,1
1008.0,0.8466135642536723,1
1020.0,0.8816037996809367,1
2550.0,0.8833661980195082,1
2736.0,0.884683533399266,1
1220.0,0.8859076156504303,1
3192.0,0.8871182303741458,1
550.0,0.8563934916468524,1
2884.0,0.8887002455022665,1
2730.0,0.8906210665362537,1
4131.0,0.8918843675937447,0
950.0,0.8487443011789286,1
1150.0,0.8819261257137576,1
2712.0,0.8835775017096861,1
3050.0,0.8848034581670157,1
690.0,0.8536153473681781,1
2781.0,0.8867860253105518,1
987.0,0.8885630681050092,1
3192.0,0.889803104751706,1
987.0,0.8596516490086279,1
784.0,0.8914298055235761,1
990.0,0.8932589729699245,1
3402.0,0.8944617752860657,1
1974.0,0.8654369232234579,1
2926.0,0.8959301823601507,1
3360.0,0.8978995826903495,1
952.0,0.8697656240766038,1
1176.0,0.899182713511257,1
1620.0,0.9012464808553169,1
1764.0,0.9024106486487384,1
1620.0,0.9035859364099943,1
3542.0,0.9046445894530203,1
621.0,0.8780831432193005,1
720.0,0.9057100470299062,1
2457.0,0.9077613714786531,1
2054.0,0.9088116874504231,1
1305.0,0.9097813099762658,1
725.0,0.910712885970736,1
1500.0,0.9116182781262924,1
1040.0,0.9126558266096683,1
3618.0,0.9136549786865393,0
