2703.4082114691096,0.5,0
780.0,0.3611111111111111,1
2380.0,0.6562650893288267,1
624.0,0.5306122448979591,1
2028.0,0.7528258725784812,1
864.0,0.6502179152563929,1
990.0,0.8098108267744665,1
1507.0,0.849411952190394,1
560.0,0.8676091034991077,1
588.0,0.880877354885183,1
2448.0,0.8920760415284615,1
1620.0,0.8053928087826099,1
1155.0,0.8880633618190835,1
2698.0,0.9099516820850424,1
1120.0,0.8366094203809422,1
1995.0,0.9051266413175605,1
1209.0,0.9230714798831303,1
812.0,0.929980832963514,1
860.0,0.9337828689196462,1
690.0,0.9371996031703422,1
3230.0,0.9394947517646247,0
638.0,0.8028631192019469,1
2432.0,0.8870692950266691,1
900.0,0.8057143026633922,1
1752.0,0.8942526621347868,1
2015.0,0.9087580452198014,1
2414.0,0.8281339678802953,1
874.0,0.8128016570798059,1
737.0,0.9050655091206212,1
1105.0,0.9202841431711488,1
1644.0,0.9246736043788124,1
1740.0,0.9267693578754148,1
1170.0,0.9293484527590457,1
2592.0,0.9317192790040093,1
936.0,0.8648085620671823,1
1008.0,0.9247931100746748,1
2840.0,0.935687331366287,0
1680.0,0.8250470694945032,1
858.0,0.9047533721800409,1
1456.0,0.9136131138425923,1
1615.0,0.9162039529873973,1
2145.0,0.9180841083511313,1
1598.0,0.8404535248907329,1
1635.0,0.9145724545244109,1
1032.0,0.9237653919566089,1
420.0,0.926339220132351,1
1700.0,0.9278953448905942,1
1530.0,0.9292029498016249,1
1800.0,0.9308006485762833,1
1500.0,0.9326752978604846,1
319.0,0.9339132779308024,1
1691.0,0.9353475208557509,1
602.0,0.9363576667646211,1
1995.0,0.9373825990959337,1
1794.0,0.9383410471355709,1
954.0,0.9393862052070072,1
1012.0,0.9402806004184556,1
522.0,0.9414756722859564,1
2640.0,0.9423111230325188,1
385.0,0.8836314443550092,1
1136.0,0.9373184476369535,1
3320.0,0.9447941458641147,0
2070.0,0.8454033507934652,1
1558.0,0.8360081742733944,1
1232.0,0.9185421252255542,1
1580.0,0.9259269844375764,1
2700.0,0.9282687172950231,1
570.0,0.858557331482173,1
2223.0,0.926384706651995,1
3287.0,0.8637625379396711,0
3097.0,0.822225935218341,0
1950.0,0.785581516286996,1
1275.0,0.8900127582751186,1
3059.0,0.9051507077973887,0
2808.0,0.7853517765239858,0
1482.0,0.73664115484893,1
697.0,0.8584554439236287,1
540.0,0.8798835177661565,1
840.0,0.8853815503394202,1
2640.0,0.8879682327706864,1
1968.0,0.7869556072748071,1
1573.0,0.8748031056075591,1
1904.0,0.8914683746208155,1
817.0,0.8958829262671799,1
1740.0,0.898532814721284,1
2752.0,0.9006389143265754,0
1494.0,0.7776314865201199,1
869.0,0.8705972392373562,1
605.0,0.8847937957179712,1
2788.0,0.8886340253234646,0
341.0,0.7587821237786495,1
1260.0,0.862561165917892,1
1480.0,0.8750349175470781,1
2048.0,0.8782805212768634,1
2736.0,0.7710751841475386,0
2576.0,0.730223451473896,1
2184.0,0.7317116856596668,1
1921.0,0.7350375791613724,1
1768.0,0.8608545084935801,1
640.0,0.8728478544518171,1
2224.0,0.8759851530495817,1
1955.0,0.766929170533617,1
1859.0,0.8708017297152932,1
700.0,0.8817809759581337,1
1110.0,0.8846311933545358,1
465.0,0.886653790643193,1
2040.0,0.8887775372322272,1
1804.0,0.7880843593762399,1
1950.0,0.8823770816453651,1
3460.0,0.8935791549603374,0
2600.0,0.769971046393817,1
1020.0,0.7579505223742318,1
1890.0,0.8736130072233173,1
1296.0,0.8840194189831894,1
1068.0,0.8866097849981073,1
1482.0,0.8884813254148064,1
1610.0,0.8903618021830959,1
490.0,0.8924035913456608,1
1274.0,0.8943141939879025,1
2120.0,0.8962537834364244,1
800.0,0.8004561199567503,1
1240.0,0.8909404266033123,1
1326.0,0.9005282189074262,1
1760.0,0.9029436507800952,1
1430.0,0.9046650643981481,1
1408.0,0.906068796932439,1
1378.0,0.9074099862965174,1
2520.0,0.909037117310384,1
741.0,0.8224200090662361,1
608.0,0.9026394080722376,1
1260.0,0.9121873886328292,1
1134.0,0.914464408958095,1
693.0,0.9157315544127507,1
1417.0,0.9169032607327687,1
1717.0,0.9184403507659609,1
858.0,0.9199043948502917,1
1904.0,0.9210800560430241,1
2002.0,0.9224483062286644,1
1309.0,0.8464586929385737,1
396.0,0.9160873870122931,1
2336.0,0.924953524922368,1
2567.0,0.8523957921912971,1
871.0,0.8387591121615341,1
1738.0,0.9188172829988389,1
2400.0,0.9290428422282921,1
1232.0,0.8601194955379696,1
1638.0,0.9237228786883834,1
744.0,0.9321267057169146,1
3211.0,0.9341831749087536,0
828.0,0.8396478814434578,1
1539.0,0.9117239887184871,1
522.0,0.9194241896862604,1
1140.0,0.9212291568199107,1
1560.0,0.9225135395727485,1
2640.0,0.9236769686027182,1
2380.0,0.84877258150601,1
520.0,0.8369455221988904,1
611.0,0.9180743822647676,1
1005.0,0.9273496809223057,1
3100.0,0.9294483683963464,0
2370.0,0.8327606207077618,1
1152.0,0.8202962968211275,1
2980.0,0.9090882277865219,0
2688.0,0.8083414835857403,1
896.0,0.7998527510674709,1
2413.0,0.8983767774726219,1
1740.0,0.8135573070670763,1
704.0,0.9015314709180595,1
1245.0,0.9082941727795377,1
1116.0,0.9098498819319037,1
495.0,0.9114236234525598,1
595.0,0.9128404941214293,1
972.0,0.9141183874812041,1
1007.0,0.9152677552831344,1
1712.0,0.916567594136229,1
1595.0,0.9178678501498685,1
2184.0,0.9192198641447499,1
1776.0,0.8408205674451196,1
1349.0,0.9155045805624107,1
1968.0,0.922265978742173,1
1020.0,0.923856075531202,1
1170.0,0.9250777311485585,1
2212.0,0.9261080045095718,1
1674.0,0.8531254941680265,1
2286.0,0.9223569354676672,1
1224.0,0.8564972126633081,1
2352.0,0.9243384590412536,1
1246.0,0.8604213267167709,1
1573.0,0.9263819489927458,1
2698.0,0.9327758356251739,1
2595.0,0.8664442772310246,1
1705.0,0.857036021422272,1
2016.0,0.9293492118868268,1
1776.0,0.8708390542037792,1
935.0,0.9318630479294501,1
924.0,0.938269000441349,1
1014.0,0.9393457612830488,1
1837.0,0.9401429519849397,1
665.0,0.9407695686353716,1
1952.0,0.9415351180308467,1
3078.0,0.9421073464001932,0
1513.0,0.8544993456333638,1
384.0,0.9221320827378126,1
512.0,0.9281142804950054,1
3360.0,0.9295123164747559,0
1712.0,0.8331942836580136,1
1261.0,0.911781423227991,1
1600.0,0.917131068839441,1
1498.0,0.9185784995213272,1
1932.0,0.9196670147747491,1
1652.0,0.920825534898936,1
1220.0,0.922057639668842,1
832.0,0.9231848458692468,1
2295.0,0.9244063493850682,1
3135.0,0.8496476129700266,0
1870.0,0.8198435402321007,1
476.0,0.9086806511853703,1
923.0,0.9135336656009508,1
1311.0,0.914989105923204,1
910.0,0.9161614789607374,1
1700.0,0.9173395377242397,1
1040.0,0.9185599597924584,1
740.0,0.9195458413532482,1
870.0,0.9207821493292833,1
1742.0,0.9217218671655595,1
2475.0,0.9227670065394308,1
1275.0,0.8469377209121802,1
1976.0,0.9207166702399838,1
2618.0,0.9256853554758055,1
1694.0,0.8523763012246866,1
627.0,0.9237391535654009,1
2200.0,0.9288628428278868,1
1584.0,0.8581188740909865,1
670.0,0.9265131544761545,1
3320.0,0.9312948676658046,0
532.0,0.835181995283751,1
1479.0,0.9140628287327086,1
416.0,0.9182186230183226,1
3230.0,0.9195994796621767,0
1728.0,0.813682679348269,1
902.0,0.9036930630383969,1
1328.0,0.906901724318814,1
992.0,0.9083880938904283,1
1540.0,0.9098259834960722,1
1498.0,0.9113013677045535,1
792.0,0.9127495681783979,1
1890.0,0.9140773974470484,1
1680.0,0.9154708331904969,1
580.0,0.9166426457649142,1
650.0,0.9180846024026794,1
570.0,0.9194523098732432,1
2397.0,0.920681357048005,1
1248.0,0.843167281666795,1
2288.0,0.9197597779300233,1
2394.0,0.8472129691863434,1
2262.0,0.843493448099309,1
374.0,0.8450936026646627,1
1360.0,0.9237000293677223,1
1470.0,0.9280027003234445,1
1859.0,0.9294711875548121,1
324.0,0.9304677423031058,1
1380.0,0.9313893332833058,1
2171.0,0.9324730185940681,1
1905.0,0.8653044915017223,1
620.0,0.9312290750581407,1
1881.0,0.935444564998202,1
2567.0,0.9365327283953275,1
1960.0,0.8720608215506339,1
1590.0,0.9344436895439411,1
2000.0,0.9384014999557072,1
2015.0,0.8758619542290403,1
2147.0,0.8702849210077432,1
1275.0,0.8714653356754577,1
660.0,0.9378499842689405,1
336.0,0.942592135919671,1
1547.0,0.9434098330206455,1
672.0,0.9444398577418309,1
952.0,0.9450631119307005,1
2128.0,0.945636072580853,1
768.0,0.8896557252027627,1
1353.0,0.9437737938993225,1
510.0,0.9479485029836063,1
3300.0,0.9486183632898375,0
688.0,0.863008630052354,1
819.0,0.9290461692242467,1
1368.0,0.9330000408227037,1
1078.0,0.9340313844976726,1
1562.0,0.9349721582637274,1
493.0,0.9358614033356272,1
1570.0,0.9368157049828656,1
2584.0,0.9376404983317721,1
1116.0,0.8747449350200319,1
1292.0,0.9362747811120448,1
1032.0,0.9399417693005341,1
1190.0,0.940892772688615,1
588.0,0.9417012955492523,1
2601.0,0.9423960643869165,1
1780.0,0.88349432518838,1
720.0,0.9406256035141691,1
2312.0,0.9448374041315735,1
1649.0,0.8883596101640918,1
570.0,0.9432294068108218,1
1562.0,0.9473169523716918,1
504.0,0.9485366919946352,1
1920.0,0.9495581884813713,1
2640.0,0.9503539754734969,1
752.0,0.8991741197893451,1
550.0,0.9487930689612478,1
1140.0,0.9525242262365333,1
680.0,0.9533615723309162,1
1377.0,0.9540639252973256,1
1836.0,0.9543909687091089,1
1344.0,0.954572993441672,1
952.0,0.9553514054089085,1
790.0,0.9557967808098947,1
555.0,0.9562923912644961,1
1343.0,0.9569189301647716,1
2680.0,0.9571526557253447,1
1738.0,0.9121784148683824,1
1100.0,0.9554569803674028,1
1140.0,0.9586856837047852,1
770.0,0.9592473391808839,1
533.0,0.9600302193905317,1
1066.0,0.9603373586214805,1
2184.0,0.9604207366846506,1
2070.0,0.9180105686530069,1
900.0,0.9123004729634127,1
1551.0,0.9579866606995961,1
1843.0,0.9614520364102369,1
1819.0,0.96177718443454,1
2628.0,0.9617567409755137,1
570.0,0.9210204722504723,1
1482.0,0.9595308232410702,1
1802.0,0.9629043567486923,1
434.0,0.9631754919851221,1
1836.0,0.9639031881960688,1
1258.0,0.9645886600556746,1
1826.0,0.9652381389889274,1
1280.0,0.965375003378086,1
527.0,0.9655761287109876,1
704.0,0.9662089461637053,1
1853.0,0.966351152701194,1
1404.0,0.9668316249371135,1
2660.0,0.9669487973905919,1
448.0,0.9299238181131039,1
2822.0,0.9643562691204584,0
1670.0,0.8927242933073065,1
2052.0,0.9444017695087576,1
1278.0,0.8929650662634159,1
1010.0,0.9463432053871634,1
560.0,0.9499202217070651,1
330.0,0.9508524267817134,1
689.0,0.9515962621204724,1
1962.0,0.952050574661003,1
1666.0,0.9527193216020708,1
640.0,0.9534804418360446,1
1980.0,0.9539743125957113,1
960.0,0.9543412109157055,1
918.0,0.9548399405247847,1
2300.0,0.9551508120446616,1
2460.0,0.9079323967519821,1
1452.0,0.9038850961663845,1
1122.0,0.9543042561527046,1
2088.0,0.9579928751557933,1
816.0,0.9136790426319651,1
1320.0,0.9560032236702674,1
1188.0,0.9595154667844075,1
793.0,0.9600576964575748,1
2052.0,0.9606285885771261,1
1632.0,0.918719147370883,1
2288.0,0.9585089718409137,1
2128.0,0.9196746543575007,1
1485.0,0.915047089674561,1
874.0,0.9594561922160135,1
1155.0,0.9631151121829444,1
2538.0,0.9634041639567598,1
1404.0,0.9241595340299391,1
2538.0,0.9619038809200726,1
1040.0,0.9255383931361099,1
1352.0,0.9623532546798352,1
1044.0,0.965586630278736,1
996.0,0.9660204542199122,1
1640.0,0.9660472886188944,1
1752.0,0.9660271975248788,1
2700.0,0.9662873905067508,1
940.0,0.9297717584617585,1
576.0,0.9639783427981599,1
1160.0,0.966409704120552,1
1708.0,0.9672798771500339,1
748.0,0.9675309752081017,1
2160.0,0.9674540988864778,1
2397.0,0.9323913269280837,1
980.0,0.9282946527854863,1
620.0,0.9658836938835057,1
1856.0,0.9691588051647496,1
1425.0,0.9692959760603775,1
1800.0,0.9690381465505365,1
1441.0,0.9689545718910778,1
2147.0,0.9696020360098488,1
2958.0,0.9362736510836334,0
1785.0,0.8930067126797795,1
550.0,0.946224353409946,1
896.0,0.9498437870998342,1
816.0,0.9503897460735576,1
2093.0,0.9510138527977174,1
1598.0,0.9003533184170056,1
885.0,0.949620607541701,1
828.0,0.9526977277522589,1
544.0,0.9536798909610004,1
2070.0,0.954331354787469,1
1512.0,0.9069177383460274,1
1590.0,0.9532829853326616,1
1428.0,0.9562708552311165,1
2006.0,0.9569643080129464,1
2970.0,0.9107482899232324,0
432.0,0.8692267042003041,1
864.0,0.9347051868063505,1
1440.0,0.9382056677724209,1
1482.0,0.9394983395662729,1
2156.0,0.9404428955600647,1
2432.0,0.879689508430645,1
2295.0,0.8772808421210946,1
1136.0,0.8783343017255142,1
1056.0,0.9412280460815213,1
820.0,0.944985732917731,1
1122.0,0.9459772346281928,1
2268.0,0.946880655631963,1
676.0,0.8916300506949977,1
840.0,0.9455647186386048,1
1911.0,0.9485650456861346,1
2119.0,0.949807737216103,1
2698.0,0.8970578687685732,1
330.0,0.8928148070846191,1
2679.0,0.948541047513463,1
1826.0,0.8996460302120508,1
1120.0,0.949866358240424,1
2831.0,0.9529157585065036,0
952.0,0.8651240622597395,1
1566.0,0.9314444006331954,1
528.0,0.9344764310709213,1
1023.0,0.9355431186104006,1
2520.0,0.9367026285277091,1
1826.0,0.8729482890928721,1
561.0,0.9365905011396229,1
1980.0,0.9399963229668842,1
1498.0,0.9409896705800281,1
319.0,0.941684547998621,1
850.0,0.9423422690178238,1
880.0,0.942996314028134,1
3400.0,0.9439111522636108,0
1343.0,0.847092362480278,1
1566.0,0.9228612627440693,1
432.0,0.9254151600240711,1
1815.0,0.9268680579956494,1
840.0,0.9283947356736535,1
810.0,0.9297285334805965,1
1547.0,0.9309554380303161,1
1870.0,0.9320542730338899,1
988.0,0.9336301409982057,1
1988.0,0.9350365576551186,1
684.0,0.9359685435397713,1
1665.0,0.9373020826228275,1
814.0,0.9383093825952113,1
924.0,0.9396019742610744,1
600.0,0.9409295248711753,1
1050.0,0.9417044968799456,1
434.0,0.9425074541290658,1
330.0,0.9434174480316481,1
583.0,0.9443888139205547,1
1083.0,0.9453354844364821,1
731.0,0.9460850114333831,1
1190.0,0.9469442303268081,1
325.0,0.9475441043467315,1
480.0,0.9483034350412238,1
1118.0,0.9489742952936152,1
2700.0,0.9495033224988583,1
1368.0,0.8975727864675163,1
510.0,0.9492418678609724,1
2310.0,0.9516936261858185,1
1199.0,0.9018615176933488,1
1513.0,0.9511752971207449,1
3140.0,0.9541499978336219,0
2041.0,0.8701089128285237,1
770.0,0.8668901720654836,1
1248.0,0.9357001410116251,1
1794.0,0.9383597954069978,1
576.0,0.9394329973750452,1
817.0,0.9407171481537058,1
1638.0,0.9415106912531658,1
1748.0,0.9425150833739017,1
1764.0,0.9431922539161564,1
1720.0,0.9439603881922137,1
1720.0,0.944965603213401,1
1584.0,0.9460548203021772,1
375.0,0.9469551016737523,1
2249.0,0.9476885936290215,1
429.0,0.8930155099870242,1
760.0,0.9466897574483863,1
1150.0,0.9495003367514552,1
1260.0,0.9502240251673701,1
