103.0,0.5,0
97.0,0.4444444444444444,0
51.0,0.2558139534883721,0
98.0,0.18620689655172412,0
170.0,0.14669829972321077,1
68.0,0.3082863673144901,0
156.0,0.1999999999999999,1
144.0,0.3568464730290456,1
132.0,0.3995305776502803,1
96.0,0.4415449888140214,0
151.0,0.29879437025852335,1
49.0,0.44444444444444436,0
158.0,0.30569948186528495,1
116.0,0.46103610214264745,1
45.0,0.47421531513702847,0
32.0,0.335884842197725,0
139.0,0.3169502362121343,1
108.0,0.45775765663836765,1
113.0,0.468921601225738,1
122.0,0.4897959183673469,1
170.0,0.5085738184859893,1
29.0,0.5259304510469539,0
56.0,0.388035899043812,0
135.0,0.35843434729740675,1
112.0,0.49466286860811404,1
37.0,0.5135543134386773,0
131.0,0.3800780432896946,1
104.0,0.5126710339181819,0
113.0,0.4942686777067738,1
120.0,0.5096951700232935,1
43.0,0.5221724298433971,0
29.0,0.3903604857707364,0
81.0,0.37776640459329053,0
65.0,0.35891925465060653,0
36.0,0.34178230711531943,0
111.0,0.32597220131504256,1
121.0,0.45293293773111376,1
27.0,0.46692463664778183,0
43.0,0.34328912358640473,0
161.0,0.3267329055114459,1
92.0,0.45214106341479543,0
125.0,0.3333333333333335,1
82.0,0.4588045234248788,0
123.0,0.3349273323956869,1
89.0,0.46471457820984213,0
120.0,0.3359522020522726,1
76.0,0.47011768071530957,0
92.0,0.3365284188489418,0
77.0,0.3380848123825263,0
75.0,0.326235849487505,0
56.0,0.3161582136181464,0
127.0,0.306540654238933,1
173.0,0.42635301578642243,1
74.0,0.42830750206551055,0
143.0,0.3125126294172176,1
166.0,0.43825721133263806,1
53.0,0.437943669898012,0
69.0,0.32136455929048025,0
121.0,0.318719890695371,1
123.0,0.4383657714291003,1
155.0,0.43842536476803223,1
166.0,0.44586448294580816,1
99.0,0.45275228346434926,0
37.0,0.33460721501781,0
150.0,0.32884201891769,1
103.0,0.44899776262914665,0
67.0,0.43918218262814407,0
105.0,0.3219494773181818,1
126.0,0.44414198861100296,1
88.0,0.4455970486583209,0
123.0,0.3290045316501883,1
111.0,0.45287399289750635,1
115.0,0.4526354473035785,1
52.0,0.4587166282621569,0
80.0,0.34080907407465016,0
71.0,0.33697151681534443,0
135.0,0.32950423028127956,1
115.0,0.44835144582398634,1
103.0,0.451098759336267,0
140.0,0.44562274508269634,1
40.0,0.45212687106126076,0
138.0,0.3353627934981947,1
56.0,0.45950785969417857,0
136.0,0.33584921211120433,1
100.0,0.46276459092331446,0
65.0,0.44779020783587975,0
141.0,0.331604815043445,1
121.0,0.4583025469547321,1
167.0,0.452632649480563,1
135.0,0.4582737522838165,1
53.0,0.4629688022065801,0
24.0,0.3456269806511972,0
147.0,0.3456085877519801,1
129.0,0.4643516132297671,1
127.0,0.4618759039261553,1
158.0,0.46670036198821874,1
55.0,0.47106847685755576,0
54.0,0.3532155094599621,0
97.0,0.35116832758622496,0
75.0,0.3449687778866736,0
98.0,0.33906621030212325,0
69.0,0.3333333333333332,0
115.0,0.32776617954070986,1
27.0,0.44444444444444453,0
174.0,0.3296167247386759,1
103.0,0.4473943533526726,0
33.0,0.44122564846893203,0
84.0,0.32610970844383863,0
167.0,0.3227947273716136,1
160.0,0.4385483949831922,1
125.0,0.44051034609053685,1
50.0,0.4444444444444445,0
25.0,0.32987686325340243,0
33.0,0.32575648799690554,0
112.0,0.3209211612178091,1
142.0,0.4361819885581956,1
37.0,0.43988472317731764,0
43.0,0.3259794992400586,0
46.0,0.32132352735121555,0
125.0,0.31675794536322305,1
109.0,0.4312883958010837,1
161.0,0.4356853273671924,1
30.0,0.43926902076250046,0
129.0,0.3255906278042011,1
146.0,0.4393266265245018,1
135.0,0.44362864078976605,1
104.0,0.447065166975592,0
88.0,0.44364026203319223,0
117.0,0.328888577030712,1
84.0,0.4419980070629277,0
105.0,0.3296420749863911,1
29.0,0.4444444444444445,0
80.0,0.33039161610590173,0
173.0,0.32686016310653915,1
153.0,0.4420366089377733,1
173.0,0.4444444444444444,1
134.0,0.4476275738585497,1
84.0,0.4507691650894395,0
38.0,0.33616103377285833,0
170.0,0.33128529196254886,1
49.0,0.4467498322636398,0
126.0,0.3333333333333334,1
167.0,0.44895886236668364,1
95.0,0.4512195121951219,0
78.0,0.33668285602634956,0
48.0,0.3333333333333333,0
34.0,0.32939438700147716,0
84.0,0.32553586150041225,0
169.0,0.3217557121939592,1
126.0,0.435872918892671,1
87.0,0.44017538452265864,0
124.0,0.3269839463460871,1
168.0,0.4402414152537766,1
115.0,0.44376892702015114,1
35.0,0.44658759629674966,0
84.0,0.3327326206517911,0
47.0,0.3278141061834261,0
157.0,0.324176113392772,1
76.0,0.4383392551610948,0
129.0,0.3272725456375041,1
85.0,0.44044550254462894,0
163.0,0.3279422334632723,1
174.0,0.4424460004616854,1
52.0,0.44444444444444453,0
67.0,0.33095768374164813,0
79.0,0.3280836276843717,0
71.0,0.32468807588317317,0
154.0,0.32135371041415056,1
161.0,0.43493618235283654,1
132.0,0.438111575076372,1
109.0,0.44068666746805024,1
90.0,0.44322841206660596,0
102.0,0.3299820798320848,0
89.0,0.43518379239274824,0
162.0,0.3244590909882275,1
94.0,0.43530713782212377,0
142.0,0.32511047152162537,1
55.0,0.4372110452413479,0
74.0,0.32575574386419137,0
116.0,0.322134854810042,1
143.0,0.4355525634779417,1
141.0,0.43852172055056216,1
61.0,0.4409275129065005,0
96.0,0.32806747527355207,0
70.0,0.3239689355488834,0
172.0,0.32093069192048396,1
164.0,0.43409716165570605,1
150.0,0.4381154756774505,1
153.0,0.44046959951656445,1
91.0,0.44276828786658085,0
172.0,0.3297829762844463,1
92.0,0.4410852964611144,0
70.0,0.33029177575747454,0
114.0,0.325869079883108,1
108.0,0.4394509779273644,1
110.0,0.4433372669267385,1
42.0,0.4455811340832156,0
45.0,0.3323665882837358,0
115.0,0.32749969626101216,1
85.0,0.4411696806028498,0
46.0,0.3304111116671668,0
132.0,0.32615829012962283,1
159.0,0.4396450872663158,1
144.0,0.4433802232308195,1
94.0,0.4455359522476668,0
31.0,0.3324029736002626,0
39.0,0.3277206880477387,0
99.0,0.3249127576835344,0
63.0,0.3221838808873111,0
166.0,0.31949595205079634,1
80.0,0.4320977875745127,0
80.0,0.3236550573556556,0
129.0,0.3184745152834714,1
140.0,0.4308239657694542,1
43.0,0.43581441666466586,0
64.0,0.32391555715647297,0
47.0,0.31874295415893017,0
69.0,0.31612592664930095,0
109.0,0.31361306092817653,1
105.0,0.4253421544233732,1
26.0,0.43110069347242186,0
58.0,0.31983859905164325,0
100.0,0.31407193681569745,0
35.0,0.4199469849044425,0
149.0,0.3134976317961364,1
149.0,0.420356340203736,1
96.0,0.4266415968464817,0
166.0,0.31599742613213005,1
120.0,0.4234314993393176,1
139.0,0.42924886128228207,1
142.0,0.4313207981677001,1
26.0,0.43322450309707455,0
141.0,0.3216658765253092,1
108.0,0.4292613370759204,1
115.0,0.435467145627556,1
122.0,0.4375173721519006,1
149.0,0.4393669573206651,1
140.0,0.44119339150664133,1
170.0,0.443005521682372,1
34.0,0.4448039811157675,0
39.0,0.33202293189514853,0
107.0,0.32361369409236856,1
93.0,0.435930927194379,0
28.0,0.33010011940529743,0
99.0,0.3225618773619537,0
171.0,0.3199497621975802,1
56.0,0.4321480554778739,0
154.0,0.32663660356672786,1
25.0,0.43394608144571895,0
154.0,0.3272095975298744,1
57.0,0.43535262886733467,0
148.0,0.3277359847286694,1
105.0,0.43672827011921006,1
119.0,0.4421551495767007,1
151.0,0.4440020831488024,1
26.0,0.4457005175731547,0
112.0,0.3329273756636241,1
38.0,0.44189803625362284,0
159.0,0.333197333493967,1
145.0,0.44318414286718116,1
47.0,0.44809842167437813,0
42.0,0.33520566459070267,0
35.0,0.3299890465374736,0
79.0,0.32767620307832457,0
152.0,0.3254752988162175,1
63.0,0.43815878723659146,0
134.0,0.3299067987549509,1
46.0,0.43958031228385175,0
142.0,0.33035578396247356,1
39.0,0.44083133358736865,0
84.0,0.3307774618319737,0
68.0,0.326905194068255,0
51.0,0.32476448548212244,0
116.0,0.3226801514528624,1
84.0,0.4349471834341826,0
82.0,0.3258807622135881,0
72.0,0.3218311028577573,0
163.0,0.3197626770745412,1
97.0,0.431637412327664,0
134.0,0.3228905348941709,1
130.0,0.4329441057001736,1
165.0,0.4363412474431448,1
86.0,0.43793396458973594,0
169.0,0.32613873330287935,1
165.0,0.4364839568505046,1
89.0,0.4398609617066584,0
135.0,0.3279020703457114,1
58.0,0.4388104779285562,0
72.0,0.3282625372892059,0
114.0,0.325312951716363,1
50.0,0.4377462566973238,0
146.0,0.3269905463798352,1
46.0,0.4389063826733111,0
72.0,0.32736300301925686,0
171.0,0.32544777019475296,1
83.0,0.4378695553593917,0
35.0,0.32611371978694814,0
168.0,0.3245608382024834,1
74.0,0.43685464860952206,0
99.0,0.32488917058219363,0
134.0,0.32369355723698934,1
53.0,0.4358590512158976,0
71.0,0.32368862083113636,0
172.0,0.3228452947988321,1
55.0,0.434882191306097,0
35.0,0.3225113649441408,0
81.0,0.32201544496057966,0
148.0,0.32020598322086047,1
75.0,0.4318996036850816,0
166.0,0.31986736123758414,1
105.0,0.433004835339219,1
158.0,0.43257880703982415,1
29.0,0.434028535883632,0
75.0,0.32279615752603236,0
147.0,0.3222964125256831,1
26.0,0.43418586627555344,0
32.0,0.3216549407819109,0
124.0,0.3215015342215839,1
128.0,0.4332656673277712,1
143.0,0.4328735664507901,1
40.0,0.4342856777781227,0
73.0,0.32305421799363254,0
103.0,0.3225638789012884,0
90.0,0.43047432563238086,0
75.0,0.3187405902832265,0
76.0,0.3174586058479722,0
33.0,0.3157913430237032,0
127.0,0.3141399968113742,1
45.0,0.4249349417887366,0
40.0,0.3149346122036076,0
88.0,0.3134726181492867,0
160.0,0.31185915926567515,1
38.0,0.422328488929641,0
60.0,0.312605446753898,0
101.0,0.31122497112997083,0
99.0,0.41781167905924316,0
42.0,0.3086146837983078,0
89.0,0.30653922385565385,0
90.0,0.30500023984637253,0
126.0,0.30347866141319946,1
32.0,0.4127444693199546,0
127.0,0.30514640053800546,1
144.0,0.4138542703766065,1
70.0,0.4156621072492493,0
121.0,0.3067370264958466,1
140.0,0.41590911358602684,1
61.0,0.4174401528476849,0
172.0,0.3082976806678257,1
106.0,0.4179346111860099,1
29.0,0.4191886511074937,0
63.0,0.30983600116443877,0
143.0,0.3083458333689678,1
92.0,0.41822592823438165,0
96.0,0.30896912885982347,0
54.0,0.30778370899943486,0
36.0,0.3063189268061048,0
106.0,0.3048667242873678,1
174.0,0.4142350585821164,1
149.0,0.4156591724504985,1
85.0,0.4169212665807193,0
172.0,0.3078795363894086,1
155.0,0.4171311305719145,1
106.0,0.4186093493916191,1
28.0,0.4198532622848553,0
90.0,0.31045756825924636,0
108.0,0.30850402441975927,1
120.0,0.4183313411762096,1
63.0,0.4201115672934892,0
50.0,0.31069860152956713,0
140.0,0.3087614290538268,1
55.0,0.41860459794521604,0
138.0,0.30986548542889897,1
65.0,0.41959104575042416,0
66.0,0.3102355772080881,0
106.0,0.3090904416236621,1
158.0,0.41895682969159725,1
81.0,0.4198323491790247,0
50.0,0.31047326217086796,0
160.0,0.3093359083087051,1
76.0,0.4192172837030666,0
97.0,0.3096595290677257,0
66.0,0.3088034343598244,0
107.0,0.3074349296240099,1
92.0,0.4170362833186323,0
26.0,0.30771182475683584,0
89.0,0.3069263812135288,0
39.0,0.305583901785309,0
35.0,0.30425372097670134,0
99.0,0.30293387585619563,0
92.0,0.3016242641499079,0
78.0,0.3003247822667048,0
41.0,0.29903532775008507,0
152.0,0.2977557992698349,1
33.0,0.4059173798084462,0
153.0,0.2992052777041348,1
128.0,0.4069041358627509,1
118.0,0.4084746329166766,1
74.0,0.4096282471146448,0
154.0,0.3016137922368688,1
33.0,0.40956417155696645,0
143.0,0.30199502363276753,1
40.0,0.4105111972334576,0
151.0,0.3023724427623039,1
118.0,0.41144737367083845,1
61.0,0.4120416406567486,0
106.0,0.30373007482689846,1
93.0,0.41320327926810757,0
120.0,0.3040856475911778,1
145.0,0.4141145549894354,1
25.0,0.41396199520966176,0
97.0,0.30542384095061165,0
76.0,0.30522955461524937,0
116.0,0.3039778124654819,1
84.0,0.4129650471096808,0
127.0,0.30366167146404216,1
153.0,0.4138670856600234,1
36.0,0.4134347168580964,0
151.0,0.30498347518026553,1
91.0,0.41555923170316916,0
139.0,0.3052985227730797,1
102.0,0.41643221167104927,0
103.0,0.41321893095886414,0
134.0,0.4120892788174148,1
24.0,0.41342872119997787,0
133.0,0.3049719837792482,1
163.0,0.41674973559215606,1
89.0,0.41480151685709377,0
151.0,0.30624650053057,1
31.0,0.41838616240445353,0
42.0,0.3064831795267606,0
159.0,0.30831614586349004,1
98.0,0.41775261948709413,0
140.0,0.3057842096800291,1
101.0,0.4186741878522763,0
98.0,0.4137366748899112,0
85.0,0.3052010935190467,0
98.0,0.3073932722778347,0
131.0,0.30612330300144563,1
164.0,0.41532145247715196,1
156.0,0.41269845856518556,1
88.0,0.41385622381211024,0
165.0,0.30537905918868274,1
50.0,0.4177762498191323,0
153.0,0.30558596769670465,1
166.0,0.41859074026411597,1
170.0,0.41545546834271435,1
84.0,0.4166257195253374,0
35.0,0.3078086595295907,0
112.0,0.30988292299909725,1
122.0,0.41945667792143276,1
46.0,0.41674963843232665,0
96.0,0.3080321227491003,0
31.0,0.3100818541349387,0
43.0,0.3088474268714058,0
144.0,0.30771276800353425,1
25.0,0.4170738802215658,0
67.0,0.30535932351345985,0
61.0,0.3073478316044127,0
91.0,0.3061466041598623,0
128.0,0.305037268711338,1
73.0,0.41400734468675304,0
128.0,0.3028567418616283,1
143.0,0.4148724716751963,1
74.0,0.4122542889748475,0
121.0,0.3041189035379952,1
142.0,0.4163828885702862,1
71.0,0.4135755043242391,0
47.0,0.30528619485595626,0
166.0,0.30734760824131435,1
142.0,0.4165132738933413,1
153.0,0.413838022467054,1
110.0,0.41492547430586857,1
56.0,0.4158914857937255,0
55.0,0.3072137930885059,0
156.0,0.3088125151697725,1
31.0,0.41819259869848924,0
62.0,0.3065034717897379,0
168.0,0.30838987145905006,1
109.0,0.41768890747833576,1
122.0,0.4153148875684474,1
112.0,0.416361837850759,1
73.0,0.41730825246753717,0
120.0,0.30846742142708383,1
32.0,0.4206215106000133,0
150.0,0.308670348854359,1
126.0,0.4213597393780025,1
79.0,0.41877679944418744,0
27.0,0.30985232960652154,0
164.0,0.31173186135598024,1
124.0,0.4214535937491569,1
67.0,0.4189867713241424,0
36.0,0.31003845378961487,0
25.0,0.3119008493524216,0
152.0,0.3107627182465651,1
101.0,0.4204294129147069,0
128.0,0.4164294149251514,1
64.0,0.41766038769079183,0
97.0,0.30878919277662403,0
118.0,0.31104116895115014,1
109.0,0.42061979977743236,1
125.0,0.417741619537048,1
127.0,0.4187761268375161,1
89.0,0.4196798242465283,0
64.0,0.3105773336144876,0
159.0,0.3123923620850659,1
53.0,0.4221656540530913,0
97.0,0.30987131145938124,0
84.0,0.31196874120207513,0
51.0,0.31085355757882505,0
89.0,0.3098301018784202,0
111.0,0.3088105273387657,1
106.0,0.41816445372102545,1
81.0,0.4161455675222853,0
96.0,0.30755703815813157,0
169.0,0.309047256271209,1
142.0,0.4183615187082161,1
174.0,0.4163619972198686,1
145.0,0.4173150929868509,1
144.0,0.4181930224411389,1
63.0,0.41906943461035207,0
58.0,0.3100646981308147,0
101.0,0.31093844798327885,0
93.0,0.4181017551025891,0
124.0,0.3074992353159368,1
28.0,0.41826260984414715,0
41.0,0.3077611717007831,0
128.0,0.3085388199647922,1
123.0,0.4177874936487226,1
140.0,0.4166419936064565,1
37.0,0.4175357769799504,0
154.0,0.30873264712488674,1
98.0,0.4197726598787936,0
56.0,0.3089569352267824,0
152.0,0.3098780481622096,1
55.0,0.4192889766944592,0
155.0,0.3083798901523827,1
116.0,0.4199973062042585,1
101.0,0.418253787829605,0
97.0,0.4175537120919563,0
67.0,0.3085962827989697,0
84.0,0.309662364896874,0
161.0,0.3086629187883224,1
97.0,0.4179239655438079,0
37.0,0.3071890103539394,0
30.0,0.308322834510659,0
156.0,0.30733518756344086,1
102.0,0.4164031374439485,0
129.0,0.41347215498024636,1
36.0,0.41455142880846574,0
101.0,0.3061400275308176,0
110.0,0.41547158084436997,1
78.0,0.4138682951998123,0
88.0,0.30560627161068116,0
125.0,0.30723524738141383,1
84.0,0.4162040564678863,0
75.0,0.3050021851914621,0
147.0,0.30688310196491675,1
131.0,0.4157845376778895,1
160.0,0.4134547717142663,1
135.0,0.41436031955841063,1
162.0,0.41517554850483357,1
88.0,0.41599028559837786,0
52.0,0.30741803907270104,0
50.0,0.3086462696184409,0
36.0,0.3076862592130999,0
72.0,0.30677197221006736,0
38.0,0.3058618404876172,0
144.0,0.3049565455056303,1
76.0,0.41364209333100793,0
167.0,0.30378932465527747,1
172.0,0.41431606467486987,1
36.0,0.4129133806720963,0
120.0,0.30477514066351713,1
115.0,0.41554985832921043,1
65.0,0.4139897782592468,0
113.0,0.3057234115220667,1
97.0,0.4167736218417785,0
140.0,0.30591572702590797,1
49.0,0.4174056095789449,0
172.0,0.30614330183311733,1
24.0,0.418031853050765,0
106.0,0.30636649231270086,1
161.0,0.41865334130394,1
76.0,0.4158107890190529,0
38.0,0.3073822008635048,0
172.0,0.309534489103879,1
154.0,0.41872744755210045,1
167.0,0.4160067329950555,1
54.0,0.41689077765471116,0
124.0,0.30823264752284263,1
109.0,0.420577112397076,1
59.0,0.4178192000048849,0
121.0,0.3091441741887841,1
113.0,0.42174797288834426,1
78.0,0.41883418092901264,0
67.0,0.31004553761105225,0
84.0,0.31226088562495025,0
102.0,0.3112961161432538,0
119.0,0.4186935405642693,1
120.0,0.4165862001234957,1
121.0,0.41743302813873184,1
156.0,0.418189964991792,1
82.0,0.4189470085357268,0
48.0,0.3100518352194181,0
51.0,0.3116210129488255,0
79.0,0.310700210005853,0
55.0,0.30983684221020785,0
78.0,0.30897669808251216,0
147.0,0.3081208314553294,1
121.0,0.417171406890171,1
63.0,0.4157609840094495,0
85.0,0.3073020013187502,0
166.0,0.30830817262308013,1
80.0,0.4173436585694686,0
119.0,0.3067745046670212,1
98.0,0.41797123635580724,0
145.0,0.30698820637353924,1
168.0,0.4185597801954832,1
50.0,0.41642369610188984,0
30.0,0.30791625718930155,0
93.0,0.3095009667291542,0
26.0,0.3086111670342826,0
61.0,0.3077781633311784,0
30.0,0.30694812761298407,0
160.0,0.3061221102735063,1
149.0,0.41486521421393546,1
51.0,0.41342219723185014,0
135.0,0.3052728290938701,1
121.0,0.4160251190930457,1
144.0,0.4144023210492498,1
124.0,0.41517411301586077,1
69.0,0.41589696761173045,0
161.0,0.3074058587272056,1
31.0,0.4182077277992449,0
104.0,0.3075890382460554,0
58.0,0.4167876000610219,0
115.0,0.3062104178463908,1
173.0,0.4169018805264122,1
64.0,0.41549760594809926,0
81.0,0.3070951339319498,0
90.0,0.30807747817997044,0
31.0,0.30724022304199033,0
91.0,0.3064349912951648,0
28.0,0.30563313176687945,0
144.0,0.30483502958795383,1
26.0,0.41336342468817594,0
58.0,0.30390468671677257,0
55.0,0.3045593387907273,0
50.0,0.30375277344007234,0
129.0,0.30296766647683876,1
114.0,0.4112200670297948,1
126.0,0.4105541393345544,1
74.0,0.41127257625737795,0
166.0,0.30338422485093813,1
54.0,0.4128445543265159,0
168.0,0.3035942634439185,1
45.0,0.4134136419677154,0
26.0,0.3038100789705122,0
32.0,0.3046092227953763,0
140.0,0.3038126129957437,1
137.0,0.41217121267160667,1
27.0,0.41120466308167014,0
173.0,0.3033523648259666,1
77.0,0.4132657019560437,0
145.0,0.3035455872715878,1
126.0,0.41382511104149905,1
163.0,0.4123814241008957,1
106.0,0.4131063940296815,1
142.0,0.41379099192332713,1
32.0,0.41447431692137343,0
90.0,0.3061929830290721,0
101.0,0.30675369237242556,0
24.0,0.4136181586322111,0
162.0,0.304232560412758,1
62.0,0.4137513980220949,0
33.0,0.30444753320593587,0
161.0,0.30493445666021085,1
85.0,0.4134132658069871,0
92.0,0.3040181805865992,0
145.0,0.30465821451755754,1
102.0,0.41308913925638424,0
61.0,0.41089991310849955,0
160.0,0.3029788806935187,1
76.0,0.4127905328785209,0
152.0,0.30316932046124456,1
60.0,0.4133348384368565,0
132.0,0.30337405025146374,1
53.0,0.41387530342920464,0
138.0,0.3035755537138933,1
75.0,0.4144122670269929,0
38.0,0.3037738727190528,0
130.0,0.3055354082817278,1
48.0,0.4140293454580556,0
32.0,0.30335331830204343,0
46.0,0.3052609964112443,0
126.0,0.30446646213837547,1
107.0,0.41286631681721014,1
144.0,0.410685847063499,1
133.0,0.41141521833330963,1
93.0,0.4120710071627517,0
127.0,0.30411661226472964,1
154.0,0.4149087130726593,1
122.0,0.41290083589100485,1
157.0,0.4136131585417964,1
70.0,0.4142625146491848,0
103.0,0.30603397184204534,0
148.0,0.41507992183867803,1
72.0,0.4137429197449869,0
117.0,0.30561814991391845,1
138.0,0.41654501748018735,1
85.0,0.4146006561566674,0
25.0,0.30638352377854283,0
136.0,0.3078442147468604,1
69.0,0.41664827041850266,0
65.0,0.3059138899952765,0
127.0,0.3075670921480053,1
157.0,0.41632091852249714,1
71.0,0.41428435067548286,0
33.0,0.30611645186334396,0
73.0,0.3077031818165232,0
46.0,0.30693827216380704,0
53.0,0.30622440305314225,0
116.0,0.3055125821004431,1
26.0,0.4140246976088826,0
103.0,0.30385809719828144,0
137.0,0.4128352003575799,1
27.0,0.4113021869014698,0
70.0,0.3035068947900996,0
83.0,0.3050229138136157,0
36.0,0.3042789220751311,0
41.0,0.3035823503902986,0
171.0,0.3028878134103855,1
154.0,0.4110123481063709,1
152.0,0.40946025159858646,1
38.0,0.41012805075921865,0
83.0,0.3024457378831867,0
94.0,0.3034786835203409,0
36.0,0.30276314851474406,0
166.0,0.30207687585976234,1
106.0,0.4100753111981999,1
81.0,0.4089486448327467,0
75.0,0.30144582157486,0
106.0,0.3022561912983759,1
165.0,0.41025360943909034,1
33.0,0.4091360304286659,0
65.0,0.30161106235383833,0
110.0,0.30241443128544754,1
44.0,0.41043037641784713,0
142.0,0.3012123759486261,1
46.0,0.4109555909323862,0
69.0,0.30140435852170444,0
157.0,0.3026159784570084,1
94.0,0.41064136898149634,0
63.0,0.30103002497977477,0
45.0,0.3023779207037343,0
91.0,0.30167386127173923,0
76.0,0.30100850962902537,0
104.0,0.3003452015130503,0
54.0,0.40641709711931795,0
48.0,0.29767398034412,0
32.0,0.2983868693359385,0
161.0,0.2977179654909229,1
116.0,0.4050425906856147,1
161.0,0.4041937461221214,1
127.0,0.4048167947093774,1
117.0,0.40542054758909574,1
68.0,0.4060230277150803,0
124.0,0.2988963337287334,1
133.0,0.4073362954463514,1
39.0,0.4068459048216795,0
25.0,0.29962076223991757,0
103.0,0.299883578343888,0
49.0,0.4058907382032632,0
68.0,0.29796380733801936,0
149.0,0.2979376104155453,1
57.0,0.405277675086776,0
114.0,0.297622725765048,1
56.0,0.40577845070060947,0
38.0,0.2978224160621047,0
37.0,0.2981620788001349,0
172.0,0.2975163800814416,1
83.0,0.4047893648999652,0
58.0,0.29694334999659644,0
135.0,0.2973178449956401,1
165.0,0.40454736777678185,1
158.0,0.40396366338792017,1
91.0,0.4045631363135116,0
95.0,0.29764115677897673,0
55.0,0.29786575544312754,0
43.0,0.2972297292560587,0
111.0,0.2966022697212217,1
126.0,0.40372579593664487,1
153.0,0.4035252568060033,1
52.0,0.40411279339976464,0
163.0,0.2972546259060768,1
121.0,0.4050762596539153,1
130.0,0.4049190510011733,1
169.0,0.40550197970948004,1
84.0,0.4060795399215472,0
99.0,0.2989631033576755,0
129.0,0.2986860843888538,1
144.0,0.4061132208723201,1
105.0,0.4062658260374253,1
144.0,0.4068401280946876,1
27.0,0.407412041185698,0
33.0,0.3001236611673128,0
100.0,0.29958251528784235,0
78.0,0.4055825809999926,0
101.0,0.29853710274159256,0
52.0,0.4041553884542175,0
99.0,0.2974873997501085,0
160.0,0.2964888439351286,1
116.0,0.40357231078785094,1
130.0,0.4045632974590323,1
97.0,0.40513112186353234,0
37.0,0.2981483582684628,0
92.0,0.29702071744442604,0
78.0,0.29640731817425486,0
163.0,0.29579909639105656,1
43.0,0.40277238773345136,0
29.0,0.29678748208664585,0
151.0,0.2956177774608181,1
95.0,0.4025560321088452,0
35.0,0.29647367790465906,0
77.0,0.2954326523126025,0
170.0,0.2948308244467926,1
146.0,0.40164792569759744,1
138.0,0.40279953873666896,1
85.0,0.403360640992789,0
147.0,0.29662083992691735,1
42.0,0.40294745591690373,0
125.0,0.2968143510908842,1
66.0,0.4034196479923724,0
91.0,0.29701097857607656,0
72.0,0.29618576749442604,0
126.0,0.29559108771768516,1
161.0,0.4025151917377768,1
64.0,0.4034156448854089,0
164.0,0.2966742856185949,1
159.0,0.40339051377477786,1
104.0,0.40418735732995925,0
103.0,0.4037232543819488,0
136.0,0.40314482441121025,1
153.0,0.4038282111030429,1
31.0,0.4043749338540323,0
57.0,0.297507458066395,0
138.0,0.29668254561440355,1
61.0,0.40376208743356234,0
91.0,0.2971976662172938,0
169.0,0.29649803648651496,1
131.0,0.40354708375530696,1
162.0,0.4042018060330357,1
69.0,0.40474310651695006,0
173.0,0.2978304332031025,1
110.0,0.40480208118920696,1
111.0,0.40549635642047976,1
90.0,0.4060343907323448,0
59.0,0.2989526897565945,0
98.0,0.2980921026508197,0
57.0,0.2975081220396031,0
144.0,0.2969271319071441,1
174.0,0.40403198129760765,1
111.0,0.4050674929344799,1
84.0,0.40560359423920694,0
154.0,0.29858195055099596,1
115.0,0.405272604267892,1
52.0,0.40634230041915853,0
86.0,0.2992275942953587,0
159.0,0.29816175840766823,1
163.0,0.4054431468412593,1
53.0,0.4065138375350082,0
143.0,0.2993784000968241,1
31.0,0.4062814765258456,0
31.0,0.29955833665405435,0
139.0,0.29870233215671266,1
93.0,0.40606126587179975,0
51.0,0.2992511290182,0
108.0,0.29851545397481116,1
80.0,0.4058442563669897,0
122.0,0.29894576787667937,1
110.0,0.40628518404390596,1
55.0,0.4067428473182481,0
55.0,0.2995792530069007,0
51.0,0.29904782558353876,0
52.0,0.29847954788287384,0
24.0,0.29791319641344466,0
49.0,0.29734877983128616,0
79.0,0.29678628944847746,0
158.0,0.29622571659842195,1
60.0,0.403198843462458,0
141.0,0.2968820989631965,1
105.0,0.4036409700825552,1
154.0,0.4043562184689554,1
108.0,0.4048728874153928,1
34.0,0.40538786637562796,0
70.0,0.29840839397095004,0
92.0,0.2974249079280157,0
135.0,0.2968658028165374,1
43.0,0.4039290054454859,0
53.0,0.2976384326402937,0
80.0,0.2966940647861738,0
138.0,0.29613979111111627,1
122.0,0.40308889307579177,1
122.0,0.4041292578624519,1
108.0,0.4046420743466871,1
88.0,0.40515056759654117,0
59.0,0.29820707432730603,0
28.0,0.2969477282847354,0
43.0,0.2963925556549045,0
131.0,0.2958444266060578,1
45.0,0.4027421615374197,0
146.0,0.29697761549415425,1
138.0,0.4031832030013608,1
134.0,0.404441241083175,1
104.0,0.4049510248225239,0
105.0,0.4045225420752163,1
92.0,0.4051516133289959,0
173.0,0.2982133230763213,1
116.0,0.4047810040060064,1
37.0,0.40584951705152233,0
25.0,0.2988226550736533,0
71.0,0.297766497322062,0
73.0,0.29722045127720265,0
24.0,0.29667901791333023,0
112.0,0.2961393799043899,1
137.0,0.40307007053644506,1
111.0,0.4044188039586612,1
73.0,0.40492298867438176,0
123.0,0.2980185921427488,1
96.0,0.4042322164276163,0
127.0,0.2981863542978677,1
33.0,0.4046529781239777,0
117.0,0.29836126937875085,1
32.0,0.4050717092749504,0
58.0,0.2985342722560677,0
66.0,0.2977108415469695,0
53.0,0.2971755337070631,0
58.0,0.2966429464496752,0
80.0,0.29611208379811266,0
146.0,0.2955829342500005,1
113.0,0.4024164768063271,1
34.0,0.40359000480795093,0
54.0,0.29687291753635137,0
119.0,0.2957377323330934,1
63.0,0.4025874479928378,0
33.0,0.2965947341227808,0
76.0,0.29557601636875597,0
156.0,0.2950501246903772,1
34.0,0.40179550734558145,0
90.0,0.29587788340642723,0
147.0,0.29489518824272626,1
46.0,0.4016115693308898,0
144.0,0.29560954245851684,1
123.0,0.40202865289376044,1
137.0,0.40281506654114096,1
106.0,0.4032996953386846,1
114.0,0.4037821682972535,1
115.0,0.40426369951854363,1
97.0,0.4047442984328055,0
95.0,0.29787538231160726,0
57.0,0.29663632309092797,0
86.0,0.2961119982750485,0
47.0,0.2955946417065965,0
63.0,0.29507895915560073,0
56.0,0.29456490050486817,0
47.0,0.29405245861288853,0
117.0,0.29354162675187134,1
100.0,0.4000395734442144,0
133.0,0.40097900689946825,1
44.0,0.4015923149461691,0
75.0,0.29515054978039706,0
36.0,0.29376288016008334,0
119.0,0.29324863229817677,1
166.0,0.3996961434288867,1
156.0,0.4012550726931153,1
124.0,0.4017409342822186,1
142.0,0.4022136769410347,1
32.0,0.4026853681667142,0
122.0,0.2960979649606859,1
77.0,0.4015072439603371,0
45.0,0.2962526069496527,0
35.0,0.2946674173688009,0
126.0,0.29415151727641436,1
113.0,0.4007328069398161,1
103.0,0.4025310335784701,0
156.0,0.40215384294350864,1
143.0,0.40274082538235395,1
159.0,0.40320909150760437,1
41.0,0.4036751035230411,0
36.0,0.2969591007138945,0
32.0,0.29525948860443124,0
110.0,0.2947439705046149,1
136.0,0.4014108718133516,1
143.0,0.40332205169468005,1
33.0,0.4038063071497355,0
79.0,0.2970751373717071,0
103.0,0.29520159705921206,0
42.0,0.40065493721473544,0
45.0,0.29577700102116633,0
155.0,0.29371646492903797,1
