1419.379048808038,0.5,1
2046.8364270007105,0.5533333333333332,1
1938.389633861994,0.4508132726089785,1
3150.9622538583067,0.635729190071912,0
1900.8725100226807,0.29446402235665786,1
2067.8881144400216,0.6337127818396853,1
619.5278201207292,0.5255543784822795,1
913.6793841495803,0.7199345293330985,1
1165.4332914941779,0.7173438850618801,1
1842.3887696514169,0.7214042325292325,1
1197.1937264969893,0.7256077022250833,1
485.2605169907832,0.7184598471755966,1
1633.028843472179,0.7131210821600633,1
2391.949632278389,0.7262170408768251,1
631.9613455233151,0.5491096392093253,1
2179.8287298034547,0.7263248269627625,1
576.3831635588117,0.5520448878097732,1
760.5880900742912,0.722541813988552,1
2573.7575217236063,0.7228901906318514,1
1413.7355234406855,0.5381607554723158,1
2814.9173832490933,0.7231395695205611,0
764.005081622004,0.338901084063226,1
1428.908486167471,0.6375526813459349,1
1527.8019583223584,0.6970216127381286,1
1849.0216809644733,0.7202458335864782,1
743.3590952292749,0.7331441265881448,1
1101.3334154280385,0.7349988973593062,1
2806.894181327792,0.7356546085742327,0
1645.9333443731452,0.3172756217724198,1
951.3155508801046,0.6258304952881871,1
917.9606367669961,0.6785324585520704,1
1334.7341942793755,0.7178313656377756,1
1503.3794262890278,0.727638454511441,1
733.6575742218693,0.7190661642666981,1
1047.5114834657804,0.7239254857177184,1
2043.2476032384116,0.7275216349571487,1
1661.1495520212625,0.5436764499751763,1
2082.413140744288,0.7219662117772869,1
2159.6053810198973,0.5475945858267324,1
2870.790739392074,0.5379524587474565,0
1191.0742698481833,0.3567033614967139,1
1893.2461692401298,0.6164040336344833,1
1243.4092309761074,0.6816710708999185,1
861.4565414765328,0.7218018692603522,1
2196.711939605768,0.7225063619562969,1
1450.581822072969,0.5494715696693677,1
2343.742541475307,0.7318764016400191,1
356.7049026758973,0.538594726977777,1
885.269799575476,0.7246888859319678,1
631.906138500013,0.7317352397589677,1
661.6207274590727,0.7181594913723104,1
1059.70180585841,0.7292334154305382,1
1073.1479017777708,0.7345163863790991,1
1247.4685521480917,0.7236083851214361,1
1772.527779058661,0.7320021740769631,1
869.6108099026613,0.7336336539974189,1
2247.460533634707,0.726539242675192,1
1697.2523190290515,0.5410249484225839,1
1390.3779294453057,0.7300466616053313,1
1845.298249318875,0.7303809092033184,1
1254.4106343996837,0.7367424081137978,1
1453.7808117786317,0.7177542585400328,1
3242.375566238005,0.726206588875069,0
2530.1624474292607,0.3431330773960904,1
935.5900146799856,0.4443381799422443,1
1310.0983865754674,0.7127986491155147,1
1389.5017241095989,0.7200753220023274,1
1057.478919085631,0.7332458967750379,1
1613.3348705307137,0.7308265820322979,1
666.8684764695402,0.7170676122383598,1
728.3790679605295,0.7194792253314382,1
1100.9032044740625,0.7174073138393768,1
2377.905946265273,0.7292436003829801,1
471.78873751160484,0.5576307742057294,1
1628.7199922583652,0.7212170973748745,1
1089.0562695237065,0.7299490987835965,1
2544.661408454408,0.7192229832390549,1
603.6167176593849,0.5449607590135886,1
1457.1171113304601,0.7229863240198228,1
901.3578047680552,0.7239030791333304,1
1359.2139839913198,0.724233307638423,1
1889.3225844271178,0.7167585767308462,1
3269.21644818302,0.7214768502010543,0
769.684837674073,0.3384566155850368,1
3023.2822734548704,0.6426835889935123,0
1256.2668213318234,0.3239210616457484,1
739.4697750744425,0.6212837292955325,1
1639.179567786159,0.6818051403835285,1
574.4607854995434,0.7234379605781251,1
2065.4917953021663,0.7257248367619862,1
818.3015188066984,0.5531726828121655,1
2312.1510787583584,0.7335970187642683,1
1574.4510616002517,0.54596207697593,1
1727.1703581103945,0.7248983029413644,1
1348.662209224467,0.7351901780261025,1
1033.0388321927624,0.7354053441115352,1
860.3947358734547,0.7226574676946467,1
2391.4395207344605,0.7293610249078287,1
480.9121630202942,0.5400175178897019,1
1416.8366338895778,0.732454186637285,1
1214.9926919839784,0.7266553561056082,1
1622.7939278346787,0.725369331715878,1
1695.2234090628533,0.7344652711224875,1
1829.8466283580772,0.7284302296236336,1
894.5458961747372,0.7173258761109398,1
2055.9633888186136,0.721703345391815,1
895.691416057856,0.5533230151569335,1
1745.7485363271285,0.7229589045402953,1
1968.143941299553,0.7295449403026333,1
2577.027034731974,0.7171700796965248,1
371.61454284750005,0.540228797836731,1
954.1996794182007,0.7216004869093293,1
1649.4964168947185,0.7315740152259691,1
1652.7930428316747,0.7307862831448909,1
1855.82612626359,0.7251595379477236,1
1520.8118853501853,0.7271108433982653,1
3335.1738359518,0.7330547755008041,0
3164.229813872727,0.3512702050805646,0
3093.6520912302435,0.2763364664275314,0
499.11569618596116,0.23758992014918012,1
3219.5066964382377,0.6464790477274764,0
1899.604952317463,0.3111465366059448,1
1068.3027328786695,0.6253250656787472,1
1616.9061387429197,0.7022447937072097,1
947.7962296402287,0.7218480381326393,1
1140.0936500619125,0.7175999834125412,1
646.876162036564,0.7276688899915588,1
809.298730662856,0.7284147641415609,1
1599.2983790226892,0.7196569209440915,1
1495.4638005068757,0.7286966446876465,1
475.22821796895056,0.7315250447509739,1
1055.6973403687684,0.7342700035358035,1
1513.02564864332,0.7227428344193507,1
2460.888032835748,0.7291820213266484,1
2611.74564806067,0.5439802012499884,1
1694.2494889018456,0.5523710984301524,1
1177.0426319382739,0.733924771637489,1
1248.6926854108392,0.724789267153676,1
1971.0026670494262,0.7328922560080591,1
2004.2137276236958,0.7345283100301317,1
2303.4117905127314,0.5539428354823015,1
2167.489330917337,0.5396567840358049,1
782.2677694438279,0.5408789141615173,1
2919.1496367230593,0.7308147695641012,0
576.5499800629466,0.3523654383831135,1
816.1341188016999,0.638214814150673,1
253.21137714680975,0.6926158720403394,1
2800.5534672063654,0.7231053842063158,0
1416.7012745442983,0.3012813035365107,1
555.9298318738053,0.6286520557488614,1
2157.5027827472804,0.7076690370752595,1
677.627263014783,0.5425803288367974,1
1411.438233216477,0.7248056567018082,1
2198.754214606889,0.7246955474518834,1
942.3722387547679,0.5442234866902084,1
1055.19675382987,0.7210810152276697,1
1326.2335898217627,0.730632137097114,1
1610.1122736229695,0.7283536330990231,1
2835.7192085868587,0.7303015081349125,0
427.68242998188697,0.33941611032240826,1
455.0411344052987,0.6349205757830108,1
1318.5173606439037,0.6976813024769247,1
1846.3458034803107,0.7220838776181893,1
1082.1958581654544,0.7166819725527134,1
625.1293536514795,0.7283708739094135,1
2079.166904434469,0.7230783130846257,1
569.2512965957475,0.5387126147207167,1
1337.595037518831,0.7175118048195209,1
387.98895965238023,0.720761048630894,1
400.75544204628363,0.7178409779561175,1
1483.6800084245965,0.7267194445610182,1
264.5152486122397,0.7341669402166577,1
513.1549672846799,0.7299301312849444,1
684.5319863532503,0.7213543112561447,1
632.5029335931979,0.7239064606254655,1
1745.6081396645043,0.7337739741447161,1
787.7191939372191,0.7210783645115098,1
1516.1437114140483,0.7204209521013674,1
2342.885360987738,0.7162725342748111,1
1593.44864415387,0.5451303167889054,1
2507.8084268118496,0.7192083101237595,1
660.4490772282005,0.5483360018170332,1
655.9070236378977,0.7176102453903916,1
927.8870926067909,0.7295188841211755,1
306.2195655197932,0.7279929101455026,1
597.0996661362935,0.7331125219623985,1
657.1393812990943,0.7279068910158509,1
2570.62465125472,0.7340827013202609,1
483.6108601458763,0.5563712127647122,1
783.3963195135777,0.7263753332884972,1
2106.582036065663,0.7206477671186488,1
2669.8108084550836,0.5368106906859309,1
376.1352251790122,0.5462052208945066,1
2351.778993047573,0.7210626583046457,1
2474.813920629747,0.5520020489224189,1
1542.9695177207886,0.5435327632721569,1
3039.165059659931,0.7200141963684119,0
2073.86758299135,0.3046642960780761,1
686.7114999737522,0.4333092079303096,1
1540.8645919324858,0.6906632463621889,1
2009.4747216185222,0.7190619232071523,1
1318.0090441128368,0.5461700364732357,1
2009.9871043826408,0.7292751523960501,1
828.9342979537294,0.5341675540032044,1
2252.920548023981,0.7217658734680142,1
2485.3746519528304,0.5363716348625976,1
1920.83841978211,0.5369796414397843,1
266.65022542010615,0.7228397659288742,1
1456.941455236314,0.7280970007137306,1
1245.5231106911376,0.7327694315039368,1
2489.009124295381,0.7222001391086108,1
1661.9962885372738,0.540729908595549,1
2760.955708541573,0.7278545101690599,0
825.8867258201192,0.3393115218501272,1
1820.5154359738558,0.6415736258079743,1
1644.2126469490156,0.6887640227984826,1
676.1789192440922,0.7210188123197632,1
949.0945818492382,0.7320691847632177,1
1970.1452799732824,0.7179061311223411,1
553.0399894230235,0.7284446731647252,1
2414.0054103146927,0.7356165146624108,1
1244.556184108917,0.551118795762608,1
611.6572720574239,0.7246929770415453,1
685.853470853351,0.7268851131516216,1
1564.5022346524322,0.7188694240012662,1
2066.5170542553615,0.729832547533227,1
1360.801978180897,0.5391968416530428,1
2144.74051502347,0.7225509932004054,1
2060.163015496915,0.5574646109397178,1
699.6876556260853,0.5465307400248881,1
781.0531718233243,0.728167147894935,1
984.9892777637633,0.7276009557818103,1
1039.1785313761459,0.7230232410673967,1
962.4864090448839,0.7290295901215986,1
438.7000969651923,0.7287308995743662,1
364.8029559588246,0.7217749317120601,1
1733.4883230810178,0.7213905511734254,1
2441.3312239770726,0.7186875379155693,1
658.3624573643601,0.5567039093478825,1
284.4003563154453,0.7216526270491492,1
1484.5991031369765,0.7334410746508907,1
956.1080318503825,0.7239779066971221,1
716.112784399778,0.7326742542614602,1
1633.3853462573516,0.7320712458690966,1
2550.318009389495,0.7219477127394154,1
2110.4202634874528,0.5477575780303157,1
1382.8236709714024,0.5429205671428264,1
1965.661134603532,0.7249805803030045,1
1357.2780648198461,0.7294851891922518,1
2286.130878802769,0.731624852006501,1
1194.0286641317962,0.5429725350675804,1
2251.44380923643,0.7228403580819608,1
512.2275246201633,0.5382087707743343,1
1162.3853395515016,0.7269842103057891,1
1795.2334157929351,0.7261107454984801,1
329.7351732399484,0.7319284674577871,1
1993.003832655828,0.7220847635777128,1
1081.3529786476934,0.7281710877124988,1
1976.4006795496543,0.730078195909676,1
648.6905236477245,0.7358487720740843,1
552.8047058281987,0.721811827222993,1
990.3444691321843,0.7327361347478931,1
1299.874132560372,0.7214568572378538,1
1772.608690430077,0.7187808860472578,1
2380.0936648210295,0.7275378967722492,1
1890.5292523402331,0.5381697430098381,1
2449.442478511614,0.7253578189700483,1
2444.2730688401425,0.5522428465614153,1
707.5817327595224,0.5466218347569587,1
1713.33069581988,0.7232984516933219,1
614.3787293244117,0.731840231059992,1
2752.5929148837954,0.7322837205667803,0
1790.4897491519287,0.3331815254516952,1
2494.6385133633953,0.6273855686118444,1
2793.7284839851695,0.5071688628535342,0
662.4444236776875,0.3782376660895654,1
3170.647993751084,0.6099040503602193,0
1546.1139291245927,0.32400466686250684,1
623.763468168394,0.6153609155343721,1
1570.177417796979,0.6825077299742303,1
1942.9623765937483,0.721484339275252,1
598.9526190643048,0.72478754347345,1
1352.5864867824725,0.7253806553268687,1
1140.6965435315212,0.7307726584418213,1
1588.3412581157218,0.7169289091890361,1
573.4251100599138,0.7275397298539831,1
2590.1298110695407,0.7182839699183995,1
2987.164384445995,0.5509944642920788,0
1434.7854739018017,0.3723066808784046,1
1488.6565264004246,0.6247445302969508,1
1016.3591069624972,0.7089085245939021,1
2085.7750704795617,0.7290958939689076,1
723.981091874078,0.5535885033649101,1
1264.0839745727103,0.7250095964496985,1
485.35753196326334,0.7190560493267977,1
1475.5756782258184,0.7321523249826762,1
632.7059391154892,0.7285436638285034,1
493.75573268799576,0.7279358272243495,1
2276.652410693181,0.7269067849211236,1
1157.9640602157206,0.543466465923181,1
842.8718680127149,0.7279709185308864,1
695.61900051593,0.721260427927295,1
1308.0381875620026,0.7252051206801433,1
2121.538436511276,0.7304464462419087,1
2308.5566022881067,0.5522900042938126,1
1044.280550055426,0.5566642144332663,1
2002.3840620516169,0.7271594920785216,1
1002.3163613092421,0.5478886219172902,1
1455.8889284914887,0.7289140042955755,1
1640.8833465888,0.7223178296797825,1
383.1914799855306,0.7246176892885859,1
1536.0041093003788,0.734449085920304,1
702.3288863335852,0.7366069314557238,1
811.6143000377632,0.7352700576822202,1
1298.9940310876707,0.7196636749873674,1
3081.719893132417,0.7270616601674849,0
2891.2070521130286,0.33055583198271177,0
1820.584980192383,0.23401793124017395,1
1249.5904172563849,0.6393128087169766,1
655.9564162500479,0.692182513906977,1
721.8874707795892,0.7197069455699552,1
2379.9013407145635,0.7260036723693192,1
1011.0077168214401,0.5395901707027249,1
2793.693841341309,0.7093813958123114,0
1606.2361388096624,0.33688372483962414,1
1776.8906007159746,0.6305791167532664,1
1646.0122923234812,0.6980929995824411,1
654.0408353040748,0.7209512499039422,1
2774.999103306476,0.71451548917147,0
2109.5344790977883,0.31498732056433654,1
607.7026611824195,0.42978019754654306,1
2088.927714947026,0.7095713282592463,1
1420.5661603095705,0.5467669395757354,1
2419.2468812869747,0.7270376941770372,1
3284.808324342739,0.5522549166435149,0
1026.6304387082641,0.3580250340971029,1
2579.086765295488,0.618398535518623,1
1930.4789376650726,0.5098056861724127,1
484.5481929171366,0.7226736838232026,1
1847.4367130326864,0.7204915503940331,1
3012.416095906847,0.7341869535459749,0
3317.7277384165545,0.30747985123706145,0
1477.1775320616612,0.23910728609495815,1
1196.7135212070193,0.5961557287198531,1
1799.496302484134,0.653346509045663,1
1865.212104502106,0.6939955074003525,1
1883.548398877735,0.7030112015987959,1
1725.234090268519,0.7082897907453014,1
1758.6124652439876,0.7002767582421684,1
1460.5336798040978,0.6981570428285084,1
363.4290087054567,0.6962668442586131,1
2552.5379491247913,0.6997896218736204,1
500.27196377712863,0.5103357336891828,1
2372.047569816199,0.6933488225381046,1
2593.984301378272,0.515594842443914,1
3259.9346860645173,0.5034116660056611,0
726.5649628705285,0.36388658412597663,1
1413.7106746445759,0.6274161741474122,1
2022.6263469608973,0.6866884349660385,1
1228.3985281326404,0.5418139567988964,1
965.9572223591472,0.7188044586508804,1
1532.8356270628567,0.7164589699081719,1
2009.9449417533103,0.7201379862246055,1
1703.214660762372,0.5357849262805603,1
1365.523872945266,0.7283376770473822,1
2367.3933949800544,0.714813427478371,1
1621.2702188217813,0.5371597931493585,1
1529.8257799725104,0.7173608786697072,1
496.17254548441116,0.7289846266964903,1
1038.3474968559692,0.7282500260351422,1
1195.146955066328,0.7247949126630358,1
1174.5386053398872,0.7197954320073816,1
662.740719625467,0.7225759254588878,1
2601.5242202833506,0.7159288325067056,1
1405.4543819793184,0.5458809669534103,1
2280.3252322188077,0.7192653553871788,1
987.5762186055731,0.5374954326023663,1
1871.7582706994428,0.7160227098270004,1
1462.2096698464854,0.7213280797877525,1
426.06352850421683,0.7322891892569086,1
1341.1070724197912,0.7251714073135211,1
1542.6155653055757,0.7231707812410236,1
1050.5210945239812,0.7291737561663794,1
871.9633515460262,0.7260898934925886,1
1983.6709840019246,0.7204230150408029,1
1946.1506901739328,0.7216525924370236,1
1397.4808108445782,0.7231114205159981,1
1149.2238105578413,0.7243413800263095,1
983.6239168171048,0.7161442701421568,1
1978.7737732343383,0.7242112622810422,1
2940.7409354260003,0.7247279682946417,0
853.3622021798885,0.2971752992079113,1
1575.317959823558,0.6280692720757555,1
1036.7497020453086,0.6821708898679903,1
2523.3010488364225,0.722675767679965,1
1441.8106316903404,0.5394266769390108,1
620.0392635273492,0.7276044045110694,1
1342.4876396069892,0.7278547125426352,1
1870.3041522310937,0.7318239443053269,1
1794.3605124922487,0.7251880108547266,1
1061.163036677885,0.7180656349895906,1
953.8693237671989,0.7308905950803185,1
1717.0498628746416,0.7350908467148667,1
1880.8013537799618,0.7311067154886074,1
2260.7830112279853,0.7275991305439398,1
1006.4681189272128,0.5376627541715386,1
803.191481606778,0.7264907065322798,1
396.5347548035027,0.7226886134995847,1
950.8437712432188,0.7287951987882653,1
982.3334994425923,0.7244955629935488,1
1329.1295066105158,0.7221398327275869,1
2856.4337488993783,0.7173795582222516,0
415.3554607101252,0.34316331832928987,1
2316.971929822701,0.6408059291040239,1
848.5800341448489,0.5267474792192227,1
1956.3705167663225,0.7292869328060203,1
398.1752290128673,0.7288167966974549,1
1334.7711247642592,0.73382067399115,1
1567.0531266820597,0.7220911595436071,1
1327.82133594277,0.7304898322711387,1
1785.1530396383555,0.7294124360333085,1
899.1950735887871,0.7314958504368099,1
1236.5904153654074,0.720856638528631,1
752.1448460970946,0.7206298211769326,1
3062.8903811105597,0.7326978675993528,0
925.599730826471,0.3176209475544628,1
451.6311926910228,0.636108998684706,1
1170.2013620933492,0.6891681554606075,1
1140.9270183871868,0.723854924784683,1
2154.188231591387,0.7326133499013907,1
1332.2105173129287,0.5492001889402237,1
3106.8889436225495,0.728283779928237,0
869.6734258292679,0.3561561066184614,1
589.4617680543879,0.6337742797987163,1
895.4892371474461,0.6963118986028541,1
1723.6156899021896,0.7233202840647276,1
1901.374349619128,0.7153141387587312,1
1865.4830962174442,0.7163884748542084,1
610.6121942051248,0.7261987342611642,1
1054.1611311299541,0.7233572830857649,1
1964.0459976621214,0.728736887893954,1
2201.920861905622,0.7257998816071916,1
1479.858843149249,0.5495004263933155,1
1560.3688982824845,0.7252980878422495,1
2401.9899812736417,0.7181747468473418,1
2037.1467642939085,0.5486531999365607,1
1478.4147274629481,0.5457374218246192,1
1976.245885500003,0.7146586165711865,1
506.20040150576347,0.7185993325355302,1
1392.8335718798667,0.7290035137323394,1
1120.7570734998,0.7170692898411147,1
1577.7253507564021,0.7287750208441858,1
1064.8891280889825,0.7313208717969826,1
601.552488416561,0.724404201561148,1
840.6125582422712,0.7213368255931062,1
907.6836015983964,0.7300122586173413,1
1671.199885260531,0.7212867061524241,1
695.1886850003796,0.7250710489320539,1
962.1535671028439,0.7264612383335762,1
1095.2924603713948,0.731580717434275,1
931.9849967636085,0.7322088412022602,1
1944.3252321357165,0.7338058328425272,1
1181.053283720798,0.7342798086137121,1
1828.7951550494943,0.7187117891755624,1
1438.4990485288151,0.7154301339485822,1
2093.259854888142,0.7237822600785185,1
697.8010208176235,0.5500427675693064,1
892.733355602692,0.7274731004615674,1
1103.3332959331324,0.7150991518849966,1
1408.7645099775266,0.7297695960797713,1
2003.007772785977,0.7202076698391817,1
1456.9582526556062,0.5499984092629817,1
2143.48063401293,0.7290077842288873,1
490.59675194208995,0.5483427597364783,1
2368.193311908175,0.7200228075837346,1
2188.5789941813487,0.5528988989294787,1
750.7049136005614,0.5472385182390749,1
1005.9253475645179,0.721828446471583,1
968.9745906877225,0.7309230403859479,1
916.7654941112172,0.7180483968036637,1
1811.8710484781286,0.7220216662425096,1
907.815322216202,0.7254062953628152,1
2712.970308755869,0.7286388971329498,0
2788.1936580101,0.34423509706590166,0
1587.7441518471896,0.26602972204255426,1
3512.0378559115434,0.6163479612520397,0
2079.8799585752918,0.3090491001188319,1
1692.0421637295372,0.4255906742396484,1
2212.5784635984737,0.6912844418914884,1
1311.7219572430158,0.5375915381953855,1
2453.0319555723054,0.7181385834068582,1
578.3901492450444,0.5470830733163191,1
1339.0513413659323,0.721628169044163,1
2664.3913492566803,0.7154381002885041,1
1554.424450098812,0.5462712411779876,1
1995.8663289473486,0.7196959614402296,1
357.85332156116016,0.7242645817503974,1
1451.577373681327,0.7262340550823791,1
1049.1087593508373,0.7243537854860354,1
823.7180991376084,0.7184628076999218,1
