Timestep: 0 State: 4 Beliefs: [0.125, 0.125, 0.125, 0.125, 0.125, 0.125, 0.125, 0.125]
Timestep: 1 State: 2 Beliefs: [0.07295173961840629, 0.12906846240179573, 0.09118967452300786, 0.16133557800224466, 0.08754208754208755, 0.15488215488215487, 0.10942760942760943, 0.19360269360269358]
Timestep: 2 State: 2 Beliefs: [0.12452744704851583, 0.07892235392450495, 0.20980167709260816, 0.13296700932932898, 0.10345357139415161, 0.06556626326035796, 0.17429677789232065, 0.11046490005821176]
Timestep: 3 State: 0 Beliefs: [0.09573544811938088, 0.04219558636337771, 0.3829417924775235, 0.16878234545351084, 0.0430809516537214, 0.018988013863519972, 0.1723238066148856, 0.07595205545407989]
Timestep: 4 State: 2 Beliefs: [0.16246832343404877, 0.130182893690561, 0.21397732222243565, 0.17145611158092605, 0.07713055734242633, 0.06180330377372796, 0.1015840489568171, 0.08139743899905705]
Timestep: 5 State: 0 Beliefs: [0.13556107543610293, 0.05952394942330571, 0.38609402613406163, 0.16953127002210094, 0.04501600155507797, 0.019766221175096216, 0.12821091323555878, 0.056296543018695855]
Timestep: 6 State: 5 Beliefs: [0.250890368486882, 0.08760353043081749, 0.27749138167452575, 0.09689182109868408, 0.10105019446819459, 0.03528375297753752, 0.11176418708526453, 0.03902476377809406]
Timestep: 7 State: 0 Beliefs: [0.11067742682091405, 0.16475343502653708, 0.11447783849786179, 0.1704106941106793, 0.08684817717565921, 0.12928142554882163, 0.08983034649546158, 0.1337206563240654]
Timestep: 8 State: 2 Beliefs: [0.15859139207222267, 0.16975929178648508, 0.1352861938729609, 0.1448129571238279, 0.10205687009697856, 0.1092436466016927, 0.08705948875030849, 0.0931901596955236]
Timestep: 9 State: 0 Beliefs: [0.18476739331571662, 0.07917665908658436, 0.3121684056423683, 0.13377063445883414, 0.07551122899110327, 0.032358127306702796, 0.12757781305043384, 0.05466973814825672]
Timestep: 10 State: 4 Beliefs: [0.20543550806881278, 0.16781753960793205, 0.16582342807305325, 0.13545895726678064, 0.09912300437298446, 0.08097226652195205, 0.08001010409808423, 0.06535919199040054]
Timestep: 11 State: 1 Beliefs: [0.18404068386419617, 0.13763166967922613, 0.14757246199575114, 0.11035953527610566, 0.13348744304741542, 0.0998262953716428, 0.10703649976958717, 0.0800454109960755]
Timestep: 12 State: 2 Beliefs: [0.19131720804730157, 0.2036326726004361, 0.1344386426228326, 0.1430927221731868, 0.09317728059982068, 0.09917528521266677, 0.06547569481585568, 0.06969049392789978]
Timestep: 13 State: 2 Beliefs: [0.20968909889734447, 0.08572921835112039, 0.28423649210875385, 0.11620714869530333, 0.09164810810300944, 0.03746938067999626, 0.12423028613593402, 0.050790267028538075]
Timestep: 14 State: 2 Beliefs: [0.19828925734414163, 0.07729022963591489, 0.3229895332701773, 0.12589655905121847, 0.07541492268789943, 0.029395625212344498, 0.1228419078613832, 0.047881964936920554]
Timestep: 15 State: 5 Beliefs: [0.18671822080655723, 0.06323718418794486, 0.3715989746505573, 0.12585206040696967, 0.06310330975659825, 0.021371645491851228, 0.12558562898316203, 0.04253297571635936]
Timestep: 16 State: 2 Beliefs: [0.13176176603302844, 0.15677437282072276, 0.13874355574756125, 0.16508153002281792, 0.09067306014357504, 0.10788571346396007, 0.09547764236613679, 0.11360235940219754]
Timestep: 17 State: 0 Beliefs: [0.16859105082835585, 0.06829160904051833, 0.31960378101228953, 0.12946272268617762, 0.07718671198949302, 0.03126621924716638, 0.1463254714561599, 0.05927243373983927]
Timestep: 18 State: 0 Beliefs: [0.1680394239770687, 0.15379678725738208, 0.16700322655402972, 0.15284841555474216, 0.09383155129786551, 0.0858786039099805, 0.09325294891186911, 0.08534904253706216]
Timestep: 19 State: 2 Beliefs: [0.2808314433846069, 0.09191537653858563, 0.2729127898714374, 0.08932362252924289, 0.101260869791944, 0.03314241049142215, 0.09840559926859874, 0.032207888124162226]
Timestep: 20 State: 0 Beliefs: [0.21032629695660002, 0.06666111734902358, 0.3596941286037262, 0.11400197152501322, 0.06985342314166273, 0.02213944382921473, 0.11946136327457126, 0.037862255320188325]
Timestep: 21 State: 2 Beliefs: [0.24698684647527286, 0.1552472769168482, 0.22200817347249094, 0.13954655835624852, 0.07638373531182732, 0.04801213942008726, 0.06865877192080641, 0.043156498126418606]
Timestep: 22 State: 2 Beliefs: [0.22455758096764775, 0.06063812921438279, 0.3886113748310375, 0.10493819295541122, 0.06380061178243017, 0.01722831945618905, 0.11041107297732924, 0.02981471781557227]
Timestep: 23 State: 0 Beliefs: [0.21602564959626017, 0.05591246008897956, 0.4048603651490179, 0.10478727433668615, 0.06036839907390351, 0.0156247450715392, 0.11313828769037677, 0.02928281899323677]
Timestep: 24 State: 4 Beliefs: [0.23480836283716372, 0.12539638103373102, 0.2416746570574213, 0.12906323700056993, 0.08643211576248315, 0.04615795787997583, 0.0889595740256121, 0.04750771440304293]
Timestep: 25 State: 2 Beliefs: [0.23132699310511406, 0.05400287060829079, 0.2408945575815117, 0.056236401332569956, 0.16582760359650736, 0.03871215589715435, 0.17268614728861845, 0.040313270590233354]
Timestep: 26 State: 0 Beliefs: [0.19720027034798523, 0.045874000952935125, 0.3507733652737264, 0.08159916649422379, 0.09475502420965011, 0.022042525921584222, 0.16854712551844112, 0.03920852128145392]
Timestep: 27 State: 2 Beliefs: [0.27055376130579784, 0.06271495468464858, 0.2509061935732888, 0.05816060543420458, 0.1506494183232556, 0.03492086525728585, 0.13970928340853975, 0.0323849180129788]
Timestep: 28 State: 2 Beliefs: [0.21470176811597255, 0.050314666057610195, 0.38403546929732274, 0.08999747212857212, 0.07580895444815634, 0.017765583677798347, 0.1355989177635059, 0.03177716851106165]
Timestep: 29 State: 0 Beliefs: [0.21254038387283214, 0.04764867301316752, 0.4077417946011512, 0.09141018328251822, 0.06736070686342975, 0.015101357383412848, 0.12922614988091086, 0.02897075110257751]
Timestep: 30 State: 2 Beliefs: [0.28777661073497574, 0.06291996926222176, 0.30260587014894413, 0.06616226384664056, 0.11221049792795551, 0.024533894754315656, 0.11799275583451158, 0.025798137490435028]
Timestep: 31 State: 2 Beliefs: [0.2149418393694602, 0.04600185129079331, 0.4248700671038262, 0.09093068944675917, 0.061779597315772455, 0.013222069080930439, 0.12211815872703032, 0.0261357276654278]
Timestep: 32 State: 0 Beliefs: [0.20354816876098908, 0.05258441752336535, 0.4205350504753463, 0.10864057786425692, 0.05564709364748763, 0.014375811013840547, 0.1149681349544892, 0.029700745760224835]
Timestep: 33 State: 2 Beliefs: [0.24206322359346044, 0.12597596318813867, 0.2760876422092254, 0.14368315077081784, 0.06519770202555543, 0.0339305706517266, 0.07436189422944432, 0.03869985333163106]
Timestep: 34 State: 2 Beliefs: [0.20366657183948772, 0.047667342251192464, 0.433922339550281, 0.10155777888814599, 0.05518312252199828, 0.012915387949960968, 0.11757054391481983, 0.02751691308411365]
Timestep: 35 State: 2 Beliefs: [0.20151751381816072, 0.04479232034709566, 0.4381222318941343, 0.09738365162590669, 0.056238258110790355, 0.012500362997402946, 0.12226843560392023, 0.02717722560258915]
Timestep: 36 State: 2 Beliefs: [0.18752727161462826, 0.040025090116552996, 0.4599865305347731, 0.09817773264941305, 0.051143090788391465, 0.010915782008768587, 0.12544912902546593, 0.02677537326200655]
Timestep: 37 State: 2 Beliefs: [0.1874879709153054, 0.08831473317819005, 0.3167989275470851, 0.14922564162847646, 0.06525006888348815, 0.03073553143261075, 0.11025321647968728, 0.051933909935157015]
Timestep: 38 State: 4 Beliefs: [0.1577027059895599, 0.03806831372922776, 0.47720729621620217, 0.11519445371747496, 0.04238376243676876, 0.010231139379274742, 0.12825297162154736, 0.030959356909944412]
Timestep: 39 State: 0 Beliefs: [0.16159916115404752, 0.03797324074647537, 0.2598113907212149, 0.06105155755807689, 0.148908495749377, 0.03499113558452386, 0.23940794676507984, 0.05625707172120452]
Timestep: 40 State: 0 Beliefs: [0.14642643137414993, 0.08526764075089123, 0.22977481453242615, 0.13380341346359134, 0.09955583815925799, 0.05797376445736492, 0.1562246927278606, 0.09097340453445792]
Timestep: 41 State: 4 Beliefs: [0.22454949474221308, 0.05785251720908356, 0.3305516701509899, 0.0851627219551542, 0.0971010114443415, 0.02501692529770429, 0.14293909475559183, 0.03682656444492163]
Timestep: 42 State: 0 Beliefs: [0.18304375454621202, 0.043235685138583564, 0.2542956351547594, 0.06006567140695062, 0.15552442740645397, 0.036735507263681695, 0.21606409433335633, 0.05103522475000243]
Timestep: 43 State: 1 Beliefs: [0.1677833524027115, 0.0843564076008366, 0.22078398706152244, 0.11100352768966748, 0.11955269038306882, 0.06010748584594255, 0.15731787015050194, 0.0790946788657488]
Timestep: 44 State: 2 Beliefs: [0.12672151744375781, 0.14677188023312743, 0.15842373209235314, 0.1834901404417274, 0.07919336783264916, 0.09172364514929622, 0.09900535553939424, 0.11467036126769463]
Timestep: 45 State: 2 Beliefs: [0.16089814974171332, 0.06681104899610092, 0.33856618302569463, 0.14058559330150128, 0.0667253227903719, 0.027706899161889124, 0.14040520593032552, 0.05830159705240331]
Timestep: 46 State: 2 Beliefs: [0.15231684938672757, 0.0623078859748642, 0.36067335942427514, 0.14753978068520338, 0.05840377629640138, 0.02389109181702091, 0.13829518063628254, 0.05657207577922491]
Timestep: 47 State: 2 Beliefs: [0.15485153526028342, 0.0518614047906211, 0.4016312166199393, 0.13451051077191742, 0.05360314914434156, 0.017952257374484908, 0.13902799200095287, 0.04656193403745949]
Timestep: 48 State: 5 Beliefs: [0.15352578964774632, 0.04513892151347327, 0.4336632873234174, 0.12750361443950334, 0.04852659542862186, 0.014267558482483188, 0.1370727546458094, 0.040301478518945326]
Timestep: 49 State: 0 Beliefs: [0.11760598446321234, 0.12039146655699774, 0.1840007638177613, 0.18835879742631073, 0.07507794002701607, 0.07685615104695756, 0.11746339587979249, 0.12024550078195193]
Timestep: 50 State: 0 Beliefs: [0.146029468229339, 0.11428475911199186, 0.20793041087055975, 0.16272932584455657, 0.0854055458091723, 0.06683960674499285, 0.12160840168804882, 0.09517248170133882]
Timestep: 51 State: 2 Beliefs: [0.1629898901196388, 0.11708504258220233, 0.22073527029023549, 0.15856688106455813, 0.084197787554703, 0.0604841290090654, 0.11402806259998712, 0.08191293677960983]
Timestep: 52 State: 2 Beliefs: [0.17559445695690037, 0.05168614294445791, 0.3967096278436944, 0.11677128587951204, 0.061451412364404275, 0.01808819332141573, 0.13883335130297358, 0.04086552938664187]
Timestep: 53 State: 2 Beliefs: [0.16319211685346607, 0.04679354130224333, 0.4212414875810865, 0.12078635492573013, 0.05381478090793499, 0.015430795443065215, 0.1389100086486641, 0.03983091433780969]
Timestep: 54 State: 2 Beliefs: [0.16013455977163252, 0.04168417278788049, 0.45122668555622814, 0.11745753792343085, 0.04769664777469046, 0.012415779017834954, 0.13439947203282596, 0.034985145135476695]
Timestep: 55 State: 2 Beliefs: [0.2003961698018535, 0.04892327308152861, 0.382539100211559, 0.09339033217310146, 0.07591748835830514, 0.018533947122290655, 0.1449199738479181, 0.03537971540344333]
Timestep: 56 State: 2 Beliefs: [0.15909092325079116, 0.036239564397793154, 0.48194867398475666, 0.10978382456030382, 0.04304146772871459, 0.009804481674114187, 0.1303894519834496, 0.029701612420076788]
Timestep: 57 State: 2 Beliefs: [0.1395941910922948, 0.032467762887211184, 0.49324679862662335, 0.11472268278052414, 0.039365508170465614, 0.009155896640199094, 0.1390954074052735, 0.032351752397408576]
Timestep: 58 State: 4 Beliefs: [0.1312649553459034, 0.029278534743960232, 0.5109888768005159, 0.11397562695813639, 0.035843408125719865, 0.00799484117741398, 0.13953139899830608, 0.03112235785004423]
Timestep: 59 State: 0 Beliefs: [0.16277262712165882, 0.03728332883948179, 0.29220704555369614, 0.06693048801411315, 0.1283119977347111, 0.029390066930716285, 0.23034382641701262, 0.05276061938861012]
Timestep: 60 State: 2 Beliefs: [0.21369939938138965, 0.04794850965446285, 0.3351089089656674, 0.0751896018582639, 0.10433101653478219, 0.023409128748415085, 0.16360482632827927, 0.03670860852873962]
Timestep: 61 State: 2 Beliefs: [0.1574148084012266, 0.03982754989216495, 0.40207891783237687, 0.10173006163270151, 0.06712624861257517, 0.016983624621115207, 0.1714581345580763, 0.043380654449763335]
Timestep: 62 State: 4 Beliefs: [0.14575744708045787, 0.034668885750521995, 0.4469251602718381, 0.10630261184490425, 0.052915805202161166, 0.012586197423847197, 0.1622517764587, 0.03859211596756951]
Timestep: 63 State: 4 Beliefs: [0.15150247164128441, 0.07335858996164966, 0.2368081600323566, 0.11466421981892286, 0.11137047784263066, 0.053926388984826365, 0.1740792586030059, 0.08429043311532347]
Timestep: 64 State: 2 Beliefs: [0.17255191556344202, 0.03620117486679282, 0.24305033869162784, 0.05099165537327127, 0.170633451367312, 0.035798683491295745, 0.24034805995357625, 0.05042472069268203]
Timestep: 65 State: 2 Beliefs: [0.1526915168642854, 0.03294502975589531, 0.35406045343386616, 0.07639279780115175, 0.0951481931842373, 0.020529366136695777, 0.22062923411892466, 0.0476034087049436]
Timestep: 66 State: 2 Beliefs: [0.13764225801038313, 0.034746389347378774, 0.37921804910571894, 0.09572974297462294, 0.07498636850391963, 0.018929546735470325, 0.20659486980687153, 0.05215277551563472]
Timestep: 67 State: 2 Beliefs: [0.13038619594206194, 0.03288392833547991, 0.4097868808039867, 0.10334991617644887, 0.0623767576060338, 0.015731671685765555, 0.19604204838832184, 0.049442601061901265]
Timestep: 68 State: 2 Beliefs: [0.12526398251732018, 0.029402219830489348, 0.44263448474675654, 0.10389607741618803, 0.053379144287066305, 0.012529262627225863, 0.1886212585047056, 0.04427357007024814]
Timestep: 69 State: 4 Beliefs: [0.1183384405864849, 0.027834098375177113, 0.46264065976390384, 0.10881659055507283, 0.046563354676374624, 0.010952054026715754, 0.18203806828563934, 0.042816733730631634]
Timestep: 70 State: 2 Beliefs: [0.1361777961082154, 0.06706824864327209, 0.23296687345448713, 0.11473735543549919, 0.11099114566969892, 0.054663696782561694, 0.18987868012824569, 0.09351620377801982]
Timestep: 71 State: 5 Beliefs: [0.15030944859080816, 0.03154208545592917, 0.388477163058039, 0.08152102206303304, 0.08027966446841399, 0.016846499410223276, 0.20748407100368993, 0.04354004594986373]
Timestep: 72 State: 2 Beliefs: [0.09850122418237962, 0.1198377139017381, 0.13360590413524587, 0.16254646831289607, 0.09295239644432562, 0.1130869467261775, 0.12607953933128382, 0.1533898069659535]
Timestep: 73 State: 2 Beliefs: [0.1422466584581875, 0.054534612696693054, 0.31288684348328527, 0.11995475332917847, 0.08367693119384084, 0.03208011410436958, 0.18405642113065712, 0.07056366560378823]
Timestep: 74 State: 2 Beliefs: [0.1307995622580399, 0.05089025171206147, 0.333429026862542, 0.12972739978798725, 0.07203881070378766, 0.0280281764439006, 0.18363846281008758, 0.07144830942159336]
Timestep: 75 State: 1 Beliefs: [0.1308475780297005, 0.04196168346900501, 0.3800008755465062, 0.12186298514450046, 0.06309460482326824, 0.02023389256463718, 0.18323613960711257, 0.058762240815269824]
Timestep: 76 State: 2 Beliefs: [0.12134173418042317, 0.13416710844993227, 0.1802814719771783, 0.19933655939275247, 0.06970943866030989, 0.07707746951115052, 0.10356964400803045, 0.11451657382022294]
Timestep: 77 State: 5 Beliefs: [0.15487184071834098, 0.05765509013784181, 0.3713063108640953, 0.138228477961673, 0.059613758638121093, 0.022192779602763394, 0.14292439925808903, 0.05320734281907544]
Timestep: 78 State: 2 Beliefs: [0.10521387916442446, 0.1424170144126756, 0.13643701638529984, 0.18468050682364556, 0.07977807168614698, 0.10798722445529955, 0.10345291096833602, 0.14003337610417207]
Timestep: 79 State: 2 Beliefs: [0.14948738364976696, 0.061261496574659964, 0.3264736795506443, 0.13379233560182532, 0.0732906570162345, 0.030035279393704394, 0.1600634775228513, 0.06559569069031335]
Timestep: 80 State: 2 Beliefs: [0.13517390097410817, 0.06707857582040057, 0.3252364940385224, 0.16139506715207616, 0.061047659579789304, 0.030294236034256895, 0.14688432180995495, 0.07288974459089134]
Timestep: 81 State: 2 Beliefs: [0.10249657733119144, 0.09195085937015746, 0.2743015103726661, 0.2460790424620672, 0.0408897741149948, 0.036682687044040506, 0.10942928135344641, 0.09817026795143599]
Timestep: 82 State: 2 Beliefs: [0.14006844233612056, 0.04536568516380582, 0.4142845625284213, 0.1341794248470967, 0.05078699045088512, 0.016449005791634472, 0.15021417936946835, 0.04865170951256755]
Timestep: 83 State: 2 Beliefs: [0.1321804080063655, 0.0450648792050696, 0.4301403611125228, 0.14664974716848608, 0.04311694381097376, 0.014700059515928645, 0.14031079235303492, 0.04783680882761848]
Timestep: 84 State: 2 Beliefs: [0.12914384824400757, 0.03912599785705155, 0.4607116266557451, 0.13957925493433512, 0.03888952061153258, 0.01178214309700338, 0.13873563893611685, 0.04203196966420782]
Timestep: 85 State: 2 Beliefs: [0.1236212298410807, 0.03513090005522471, 0.482463752651433, 0.13710740377243577, 0.035208952955515446, 0.010005742613298915, 0.13741202535910013, 0.03904999275191117]
Timestep: 86 State: 2 Beliefs: [0.12087379178978314, 0.03076793823743779, 0.50893508995497, 0.12954738312365022, 0.03210695644530346, 0.008172696812715537, 0.13518527486164286, 0.03441086877449682]
Timestep: 87 State: 2 Beliefs: [0.11180504108826826, 0.027735958630416183, 0.5151446365640864, 0.1277941512238443, 0.03108049138604255, 0.007710271512853439, 0.14320417293756654, 0.03552527665692246]
Timestep: 88 State: 2 Beliefs: [0.09978132521718801, 0.02269063044567787, 0.49750479804521625, 0.11313437151515246, 0.03632536009167877, 0.00826051688381942, 0.1811164654006556, 0.0411865324006116]
Timestep: 89 State: 2 Beliefs: [0.09898572742204782, 0.023824847811935872, 0.501637403777644, 0.12073897028426504, 0.03384768775729315, 0.008146790760703302, 0.17153246889877344, 0.04128610328733748]
Timestep: 90 State: 2 Beliefs: [0.09637081187069653, 0.022357895349130536, 0.5291199609512678, 0.12275510068294479, 0.02868802610255787, 0.006655582462402663, 0.15751042205103574, 0.03654220052996413]
Timestep: 91 State: 2 Beliefs: [0.09796155406061322, 0.02207663944184262, 0.531981627761208, 0.11988750789418821, 0.028946884763887824, 0.006523476929546356, 0.1571964738920021, 0.03542583525671184]
Timestep: 92 State: 2 Beliefs: [0.09880448466551668, 0.02398499905101865, 0.522725571196247, 0.12689274552191301, 0.029113028091231168, 0.007067249563664399, 0.15402260625880687, 0.037389315651602285]
Timestep: 93 State: 2 Beliefs: [0.09329131862831623, 0.02123754851269763, 0.5471654822243455, 0.12456093068542003, 0.025361389970716797, 0.005773460572450935, 0.148747786795619, 0.03386208261043398]
Timestep: 94 State: 2 Beliefs: [0.09424400069589285, 0.02400466348955446, 0.5334292093031374, 0.13586847513126607, 0.02542387772301207, 0.006475654947096086, 0.1439013506543236, 0.03665276805571728]
Timestep: 95 State: 2 Beliefs: [0.09885894140082609, 0.025406743434523465, 0.531005701806158, 0.1364684411636375, 0.02600397180499565, 0.0066830195687548125, 0.13967636212159426, 0.03589681869950997]
Timestep: 96 State: 2 Beliefs: [0.10193960879587283, 0.02573471552735472, 0.5372196216718256, 0.13562141647140896, 0.025402867782949336, 0.006412969244195034, 0.13387258574890645, 0.03379621475748684]
Timestep: 97 State: 2 Beliefs: [0.09597330266979524, 0.022208297709527956, 0.5497793659820558, 0.12721937762518667, 0.02472045365300527, 0.005720332415040565, 0.14161016614066504, 0.03276870380472355]
Timestep: 98 State: 2 Beliefs: [0.09161911234397148, 0.01957061900254035, 0.5666007237321004, 0.12103071735833291, 0.02307378201744261, 0.004928755422948053, 0.142695353140255, 0.030480936982409404]
Timestep: 99 State: 2 Beliefs: [0.08992104976420004, 0.020459387815455757, 0.5387221528921325, 0.12257336274098424, 0.02660590612943049, 0.00605353866654197, 0.15939750555936238, 0.036267096431892624]
Timestep: 100 State: 0 Beliefs: [0.09426811758532246, 0.02351003452703594, 0.5366964192644601, 0.13384961608068213, 0.02531227723848159, 0.006312765408686425, 0.1441103196425506, 0.03594045025278055]
Timestep: 101 State: 0 Beliefs: [0.21907213402965645, 0.04916006819411544, 0.37326599045586, 0.08376136758164804, 0.08298818483154434, 0.018622655244104638, 0.14139939406025487, 0.031730205602816315]
Timestep: 102 State: 2 Beliefs: [0.246807810677865, 0.05327653001944461, 0.39648085787915677, 0.08558531542789816, 0.06874246546308724, 0.01483891459835092, 0.1104303449906073, 0.023837760943589796]
Timestep: 103 State: 5 Beliefs: [0.1789215290066808, 0.03723606180348232, 0.47129731350878445, 0.09808353411161047, 0.04884775668753869, 0.010165898408518186, 0.1286699070010078, 0.02677799947237735]
Timestep: 104 State: 2 Beliefs: [0.1204742727370024, 0.1299614693388786, 0.14884161062409518, 0.1605626992054997, 0.09471982123136452, 0.10217888735146663, 0.11702291642697367, 0.12623832308471916]
Timestep: 105 State: 2 Beliefs: [0.1577090680822871, 0.05573694716756741, 0.33692861346731845, 0.11907604652302717, 0.0778707496924889, 0.027520788210126997, 0.16636255633608468, 0.058795230521099306]
Timestep: 106 State: 2 Beliefs: [0.146095996382496, 0.05211725527021212, 0.37016059699147125, 0.1320484804653414, 0.06248672622749647, 0.02229107396805074, 0.15832140823253915, 0.056478462462393]
Timestep: 107 State: 5 Beliefs: [0.19558981197468106, 0.05907165459652653, 0.3672504482426883, 0.11091626608762167, 0.07130741860680195, 0.021536127876927474, 0.1338908258154417, 0.0404374467993113]
Timestep: 108 State: 2 Beliefs: [0.10817558156854774, 0.12040410584120617, 0.1630126948832778, 0.1814401871807744, 0.08060178874372126, 0.08971328059595332, 0.12146100446153622, 0.13519135672498292]
Timestep: 109 State: 2 Beliefs: [0.1397735073343541, 0.05441164818068809, 0.34772500525046507, 0.13536392561185961, 0.06660306921825063, 0.025927536907180065, 0.16569343529609662, 0.06450187220110566]
Timestep: 110 State: 0 Beliefs: [0.12998690855971337, 0.052047778069172615, 0.36777932603500824, 0.14726172775396454, 0.0564876752233822, 0.022618108363731838, 0.15982378035705286, 0.06399469563797451]
Timestep: 111 State: 2 Beliefs: [0.21988185696924653, 0.07440985047584005, 0.3220652626236631, 0.10898956542212908, 0.08325856793185456, 0.02817539234948502, 0.12195045519555177, 0.04126904903223009]
Timestep: 112 State: 2 Beliefs: [0.164263446294809, 0.05002572060178234, 0.40762134860273397, 0.12413931496313979, 0.05591413379120829, 0.017028407097398505, 0.13875146988588588, 0.04225615876304245]
Timestep: 113 State: 2 Beliefs: [0.1605463949230259, 0.04419507599073601, 0.4391144627922858, 0.12087905842445634, 0.04939089913978878, 0.013596284997743518, 0.13509028435671055, 0.0371875393752531]
Timestep: 114 State: 2 Beliefs: [0.15191652951545023, 0.038061545052796124, 0.4657958876627907, 0.11670165991964289, 0.044745378199505755, 0.011210618315709235, 0.13719516384243338, 0.03437321749167164]
Timestep: 115 State: 4 Beliefs: [0.14188977199079195, 0.034859180259198486, 0.48445418610289337, 0.11901968382738672, 0.03996824081930799, 0.009819313202178721, 0.13646354705072647, 0.033526076747516356]
Timestep: 116 State: 0 Beliefs: [0.1401055242707635, 0.07389508138799543, 0.24728616589783955, 0.13042477411405934, 0.09667458471285466, 0.05098854126337813, 0.17063058375347992, 0.08999474459962956]
Timestep: 117 State: 5 Beliefs: [0.20827834870339004, 0.04688916384468508, 0.35731500946629, 0.08044140030555835, 0.0923006066400333, 0.0207793959124946, 0.1583476743533016, 0.03564840077424689]
Timestep: 118 State: 2 Beliefs: [0.09406397533841467, 0.10944466169524963, 0.15580041799744399, 0.18127581763754227, 0.07994010819070552, 0.09301135812447867, 0.1324067181518157, 0.1540569428643495]
Timestep: 119 State: 2 Beliefs: [0.12597582779776673, 0.04626131314806389, 0.34256731273155844, 0.12579884574369354, 0.07067602821298427, 0.02595391457535019, 0.19219002155182535, 0.0705767362387577]
Timestep: 120 State: 2 Beliefs: [0.11832396066040635, 0.04469582929079514, 0.3598032321861249, 0.13591248766783912, 0.0612989060276261, 0.023155119421556552, 0.18639964716456323, 0.07041081758108851]
Timestep: 121 State: 2 Beliefs: [0.12012658375787594, 0.03785489633940184, 0.40365289576916136, 0.12720114106665545, 0.05426422624668953, 0.01710001729214748, 0.18234025621920721, 0.05745998330886115]
Timestep: 122 State: 2 Beliefs: [0.11898731076855622, 0.03284682817341289, 0.43938977924625333, 0.12129495562874318, 0.048008000009866894, 0.013252762139826586, 0.1772812948720237, 0.048939069161317114]
Timestep: 123 State: 4 Beliefs: [0.11612632468468871, 0.02902402272973525, 0.46991297810785365, 0.1174476587856586, 0.04240552967979277, 0.01059862232473673, 0.17159682607865878, 0.04288803760887552]
Timestep: 124 State: 4 Beliefs: [0.16441030740654988, 0.04132895171594869, 0.3101858303017725, 0.0779735492605903, 0.11242196109405274, 0.02826028291753724, 0.21210166136288772, 0.05331745594066119]
Timestep: 125 State: 5 Beliefs: [0.12773700270369984, 0.06397175019999841, 0.22713897322559537, 0.1137530813180028, 0.11209928916361975, 0.05614025358499164, 0.19933235398521063, 0.09982729581888182]
Timestep: 126 State: 2 Beliefs: [0.09113868446164146, 0.08619073662060367, 0.15657625556351626, 0.14807568140831934, 0.09795303649121588, 0.09263513533549103, 0.16828331202570904, 0.15914715809350322]
Timestep: 127 State: 5 Beliefs: [0.15639414795027395, 0.05754947715852041, 0.27513495550598666, 0.10124338439080693, 0.10853610574406984, 0.039938809861217464, 0.19094113824631387, 0.07026198114281092]
Timestep: 128 State: 2 Beliefs: [0.08232323379972255, 0.11139229161690048, 0.12300945175828806, 0.166445170937156, 0.08805822317023165, 0.1191523561684673, 0.13157881748585637, 0.17804045506337768]
Timestep: 129 State: 2 Beliefs: [0.12116425179603435, 0.04921345274002257, 0.2971966587743317, 0.12071278041401554, 0.0847968219560658, 0.03444204316025445, 0.20799313152569202, 0.08448085963358345]
Timestep: 130 State: 2 Beliefs: [0.1094976046110894, 0.05257312649331618, 0.3024183565602884, 0.14520024040539284, 0.07009813303728568, 0.03365624324115397, 0.19360206340927996, 0.09295423224219362]
Timestep: 131 State: 2 Beliefs: [0.11128079845695482, 0.04338237647743025, 0.3448044071068028, 0.1344206260882518, 0.06427192050801345, 0.025056152463577556, 0.1991470384080093, 0.07763668049095997]
Timestep: 132 State: 2 Beliefs: [0.10903947039551307, 0.03799753512625888, 0.377288976053964, 0.1314757955844829, 0.057229475790757496, 0.01994304455743372, 0.19802049884211967, 0.0690052036494702]
Timestep: 133 State: 2 Beliefs: [0.10632018381537779, 0.03312897842262048, 0.4089120608929169, 0.12741549493174723, 0.05101016062173127, 0.015894578526183055, 0.19618730101644075, 0.06113124177298258]
Timestep: 134 State: 2 Beliefs: [0.10278367303927954, 0.028511763536323023, 0.44031233450750584, 0.12214081081541746, 0.04537327563224025, 0.012586358002602755, 0.19437340899706254, 0.05391837546956856]
Timestep: 135 State: 2 Beliefs: [0.1015368865470196, 0.02643635179912079, 0.46272804691080216, 0.12047682228063263, 0.041235909002869955, 0.010736265747636328, 0.18792196889603827, 0.048927748815880225]
Timestep: 136 State: 2 Beliefs: [0.10108192395923533, 0.025347834023846508, 0.48025968282607967, 0.12043243986461942, 0.03793455545900012, 0.009512668317739151, 0.1802343768232481, 0.04519651872623165]
Timestep: 137 State: 0 Beliefs: [0.09371669036782919, 0.02142338222192561, 0.45817752876726414, 0.10473814520927566, 0.04449715243553147, 0.010171928827961663, 0.2175449779550757, 0.04973019421513662]
Timestep: 138 State: 0 Beliefs: [0.21952675631379426, 0.048830664094214965, 0.33639127513590994, 0.07482554580684662, 0.10350896657859888, 0.023024125453364085, 0.15861170565288052, 0.035280960964390796]
Timestep: 139 State: 2 Beliefs: [0.1837506910055953, 0.09036556746156829, 0.27450197561362466, 0.1349955565331259, 0.08504243974821728, 0.04182247306993734, 0.12704342821316217, 0.06247786835476899]
Timestep: 140 State: 2 Beliefs: [0.17258220543005073, 0.03930597378698051, 0.42335439909789957, 0.09641988797210865, 0.0632946003132478, 0.014415483302989075, 0.15526541345896439, 0.03536203663775925]
Timestep: 141 State: 2 Beliefs: [0.14698444363889693, 0.03272613723901601, 0.45234853882241116, 0.10071555870047913, 0.053601695554222645, 0.011934436063594633, 0.16496064523620016, 0.03672854474517936]
Timestep: 142 State: 2 Beliefs: [0.12851560311202564, 0.031010969566448946, 0.477325555898392, 0.11517923060556574, 0.04237567893735702, 0.010225302282855838, 0.15738940654322006, 0.03797825305413478]
Timestep: 143 State: 0 Beliefs: [0.11645460230340876, 0.025728951503228695, 0.5064868679958427, 0.11190091079213448, 0.03666003311958997, 0.008099501398692937, 0.15944260671629545, 0.03522652617080686]
Timestep: 144 State: 2 Beliefs: [0.1824372189884284, 0.08709405145255032, 0.2995389023363698, 0.14299744710414017, 0.07377049765903257, 0.03521743838467273, 0.12112185230687997, 0.057822591767925945]
Timestep: 145 State: 0 Beliefs: [0.17098765018712556, 0.03728393146828436, 0.45346132441172626, 0.09887743895177085, 0.05381556384604045, 0.011734507095495065, 0.14271952874305735, 0.03112005529650024]
Timestep: 146 State: 0 Beliefs: [0.1992052413206671, 0.10965824189142907, 0.2569752857646676, 0.14145942074455578, 0.08243727412130705, 0.045379963330947064, 0.10634430065462984, 0.0585402721717965]
Timestep: 147 State: 2 Beliefs: [0.22064925897293225, 0.1058679629241389, 0.2904467530585567, 0.13935694244960908, 0.07109099823154791, 0.034109605443727355, 0.0935790571160616, 0.044899421803426084]
Timestep: 148 State: 0 Beliefs: [0.19133948440967233, 0.04683267921640118, 0.41307986884588277, 0.10110635056898047, 0.0629801174219741, 0.01541515409291806, 0.13596680645833412, 0.03327953898583713]
Timestep: 149 State: 5 Beliefs: [0.21997900583230753, 0.11680943091731968, 0.24079553419523536, 0.1278630622515819, 0.09185022511018116, 0.048772711214663755, 0.10054197643850991, 0.05338805404020091]
Timestep: 150 State: 0 Beliefs: [0.11197874578431881, 0.13236811337964471, 0.12957130357857444, 0.15316396770393997, 0.10047153343395869, 0.11876563928148048, 0.11625623655984361, 0.1374244602782393]
Timestep: 151 State: 0 Beliefs: [0.15581175974694128, 0.1410059741938327, 0.173253220361178, 0.1567900854141161, 0.09274693169369289, 0.08393378958172476, 0.10312895907631218, 0.0933292799322021]
Timestep: 152 State: 4 Beliefs: [0.236533915588413, 0.08390205117246341, 0.255883152676808, 0.09076550953233578, 0.11804465707877886, 0.04187217226003919, 0.12770109070756142, 0.045297450983600385]
Timestep: 153 State: 2 Beliefs: [0.14580916348101336, 0.1103432640097304, 0.15341254778734534, 0.11609723873841946, 0.13157269808918912, 0.09956960601874962, 0.13843370575091526, 0.1047617761246374]
Timestep: 154 State: 2 Beliefs: [0.14427635124849053, 0.08596997486972112, 0.25064840566144886, 0.14935390969749016, 0.08464338257329379, 0.050436467305589636, 0.1470492475599678, 0.08762226108399794]
Timestep: 155 State: 4 Beliefs: [0.17423166436999238, 0.04478359062057048, 0.34679380966325685, 0.08913805683866356, 0.09179235291701546, 0.02359382360260884, 0.18270513503473423, 0.046961566953158215]
Timestep: 156 State: 0 Beliefs: [0.1665394877485753, 0.08903853010193044, 0.179606127588256, 0.0960244673137281, 0.14697103100156458, 0.07857646702805178, 0.15850233540826034, 0.0847415538096333]
Timestep: 157 State: 2 Beliefs: [0.22016970432136995, 0.04974398108007774, 0.24055297937063327, 0.054349270674874016, 0.16963817910377343, 0.03832715494534956, 0.18534325385139305, 0.041875476652529005]
Timestep: 158 State: 4 Beliefs: [0.18819680880798093, 0.04719750409190594, 0.3378195635169758, 0.0847210977295923, 0.09784484607156149, 0.024538314714710473, 0.17563476980104278, 0.04404709526623036]
Timestep: 159 State: 2 Beliefs: [0.18218842944656366, 0.08938725784846112, 0.17652426148491848, 0.08660824249813079, 0.15853653497018103, 0.07778290955594179, 0.15360769528010768, 0.07536466891569557]
Timestep: 160 State: 4 Beliefs: [0.19601136046984274, 0.04089854627742024, 0.3346033111996159, 0.06981630541654756, 0.10962147464722653, 0.022872954624221547, 0.18713052298410068, 0.03904552438102485]
Timestep: 161 State: 2 Beliefs: [0.22353833464782838, 0.04706494952467941, 0.20214831770658806, 0.042561381627667275, 0.21025305389166607, 0.04426779587676012, 0.19013428369605057, 0.04003188302876009]
Timestep: 162 State: 2 Beliefs: [0.19589563960600992, 0.04062753112666726, 0.32304152623674354, 0.06699679323534448, 0.11675625915972765, 0.024214518315902003, 0.1925368029248062, 0.03993092939479898]
Timestep: 163 State: 2 Beliefs: [0.18900907925956018, 0.03823300199030017, 0.3306361390902384, 0.06688150756262073, 0.11352175110310117, 0.022963327226767066, 0.19858513482279658, 0.04017005894461541]
Timestep: 164 State: 0 Beliefs: [0.17926826276444724, 0.03828979080671295, 0.3561418672397855, 0.07606810811817583, 0.09662752586014567, 0.02063860994858139, 0.19196430509180906, 0.041001530170342596]
Timestep: 165 State: 2 Beliefs: [0.2340392011439124, 0.05041368888185228, 0.25976634973885265, 0.05595549751366761, 0.15591256891100536, 0.03358466318220137, 0.1730515174657211, 0.03727651316278735]
Timestep: 166 State: 4 Beliefs: [0.19595586942244564, 0.04132254801569711, 0.3762127839163613, 0.07933455054611498, 0.08687984920504864, 0.0183209451748166, 0.1667993412598495, 0.03517411245966626]
Timestep: 167 State: 5 Beliefs: [0.19506636958784626, 0.08749214067053684, 0.20166535083847942, 0.09045194864298502, 0.1443708683849017, 0.06475394170788104, 0.14925485046557782, 0.06694452970179181]
Timestep: 168 State: 2 Beliefs: [0.12134055109869091, 0.1336667951342866, 0.13300469082474212, 0.1465158234357296, 0.10566455016333771, 0.11639836519410514, 0.11582179822291742, 0.1275874259261906]
Timestep: 169 State: 2 Beliefs: [0.16186233834315686, 0.06560489704057725, 0.2882272445111738, 0.11682222618306981, 0.09403973789892452, 0.03811552079213271, 0.1674559678712682, 0.06787206735969672]
Timestep: 170 State: 2 Beliefs: [0.15964393436163754, 0.06379556010519834, 0.30072994884215387, 0.12017516107648032, 0.08811779635681012, 0.035212889210586636, 0.16599227835639407, 0.06633243169073906]
Timestep: 171 State: 2 Beliefs: [0.16179970669033245, 0.05298632488149327, 0.3374147079617802, 0.11049689583229198, 0.08235343051076434, 0.026969181300806177, 0.171738622237568, 0.056241130584963744]
Timestep: 172 State: 2 Beliefs: [0.1965203299229592, 0.0564886950412853, 0.28027840293478873, 0.08056449547102082, 0.12362256193939809, 0.0355346299507775, 0.1763111950843185, 0.05067968965545209]
Timestep: 173 State: 2 Beliefs: [0.15921538473889538, 0.04095712749318716, 0.3932354569980007, 0.10115727681418138, 0.07001489369163322, 0.018010878358601396, 0.17292511501101088, 0.04448386689448991]
Timestep: 174 State: 5 Beliefs: [0.15569652131822428, 0.037178367260112866, 0.4185300115857631, 0.09993969260438104, 0.06317984732368694, 0.015086551371542755, 0.16983463733479265, 0.04055437120149662]
Timestep: 175 State: 2 Beliefs: [0.11303740473913905, 0.12314334814855214, 0.17126595552821186, 0.18657773713290643, 0.07725342518572315, 0.08416015437781613, 0.11704870359323569, 0.12751327129441564]
Timestep: 176 State: 0 Beliefs: [0.14224866231720104, 0.054266404846765925, 0.3506340157926567, 0.1337632786424506, 0.06666025216210165, 0.025430202098840306, 0.16431333362719758, 0.0626838505127861]
Timestep: 177 State: 2 Beliefs: [0.1911214589469906, 0.072430731208691, 0.2672010188322877, 0.10126317201825943, 0.11127807481621256, 0.04217188572565892, 0.15557444532083894, 0.05895921313106067]
Timestep: 178 State: 2 Beliefs: [0.16233549368849698, 0.05246463026514475, 0.3777731341039259, 0.12209115427892295, 0.0648137680996546, 0.020946930964858754, 0.15082900080419412, 0.048745887794802]
Timestep: 179 State: 0 Beliefs: [0.1644281383792278, 0.04736541098165956, 0.40303405717273605, 0.1160985823093399, 0.06053047014937507, 0.017436496111911337, 0.14836779888981422, 0.04273904600593619]
Timestep: 180 State: 2 Beliefs: [0.24574528317459016, 0.06585392832803168, 0.34592173692339107, 0.0926988505178222, 0.0818190966518982, 0.021925584317117525, 0.11517211505223282, 0.030863405034916216]
Timestep: 181 State: 2 Beliefs: [0.18353557871479528, 0.04453961591623122, 0.4324902956046187, 0.10495486373059379, 0.05621713035933809, 0.013642528667471784, 0.1324722078269914, 0.032147779179959715]
Timestep: 182 State: 0 Beliefs: [0.17901387569469468, 0.045084436392525254, 0.4388162402455993, 0.1105153597428432, 0.0524406787513225, 0.01320712395265412, 0.1285476971898476, 0.032374588030513414]
Timestep: 183 State: 2 Beliefs: [0.1980770428361196, 0.10218723766772919, 0.2807730620355805, 0.1448498180814623, 0.07479876153365773, 0.038588413440802286, 0.10602681164646624, 0.05469885275818197]
Timestep: 184 State: 2 Beliefs: [0.18762464616298025, 0.04325742710171955, 0.44797342153472547, 0.103281621161398, 0.05226250704095776, 0.012049278358204291, 0.12478218920548154, 0.028768909434533085]
Timestep: 185 State: 2 Beliefs: [0.18396781480996172, 0.04105388166021323, 0.45187088598695113, 0.1008385836303333, 0.05257640873639634, 0.011732843946712665, 0.12914078705706852, 0.028818794172363046]
Timestep: 186 State: 0 Beliefs: [0.17262189730154373, 0.04128375392068726, 0.44993052109803566, 0.1076040827078302, 0.05114383980697241, 0.012231412874936665, 0.13330391366924085, 0.03188057862075334]
Timestep: 187 State: 0 Beliefs: [0.23528871958640526, 0.05568138193168227, 0.3558150583771054, 0.08420409698078941, 0.08658840428810288, 0.020491258648080744, 0.13094320110504726, 0.03098787908278662]
Timestep: 188 State: 2 Beliefs: [0.20440407034403857, 0.10203587259682492, 0.30897085295143245, 0.15423426028073783, 0.06117818566422177, 0.030539360334814837, 0.09247504795222873, 0.0461623498757009]
Timestep: 189 State: 2 Beliefs: [0.1797219806834274, 0.04279312798555995, 0.4435372499162205, 0.10560948766451211, 0.0531805290841308, 0.01266267586626289, 0.13124463423655117, 0.031250314563335074]
Timestep: 190 State: 4 Beliefs: [0.17258216215498376, 0.042318762854127126, 0.44072205191307856, 0.10806917567033901, 0.053401778584899376, 0.013094616359560432, 0.13637180772256946, 0.03343964474044217]
Timestep: 191 State: 2 Beliefs: [0.13342790184232128, 0.06732704380398735, 0.1990141513427749, 0.10042153327796996, 0.13332619903134693, 0.06727572508043018, 0.19886245669468589, 0.1003449889264835]
Timestep: 192 State: 4 Beliefs: [0.1485929332547023, 0.034198114240216355, 0.3718872319990453, 0.08558847157678495, 0.08348679446222693, 0.019214177094645568, 0.2089444781859993, 0.04808779918637938]
Timestep: 193 State: 5 Beliefs: [0.15516419752589797, 0.03991496574708891, 0.2210466556629944, 0.05686279328595986, 0.1728864014028772, 0.04447388572986707, 0.24629367759490733, 0.06335742305040735]
Timestep: 194 State: 4 Beliefs: [0.08531874366416761, 0.09770539902748165, 0.12307836831387392, 0.14094700145952663, 0.10552978940707204, 0.12085070337990046, 0.15223424221826745, 0.17433575252971037]
Timestep: 195 State: 2 Beliefs: [0.09067834479719551, 0.07778182388515356, 0.12668375892932443, 0.10866645005693476, 0.13387840216093194, 0.11483785155316849, 0.1870371505250852, 0.16043621809220618]
Timestep: 196 State: 2 Beliefs: [0.11711616819151115, 0.04035771945097506, 0.26863393041482797, 0.09257007777923695, 0.10868132410883065, 0.03745110906269042, 0.24928659901425235, 0.08590307197767533]
Timestep: 197 State: 2 Beliefs: [0.12592750169843475, 0.04056748359683865, 0.2957875604329059, 0.09528781913538098, 0.09992291940357219, 0.032190120022868925, 0.23470612982139288, 0.07561046588860572]
Timestep: 198 State: 2 Beliefs: [0.13425244552614277, 0.03773800931501365, 0.33129989887997024, 0.09312753016153279, 0.09084550870045431, 0.025536433545989334, 0.22418293929922647, 0.06301723457167045]
Timestep: 199 State: 2 Beliefs: [0.13877804278991812, 0.0367877327368912, 0.3588686649520187, 0.09513006718134016, 0.08165694218993556, 0.021645886517815592, 0.21115817198925946, 0.05597449164282138]
Timestep: 200 State: 1 Beliefs: [0.1428465783639367, 0.03458916164037371, 0.3866241881935047, 0.09361796896130324, 0.07435180853787594, 0.01800369846604587, 0.2012383351839002, 0.048728260653059706]
Timestep: 201 State: 2 Beliefs: [0.12023907422261194, 0.14362077605267126, 0.191332685571326, 0.22853925783826307, 0.055618002094698235, 0.06643348408147892, 0.08850319062826761, 0.10571352951068301]
Timestep: 202 State: 2 Beliefs: [0.14114113710856685, 0.05332673680575893, 0.3701940665834347, 0.13986880055077985, 0.05919240248760334, 0.022364405821167072, 0.15525364636161237, 0.058658804281076976]
Timestep: 203 State: 2 Beliefs: [0.13953733853004685, 0.054514054174106305, 0.37823677003951983, 0.14776847537573898, 0.0542492764985704, 0.021193954457661722, 0.1470507559908898, 0.05744937493346614]
Timestep: 204 State: 2 Beliefs: [0.14403242026928084, 0.046975061357846314, 0.408487766333197, 0.13322512981144488, 0.052539730088116035, 0.017135427148968915, 0.14900698708887114, 0.04859747790227484]
Timestep: 205 State: 2 Beliefs: [0.14503719466126874, 0.04205850728604904, 0.4309854894918458, 0.12497901929438517, 0.0501518257790642, 0.014543241372419557, 0.14902873178690773, 0.04321599032805972]
Timestep: 206 State: 2 Beliefs: [0.1426870112758618, 0.03827587777625149, 0.44484117928032124, 0.11932891757792077, 0.048804996156255866, 0.01309196997711095, 0.15215450832414446, 0.04081553963213336]
Timestep: 207 State: 2 Beliefs: [0.13902566249361908, 0.03539121132724637, 0.45514989836050035, 0.11586570385298826, 0.04747769892849843, 0.012086209452064196, 0.15543511502912852, 0.03956850055595467]
Timestep: 208 State: 2 Beliefs: [0.13512924806346877, 0.03241836440073971, 0.465520744572107, 0.11168138171355736, 0.04631324333007635, 0.011110841067874154, 0.15954928949534233, 0.038276887356834356]
Timestep: 209 State: 2 Beliefs: [0.12998927623905543, 0.028493925768723855, 0.4716886277261683, 0.10339515022503466, 0.04721236967789112, 0.010349051828655328, 0.17131826954794693, 0.03755332898652423]
Timestep: 210 State: 2 Beliefs: [0.1204019903686366, 0.029993118297451903, 0.46281485817882506, 0.11529095780456339, 0.044871637014292004, 0.011177890938923867, 0.17248269947563025, 0.042966847921676966]
Timestep: 211 State: 0 Beliefs: [0.11682451867116952, 0.029516714907636455, 0.4772433049365515, 0.12057960720592101, 0.040163048309684916, 0.010147538036218404, 0.164071259438201, 0.04145400849461727]
Timestep: 212 State: 2 Beliefs: [0.15982961539479962, 0.0859105236409478, 0.29390937143234214, 0.15798015868563436, 0.06927419492434106, 0.03723579229077511, 0.12738774998864885, 0.06847259364251121]
Timestep: 213 State: 0 Beliefs: [0.14800964254530924, 0.037086342284047225, 0.4409072570887159, 0.11047683901342373, 0.052959326443108516, 0.013269863191517867, 0.15776101447004603, 0.03952971496383145]
Timestep: 214 State: 2 Beliefs: [0.18127439878201254, 0.09361114667945968, 0.2768425156509895, 0.14296307428871713, 0.07966803958281268, 0.04114103585040658, 0.12166914160675726, 0.06283064755884474]
Timestep: 215 State: 2 Beliefs: [0.16181038041844004, 0.03873830263087689, 0.4202205698029136, 0.10060313536528634, 0.06249870468290016, 0.014962536580057882, 0.16230875439434633, 0.038857616125178615]
Timestep: 216 State: 5 Beliefs: [0.15421024117487162, 0.03739979052453156, 0.4398055667479366, 0.10666370756299676, 0.054724272933713874, 0.013271987182792202, 0.15607290209207356, 0.037851531781083955]
Timestep: 217 State: 0 Beliefs: [0.09853922161838297, 0.11198462734110365, 0.14850472323023414, 0.16876778420004337, 0.0881600998631285, 0.10018930297380337, 0.13286274252121033, 0.15099149825209363]
Timestep: 218 State: 2 Beliefs: [0.1771825758665454, 0.06803554659114144, 0.26933771128107004, 0.10342178577659211, 0.10953100448204624, 0.04205832160508634, 0.16649961158557203, 0.06393344281194638]
Timestep: 219 State: 5 Beliefs: [0.1367970781307955, 0.05189994599160958, 0.3413657027203581, 0.12951198795075763, 0.07060486597438395, 0.026787039466674396, 0.17618855620423132, 0.06684482356118945]
Timestep: 220 State: 2 Beliefs: [0.10265899043840314, 0.12156442113667602, 0.1359449136792335, 0.16098019927253499, 0.09432706172706652, 0.11169810464144976, 0.1249114588925939, 0.1479148502120422]
Timestep: 221 State: 5 Beliefs: [0.13090132110478508, 0.0548470785784032, 0.30627202953949034, 0.12832663512290102, 0.08011172083307964, 0.03356645915029197, 0.18743874486803377, 0.07853601080301488]
Timestep: 222 State: 2 Beliefs: [0.0900685379363541, 0.13157115672501019, 0.11010463136591059, 0.16083966767430474, 0.09278055803106375, 0.13553284666800194, 0.11341995078406256, 0.16568265081529204]
Timestep: 223 State: 2 Beliefs: [0.12703775701315081, 0.05943759739958958, 0.28431280870210224, 0.13302242306932993, 0.08335563442434565, 0.03899989071271739, 0.18655142456488785, 0.08728246411387662]
Timestep: 224 State: 2 Beliefs: [0.12305257719467144, 0.06683030191482824, 0.2777812610149058, 0.150864012466305, 0.07589160453620804, 0.041217006255234764, 0.17131917176477715, 0.0930440648530697]
Timestep: 225 State: 2 Beliefs: [0.12724973188918348, 0.05784505128128391, 0.3175435676905042, 0.14434862600021253, 0.06943078323729929, 0.03156177350816621, 0.17326007913256872, 0.07876038726078177]
Timestep: 226 State: 4 Beliefs: [0.12798962928449376, 0.052701228151806945, 0.34668737856339227, 0.14275258657409637, 0.06300237551976307, 0.025941965649361503, 0.17065545493270146, 0.07026938132438454]
Timestep: 227 State: 5 Beliefs: [0.12146094747291969, 0.09899491357266234, 0.18433695067684056, 0.15024105179626174, 0.09737425422614004, 0.07936341747596175, 0.14778143487214343, 0.12044702990707042]
Timestep: 228 State: 5 Beliefs: [0.10592082502506606, 0.09788414456056423, 0.16292081990393287, 0.1505592982647962, 0.09884213360745527, 0.09134254470182945, 0.1520328173857202, 0.1404974165506356]
Timestep: 229 State: 2 Beliefs: [0.08205622316442958, 0.11331514087657645, 0.12052445588751574, 0.16643765909868036, 0.08806720125538323, 0.12161597173272645, 0.12935340067470424, 0.17862994730998408]
Timestep: 230 State: 2 Beliefs: [0.1113062524727149, 0.058016329324326335, 0.27057757087725837, 0.1410335638030701, 0.08029263276267294, 0.041851052579623384, 0.1951856706126143, 0.10173692756771967]
Timestep: 231 State: 2 Beliefs: [0.11465403034031257, 0.05605640394923927, 0.29187921323056576, 0.14270496233472513, 0.07476452464699859, 0.03655371191265864, 0.1903309510075762, 0.09305620257792391]
Timestep: 232 State: 2 Beliefs: [0.11623936537649629, 0.051423369724392036, 0.3187504212487682, 0.1410126484138173, 0.0690245566585817, 0.030535914280156614, 0.18927844659311208, 0.08373527770467583]
Timestep: 233 State: 2 Beliefs: [0.1170513005778964, 0.0473564237414202, 0.3442987501588199, 0.1392958252122265, 0.06358278148296569, 0.025724217737859528, 0.18702459595173754, 0.07566610513707418]
Timestep: 234 State: 2 Beliefs: [0.1177117059353106, 0.04308595974323511, 0.3705936745042412, 0.1356482264352053, 0.05875714512869694, 0.021506849888266205, 0.1849860737604926, 0.06771036460455214]
Timestep: 235 State: 4 Beliefs: [0.11714516937153267, 0.03975856239208764, 0.394155346319307, 0.13377461497459994, 0.05391120615304631, 0.018297229539790693, 0.18139365238656888, 0.06156421886306675]
Timestep: 236 State: 2 Beliefs: [0.1139540270419177, 0.0782533724278273, 0.21154614998319204, 0.1452708613291772, 0.09360327788662666, 0.06427830902573727, 0.17376668097423908, 0.1193273213312826]
Timestep: 237 State: 2 Beliefs: [0.16289777205117473, 0.054287344992405714, 0.31030974341386397, 0.10341388886473625, 0.09529768367231085, 0.031758925646144694, 0.18153593751423616, 0.06049870384512769]
Timestep: 238 State: 2 Beliefs: [0.16853586208218624, 0.04863181509835478, 0.34174149462245634, 0.09861111440964553, 0.0877845368715299, 0.025330640689096313, 0.17800139664392314, 0.05136313958280782]
Timestep: 239 State: 2 Beliefs: [0.11852258798127453, 0.03439666761163114, 0.4092258177051199, 0.11876220954544833, 0.055543090221377864, 0.01611926675756873, 0.19177497640621616, 0.05565538377136342]
Timestep: 240 State: 2 Beliefs: [0.1164093296373504, 0.031273130481389425, 0.43664014119460987, 0.11730248899749737, 0.04950453411255704, 0.013299292758968491, 0.18568672143392215, 0.04988436138370526]
Timestep: 241 State: 2 Beliefs: [0.11320480116724511, 0.028971174034233303, 0.4565506159796194, 0.11683963237072517, 0.04499830770133128, 0.01151588793248506, 0.18147644699920623, 0.04644313381515444]
Timestep: 242 State: 2 Beliefs: [0.10790373425119848, 0.027246811030444712, 0.471336955202332, 0.11901746532855031, 0.040825412117017304, 0.01030883960515058, 0.17833048666618867, 0.04503029579911794]
Timestep: 243 State: 2 Beliefs: [0.10013011060225942, 0.0295500762465808, 0.47366238332010463, 0.13978571938110332, 0.03461124161148353, 0.010214358322950761, 0.16372740520066245, 0.048318705314854944]
Timestep: 244 State: 2 Beliefs: [0.09404004145706649, 0.026974137497562847, 0.4785494974390305, 0.13726557053043512, 0.033587956277331396, 0.00963425937344465, 0.1709218684666291, 0.04902666895849989]
Timestep: 245 State: 2 Beliefs: [0.0952294034844243, 0.0266833739421402, 0.48964969635232475, 0.1372003338292618, 0.03195293318721838, 0.008953243783809094, 0.16429530649371982, 0.04603570892710149]
Timestep: 246 State: 0 Beliefs: [0.12933183121724862, 0.0396762111775482, 0.4445372731005854, 0.13637442969629876, 0.043129064827288954, 0.013231065143609173, 0.14824252227199913, 0.04547760256542168]
Timestep: 247 State: 4 Beliefs: [0.1595983471258042, 0.10555841812279892, 0.2940639503454947, 0.19449402819280787, 0.052150657973831574, 0.03449246849305709, 0.096088892980911, 0.0635532367652944]
Timestep: 248 State: 4 Beliefs: [0.10756969158120423, 0.07601013713679783, 0.1911834158943326, 0.13509267756373153, 0.10341087548193115, 0.07307146382291331, 0.18379195965560974, 0.12986977886347967]
Timestep: 249 State: 1 Beliefs: [0.13937211241790287, 0.04373754868691827, 0.23668846940474222, 0.07427722285776521, 0.14271464108644435, 0.04478649605408879, 0.24236491342767807, 0.07605859606446014]
Timestep: 250 State: 2 Beliefs: [0.0878510579134827, 0.10851849749629938, 0.14271458936765788, 0.17628897336935462, 0.0826100212933298, 0.10204447848218362, 0.13420049281753338, 0.16577188926015868]
Timestep: 251 State: 0 Beliefs: [0.10395016867764649, 0.04774824248515125, 0.2792966857707036, 0.12829152705691005, 0.0819118995691862, 0.03762523228968954, 0.22008354931872337, 0.10109269483198946]
Timestep: 252 State: 0 Beliefs: [0.13530811256687197, 0.12222892257819125, 0.17720962914223798, 0.16008014323480954, 0.09216669330230087, 0.08325765104710353, 0.12070839825878968, 0.10904044986969522]
Timestep: 253 State: 4 Beliefs: [0.2218193006407289, 0.07877389752573585, 0.2864070861217262, 0.10171072754998528, 0.10025962190864512, 0.035604842136764375, 0.12945251420222245, 0.04597200991419203]
Timestep: 254 State: 0 Beliefs: [0.14592325661790975, 0.09873138223555059, 0.1809750719502241, 0.12244737006253771, 0.12032260863024415, 0.08141003524446536, 0.14922496426402065, 0.10096531099504764]
Timestep: 255 State: 2 Beliefs: [0.1733658611021064, 0.114249702130558, 0.20698500956071572, 0.13640503117205205, 0.10137949775464912, 0.06681002445915524, 0.12103903374406419, 0.07976584007669936]
Timestep: 256 State: 2 Beliefs: [0.1708465086912158, 0.051127143383511715, 0.3391938564159707, 0.10150639345594817, 0.0869673394011014, 0.026025651125706935, 0.17266251127795437, 0.05167059624859087]
Timestep: 257 State: 0 Beliefs: [0.16104151964086152, 0.0432024011698025, 0.38212452908045735, 0.10251205551817817, 0.07273127313860378, 0.01951152501995622, 0.17257911847510432, 0.046297577957036005]
Timestep: 258 State: 2 Beliefs: [0.18821098057435454, 0.10175254346198673, 0.23323468825869584, 0.12609372036351643, 0.10166014073115223, 0.05496054404759711, 0.1259792131118424, 0.06810816945085456]
Timestep: 259 State: 2 Beliefs: [0.1873410649051303, 0.04876878177550581, 0.3846417897414331, 0.10013027050497052, 0.0725365420994953, 0.018882772947786317, 0.14892936254490474, 0.038769415480774]
Timestep: 260 State: 0 Beliefs: [0.17984856011831785, 0.042479812900762866, 0.42246149477425227, 0.09978442554102493, 0.06169692664958915, 0.01457267102334558, 0.14492512944343622, 0.03423097954927117]
Timestep: 261 State: 0 Beliefs: [0.2062365207857741, 0.10315893728743829, 0.2614115961732647, 0.13075735739286723, 0.08773010204200252, 0.043882354397222594, 0.11120079954735737, 0.05562233237407346]
Timestep: 262 State: 2 Beliefs: [0.24372098002632428, 0.06680451821191014, 0.3016457453312101, 0.08268183840942823, 0.10703083549737036, 0.029337414441907093, 0.13246867850087946, 0.03630998958097016]
Timestep: 263 State: 2 Beliefs: [0.18900406946492307, 0.0532982989404259, 0.38684093369750144, 0.10908740634512824, 0.06701896954178026, 0.018899048488371428, 0.13716996055367042, 0.038681312968199225]
Timestep: 264 State: 2 Beliefs: [0.22387628097681403, 0.05776038092451246, 0.3200176083020227, 0.08256497239200876, 0.10332334604275636, 0.026657561934588795, 0.14769447633351382, 0.03810537309378323]
Timestep: 265 State: 2 Beliefs: [0.16676316923095064, 0.04618455661558568, 0.41344774362596015, 0.11450310527880858, 0.05831914960996154, 0.01615131254314269, 0.14458780633408777, 0.040043156761503024]
Timestep: 266 State: 2 Beliefs: [0.15465336199817453, 0.04388370116806414, 0.4354794791656077, 0.12356958220380182, 0.0494862823135097, 0.014041991696178917, 0.13934556720457072, 0.03954003425009257]
Timestep: 267 State: 2 Beliefs: [0.13490720995507852, 0.036717931105169764, 0.4190192941298459, 0.11404521358583895, 0.05653481021566807, 0.015387178099924858, 0.17559607287276993, 0.04779229003570409]
Timestep: 268 State: 0 Beliefs: [0.13514429252082522, 0.03347334715029518, 0.4602410070938465, 0.11399524697559697, 0.0467815123508705, 0.011587124945696138, 0.15931690459232717, 0.03946056437054231]
Timestep: 269 State: 2 Beliefs: [0.18243620738489827, 0.09483822890446397, 0.3166403074753792, 0.1646033229433142, 0.05808042022380938, 0.030192713754632967, 0.10080565903875817, 0.052403140274743874]
Timestep: 270 State: 2 Beliefs: [0.16028512510345597, 0.04490601631712871, 0.43524711177560366, 0.12194028541801964, 0.04995836547906978, 0.013996502631995113, 0.13565971433568982, 0.038006878939037356]
Timestep: 271 State: 2 Beliefs: [0.14888592310531065, 0.03707668983497282, 0.45971469302941015, 0.11448160262924961, 0.046975654547872205, 0.0116982300081811, 0.14504661125723578, 0.03612059558776774]
Timestep: 272 State: 2 Beliefs: [0.13215591171891536, 0.03569557324888058, 0.45413173890903213, 0.12266188125845807, 0.04531911740238056, 0.012240783282188614, 0.15573158494445113, 0.04206340923569353]
Timestep: 273 State: 2 Beliefs: [0.11963540934678014, 0.03401080082128046, 0.45422359939623125, 0.12912989934786467, 0.042692211546540376, 0.012136844028514488, 0.16209089015314038, 0.04608034535964816]
Timestep: 274 State: 0 Beliefs: [0.11453942454436832, 0.029312979882375946, 0.4857375612834942, 0.12431017022005371, 0.03738974894361597, 0.009568800986657229, 0.15856204569841365, 0.04057926844102088]
Timestep: 275 State: 4 Beliefs: [0.21469578033394923, 0.051248171154603825, 0.39919811026763136, 0.09528912514148274, 0.06763848479508115, 0.016145397175597234, 0.1257647228537202, 0.030020208277934207]
Timestep: 276 State: 5 Beliefs: [0.12288271598031181, 0.07166126531806016, 0.21104057746324725, 0.12307210736531449, 0.10956061416925433, 0.06389224210873135, 0.1881610045566702, 0.10972947303841034]
Timestep: 277 State: 2 Beliefs: [0.0875772178802486, 0.10614834212523887, 0.14547677824460037, 0.17632575231495262, 0.082301435646197, 0.09975380766624158, 0.13671304013203106, 0.16570362599048974]
Timestep: 278 State: 0 Beliefs: [0.1118393558577493, 0.05054937593009783, 0.30365424585170075, 0.13724625386658473, 0.07354329315545859, 0.03324024485245709, 0.1996768762596907, 0.09025035422626103]
Timestep: 279 State: 2 Beliefs: [0.13819488841755595, 0.12787530273550815, 0.1980084955786543, 0.18322237968612373, 0.07529910315320594, 0.06967620670841854, 0.10789011304628032, 0.09983351067425313]
Timestep: 280 State: 5 Beliefs: [0.15391969940871283, 0.0523265405089768, 0.3561416500488472, 0.12107391418904977, 0.07128630109175374, 0.024234490686652274, 0.16494328532491262, 0.05607411874109465]
Timestep: 281 State: 2 Beliefs: [0.10379475634420549, 0.12712570234777382, 0.12895463194034423, 0.15794100524742088, 0.09665238535358829, 0.11837787191210593, 0.12008094838717843, 0.1470726984673831]
Timestep: 282 State: 0 Beliefs: [0.13925915947402864, 0.05845040493344013, 0.2912580979743557, 0.1222480002826645, 0.0885804853200076, 0.03717935147469198, 0.18526453677729057, 0.0777599637635209]
Timestep: 283 State: 2 Beliefs: [0.1567532825460642, 0.14701759471684944, 0.17600697480292288, 0.16507547190477992, 0.08633034084424786, 0.08096850576814785, 0.09693412398707561, 0.09091370542991246]
Timestep: 284 State: 5 Beliefs: [0.17085285061347363, 0.05759740142558569, 0.33484809629097445, 0.11288298760842255, 0.08182027349213475, 0.02758300561071263, 0.16035648640613087, 0.054058898552565446]
Timestep: 285 State: 2 Beliefs: [0.12369384324944788, 0.140700305921168, 0.12861185318079643, 0.14629448493352692, 0.10566594070360144, 0.12019377676270143, 0.10986716957752049, 0.12497262567123743]
Timestep: 286 State: 2 Beliefs: [0.15711031510620682, 0.06202540597834416, 0.2949318836195179, 0.1164358292139639, 0.09207201547984925, 0.03634900824634923, 0.17284016606904867, 0.06823537628671995]
Timestep: 287 State: 2 Beliefs: [0.1571824124894726, 0.06559999549296186, 0.30585843025854687, 0.1276498517147323, 0.0823187946662761, 0.034355704773620536, 0.16018266241516782, 0.066852148189222]
Timestep: 288 State: 2 Beliefs: [0.15833809748347277, 0.05700106964781762, 0.3440030063874677, 0.12383968001255932, 0.07342756881025948, 0.026433625453030313, 0.15952764889756532, 0.05742930330782749]
Timestep: 289 State: 2 Beliefs: [0.15779552187930782, 0.05059456804350469, 0.37648129584321155, 0.1207126052297938, 0.0658426613745454, 0.02111137864627015, 0.15709273736560456, 0.05036923161776202]
Timestep: 290 State: 4 Beliefs: [0.15543360586542831, 0.046137889367221074, 0.40501888494391763, 0.12022314222933453, 0.05842263245951543, 0.017341790007063568, 0.1522339350135623, 0.045188120113957224]
Timestep: 291 State: 0 Beliefs: [0.1760998425374034, 0.046705794153545074, 0.256714598162552, 0.06808671152243373, 0.145480889231675, 0.038584932092066426, 0.21207894045395131, 0.05624829184637295]
Timestep: 292 State: 0 Beliefs: [0.1535452288442587, 0.0817595739644474, 0.22233007916394673, 0.1183860461751225, 0.11301666385986793, 0.06017897369796044, 0.16364561772411682, 0.08713781657027961]
Timestep: 293 State: 2 Beliefs: [0.18360985826118317, 0.09719652802640533, 0.25855601525729893, 0.13687035773211864, 0.08790886919220074, 0.04653582846327872, 0.12379164789604193, 0.0655308951714726]
Timestep: 294 State: 2 Beliefs: [0.172895890306877, 0.03934415305268796, 0.3988974905019838, 0.09077303046814497, 0.07342593343143368, 0.016708790231134245, 0.16940495538429592, 0.03854975662344247]
Timestep: 295 State: 2 Beliefs: [0.1681259048010846, 0.040401773962522404, 0.4172385823462411, 0.10026520845993611, 0.06344243878698183, 0.015245640310667151, 0.1574452982209182, 0.03783515311164845]
Timestep: 296 State: 2 Beliefs: [0.16265274837464766, 0.03859001775297325, 0.4361717843480316, 0.10348350746934018, 0.05688183756527612, 0.013495444395502681, 0.15253509599908183, 0.0361895640951465]
Timestep: 297 State: 5 Beliefs: [0.15613436747935153, 0.03774506952998144, 0.4518418145014334, 0.10923156112420311, 0.050679045049577924, 0.012251524824362297, 0.146661571325285, 0.03545504616580528]
Timestep: 298 State: 2 Beliefs: [0.0995721745180226, 0.11375901924198424, 0.16051944068566668, 0.1833899302698081, 0.07911577611396803, 0.09038803401510923, 0.127541857880466, 0.1457137672749753]
Timestep: 299 State: 2 Beliefs: [0.13269163117217528, 0.04964742788747165, 0.3461036766156481, 0.12949691834044932, 0.06898587885825068, 0.025811510610075732, 0.1799379968162529, 0.06732495969967639]
Timestep: 300 State: 4 Beliefs: [0.13081048422465316, 0.049089748613748305, 0.36898442006273924, 0.13847018861394791, 0.059499492986413896, 0.022328601340029803, 0.16783353447354132, 0.06298352968492613]
Timestep: 301 State: 2 Beliefs: [0.1581797905868443, 0.04941678491428907, 0.25087857907756383, 0.07837671763177524, 0.13646347839449222, 0.04263241426390668, 0.21643576229667483, 0.06761647283445392]
Timestep: 302 State: 2 Beliefs: [0.14008284053635234, 0.038924332642223974, 0.363608395562704, 0.10103460271220871, 0.07755532185241495, 0.02155002807195894, 0.201307783581014, 0.05593669504112312]
Timestep: 303 State: 2 Beliefs: [0.11283843295067143, 0.06319573214369638, 0.3129640815838213, 0.1752771086338577, 0.05702852364847111, 0.031939111620016426, 0.15817199034948834, 0.08858501906997739]
Timestep: 304 State: 4 Beliefs: [0.1412693719416363, 0.03319382864140608, 0.42083823500899037, 0.0988836579836387, 0.062234525288385203, 0.014623142579379288, 0.18539523053735066, 0.04356200801921335]
Timestep: 305 State: 2 Beliefs: [0.16756856761242345, 0.042265277891735696, 0.27863885504779085, 0.07028017728998491, 0.1323288902040297, 0.033376888024217025, 0.22004109112801168, 0.05550025280180678]
Timestep: 306 State: 2 Beliefs: [0.14107355417486636, 0.03534283881288709, 0.38378980261613144, 0.09614999218831818, 0.07386089269825287, 0.018504202580552676, 0.20093813894116833, 0.05034057798782291]
Timestep: 307 State: 0 Beliefs: [0.136454684700756, 0.03582769669600157, 0.39637932834296397, 0.10407380577354304, 0.06638087482317914, 0.017429037740958803, 0.19282596735269394, 0.050628604569903396]
Timestep: 308 State: 2 Beliefs: [0.15467702117813462, 0.08690393271416827, 0.25193881498346743, 0.14154962164803825, 0.08888222366368685, 0.049937700674097314, 0.14477187323859758, 0.0813388118998098]
Timestep: 309 State: 0 Beliefs: [0.15756187620287537, 0.03825934328804455, 0.4250418549018542, 0.10320911777883802, 0.06004332657437986, 0.014579784773617996, 0.16197399724278272, 0.039330699237607285]
Timestep: 310 State: 2 Beliefs: [0.21916555625374842, 0.050893605844276435, 0.33042896657448934, 0.07673067735563048, 0.1044603594811434, 0.02425729869537294, 0.15749157495984742, 0.03657196083549146]
Timestep: 311 State: 0 Beliefs: [0.17164673029788916, 0.04096069448291712, 0.43899092759745634, 0.1047580296745852, 0.05529222912758437, 0.013194589262748605, 0.1414112981443017, 0.033745501412517594]
Timestep: 312 State: 4 Beliefs: [0.24143077672823998, 0.05506206721111956, 0.3413424699676328, 0.07784849254957853, 0.09591201983940956, 0.021874237221612972, 0.13560344789189915, 0.03092648859050759]
Timestep: 313 State: 2 Beliefs: [0.19598168517257006, 0.05096021565730872, 0.28463371206131943, 0.07401199421881129, 0.12764066586568115, 0.0331898149229099, 0.1853787332389583, 0.04820317886244111]
Timestep: 314 State: 2 Beliefs: [0.16359632814532096, 0.04099480328968571, 0.3875384805959001, 0.09711137138176036, 0.07376089825653886, 0.01848338253540329, 0.17473000012772855, 0.0437847356676621]
Timestep: 315 State: 0 Beliefs: [0.16562215054678572, 0.042384530253522984, 0.4019986606499767, 0.1028758794517738, 0.066705684288325, 0.017070718406121642, 0.16190826923281526, 0.04143410717067871]
Timestep: 316 State: 2 Beliefs: [0.2466937867738566, 0.059412820740871196, 0.3474955937819345, 0.08368955575088928, 0.08790074031231303, 0.021169689741528462, 0.12381795402370406, 0.02981985887490277]
Timestep: 317 State: 4 Beliefs: [0.17787386875209996, 0.041640143724474464, 0.4318980845892759, 0.10110702849605817, 0.05849735785198265, 0.013694189065249166, 0.1420382712033775, 0.03325105631748224]
Timestep: 318 State: 4 Beliefs: [0.1929837275125177, 0.0459474646738743, 0.25843961661663684, 0.06153184679289762, 0.15230668322412486, 0.03626267373543976, 0.20396580233968792, 0.04856218510482109]
Timestep: 319 State: 4 Beliefs: [0.1711985885866517, 0.04244836192444599, 0.23724079216424154, 0.058823399726411006, 0.16467515311726097, 0.04083088860248978, 0.228200851992029, 0.05658196388647009]
Timestep: 320 State: 2 Beliefs: [0.162400304941919, 0.03705031740975065, 0.21563531638887745, 0.04919545514287818, 0.18738822219146747, 0.042751108832743724, 0.24881430237620383, 0.056764972716159566]
Timestep: 321 State: 2 Beliefs: [0.14542969415396534, 0.03397063795913783, 0.3189906553778189, 0.07451240359974672, 0.10841710866754102, 0.02532494047070179, 0.23780593605191286, 0.05554862371917561]
Timestep: 322 State: 2 Beliefs: [0.15596683710302414, 0.03468523716263583, 0.3465312044811242, 0.07706456856429116, 0.09794831748120908, 0.02178258330181275, 0.21762413769564595, 0.04839711421025688]
Timestep: 323 State: 2 Beliefs: [0.15658225287948885, 0.03664293586989312, 0.3687904077963697, 0.08630328797679654, 0.08493817266665767, 0.019876990889418644, 0.2000506619311671, 0.04681528999020847]
Timestep: 324 State: 2 Beliefs: [0.15773262533164456, 0.03634985388650082, 0.391524375391018, 0.09022771166423858, 0.07565677675442077, 0.01743528185601736, 0.18779546844282174, 0.04327790667333828]
Timestep: 325 State: 0 Beliefs: [0.15787203133844444, 0.035374119847384755, 0.41248326571274385, 0.09242442979075072, 0.0682558229834655, 0.015293967158266482, 0.17833674862758764, 0.03995961454135661]
Timestep: 326 State: 2 Beliefs: [0.21237125203239837, 0.0447040222063147, 0.32479534586965886, 0.06836922707433978, 0.11423323545408424, 0.02404602810204982, 0.17470548797941482, 0.03677540128173911]
Timestep: 327 State: 0 Beliefs: [0.16255142858004987, 0.037744890672051286, 0.4177301484340329, 0.0969980942080595, 0.06478541723323229, 0.015043352814382445, 0.16648775217543876, 0.03865891588275316]
Timestep: 328 State: 0 Beliefs: [0.22413854863368873, 0.04992938596188336, 0.3290649346590091, 0.07330292013250823, 0.10721374252284224, 0.02388306859071178, 0.15740390661441173, 0.03506349288494483]
Timestep: 329 State: 0 Beliefs: [0.17083861404698442, 0.09149465339406086, 0.2517074278649618, 0.13480490928638372, 0.09245763522684153, 0.049516787149700585, 0.13622373184919878, 0.07295624118186841]
Timestep: 330 State: 4 Beliefs: [0.17146799514692676, 0.09546620283838504, 0.2431821924412762, 0.13539366626634378, 0.09416380000339084, 0.052426462579526746, 0.1335465508522735, 0.07435312987187712]
Timestep: 331 State: 5 Beliefs: [0.17783900003082492, 0.0402210129925967, 0.24369598138413529, 0.05511557775176411, 0.16622906176617333, 0.03759524767843694, 0.22778667409651515, 0.051517444299553565]
Timestep: 332 State: 0 Beliefs: [0.09175371801219452, 0.11431175242939773, 0.12161065446675919, 0.15150914128987794, 0.09972486967509438, 0.12424264498838351, 0.1321756429116983, 0.16467157622659426]
Timestep: 333 State: 2 Beliefs: [0.16074609305793047, 0.0610248355950547, 0.20631553143253387, 0.07832458722240505, 0.15667607597344246, 0.05947971484763825, 0.20109171714410184, 0.07634144472689337]
Timestep: 334 State: 2 Beliefs: [0.14182944045224538, 0.05572790831850522, 0.3002374113221657, 0.11796988607298772, 0.08850115961606811, 0.034774053210949944, 0.18734727414429003, 0.07361286686278795]
Timestep: 335 State: 2 Beliefs: [0.15429697359455066, 0.049571907051610214, 0.34349200978262306, 0.11035572237896664, 0.08029794249836458, 0.02579779790382779, 0.17875724330569023, 0.0574304034843669]
Timestep: 336 State: 2 Beliefs: [0.1605147416498017, 0.045091423291077994, 0.37449776302860105, 0.10520302983215325, 0.07370838978419089, 0.020705987311208592, 0.17196942042147795, 0.048309244681488686]
Timestep: 337 State: 5 Beliefs: [0.16283560819803125, 0.042843706659424205, 0.3975987230352183, 0.10461227274789948, 0.0671938268011292, 0.01767938006096717, 0.16406841247823345, 0.04316807001909694]
Timestep: 338 State: 4 Beliefs: [0.09957633227938685, 0.10339321661005524, 0.14404045203413157, 0.14956170122825643, 0.10095126896709077, 0.1048208563264692, 0.14602934334476472, 0.15162682920984522]
Timestep: 339 State: 4 Beliefs: [0.10536395691197252, 0.09024482109029693, 0.1457102403428831, 0.12480163953745232, 0.12068042694047847, 0.10336346372643307, 0.16689173916342115, 0.14294371228706246]
Timestep: 340 State: 0 Beliefs: [0.10683684355580646, 0.08129929006015263, 0.14344934704499554, 0.10916018937098933, 0.13556336776802394, 0.10315922102235059, 0.1820203212891228, 0.13851141988855878]
Timestep: 341 State: 0 Beliefs: [0.15392192971857083, 0.0477661252280726, 0.20097148600527281, 0.06236687121420293, 0.17707417220517546, 0.05495089036159102, 0.23120071055693184, 0.07174781471018263]
Timestep: 342 State: 0 Beliefs: [0.1711882310045303, 0.050322779255849555, 0.21751981844535842, 0.06394249034040528, 0.16916427781080354, 0.04972781458336931, 0.21494808831731188, 0.06318650024237173]
Timestep: 343 State: 2 Beliefs: [0.21418383535051652, 0.05696532179444143, 0.2649919509411512, 0.07047848281171937, 0.13889384061691032, 0.03694084716085029, 0.17184186537023652, 0.04570385595417435]
Timestep: 344 State: 2 Beliefs: [0.17163506741429285, 0.042405764134815976, 0.3493265109164121, 0.08630787315859449, 0.09255088779320307, 0.02286648746874652, 0.18836755915955503, 0.04653984995438003]
Timestep: 345 State: 2 Beliefs: [0.1502670533856286, 0.03865858849963334, 0.3329902036965129, 0.08566702393555904, 0.09705238388718546, 0.02496826873935344, 0.21506705795907258, 0.05532941989705467]
Timestep: 346 State: 2 Beliefs: [0.16213606706552613, 0.03907773403730717, 0.37730085991153695, 0.09093635316632927, 0.08005651107845448, 0.019295071753616964, 0.1862965533708861, 0.04490084961634298]
Timestep: 347 State: 1 Beliefs: [0.16035333417546963, 0.0408689915818802, 0.39050224950066886, 0.09952666858853222, 0.0716221387121655, 0.01825421715834538, 0.1744186139001288, 0.04445378638280942]
Timestep: 348 State: 2 Beliefs: [0.11673901025545995, 0.1476843358533785, 0.167799675339335, 0.21228022710380293, 0.06439120207122855, 0.08146010396936104, 0.09255537440841301, 0.11709007099902104]
Timestep: 349 State: 2 Beliefs: [0.15206631526780862, 0.05965229367198379, 0.3398072053275548, 0.13329894374277956, 0.0699851124721329, 0.027453630835350813, 0.15638864821448364, 0.06134785046790582]
Timestep: 350 State: 2 Beliefs: [0.14492871656817632, 0.058212526856086744, 0.35205504055457026, 0.14140754150308776, 0.06312170070869182, 0.025353662025828214, 0.15333271023909392, 0.06158810154446496]
Timestep: 351 State: 2 Beliefs: [0.14872965603149532, 0.049055396995986836, 0.38045404488595247, 0.12548488787372167, 0.06261692165426105, 0.020652894872330706, 0.16017559481631294, 0.05283060286993902]
Timestep: 352 State: 5 Beliefs: [0.14766677562279681, 0.043713879823323, 0.39674105079003463, 0.11744747958414174, 0.061620674269334035, 0.018241603355128384, 0.16555823716538062, 0.04901029938986072]
Timestep: 353 State: 2 Beliefs: [0.08955375690936411, 0.10185713912771947, 0.14067478439494224, 0.1600014514229643, 0.09243384470049491, 0.10513290904475554, 0.14519894667510083, 0.1651471677246586]
Timestep: 354 State: 0 Beliefs: [0.11955481287214817, 0.04591662563977178, 0.2906394507477024, 0.11162397008979023, 0.09102731169415072, 0.034960257087473946, 0.22128868958307887, 0.08498888228588405]
Timestep: 355 State: 2 Beliefs: [0.17742603111582075, 0.07052759230683577, 0.2626283863691888, 0.10439588624939193, 0.11108194983431648, 0.044155541446164286, 0.1644249891420155, 0.0653596235362666]
Timestep: 356 State: 4 Beliefs: [0.14650577642555318, 0.04911343745167256, 0.34245448048826505, 0.11480173081129023, 0.07789503692392062, 0.026112915934770144, 0.1820781750264338, 0.06103844693809436]
Timestep: 357 State: 0 Beliefs: [0.1291769244419715, 0.08372971312070038, 0.18184176538469835, 0.11786593398778498, 0.12281939156881562, 0.07960889660548844, 0.1728922954531299, 0.11206507943741073]
Timestep: 358 State: 2 Beliefs: [0.16084910549724607, 0.09183711577261634, 0.21680936148632063, 0.12378773490752894, 0.11026774661761393, 0.06295758860953511, 0.14863047986990255, 0.0848608672392366]
Timestep: 359 State: 2 Beliefs: [0.18959656113734355, 0.045550555009608897, 0.26102577470906757, 0.06271141648607302, 0.14964459959414136, 0.035952100211174405, 0.20602218366077396, 0.049496809191817356]
Timestep: 360 State: 2 Beliefs: [0.15976349489263347, 0.03709784746605097, 0.36712989440720417, 0.08524931701136601, 0.08631400898961183, 0.0200425256209616, 0.1983460178278799, 0.04605689378429214]
Timestep: 361 State: 2 Beliefs: [0.15728998690753626, 0.038652717437657115, 0.3900656508326859, 0.0958554176282994, 0.07338656929109652, 0.018034144336189065, 0.1819923853750287, 0.044723128191506895]
Timestep: 362 State: 2 Beliefs: [0.1591011693889615, 0.03551911938258711, 0.4151723023531892, 0.09268665106775517, 0.06738405584330903, 0.01504339869514163, 0.17583776231064877, 0.03925554095840753]
Timestep: 363 State: 2 Beliefs: [0.15427480527490994, 0.037327179826150254, 0.4233003985326716, 0.10241860340289657, 0.06079600411579908, 0.014709747157340096, 0.16681254418408278, 0.040360717506149696]
Timestep: 364 State: 2 Beliefs: [0.15306838519086138, 0.035100835791740524, 0.44228450722439616, 0.10142235342691308, 0.05607683629135548, 0.012859244709015854, 0.16203160355353405, 0.03715623381218344]
Timestep: 365 State: 2 Beliefs: [0.1445149722497026, 0.03393546563877143, 0.44068652230506417, 0.10348341145797064, 0.05547243181340405, 0.013026212954946876, 0.16915861850919148, 0.03972236507094873]
Timestep: 366 State: 2 Beliefs: [0.13887081584590855, 0.032518159114877696, 0.4486717374941539, 0.10506151966711717, 0.05264284860140205, 0.012326913445804766, 0.1700815121216026, 0.03982649370913321]
Timestep: 367 State: 0 Beliefs: [0.1529317546598024, 0.07790093111478377, 0.3280613702209811, 0.16710908901723073, 0.0577171326216797, 0.0294001620690626, 0.1238118378698709, 0.06306772242658874]
Timestep: 368 State: 2 Beliefs: [0.21723316233644674, 0.05143383980344827, 0.3818497824633644, 0.09040977136715517, 0.07595805963552014, 0.01798443031926825, 0.13351814352930552, 0.031612810545491615]
Timestep: 369 State: 2 Beliefs: [0.15940891520815026, 0.03698340494606869, 0.4467671669493619, 0.10365148668329523, 0.05404391395935758, 0.012538369966444793, 0.1514660977333015, 0.0351406445540199]
Timestep: 370 State: 4 Beliefs: [0.14904889083620532, 0.03301468748458131, 0.46985482449155463, 0.1040739726856353, 0.04810771505949036, 0.010655974488476747, 0.15165253420641978, 0.03359140074763666]
Timestep: 371 State: 0 Beliefs: [0.14929971058598876, 0.035091441187538416, 0.2534195448690743, 0.059563792988225964, 0.1508759391478875, 0.03546191834158577, 0.2560950163967701, 0.06019263648292916]
Timestep: 372 State: 2 Beliefs: [0.14756664643398879, 0.07986445981064941, 0.23486421843659147, 0.1271107285254969, 0.10279835343517904, 0.055635437715238364, 0.16361186975216668, 0.08854828589068939]
Timestep: 373 State: 2 Beliefs: [0.19433611091814038, 0.04857509008472175, 0.3135281826853005, 0.07836762630519407, 0.11179804932084958, 0.027944370664821777, 0.18036709217718336, 0.04508347784378844]
Timestep: 374 State: 2 Beliefs: [0.1445583517004254, 0.03366527744585679, 0.40098310787325386, 0.09338241214613464, 0.07036981340563717, 0.0163879794162524, 0.1951952699234486, 0.04545778808899121]
Timestep: 375 State: 2 Beliefs: [0.13588880469840411, 0.031174874686636062, 0.4309032919393458, 0.09885550290976851, 0.059123281913402236, 0.013563743597596134, 0.18747988006286576, 0.043010620191981395]
Timestep: 376 State: 0 Beliefs: [0.13192510446674582, 0.028188762622747023, 0.45978672197085574, 0.0982437634983602, 0.05177766224958901, 0.011063460864511506, 0.1804560374864329, 0.03855848684075765]
Timestep: 377 State: 2 Beliefs: [0.16702635026471438, 0.07695443958811742, 0.297010127631412, 0.13684216824259435, 0.07938586209522462, 0.03657563324035692, 0.1411657801039401, 0.06503963883364026]
Timestep: 378 State: 2 Beliefs: [0.16185499236738857, 0.036385850807602774, 0.4435885858477203, 0.09972103960793671, 0.056410654023842176, 0.0126814107569312, 0.1546021032726758, 0.03475536331590227]
Timestep: 379 State: 4 Beliefs: [0.15042052323512212, 0.03238514027739442, 0.46924095594459225, 0.10102633507271318, 0.049321775741789815, 0.010618847692952956, 0.15386063484027532, 0.03312578719516002]
Timestep: 380 State: 2 Beliefs: [0.15672425427292028, 0.0388104284530671, 0.2583278679497387, 0.06397105083070107, 0.1459294433955866, 0.03613725423914112, 0.240534830797964, 0.05956487006088108]
Timestep: 381 State: 2 Beliefs: [0.1369500514312609, 0.03264185900055617, 0.3556298225040711, 0.08476388582005968, 0.08756352269294142, 0.020870646863317337, 0.22738363153337032, 0.05419658015442305]
Timestep: 382 State: 2 Beliefs: [0.13193842056055133, 0.033964684817842025, 0.38625137967895673, 0.09943204045884159, 0.07054953060760509, 0.01816144653660081, 0.20653463499954736, 0.05316786234005497]
Timestep: 383 State: 2 Beliefs: [0.13082465915450753, 0.031018682705554558, 0.4242967114113433, 0.10060125628712752, 0.05967598109182813, 0.014149246285778013, 0.1935439594580116, 0.04588950360584929]
Timestep: 384 State: 2 Beliefs: [0.12637734886834723, 0.029229925709884037, 0.45235761284160453, 0.10462618132174074, 0.05097170083491027, 0.011789288524029362, 0.1824491265137739, 0.04219881538570996]
Timestep: 385 State: 2 Beliefs: [0.1199825930410449, 0.02924335248794483, 0.47070912941811843, 0.1147259168349426, 0.043334357747380384, 0.010561881238988028, 0.17000697594679248, 0.041435793284788275]
Timestep: 386 State: 2 Beliefs: [0.10950894117036734, 0.02787271256544626, 0.47924713797878987, 0.12198015597570373, 0.038754820746965346, 0.009864052813048807, 0.1696038398998782, 0.04316833884980036]
Timestep: 387 State: 0 Beliefs: [0.10515109141681012, 0.024848416773665193, 0.5040812867085488, 0.11912022720039031, 0.034454522929968236, 0.008142001513878594, 0.16517070833456932, 0.039031745122169455]
Timestep: 388 State: 4 Beliefs: [0.20167685476016511, 0.044761072221214275, 0.3790504578333618, 0.08412817097301675, 0.08252854196466196, 0.018316757426551217, 0.1551119073788917, 0.03442623744213723]
Timestep: 389 State: 2 Beliefs: [0.16643473794167082, 0.0350439586533337, 0.2899890913698987, 0.06105916260970754, 0.134789913215316, 0.028380926986885442, 0.2348524409179275, 0.049449768305260364]
Timestep: 390 State: 0 Beliefs: [0.13416564502541675, 0.03289574674818556, 0.37776883512257314, 0.09262421782562162, 0.07630530883854197, 0.01870911226655107, 0.21485207802745132, 0.05267905614565867]
Timestep: 391 State: 2 Beliefs: [0.20448469445506695, 0.04904085086757516, 0.28674954894226057, 0.06877014391466792, 0.1312616206565484, 0.0314800165381987, 0.18406859553474375, 0.04414452909093852]
Timestep: 392 State: 2 Beliefs: [0.17470617536749725, 0.03813543951410041, 0.40043647372674845, 0.08740859268954662, 0.07462948353768743, 0.016290369527198256, 0.1710550137167031, 0.03733845192051838]
Timestep: 393 State: 2 Beliefs: [0.1590406701878637, 0.03950630438669338, 0.4249876344054371, 0.10556853681243587, 0.05909125134569304, 0.014678490473512208, 0.15790332808456406, 0.03922378430380086]
Timestep: 394 State: 2 Beliefs: [0.1465167347683588, 0.03617326779786268, 0.4511798268490036, 0.11139102115130445, 0.050081187498697464, 0.012364459321929845, 0.15421870777954622, 0.03807479483329701]
Timestep: 395 State: 2 Beliefs: [0.13506690929808282, 0.03142247528724322, 0.47311910289437614, 0.11006821282784945, 0.04509996696027256, 0.010492226442652195, 0.15797841247495722, 0.03675269381456647]
Timestep: 396 State: 2 Beliefs: [0.12690506698407875, 0.02852970764035459, 0.49780798133685494, 0.11191291652962415, 0.03895015901319824, 0.008756440350260259, 0.15278901380306836, 0.03434871434256062]
Timestep: 397 State: 0 Beliefs: [0.11849611692659898, 0.026852925702877416, 0.5145256910144493, 0.11659892755465691, 0.03411191454698075, 0.00773025083581756, 0.14811840977863566, 0.03356576363998337]
Timestep: 398 State: 2 Beliefs: [0.20103477801527833, 0.04646651985311533, 0.37609994605602254, 0.08693050915220057, 0.08190089255087689, 0.01893030393683406, 0.15322185332521868, 0.035415197110453746]
Timestep: 399 State: 4 Beliefs: [0.1559315703203362, 0.03493210112709329, 0.4524092310701704, 0.1013496175156048, 0.05347865583476693, 0.0119803950535696, 0.15515932735859736, 0.03475910171986146]
Timestep: 400 State: 2 Beliefs: [0.14873763425921108, 0.07145647819838655, 0.21712355486223361, 0.10431041640295942, 0.1258744819310862, 0.06047257117298711, 0.18374848517282324, 0.08827637800031285]
Timestep: 401 State: 2 Beliefs: [0.15449513116714475, 0.032641757375866394, 0.37127391113115493, 0.07844281457660204, 0.08809614524242997, 0.018612968428379964, 0.21170764510597712, 0.04472962697244494]
Timestep: 402 State: 5 Beliefs: [0.14439125762262467, 0.035533004550864486, 0.39762458304522863, 0.09785077262647143, 0.06939514942820238, 0.01707733695958797, 0.1911003326037014, 0.04702756316331896]
Timestep: 403 State: 2 Beliefs: [0.09467865333759663, 0.12054054809285027, 0.13622518235908268, 0.17343569608094228, 0.08570284134774389, 0.10911295318423546, 0.12331063845678801, 0.15699348714076078]
Timestep: 404 State: 2 Beliefs: [0.13366060739047186, 0.05086798414469381, 0.31977948360442404, 0.1217003126004633, 0.07985187903642531, 0.030389687702694432, 0.19104351791933663, 0.07270652760149061]
Timestep: 405 State: 2 Beliefs: [0.12750281076161898, 0.05090982600298412, 0.3389098983394758, 0.1353212831316305, 0.06786073547757937, 0.027095702557155373, 0.18037778794498208, 0.07202195578457378]
Timestep: 406 State: 2 Beliefs: [0.12980029813134009, 0.04219249808934275, 0.38602616243673715, 0.12548051395511986, 0.060105185826393584, 0.019537612583706315, 0.17875285774484317, 0.05810487123251712]
Timestep: 407 State: 0 Beliefs: [0.09179880182765766, 0.05796879054265189, 0.30395180684208456, 0.19193843792175513, 0.05037991350416679, 0.03181373389777806, 0.1668111721859731, 0.1053373432779329]
Timestep: 408 State: 0 Beliefs: [0.15912892120732094, 0.08675536163293654, 0.27215246017635697, 0.14837456901459192, 0.07965592282886393, 0.04342754502947916, 0.13623265463635909, 0.07427256547409138]
Timestep: 409 State: 2 Beliefs: [0.17191900209199357, 0.08600270836817699, 0.28735138503606295, 0.14374791073545426, 0.07759298743679109, 0.03881599467620888, 0.12969161138520893, 0.06487840027010318]
Timestep: 410 State: 2 Beliefs: [0.16605146782688732, 0.037211220145814954, 0.4506294613198334, 0.10098358243267005, 0.05392045715126836, 0.012083277719114166, 0.14632900797677156, 0.032791525427640245]
Timestep: 411 State: 2 Beliefs: [0.155833337054443, 0.035883841319417985, 0.47320300709409574, 0.10896475644684159, 0.0455316574224745, 0.010484603621029834, 0.13826128360946152, 0.03183751343223584]
Timestep: 412 State: 2 Beliefs: [0.14691600497619509, 0.03220527563389167, 0.49499621431405416, 0.10850750755372117, 0.04080608991094196, 0.008945052469512686, 0.13748576971003273, 0.030138085431650512]
Timestep: 413 State: 0 Beliefs: [0.1326398080628628, 0.028673744429476705, 0.4942897853277834, 0.10685433872063962, 0.0413236946257636, 0.008933253718365735, 0.1539950972775761, 0.033290277837532016]
Timestep: 414 State: 2 Beliefs: [0.21803125942618984, 0.04476734485610745, 0.38295563511981584, 0.07863050017285331, 0.08295694133866884, 0.017033163092713702, 0.14570767623668174, 0.029917479756969415]
Timestep: 415 State: 2 Beliefs: [0.1652029891180614, 0.035690756393252435, 0.4657994731335282, 0.10063217144232972, 0.050094186307469056, 0.010822439774018661, 0.14124348302436873, 0.030514500806971764]
Timestep: 416 State: 4 Beliefs: [0.15145530245544947, 0.03361357471816674, 0.48598693360136513, 0.10785860805016964, 0.042988783820282775, 0.009540812857385698, 0.13794160316187387, 0.03061438133530676]
Timestep: 417 State: 0 Beliefs: [0.14057449173720704, 0.06761364349651898, 0.22932010017927315, 0.110298584817885, 0.11603876415098924, 0.0558124275188471, 0.18929480513099953, 0.0910471829682799]
Timestep: 418 State: 2 Beliefs: [0.1471905265657549, 0.07686919789879186, 0.23749303670420593, 0.12402903681335178, 0.10416722921314497, 0.05440058911248576, 0.16807461844252009, 0.08777576524974466]
Timestep: 419 State: 2 Beliefs: [0.1403481237945884, 0.032895214555837736, 0.3680981633431285, 0.08627595249156375, 0.0832723680491457, 0.019517627592645855, 0.2184026754856088, 0.05118987468748138]
Timestep: 420 State: 2 Beliefs: [0.14752734559205335, 0.03497941745673265, 0.43418408939710695, 0.10294706012056667, 0.05747484094634555, 0.01362755119502283, 0.16915278573870576, 0.04010690955346627]
Timestep: 421 State: 2 Beliefs: [0.142148299127202, 0.03098811266653083, 0.4674111998561778, 0.10189492953257472, 0.04931203785834163, 0.010749949133074815, 0.16214755241000275, 0.03534791941609553]
Timestep: 422 State: 4 Beliefs: [0.13459098907939027, 0.029293868332987423, 0.49100708160248574, 0.10686820044500407, 0.04209322174689838, 0.009161633360443911, 0.15356206315565105, 0.03342294227713925]
Timestep: 423 State: 0 Beliefs: [0.1342059019827587, 0.06927683037571357, 0.24842879922767613, 0.1282384718575858, 0.09712375618516483, 0.05013509751274738, 0.17978596894093246, 0.09280517391742106]
Timestep: 424 State: 4 Beliefs: [0.15961344340102843, 0.08274827628359022, 0.285300954875118, 0.14790835743492428, 0.07665104373922223, 0.0397381424121187, 0.1370098627346175, 0.07102991911938067]
Timestep: 425 State: 2 Beliefs: [0.15698571250811869, 0.034599696125154525, 0.2747330907834425, 0.06055125211563444, 0.1409735308372068, 0.031070606685975978, 0.24671094730074744, 0.0543751636437196]
Timestep: 426 State: 2 Beliefs: [0.13747220348801473, 0.028953068827086592, 0.3906621734762551, 0.08227749690346221, 0.07754146759096542, 0.01633103559229891, 0.2203537696714532, 0.046408784450463786]
Timestep: 427 State: 2 Beliefs: [0.12820465348744906, 0.02729437464193775, 0.4124135253469626, 0.08780156540358558, 0.06731447565139458, 0.014331043899546354, 0.21653972344296915, 0.04610063812615505]
Timestep: 428 State: 4 Beliefs: [0.12262613712837682, 0.02739469031722255, 0.43865433836511675, 0.09799541955103896, 0.05595459683997039, 0.012500262082391812, 0.2001590136499878, 0.04471554206589494]
Timestep: 429 State: 4 Beliefs: [0.16227673425450165, 0.03820714705016607, 0.29292848211385564, 0.0689683684030359, 0.126276420347515, 0.02973107502656222, 0.2279437056032734, 0.053668067201090096]
Timestep: 430 State: 0 Beliefs: [0.13144147870958525, 0.06671291608109756, 0.22747729514601028, 0.11545574388249918, 0.11147948099894725, 0.056581235494764195, 0.19293035235818815, 0.09792149732890812]
Timestep: 431 State: 2 Beliefs: [0.1715712952994413, 0.036678021834781915, 0.29060731650750726, 0.062125202712999754, 0.13426979291531188, 0.0287038131157333, 0.2274260629613873, 0.04861849465283725]
Timestep: 432 State: 2 Beliefs: [0.14082356297545043, 0.03359652314297202, 0.38742418397896194, 0.09242846359075094, 0.07441322701215616, 0.01775289341239691, 0.2047205960656715, 0.04884054982164011]
Timestep: 433 State: 0 Beliefs: [0.1316025938669271, 0.030724783268420774, 0.41309609875274933, 0.09644405729603217, 0.06427321106032272, 0.015005634932930908, 0.20175143941447712, 0.04710218140813971]
Timestep: 434 State: 2 Beliefs: [0.1944413015267175, 0.04347372325825015, 0.31911014139355875, 0.0713475268212933, 0.1149949672558492, 0.02571089240464376, 0.18872564610723633, 0.04219580123245103]
Timestep: 435 State: 4 Beliefs: [0.15806297915660594, 0.03790114659647662, 0.4145484925333447, 0.09940254998792385, 0.0645875377225059, 0.015487128919041717, 0.1693923937291951, 0.04061777135490612]
Timestep: 436 State: 2 Beliefs: [0.15760442431286023, 0.08137261121073143, 0.22561335953016873, 0.11648624884128549, 0.11362386539504071, 0.05866504486382416, 0.16265445660136224, 0.08397998924472723]
Timestep: 437 State: 4 Beliefs: [0.14677666220682276, 0.03226442469253555, 0.34724465897204726, 0.07633127079495625, 0.09678875023171363, 0.0212760891001553, 0.22898310985695497, 0.050335034144814446]
Timestep: 438 State: 4 Beliefs: [0.16114680956665292, 0.08055120271440229, 0.20836087795204342, 0.10415173196912635, 0.1296213625162205, 0.06479282262080696, 0.16759885577535333, 0.08377633688539403]
Timestep: 439 State: 2 Beliefs: [0.14445868633858847, 0.07391597731014508, 0.19092284493839667, 0.0976905510643921, 0.1404763995841095, 0.07187833855786796, 0.1856596826059942, 0.094997519600506]
Timestep: 440 State: 0 Beliefs: [0.1544601725277919, 0.03838683890449073, 0.33188961535199735, 0.08248205987403112, 0.09991304740361055, 0.024830647230107503, 0.21468383939208466, 0.05335377931588617]
Timestep: 441 State: 0 Beliefs: [0.20317026906807775, 0.052494541509753544, 0.2392407151032362, 0.06181431814515033, 0.16177140010565147, 0.041798022500484804, 0.19049197317132818, 0.04921876039631782]
Timestep: 442 State: 2 Beliefs: [0.17135773531226148, 0.09080532978939464, 0.21011504476875462, 0.11134347626135413, 0.12225329516386946, 0.06478406571472133, 0.14990427213381924, 0.0794367808558252]
Timestep: 443 State: 5 Beliefs: [0.18433236560056784, 0.04014615201656482, 0.36681530863623973, 0.07988951421815998, 0.09030550826422025, 0.0196678356017223, 0.17970497355452159, 0.03913834210800343]
Timestep: 444 State: 2 Beliefs: [0.12752243135520225, 0.13887793947047494, 0.138769742341109, 0.15112679136034787, 0.10171204814203573, 0.11076921538566178, 0.11068291722216266, 0.12053891472300582]
Timestep: 445 State: 2 Beliefs: [0.1630533722188821, 0.05901844412194388, 0.31397004385006033, 0.11364391448497271, 0.08791929576085417, 0.03182307715253585, 0.16929441427464798, 0.06127743813610306]
Timestep: 446 State: 0 Beliefs: [0.16484928806284566, 0.0597344148576806, 0.32412768625530247, 0.1174501746725964, 0.08261213422412761, 0.029935145950652452, 0.1624324875001632, 0.05885866847663154]
Timestep: 447 State: 2 Beliefs: [0.22370233706113246, 0.06777580791604025, 0.2539339830529725, 0.07693518576898037, 0.13574701236328982, 0.04112770369759899, 0.15409217440375353, 0.0466857957362321]
Timestep: 448 State: 2 Beliefs: [0.2462911638298191, 0.06852154979066977, 0.3065467695922547, 0.08528547841163564, 0.10224477317546925, 0.028445885784272786, 0.12725915309852526, 0.035405226317353225]
Timestep: 449 State: 0 Beliefs: [0.18561913586910386, 0.04643637058933667, 0.3949798641937294, 0.09881217937551447, 0.07010830422768258, 0.01753900631668932, 0.1491838023760132, 0.037321337051930525]
Timestep: 450 State: 2 Beliefs: [0.2236206838066746, 0.11915188118300056, 0.26047706523680236, 0.13879007880516012, 0.07773877322090109, 0.04142157564519779, 0.0905514067795067, 0.048248535322756636]
Timestep: 451 State: 2 Beliefs: [0.19966498731860913, 0.0451791076812862, 0.41073416941394814, 0.09293869454800954, 0.06708245898579013, 0.015179054068244284, 0.13799644316109777, 0.03122508482301472]
Timestep: 452 State: 2 Beliefs: [0.1999105824595418, 0.048368147725379895, 0.4137614149665341, 0.1001091237689419, 0.06238788138694298, 0.015094679961766609, 0.1291262211426453, 0.03124194858824712]
Timestep: 453 State: 2 Beliefs: [0.19012524693741636, 0.04425242641872315, 0.425554997219409, 0.09904966071008288, 0.060374980933982705, 0.014052522978141552, 0.13513657579595523, 0.03145358900628903]
Timestep: 454 State: 2 Beliefs: [0.18739637985299024, 0.04082313361597485, 0.4483038069842447, 0.09766019080744791, 0.05466041563189355, 0.011907430936478166, 0.13076278441633932, 0.02848585775463128]
Timestep: 455 State: 2 Beliefs: [0.17870042342642084, 0.037725676894045025, 0.4556488758822691, 0.09619262192597478, 0.053901372955056606, 0.011379188371566186, 0.13743727924402485, 0.029014561300642845]
Timestep: 456 State: 2 Beliefs: [0.16744389229825032, 0.037257988725118416, 0.4537669118303244, 0.10096780630667819, 0.053040467401262885, 0.011802049685343539, 0.14373775456579937, 0.03198312918722298]
Timestep: 457 State: 2 Beliefs: [0.16190202274834603, 0.03413904905737623, 0.4661808871517866, 0.09830002062928885, 0.050980743422737805, 0.01074992190428415, 0.14679401648619794, 0.030953338599982384]
Timestep: 458 State: 2 Beliefs: [0.15674500126726817, 0.033568807810769666, 0.4792527192356341, 0.10263767453341605, 0.04623887358002641, 0.009902605174296628, 0.1413767949118508, 0.030277523486738185]
Timestep: 459 State: 0 Beliefs: [0.15219963000410386, 0.031292640176970324, 0.494155608592009, 0.10159967964892272, 0.04311651614117451, 0.008864867971452538, 0.13998896234856, 0.0287820951168069]
Timestep: 460 State: 4 Beliefs: [0.1780558335689147, 0.09186608964079382, 0.3252780325014239, 0.16782388025715156, 0.05529969895250427, 0.028531315145669974, 0.10102324036594765, 0.052121909567594354]
Timestep: 461 State: 2 Beliefs: [0.15126952503932914, 0.03381019435686542, 0.2696002943620174, 0.06025825987539809, 0.14249291753832388, 0.03184853813215153, 0.2539581750048255, 0.056762095691089004]
Timestep: 462 State: 2 Beliefs: [0.13471110316830176, 0.029465815934755838, 0.3900887191332932, 0.08532542697572493, 0.0759095738476197, 0.016603958234127456, 0.21981460871251948, 0.04808079399365759]
Timestep: 463 State: 4 Beliefs: [0.1882650841818148, 0.04116376405765684, 0.3645684379917276, 0.07971212096804488, 0.0911804485211847, 0.01993641298868056, 0.17656759795486474, 0.03860613333602579]
Timestep: 464 State: 2 Beliefs: [0.13054538180146702, 0.061684023937707756, 0.22811414232157323, 0.10778625809140256, 0.11663889047544701, 0.05511306499602501, 0.20381403076066165, 0.09630420761571581]
Timestep: 465 State: 0 Beliefs: [0.13386362448928313, 0.03237197401078236, 0.38046305899398886, 0.09200662468841325, 0.07572228034599349, 0.018311768419163946, 0.21521552643110686, 0.05204514262126822]
Timestep: 466 State: 2 Beliefs: [0.18183413131214834, 0.044687505235522715, 0.29303611949124275, 0.07201647473698072, 0.1255391818790958, 0.03085247421373702, 0.20231358346472203, 0.04972052966655057]
Timestep: 467 State: 2 Beliefs: [0.15536464061355934, 0.034062398854518325, 0.4164450612270109, 0.09130209885910649, 0.0674844560869591, 0.014795402934904422, 0.18088780263012103, 0.03965813879382043]
Timestep: 468 State: 2 Beliefs: [0.1553046430589648, 0.03319474368345429, 0.43406994222949885, 0.09277791178161618, 0.061799211141087176, 0.0132089352466378, 0.17272619466795694, 0.03691841819078374]
Timestep: 469 State: 2 Beliefs: [0.1536326817495038, 0.031984452778095696, 0.4569015764653092, 0.0951213422188365, 0.054643266771152776, 0.011376062474340457, 0.16250835724954574, 0.0338322602932158]
Timestep: 470 State: 2 Beliefs: [0.14366770167766596, 0.036305387059022656, 0.4549145914778781, 0.11495868681366274, 0.047928481213832023, 0.012111713637093499, 0.15176247129270404, 0.03835096682814106]
Timestep: 471 State: 2 Beliefs: [0.1385784516370002, 0.03528986120595106, 0.4680450186127363, 0.11919056353902974, 0.0434971526902672, 0.011076819398404542, 0.1469104712891843, 0.03741166162742671]
Timestep: 472 State: 0 Beliefs: [0.13520209402695538, 0.034011947538721964, 0.4873283217172376, 0.12259414642701863, 0.038326026324239634, 0.009641439402912112, 0.13814400006969307, 0.03475202449322161]
Timestep: 473 State: 1 Beliefs: [0.21433217380816924, 0.05201744571081869, 0.42139279813820063, 0.10227011936949042, 0.056970069843352955, 0.013826377358867672, 0.11200734222434412, 0.02718367354675634]
Timestep: 474 State: 2 Beliefs: [0.10574063407513183, 0.1429674470403943, 0.20181555665891526, 0.27286629365263904, 0.04043313677972387, 0.05466793718226516, 0.07717029577170954, 0.10433869883922103]
Timestep: 475 State: 0 Beliefs: [0.13670951073618712, 0.05259207216517437, 0.4247144126453052, 0.1633873965252882, 0.03914450807871092, 0.01505887032043104, 0.12160994993992329, 0.0467832795889799]
Timestep: 476 State: 0 Beliefs: [0.14377785746533694, 0.13040265920194513, 0.24546088164321864, 0.2226264340046, 0.04992292169533358, 0.04527875055984529, 0.08522956587036547, 0.07730092955935504]
Timestep: 477 State: 2 Beliefs: [0.21159085473847825, 0.062379986009580446, 0.3552505084409551, 0.10473289015176504, 0.07669803767056949, 0.022611669690383546, 0.12877218588946132, 0.03796386740880679]
Timestep: 478 State: 0 Beliefs: [0.16193635501408626, 0.04702091282091554, 0.444693014785259, 0.12912400972881535, 0.04493854698112535, 0.013048654205624831, 0.12340563016480958, 0.03583287629936406]
Timestep: 479 State: 2 Beliefs: [0.24634400745060367, 0.0661008347054922, 0.37546342158909657, 0.10074710493372127, 0.06601550626608804, 0.01771376585472274, 0.10061705221537391, 0.02699830698490168]
Timestep: 480 State: 2 Beliefs: [0.17731096735843024, 0.0450193639753783, 0.456220943453732, 0.1158347789339807, 0.045894068187911446, 0.011652532219768424, 0.11808539200676454, 0.029981953864034364]
Timestep: 481 State: 4 Beliefs: [0.23989230389854382, 0.05740369792099381, 0.4044110702830239, 0.09677130336057195, 0.060544516020845304, 0.01448766405571409, 0.10206610268795024, 0.024423341772356853]
Timestep: 482 State: 2 Beliefs: [0.17967711364773256, 0.039660319319438, 0.2833826317380436, 0.06255134800500148, 0.13818278446079496, 0.030501232154189626, 0.21793872534130102, 0.048105845333498716]
Timestep: 483 State: 0 Beliefs: [0.15318975697242954, 0.034567906967211695, 0.3969932055057872, 0.08958317100149887, 0.07398216048097409, 0.016694382779130015, 0.19172571077889666, 0.04326370551407194]
Timestep: 484 State: 2 Beliefs: [0.17213766125086513, 0.09201154653540017, 0.24588977091495556, 0.13143374863300938, 0.09620993002743916, 0.05142642458111602, 0.1374309229153189, 0.0734599951418958]
Timestep: 485 State: 2 Beliefs: [0.17148295901864538, 0.039899463595885545, 0.42779347274480467, 0.09953601331595233, 0.06065484328937635, 0.014112747561554947, 0.15131384598240408, 0.03520665449137675]
Timestep: 486 State: 2 Beliefs: [0.1747768195648876, 0.0412940320238442, 0.43905241351101654, 0.10373369002139876, 0.05553907644872343, 0.013122062795042775, 0.1395183046567103, 0.03296360097837638]
Timestep: 487 State: 0 Beliefs: [0.16902829290416418, 0.03777211298835344, 0.45453894428531755, 0.1015740978398589, 0.052528023009989114, 0.011738238528582202, 0.14125464863975506, 0.0315656418039796]
Timestep: 488 State: 2 Beliefs: [0.2500694059203296, 0.05617859786995732, 0.3859136837216379, 0.08669628965815566, 0.07100248812245491, 0.015950852577578518, 0.10957290694515488, 0.024615775184731153]
Timestep: 489 State: 0 Beliefs: [0.17774159916716595, 0.037944380174997, 0.4742043679669072, 0.10123342483184097, 0.046928174926675184, 0.01001825413229131, 0.12520167273849617, 0.02672812606162628]
Timestep: 490 State: 2 Beliefs: [0.2475895244628469, 0.05586699435224894, 0.3611806560925211, 0.08149810747380937, 0.08423974337799282, 0.01900815988779621, 0.12288793658915378, 0.027728877763630887]
Timestep: 491 State: 5 Beliefs: [0.17834626095244754, 0.042149018306711424, 0.4627701410993694, 0.10936762590272325, 0.04665856542172898, 0.011026935566929012, 0.12106892955532608, 0.02861252319476431]
Timestep: 492 State: 4 Beliefs: [0.10496493632738509, 0.1256077222352257, 0.14641155902607086, 0.17520538840526168, 0.08512364047305614, 0.10186436501844749, 0.11873569734527921, 0.14208669116927378]
Timestep: 493 State: 1 Beliefs: [0.10930570488631948, 0.09931158059880082, 0.1590026033870996, 0.14446455359415958, 0.10414679595487891, 0.09462436504422864, 0.15149814649174248, 0.1376462500427705]
Timestep: 494 State: 2 Beliefs: [0.10486082176281857, 0.12731652817109612, 0.1428676351104056, 0.17346241412654478, 0.08631403188788575, 0.10479798544084488, 0.1175985597419651, 0.14278202375843924]
Timestep: 495 State: 2 Beliefs: [0.1360506066550814, 0.06451960396657185, 0.3102298189219106, 0.14712102759091505, 0.07073804249933031, 0.0335462707564256, 0.16130064139363406, 0.0764939882161312]
Timestep: 496 State: 2 Beliefs: [0.1401556131828289, 0.07119261235347624, 0.31915681685111796, 0.16211699999779078, 0.06219950202570345, 0.03159448940884571, 0.14163824498668204, 0.07194572119355501]
Timestep: 497 State: 2 Beliefs: [0.14829231214921001, 0.06163091018542625, 0.3579358754042328, 0.14875965901039934, 0.058641026885753005, 0.02437145802636446, 0.14154292281743858, 0.0588258355211757]
Timestep: 498 State: 2 Beliefs: [0.1524588431275402, 0.056024703869249376, 0.3869439395897948, 0.1421919462643683, 0.054231539931208314, 0.019928696182468116, 0.13764085625028818, 0.05057947478508279]
Timestep: 499 State: 2 Beliefs: [0.1535756505302101, 0.05001485574749052, 0.4093171680827418, 0.13330198534697132, 0.05223199150758744, 0.01701034969825669, 0.13921120160257386, 0.04533679748416838]
