2495.253458207644,0.5,1
840.0,0.3611111111111111,1
2695.773380911121,0.9195402298850575,1
1140.0,0.848543324823547,1
816.0,0.7903001466311088,1
675.0,0.7979343779561303,1
1490.0,0.8078739543921836,1
1500.0,0.7871208990573954,1
1188.0,0.7593345506117374,1
714.0,0.8103936272818268,1
1560.0,0.7635722302893144,1
608.0,0.8021900068099849,1
2440.0,0.8053027779585972,1
372.0,0.6595939177977831,1
520.0,0.827104402427919,1
462.0,0.8101151869042702,1
480.0,0.7677321383568516,1
1404.0,0.81601203449287,1
930.0,0.7651078872136037,1
1422.0,0.8078020828867721,1
1155.0,0.8157619188969083,1
760.0,0.8121367353290309,1
2070.0,0.8264923943340186,1
1180.0,0.6727512222692767,1
1938.0,0.8313525938410898,1
1573.0,0.8170309220889801,1
325.0,0.7750830213162241,1
1152.0,0.8147349334750904,1
1176.0,0.8254634733901269,1
468.0,0.830501014524539,1
612.0,0.7680559676380032,1
510.0,0.774653672772495,1
1911.0,0.771484864616468,1
1358.0,0.8129318276965541,1
2298.7044755464285,0.9255471444485973,1
2625.2441240439866,0.8627835605433772,1
351.0,0.6349977689182292,1
504.0,0.8377364242778743,1
540.0,0.767801409147216,1
2736.0,0.8060155248686197,0
1200.0,0.38411511202546605,1
2981.0962982114415,0.9259717147635469,0
3060.0,0.3261113845901123,0
3896.5320439137085,0.8197195102284884,0
2232.0,0.3256136442947455,1
455.0,0.4408338501768392,1
768.0,0.662462407270239,1
1176.0,0.6930806342755896,1
1551.0,0.7178639518638413,1
2114.0,0.7455472470862171,1
1881.0,0.5855754809713722,1
2125.0,0.7567536475644808,1
1120.0,0.5724825558531406,1
949.0,0.7353217887182243,1
481.0,0.769106043813532,1
767.0,0.7688694422079675,1
1500.0,0.7810472565421102,1
756.0,0.7741871713141146,1
1106.0,0.7825821160058126,1
2128.0,0.787368524774934,1
1485.0,0.6345227491177315,1
1820.0,0.7219248532447083,1
345.0,0.7609033602222439,1
1560.0,0.7549321789236743,1
1710.0,0.746457895633882,1
1090.0,0.7705288731596118,1
440.0,0.7261311530621081,1
1980.0,0.756188356211273,1
1510.0,0.7669738913369357,1
704.0,0.717790986931159,1
363.0,0.7267008963421661,1
1036.0,0.7366031697770777,1
928.0,0.7672130601431344,1
1960.0,0.7795441617035541,1
1298.0,0.7748745490125324,1
836.0,0.7639140362049881,1
1638.0,0.7128959542798665,1
960.0,0.7516433279917727,1
1040.0,0.7569108321864559,1
276.0,0.777660812168776,1
1122.0,0.7636115363238519,1
1456.0,0.7110499789617306,1
915.0,0.7502711492299273,1
950.0,0.7473301011934357,1
350.0,0.7719096790268575,1
1859.0,0.7583584812251883,1
630.0,0.7785293163914098,1
924.0,0.7374502739136628,1
880.0,0.7626265768636201,1
1736.0,0.7746373443374308,1
456.0,0.7691554642699465,1
1176.0,0.7279294718387799,1
1430.0,0.7630104483253837,1
1122.0,0.7491963870494516,1
715.0,0.7584945392740419,1
1496.0,0.7277261217679195,1
1092.0,0.7366538838365313,1
400.0,0.7470569880584665,1
494.0,0.7460268715380112,1
871.0,0.7709115860704955,1
1026.0,0.7848221052851239,1
984.0,0.7922588223371704,1
819.0,0.7685683213962567,1
1540.0,0.7300610165728193,1
578.0,0.7649098623829276,1
1032.0,0.777920857020969,1
1767.0,0.7853734921978207,1
960.0,0.7244177429030078,1
2340.0,0.7569944772169245,1
2320.0,0.5989083560963323,1
2063.852448092216,0.7524982863437394,1
2394.0,0.5765357733740082,1
4588.915725340555,0.7592196720864568,0
405.0,0.5934670255603114,1
574.0,0.758164413696743,1
1400.0,0.7839300567410057,1
2114.0,0.7905195244484599,1
860.0,0.6196848292886665,1
1620.0,0.7513901815315077,1
490.0,0.7668305307608739,1
1862.0,0.7535070384571092,1
966.0,0.7528939944666947,1
540.0,0.7762891140639441,1
374.0,0.7370256448174823,1
1330.0,0.7581369431844391,1
1260.0,0.7694578803195464,1
2034.0,0.7621332870820672,1
264.0,0.5636812879642993,1
2220.0,0.7405150204935458,1
1824.0,0.5904597788169816,1
2907.0,0.7642680715413881,0
1632.0,0.4272778007825815,1
4157.49441848717,0.8427301324474101,0
230.0,0.42325676064148077,1
3155.932241844458,0.8240513857930264,0
1596.0,0.42267755605678387,1
1380.0,0.6993104047574703,1
2142.0,0.7041990254525249,1
798.0,0.5674564878426648,1
1335.0,0.7573919077748976,1
1488.0,0.77662632881694,1
480.0,0.7877673529864214,1
1309.0,0.7609406350491653,1
1408.0,0.7864080882778073,1
1551.0,0.7714175853295627,1
1000.0,0.7800921621144332,1
1944.0,0.7670728101220861,1
440.0,0.7867934573258301,1
1100.0,0.7879411008717184,1
1805.0,0.745931141351016,1
1692.0,0.7717938840898433,1
1364.0,0.788552721409634,1
1273.0,0.782917379241378,1
1480.0,0.7965400259334832,1
901.0,0.7982639073873901,1
1045.0,0.7801690096934708,1
1261.0,0.769696692555057,1
2106.0,0.7566486998959736,1
1044.0,0.6241240548702315,1
1246.0,0.7803323036173325,1
640.0,0.7899231453600466,1
1008.0,0.7984881396656537,1
473.0,0.7783366076442754,1
1674.0,0.7441528089845209,1
900.0,0.7467013934443477,1
720.0,0.7835067861726871,1
1332.0,0.798329252573837,1
1778.0,0.769455165255757,1
1536.0,0.7705276882274739,1
1440.0,0.7626947994532325,1
1472.0,0.7463201557258162,1
1420.0,0.780439015891298,1
2250.0,0.7647468391306284,1
460.0,0.5781327528720223,1
1995.0,0.7820230245925784,1
360.0,0.7985283447677617,1
1104.0,0.76821055884752,1
430.0,0.7713182976493863,1
2628.0,0.793564450361315,1
1692.0,0.6194928174854174,1
1768.0,0.7767430586832398,1
1312.0,0.7473491450550973,1
2660.0,0.776401500444246,1
1860.0,0.6252421586563526,1
2567.0,0.7764695845366012,1
672.0,0.6113996317457407,1
902.0,0.7912535720436313,1
1530.0,0.7539926971108362,1
1722.0,0.7645115239079935,1
2646.0,0.7668634125340096,1
2772.0,0.5978982631778972,0
1728.0,0.4473007705211263,1
2485.0086204810914,0.8051579375065252,1
1026.0,0.3885931190479935,1
3505.035536055892,0.8164524460507239,0
432.0,0.4719039451801501,1
3587.9192865073046,0.7934422526916862,0
1854.0,0.4772238120916464,1
3394.3066747375296,0.7780507600073684,0
820.0,0.4813123117941977,1
4822.193178532331,0.7638305638008129,0
1632.0,0.49337253764779854,1
3506.121689561385,0.7489494089254387,0
1155.0,0.4940585992163766,1
3009.912252915724,0.7371312836223505,0
920.0,0.5004182503158513,1
3637.184253293429,0.7247810721079353,0
2160.0,0.4998603009326564,1
4936.168176444699,0.5422848201764859,0
726.0,0.5293219103513808,1
3040.0,0.687469430286524,0
1661.0,0.4087794659013725,1
2465.462332323017,0.7322825084234355,1
1870.0,0.4035146954487965,1
4325.478915968092,0.7408382535524223,0
1680.0,0.45912728630025074,1
3153.9756694506245,0.7177968781221347,0
1652.0,0.4669138761916736,1
1072.0,0.7082847877112464,1
1339.0,0.7078037054868338,1
1755.0,0.7401240573972708,1
1580.0,0.7624477056424935,1
330.0,0.7630952391827309,1
1209.0,0.7749217560680504,1
858.0,0.7941521751110832,1
2900.0,0.7806751845142916,0
1410.0,0.43893557496337016,1
2242.2361572253753,0.7167233968677449,1
1548.0,0.45922416248314324,1
1548.0,0.7443698672220581,1
1100.0,0.7444072063009676,1
1066.0,0.7661633734015081,1
1008.0,0.7819940052529266,1
1887.0,0.7979271948242137,1
1470.0,0.7942792239272627,1
552.0,0.7680344507759488,1
1160.0,0.7743592056585151,1
528.0,0.7588465424941877,1
1260.0,0.7833059278031916,1
384.0,0.7814890839410668,1
440.0,0.7906903963798056,1
1380.0,0.8065069936093261,1
696.0,0.7764632139703133,1
2700.0,0.7921289058563281,1
1755.0,0.6254023038586157,1
1246.0,0.7537623699583521,1
1590.0,0.7763293385290293,1
1848.0,0.8001645073034563,1
1275.0,0.8093352263002813,1
399.0,0.8046892906937169,1
600.0,0.756755395870412,1
744.0,0.7918824211405591,1
1462.0,0.7889942683856226,1
804.0,0.7880987445126093,1
2112.0,0.74170327409556,1
1428.0,0.6060009351277006,1
2603.0,0.7746520794599446,1
852.0,0.6109300240850954,1
703.0,0.7950957381567902,1
1230.0,0.7764599758888695,1
468.0,0.78112526286887,1
1012.0,0.7466082364058058,1
880.0,0.7561788004335346,1
2196.0,0.7765983401944533,1
957.0,0.6174564147637513,1
1664.0,0.802658971484901,1
1729.0,0.7954921059898643,1
364.0,0.7960074524097123,1
276.0,0.7866744269494265,1
231.0,0.7663961409785948,1
2850.0,0.7941285071411492,0
2740.0,0.34062865667080366,0
4809.732023805307,0.5893335466531567,0
2940.0,0.3195523452202515,0
3591.029561905582,0.541697232674652,0
1584.0,0.2848979349736089,1
3080.840873223802,0.6832529273222127,0
1414.0,0.30918923357431566,1
2576.135834745241,0.674284870483906,1
2145.0,0.3300016618656974,1
4111.354248118148,0.4957779773793852,0
2280.0,0.43180756847277,1
2077.945449565586,0.4686817324423993,1
1653.0,0.4614372933371231,1
2553.787273016753,0.6522873531331825,1
1078.0,0.502358009313948,1
351.0,0.7139973376661818,1
1032.0,0.7298833792737744,1
475.0,0.7473184920823321,1
742.0,0.7664749435195094,1
876.0,0.7707456799055618,1
1664.0,0.7269904051008613,1
1050.0,0.7478624671338625,1
2546.0,0.7541990667692439,1
1368.0,0.5941236103621088,1
774.0,0.7619356107040188,1
1976.0,0.7790009408909142,1
684.0,0.7613629075243883,1
1140.0,0.7657596391112544,1
1360.0,0.7458819250785239,1
1155.0,0.7159597642908082,1
1064.0,0.7533853868707115,1
1200.0,0.7146732329089387,1
1264.0,0.755958769093932,1
1284.0,0.775253164829054,1
2336.0,0.747258549608427,1
1520.0,0.5824160551541259,1
2646.0,0.7565624052351665,1
416.0,0.5850842753050495,1
756.0,0.7348993322997658,1
1092.0,0.7672964639751237,1
1254.0,0.7656271843857099,1
1008.0,0.7368351778201248,1
1800.0,0.7577754322533349,1
780.0,0.7699527255060693,1
1056.0,0.7307767853092209,1
935.0,0.7526238031426759,1
1455.0,0.7255539047249694,1
600.0,0.7549399972898386,1
1280.0,0.7753706183799398,1
1596.0,0.7450400271250429,1
2926.0,0.7695601810058517,0
2432.0,0.4042102132638981,1
4458.740584749748,0.48737943570622333,0
1872.0,0.45863585442614396,1
2465.0,0.6681918973852332,1
1710.0,0.5033559686151531,1
2160.0,0.7331224638018765,1
250.0,0.5929888811793864,1
588.0,0.7594699648504486,1
2755.0,0.7640744759023077,0
1462.0,0.42995521404698467,1
2438.3929247846163,0.6580009431587048,1
975.0,0.4563747360939543,1
1700.0,0.7230134714202229,1
429.0,0.7337752227619225,1
828.0,0.7501518275417686,1
720.0,0.7599136773670645,1
1100.0,0.7696789809610016,1
1836.0,0.7614753189678678,1
1768.0,0.7785294104408291,1
3020.0,0.7701639172668773,0
558.0,0.32212298743979356,1
1895.4951084455704,0.6811730273820928,1
1512.0,0.552143333428592,1
528.0,0.6867100554922039,1
688.0,0.7173544103917568,1
1534.0,0.7514822222383811,1
1501.0,0.7478791519029538,1
910.0,0.7846590077006113,1
1340.0,0.7594623487841906,1
390.0,0.7734442396105228,1
2268.0,0.7847673655634996,1
1530.0,0.6498393445535728,1
1092.0,0.807741100050702,1
1391.0,0.7639627237080093,1
1380.0,0.7616416626332477,1
1014.0,0.766093300735958,1
2772.0,0.7842811491369415,0
1416.0,0.4292804892237442,1
3703.492376643599,0.6690131910873428,0
1792.0,0.4459953950327819,1
2622.0,0.6896114717491598,1
715.0,0.5145319800211184,1
560.0,0.7494964414924965,1
1344.0,0.7318819692556389,1
1632.0,0.7630734000390372,1
1599.0,0.7796566294633431,1
1053.0,0.7910217757750911,1
2196.0,0.7717484975920897,1
2108.0,0.5759708479486229,1
448.0,0.5754519323679834,1
2128.0,0.7576323116658013,1
2346.0,0.597261497667544,1
1980.0,0.6281751244524956,1
742.0,0.7973476365980503,1
1100.0,0.7672933536364911,1
1044.0,0.7936566830788442,1
1843.0,0.8014185878284745,1
1392.0,0.7488441486989152,1
913.0,0.7847222360214821,1
1360.0,0.7691202124374928,1
910.0,0.7917785254209008,1
551.0,0.7963234669009555,1
1968.0,0.8009685492351,1
570.0,0.7940194243664336,1
1000.0,0.7683193937871144,1
1755.0,0.7763465556549403,1
1584.0,0.794964853348182,1
988.0,0.7685012079903732,1
420.0,0.750665412005199,1
2592.0,0.7608960476108704,1
2340.0,0.6216248966839878,1
882.0,0.6263990859900411,1
2508.0,0.7875073382372827,1
1056.0,0.6433365172149063,1
459.0,0.7983630778519234,1
1624.0,0.7416981213597889,1
1722.0,0.781850017299545,1
1056.0,0.77102710473031,1
1690.0,0.7926171817665133,1
2023.0,0.7707536414951833,1
546.0,0.6152779683807932,1
2128.0,0.7897860810389641,1
1056.0,0.5953308758001206,1
890.0,0.7798974701660895,1
1088.0,0.7548303031860598,1
726.0,0.7865755107126009,1
799.0,0.8016291295672207,1
1674.0,0.7344421308312612,1
2920.0,0.7823015710976511,0
1890.0,0.420847285090606,1
2108.0,0.7010708742708468,1
2220.0,0.5151600173474735,1
1818.0,0.5824567895724487,1
432.0,0.7768563763504279,1
726.0,0.7796842087865513,1
880.0,0.7476444555038697,1
1320.0,0.7811921213646216,1
850.0,0.7587855658180577,1
624.0,0.7868515317143718,1
2190.0,0.774567223925404,1
595.0,0.5892840316780944,1
1050.0,0.7902014307760684,1
1240.0,0.7415280446100008,1
2620.0,0.7868351364370428,1
1440.0,0.5888146766222178,1
560.0,0.7910181608717294,1
988.0,0.7783719105416711,1
986.0,0.7879546192105368,1
378.0,0.7763615071153402,1
644.0,0.7840827233870518,1
936.0,0.7928541667974877,1
812.0,0.7924395648447484,1
1120.0,0.7984881571611188,1
504.0,0.7802717661905685,1
1692.0,0.7926675270916346,1
2220.0,0.7793212334371613,1
1365.0,0.6420250895717311,1
1510.0,0.7929212739264391,1
672.0,0.7676959426506681,1
2800.0,0.78447210226699,0
1170.0,0.40312633612831755,1
1188.0,0.7032225593673693,1
1287.0,0.6922160713815764,1
1638.0,0.7385252301791724,1
2527.0,0.7611435007872672,1
2145.0,0.6243645043313354,1
1708.0,0.6407069160070074,1
1044.0,0.8033167506247384,1
2299.0,0.803761851231309,1
416.0,0.5618048456776608,1
1326.0,0.7573679759343863,1
2700.0,0.7632951514217821,1
996.0,0.6254389701616426,1
2336.0,0.8051865265570073,1
1625.0,0.6494289903641229,1
1513.0,0.7872345766311566,1
876.0,0.7861205701699063,1
1068.0,0.7703276749765677,1
1691.0,0.7903994457657159,1
649.0,0.80378515610717,1
600.0,0.7553974674234185,1
910.0,0.7864894753285174,1
704.0,0.7884357467239114,1
1836.0,0.8045729304169653,1
1598.0,0.7964775320365042,1
1178.0,0.75519735860146,1
1456.0,0.794153863747304,1
756.0,0.7456529490303658,1
2235.0,0.7403144416366675,1
1428.0,0.6221166469840316,1
2983.0,0.8006522895562954,0
1197.0,0.45275641459709914,1
784.0,0.7185676205467736,1
637.0,0.7185716315012556,1
627.0,0.7546695976772206,1
2227.0,0.7774062554813062,1
2204.0,0.6240270880469866,1
726.0,0.6510472508787235,1
1224.0,0.8107995602389829,1
1368.0,0.8138723786313918,1
765.0,0.8030942253846189,1
468.0,0.8125363054989159,1
1100.0,0.8084448135381666,1
1792.0,0.8144133456209756,1
1397.0,0.797249823704168,1
551.0,0.7765760222706463,1
2574.0,0.7950082319313676,1
1479.0,0.6321106766817577,1
1692.0,0.7881742358217114,1
1470.0,0.8036706741960127,1
869.0,0.7909846880414407,1
960.0,0.7961162878139395,1
1482.0,0.7861400760371983,1
440.0,0.7654110083829669,1
308.0,0.7624281156386992,1
864.0,0.7784693023713705,1
910.0,0.7778598928707203,1
1080.0,0.7885021701200347,1
