Timestep: 0, Trans probs: [0.16666666666666666, 0.16666666666666666, 0.08333333333333333, 0.08333333333333333, 0.16666666666666666, 0.16666666666666666, 0.08333333333333333, 0.08333333333333333]
Timestep: 1, Trans probs: [0.3322220892311501, 0.16611104461557505, 0.11222235521329435, 0.056111177606647175, 0.16611104461557505, 0.08305552230778752, 0.056111177606647175, 0.028055588803323588]
Timestep: 2, Trans probs: [0.2793342839985882, 0.0947218090925147, 0.2793342839985882, 0.0947218090925147, 0.09405127121352165, 0.03189263569537547, 0.09405127121352165, 0.03189263569537547]
Timestep: 3, Trans probs: [0.21142567533771206, 0.053884293529875935, 0.4228513506754241, 0.10776858705975187, 0.05420786045959439, 0.013815504006150989, 0.10841572091918877, 0.027631008012301977]
Timestep: 4, Trans probs: [0.3945871594965985, 0.08192255228849159, 0.29118395889479437, 0.06045440791474718, 0.08188216971589381, 0.01700003704784336, 0.06042460776267336, 0.012545106878957815]
Timestep: 5, Trans probs: [0.3686431458489906, 0.06404046893650384, 0.35603436342744776, 0.0618500787228615, 0.06476502512916527, 0.01125094180282195, 0.06254985276105099, 0.010866123371158136]
Timestep: 6, Trans probs: [0.305619254921083, 0.045547916830294584, 0.4515315920201874, 0.06729393867836182, 0.045670191600076966, 0.006806449708677772, 0.06747459130601775, 0.01005606493530065]
Timestep: 7, Trans probs: [0.2758781061893926, 0.036415046378938054, 0.31305167324069944, 0.041321840857636516, 0.1379390530946963, 0.018207523189469027, 0.15652583662034972, 0.020660920428818258]
Timestep: 8, Trans probs: [0.3778503527537639, 0.04531585529307626, 0.30587126128183656, 0.03668335284998712, 0.11560671646721772, 0.013864793816270822, 0.09358406554544973, 0.011223601992397822]
Timestep: 9, Trans probs: [0.4373784450893952, 0.047400810613441556, 0.2747647298898044, 0.02977757836716911, 0.11674102289420737, 0.012651787437528515, 0.07333766897458861, 0.007947956733865181]
Timestep: 10, Trans probs: [0.32945854020223414, 0.16472927010111707, 0.1687999998455031, 0.08439999992275155, 0.1113548310657149, 0.05567741553285745, 0.057053295553214596, 0.028526647776607298]
Timestep: 11, Trans probs: [0.38880269301603126, 0.1078128459141617, 0.1673629457656611, 0.04640882331241834, 0.1585081733705395, 0.04395344368416856, 0.06823099556600494, 0.018920079371014614]
Timestep: 12, Trans probs: [0.3029138739474717, 0.07377177886113319, 0.2883204945470231, 0.07021770078627683, 0.10908836824449623, 0.026567429459670052, 0.10383285477057774, 0.025287499383351217]
Timestep: 13, Trans probs: [0.26980953809228664, 0.058653298953564414, 0.35224385237665434, 0.07657351227863711, 0.08647805200473514, 0.01879927252764763, 0.11289950088331364, 0.024542972883161065]
Timestep: 14, Trans probs: [0.24243901134045337, 0.0482133978496994, 0.40422240100582885, 0.080386961371026, 0.07027989243113393, 0.013976432241171016, 0.11717877706179236, 0.023303126698894994]
Timestep: 15, Trans probs: [0.4236000142978339, 0.07669262368247493, 0.25181240899950175, 0.04559054218633204, 0.10742964168990568, 0.019450096327603424, 0.06386240783473643, 0.011562264981611984]
Timestep: 16, Trans probs: [0.39718797940195144, 0.06656905331280999, 0.20302300879735996, 0.03402683413709611, 0.16957012929097795, 0.028420102224714344, 0.08667593088453507, 0.014526961950555197]
Timestep: 17, Trans probs: [0.28268442986264103, 0.04397339455255447, 0.3441362677178913, 0.05353262607196132, 0.10758756032869213, 0.016735942059416448, 0.13097566598337315, 0.020374113423470185]
Timestep: 18, Trans probs: [0.2613268253748357, 0.037858051641936674, 0.38929671608478655, 0.05639687070179137, 0.08950467006201804, 0.012966416350644865, 0.13333447142067195, 0.019315978363315035]
Timestep: 19, Trans probs: [0.4011808785764579, 0.05476221969258835, 0.2695684937151251, 0.0367967913311561, 0.12509023080278944, 0.017075137591118776, 0.08405282229710948, 0.01147342599365478]
Timestep: 20, Trans probs: [0.32009616066492713, 0.041106971198589894, 0.3689516532356305, 0.047381027475381955, 0.09158411886463448, 0.011761296132375839, 0.10556237848977662, 0.013556393938683547]
Timestep: 21, Trans probs: [0.38443993018761635, 0.046381285850695175, 0.3211782588751579, 0.038748994222965676, 0.10173227904531161, 0.012273631181705165, 0.0849916818974269, 0.010253938739121364]
Timestep: 22, Trans probs: [0.43302116188882, 0.04896437821483026, 0.3106824154639904, 0.03513078028131498, 0.09007840704774236, 0.010185722038239644, 0.06462912103572112, 0.007308014029341128]
Timestep: 23, Trans probs: [0.3397775416933823, 0.0364705367192129, 0.31984018169470724, 0.03433053000690346, 0.12540427768486204, 0.013460457955103313, 0.11804584481988738, 0.012670629425941438]
Timestep: 24, Trans probs: [0.4133269801972259, 0.042184083053460025, 0.357957626932137, 0.036533096041587824, 0.07293903346983541, 0.007444145659841653, 0.06316810801735613, 0.00644692662855588]
Timestep: 25, Trans probs: [0.34197708504228397, 0.03325129895917829, 0.2717245197380407, 0.02642046393029979, 0.16587947932658903, 0.01612888231268259, 0.13180275470457467, 0.012815515986350844]
Timestep: 26, Trans probs: [0.3238045730397612, 0.02992832357288301, 0.31254992287916955, 0.028888088691257592, 0.14198674421497087, 0.013123425602157943, 0.1370516343782587, 0.012667287621541151]
Timestep: 27, Trans probs: [0.3938486918142867, 0.0352779977327834, 0.40086665106733266, 0.0359066136346853, 0.06099449172166102, 0.0054634269083307365, 0.06208134783280105, 0.005560779288119114]
Timestep: 28, Trans probs: [0.32626575069931735, 0.02793178042716891, 0.26875860161348764, 0.02300856351636852, 0.1788171936011606, 0.015308632847807587, 0.14729912285824479, 0.012610354436444619]
Timestep: 29, Trans probs: [0.28354917778148536, 0.02336865951346428, 0.334171945544263, 0.02754072671088421, 0.14052536523073497, 0.011581375191336148, 0.1656137219825122, 0.013649028045319795]
Timestep: 30, Trans probs: [0.37176093160585205, 0.029272999217381253, 0.2667748681873516, 0.021006243108796858, 0.16794988896798269, 0.01322461977669962, 0.12052048960060391, 0.009489959535332056]
Timestep: 31, Trans probs: [0.16666666666666666, 0.08333333333333333, 0.16666666666666666, 0.08333333333333333, 0.16666666666666666, 0.08333333333333333, 0.16666666666666666, 0.08333333333333333]
Timestep: 32, Trans probs: [0.2992723522261082, 0.022554328486765075, 0.34126900204311633, 0.025719359363392143, 0.1352018301397292, 0.010189335788290173, 0.15417459482300644, 0.011619197129592519]
Timestep: 33, Trans probs: [0.33145802657462853, 0.024005362527692236, 0.32789208640745304, 0.023747104529387785, 0.13729719498922335, 0.009943548429983438, 0.13582010424710986, 0.009836572294521685]
Timestep: 34, Trans probs: [0.44555401795020416, 0.031062413638894733, 0.38708585869162926, 0.026986225175933538, 0.05468148550384656, 0.0038121952730309334, 0.047505866669472874, 0.0033119370969880236]
Timestep: 35, Trans probs: [0.35163580165344116, 0.023977514784799474, 0.2714094953299131, 0.018507003997908385, 0.17671889158999926, 0.01205019459317935, 0.13640017585289568, 0.009300922197863605]
Timestep: 36, Trans probs: [0.3733701981886148, 0.024797991480523935, 0.2679296745265771, 0.017794986901801986, 0.17257818771632152, 0.011462062182455409, 0.12384174711732664, 0.008225151886378679]
Timestep: 37, Trans probs: [0.3547636427810479, 0.022714057458500296, 0.30349040836381413, 0.019431243065496165, 0.15175259247208875, 0.009716094574591917, 0.12982011318461426, 0.008311848099846683]
Timestep: 38, Trans probs: [0.4476277780369948, 0.027708691578660582, 0.3991953419086482, 0.024710666208187213, 0.05015539960572819, 0.0031046788578986276, 0.044728685029280776, 0.002768758774601706]
Timestep: 39, Trans probs: [0.34955685553582816, 0.020882908808619045, 0.27706911442408866, 0.016552411885425125, 0.1768356031957869, 0.010564352314000767, 0.14016513537118805, 0.008373618465063263]
Timestep: 40, Trans probs: [0.5004869534069142, 0.02920957772518103, 0.35559587539378024, 0.02075339884559101, 0.05189897503046908, 0.003028944380448606, 0.0368742108707776, 0.0021520643468382044]
Timestep: 41, Trans probs: [0.3404767197780379, 0.019601823198308325, 0.2564049779187835, 0.014761670188806676, 0.19889645024705438, 0.01145080654869894, 0.14978422009870995, 0.008623332021600382]
Timestep: 42, Trans probs: [0.32582675869478306, 0.018203050627754652, 0.28838057526943306, 0.016111034688246283, 0.17658804058264504, 0.009865491268606934, 0.15629336563062507, 0.008731683237905867]
Timestep: 43, Trans probs: [0.34675510047791513, 0.01908282666288752, 0.2828816879110773, 0.015567708186763769, 0.17524056065762653, 0.009643939595200556, 0.14296068182123306, 0.007867494687296049]
Timestep: 44, Trans probs: [0.3709955417881881, 0.020135084275847655, 0.2731853362728221, 0.014826619592964016, 0.17527493463221738, 0.009512716954098306, 0.12906500635265503, 0.007004760131207214]
Timestep: 45, Trans probs: [0.3692304829833565, 0.019584870956378234, 0.28929708681101246, 0.015345011786324329, 0.16321816492214403, 0.008657483184781205, 0.12788364396431504, 0.006783255391688301]
Timestep: 46, Trans probs: [0.3647432862758304, 0.01911735753728343, 0.30646008638052324, 0.016062549367427393, 0.1516099412559371, 0.007946359980439615, 0.12738382704131315, 0.0066765921612458425]
Timestep: 47, Trans probs: [0.49400812048173637, 0.025601569521032815, 0.3747662444660897, 0.01942195616638591, 0.0466017075167906, 0.0024150956337043866, 0.03535315754474613, 0.0018321486695142407]
Timestep: 48, Trans probs: [0.45194770389532823, 0.022715626755258164, 0.31205052405061884, 0.0156841669335226, 0.11129858000573854, 0.005594047674122347, 0.07684690046555508, 0.003862450219856219]
Timestep: 49, Trans probs: [0.37679131755873696, 0.018536471877701077, 0.2642233844749564, 0.012998625784384033, 0.1834516826312488, 0.009025014106066776, 0.12864474899928646, 0.0063287545676193975]
Timestep: 50, Trans probs: [0.43613860008262945, 0.020965944455848148, 0.3452405962489888, 0.01659631860947151, 0.09642522982018013, 0.004635329255812887, 0.0763287263045687, 0.0036692552225004484]
Timestep: 51, Trans probs: [0.27811888241397914, 0.09439761186101177, 0.1998222024525498, 0.06782257480903861, 0.15633239538108384, 0.053061498925914094, 0.11232133283648217, 0.03812350131994068]
Timestep: 52, Trans probs: [0.44911725445619033, 0.0536783312316609, 0.2944214729592251, 0.03518914757874307, 0.09042371856528127, 0.010807410020848182, 0.05927780361651076, 0.0070848615715404396]
Timestep: 53, Trans probs: [0.3344899613683003, 0.03857453586580604, 0.2120561995509922, 0.024455052228426876, 0.2142358728034238, 0.02470641966471021, 0.13581885928158455, 0.015663099236755938]
Timestep: 54, Trans probs: [0.32261671590935914, 0.035543299282644845, 0.24226929623614396, 0.02669127071994722, 0.19182456554928842, 0.021133678470018454, 0.14405082007432954, 0.015870353758268438]
Timestep: 55, Trans probs: [0.3451353990711272, 0.03679904932335899, 0.23635120064740925, 0.025200253331495292, 0.19121729769837886, 0.02038798334920123, 0.13094697911949343, 0.013961837459535791]
Timestep: 56, Trans probs: [0.3786168554266774, 0.03883455693368683, 0.21892103757530995, 0.022454630257068942, 0.19606634568872175, 0.020110435009154364, 0.11336803213212152, 0.01162810697725927]
Timestep: 57, Trans probs: [0.367715275927951, 0.03619675394230952, 0.24529435279191628, 0.024146017075414493, 0.17838105649954375, 0.01755927923796216, 0.11899387561197546, 0.011713388912927293]
Timestep: 58, Trans probs: [0.35620036757262186, 0.033612558552696764, 0.2718516237257282, 0.025653057806751853, 0.1620467478860683, 0.015291409828441769, 0.12367385197411385, 0.011670382653577494]
Timestep: 59, Trans probs: [0.43482327313131536, 0.039627842241064214, 0.3394275275355902, 0.03093390198871152, 0.0798746628285411, 0.007279418405628263, 0.06235098485274263, 0.005682389016406867]
Timestep: 60, Trans probs: [0.41104121655633385, 0.03589801569622449, 0.2930572160095009, 0.025593960207538236, 0.12585320114934037, 0.010991306974345569, 0.08972868721950818, 0.007836396187208317]
Timestep: 61, Trans probs: [0.388784662483332, 0.0326670712846133, 0.25485399440508855, 0.021413739804502663, 0.16843737348807813, 0.014152707700921651, 0.11041314532920601, 0.009277305504257571]
Timestep: 62, Trans probs: [0.36596524233371497, 0.029848617237564767, 0.2218893313279799, 0.018097592213056735, 0.20963210207702002, 0.017097876114413234, 0.12710258126735643, 0.010366657428893979]
Timestep: 63, Trans probs: [0.3587153105678397, 0.028649319570398988, 0.24971642385136328, 0.019943965083536404, 0.18725371672107158, 0.01495529020658398, 0.13035498378488916, 0.010410990214317016]
Timestep: 64, Trans probs: [0.3489105513463737, 0.02707347809918644, 0.2739307670867326, 0.02125547248370157, 0.17094345210630166, 0.013264241476621027, 0.1342082398575763, 0.010413797543506742]
Timestep: 65, Trans probs: [0.36646383663600873, 0.02783713924161046, 0.2506401352108746, 0.01903899824727103, 0.1854560650047398, 0.014087519118198383, 0.12684125570249333, 0.009635050838803769]
Timestep: 66, Trans probs: [0.34656102133000755, 0.025453270570026453, 0.24960141143471995, 0.018332045062444298, 0.19498478799270377, 0.014320711968042094, 0.14043263753235144, 0.010314114109704378]
Timestep: 67, Trans probs: [0.3455671341246735, 0.024495409188227985, 0.26622204206481975, 0.018871059227960833, 0.1818909393422196, 0.01289327759164554, 0.14012726478584556, 0.009932873674607285]
Timestep: 68, Trans probs: [0.3764867194535962, 0.02586568904914148, 0.24970070856683338, 0.01715513602316077, 0.18609857102014013, 0.0127854915506251, 0.12342784657702031, 0.008479837759482632]
Timestep: 69, Trans probs: [0.36458432788288214, 0.02464897315498117, 0.2745313162306335, 0.018560630631781597, 0.16974197618518308, 0.011475988116543705, 0.12781539023442773, 0.008641397563566999]
Timestep: 70, Trans probs: [0.3497983086731845, 0.023089099244631286, 0.3015395655095187, 0.019903689587982283, 0.1539937997641582, 0.01016465213711051, 0.13274856487493306, 0.00876232020848153]
Timestep: 71, Trans probs: [0.39221261079820596, 0.025175914266920025, 0.27116779352877296, 0.017406113250506124, 0.16335889429379596, 0.010485918617225318, 0.11294300514406433, 0.0072497501005092]
Timestep: 72, Trans probs: [0.3446290123034839, 0.021460515974351918, 0.33037585487346466, 0.020572952531369017, 0.135999421565918, 0.00846886842030537, 0.13037476114335447, 0.00811861318775277]
Timestep: 73, Trans probs: [0.4189498370017418, 0.02538203182622589, 0.2670836694173286, 0.016181236030383378, 0.15684963299838992, 0.009502718523985083, 0.09999281973177403, 0.00605805447017134]
Timestep: 74, Trans probs: [0.33805635284522595, 0.020232465611796178, 0.3583291774137707, 0.021445781742331516, 0.11997500311494576, 0.007180430435246467, 0.12716975680109663, 0.007611032035586861]
Timestep: 75, Trans probs: [0.3319021649163772, 0.01936030920503494, 0.3190268620617936, 0.01860927510305487, 0.14988450075373352, 0.008742968821446774, 0.14407011162222957, 0.008403807516329428]
Timestep: 76, Trans probs: [0.4203271775957578, 0.023978281423171013, 0.24810170888413552, 0.014153385539382956, 0.1745647613157392, 0.009958344824000542, 0.10303834227687886, 0.005877998140934289]
Timestep: 77, Trans probs: [0.3299400935589058, 0.01853022250487479, 0.3498044393481091, 0.019645851537458514, 0.12963731704213047, 0.007280740887881195, 0.13744225055333975, 0.0077190845673002]
Timestep: 78, Trans probs: [0.2954315293084346, 0.07582802316308813, 0.2843678905207557, 0.07298833350564368, 0.11003804579247886, 0.028243320896402444, 0.10591722228254451, 0.027185634530652113]
Timestep: 79, Trans probs: [0.1111111111111111, 0.2222222222222222, 0.05555555555555555, 0.1111111111111111, 0.1111111111111111, 0.2222222222222222, 0.05555555555555555, 0.1111111111111111]
Timestep: 80, Trans probs: [0.4149627366085251, 0.055414129659409256, 0.22781631617656778, 0.03042259405341973, 0.15455929406041774, 0.020639850293860798, 0.08485371311042159, 0.011331366037377857]
Timestep: 81, Trans probs: [0.29286714809253694, 0.06106972740404418, 0.3104328129129183, 0.06473258399017295, 0.10881469981699178, 0.02269043864652542, 0.11534121723953228, 0.024051371897278274]
Timestep: 82, Trans probs: [0.38809431470226474, 0.07405252577067954, 0.19895529247257615, 0.03796278730427007, 0.1670677360033986, 0.03187830214759023, 0.08564673333281722, 0.016342308266403354]
Timestep: 83, Trans probs: [0.3797392148323857, 0.06898626480320218, 0.22125882685583895, 0.04019553267960517, 0.1549693109343299, 0.028152883618312325, 0.09029440889090741, 0.016403557385418363]
Timestep: 84, Trans probs: [0.3706449123115002, 0.0639717885025135, 0.24422562775355466, 0.04215233957511746, 0.14342950278271666, 0.024755342680450255, 0.09450867715148811, 0.016311809242659174]
Timestep: 85, Trans probs: [0.3605058005410128, 0.05964985877550019, 0.2669184091188235, 0.044164741273580936, 0.13250112928061214, 0.021923845988945884, 0.09810380465710437, 0.016232410364420195]
Timestep: 86, Trans probs: [0.3512287892537606, 0.05534268296709226, 0.28867918368771023, 0.04548681950580418, 0.12293216643068594, 0.01937026838741247, 0.10103943224463963, 0.01592065752289473]
Timestep: 87, Trans probs: [0.2993378977060619, 0.045129080769416755, 0.3482757041604724, 0.052507091496036655, 0.10232327428786292, 0.015426564245007844, 0.11905178287717004, 0.017948604457971615]
Timestep: 88, Trans probs: [0.3027854425262252, 0.04393204140432572, 0.31643466871647585, 0.045912448273044845, 0.12423551174696147, 0.018025700312465903, 0.12983590847194254, 0.01883827854855864]
Timestep: 89, Trans probs: [0.3425745134781334, 0.047733669446342324, 0.3242724714973891, 0.04518349835149909, 0.10832134970208523, 0.015093287145516245, 0.10253428203750553, 0.01428692834152922]
Timestep: 90, Trans probs: [0.3403038624700952, 0.04582931494394339, 0.2579387310397806, 0.03473705897799504, 0.1610210739955953, 0.02168498899540006, 0.12204848688937901, 0.016436482687811477]
Timestep: 91, Trans probs: [0.29965803125513224, 0.038943980101960596, 0.31217467280807937, 0.04057066048005571, 0.13378260256823898, 0.017386575592796712, 0.13937066865594983, 0.018112808537786483]
Timestep: 92, Trans probs: [0.32030148984320117, 0.04030717413000041, 0.30447519564085207, 0.03831557179134447, 0.13506067785607614, 0.01699621897833113, 0.12838724644629612, 0.01615642531389861]
Timestep: 93, Trans probs: [0.12479262025104161, 0.24958524050208322, 0.04187404641562506, 0.08374809283125012, 0.12479262025104161, 0.24958524050208322, 0.04187404641562506, 0.08374809283125012]
Timestep: 94, Trans probs: [0.3671605081970837, 0.04620397658719609, 0.2576161772869695, 0.03241876933414878, 0.1548195955733926, 0.019482707996668517, 0.10862832872897962, 0.013669936295561215]
Timestep: 95, Trans probs: [0.31231056237530996, 0.0379154653902913, 0.3248864466546672, 0.03944221652390577, 0.12475963859508678, 0.015146204865055898, 0.12978336486861827, 0.01575610072706482]
Timestep: 96, Trans probs: [0.33273464760248495, 0.038904338688170934, 0.3164164825236215, 0.03699636960358064, 0.12617688116289014, 0.014752981556771048, 0.11998884156200067, 0.0140294573004801]
Timestep: 97, Trans probs: [0.39950038682932354, 0.04514074320683752, 0.26069514815046985, 0.029456724263339423, 0.14419067377862532, 0.016292535357775657, 0.09409204672108136, 0.010631741692547299]
Timestep: 98, Trans probs: [0.3465951105727385, 0.03784346109594648, 0.36107711623044886, 0.03942469868695924, 0.09496085532700263, 0.010368430842162853, 0.09892866561097965, 0.010801661633761882]
Timestep: 99, Trans probs: [0.3250205011903623, 0.03433227202990579, 0.30982426127357193, 0.03272707653994687, 0.13803491632480466, 0.014580779610923212, 0.13158113357053697, 0.013899059459948307]
Timestep: 100, Trans probs: [0.34532520693062374, 0.035239590173128076, 0.3021472565596184, 0.03083338626720939, 0.13863164796038394, 0.01414701956619913, 0.12129775429913521, 0.012378138243702142]
Timestep: 101, Trans probs: [0.40946473533867467, 0.04065281340539826, 0.24965323446067747, 0.024786277011595588, 0.15565947339709044, 0.015454311398905915, 0.09490656375056807, 0.009422591237089528]
Timestep: 102, Trans probs: [0.39857334845214515, 0.038386611944548406, 0.2720059844755891, 0.026196905069564496, 0.1435831934401351, 0.013828501955160845, 0.09798820728356378, 0.00943724737929323]
Timestep: 103, Trans probs: [0.3720308670578378, 0.03451375385418552, 0.3565121957849176, 0.03307406793593531, 0.09526775712428306, 0.00883810514334731, 0.09129381534517177, 0.008469437754321794]
Timestep: 104, Trans probs: [0.3654108902670286, 0.03283794479377508, 0.3226985185241585, 0.02899956300860549, 0.12183811653842554, 0.010949080750556272, 0.10759662821759998, 0.009669257899850554]
Timestep: 105, Trans probs: [0.35542732500760266, 0.030801692309263166, 0.28979265244426133, 0.025113725045992023, 0.15150375797584867, 0.013129469257236613, 0.12352645052868536, 0.010704927431110138]
Timestep: 106, Trans probs: [0.4017829990137704, 0.03412092586771722, 0.25562161056777527, 0.021708350143681932, 0.16154273063765992, 0.013718817247335277, 0.10277640687255571, 0.008728159649504299]
Timestep: 107, Trans probs: [0.3714108669209117, 0.030610200694183718, 0.3331469646052121, 0.02745664264420988, 0.11560572087424978, 0.009527761927628537, 0.10369566006385819, 0.008546182269746178]
Timestep: 108, Trans probs: [0.361428922899282, 0.0289498859648665, 0.2996695928413861, 0.02400306115599288, 0.14473756746945513, 0.01159325058841665, 0.12000547041032181, 0.009612248670278952]
Timestep: 109, Trans probs: [0.3957011247127711, 0.030707316003410492, 0.23518389627441544, 0.018250810449563285, 0.1863465523179085, 0.01446092040381658, 0.11075457079694132, 0.008594809041173315]
Timestep: 110, Trans probs: [0.38591983079695724, 0.029126429033439413, 0.2586945775896659, 0.019524389923007795, 0.17074999133733584, 0.012886970578518704, 0.1144592564503152, 0.00863855429075979]
Timestep: 111, Trans probs: [0.3449991225643607, 0.025354109836958984, 0.31289798383900547, 0.022994985584455185, 0.14349783738099692, 0.010545707778271653, 0.13014579187341302, 0.009564461142537957]
Timestep: 112, Trans probs: [0.3641922582392014, 0.026327791829205506, 0.3055916066592508, 0.022091497067444215, 0.1428958216651411, 0.010330069794048564, 0.11990305323531412, 0.00866790151039433]
Timestep: 113, Trans probs: [0.38286906961796985, 0.02726677561580953, 0.29837774905147507, 0.021249559647779512, 0.14177932836500567, 0.010097094386198874, 0.11049154976606351, 0.00786887354969795]
Timestep: 114, Trans probs: [0.395684455998673, 0.027688588565708834, 0.246914243368146, 0.017278179094446965, 0.17980177036695297, 0.012581887328657946, 0.11219955045835357, 0.007851324819060512]
Timestep: 115, Trans probs: [0.3845829397564801, 0.026297514129604252, 0.27064273974087416, 0.018506362442694695, 0.1647980634053549, 0.011268777038518418, 0.11597342152581536, 0.007930181960658042]
Timestep: 116, Trans probs: [0.37441131495116614, 0.02508784524311719, 0.2927805080173514, 0.0196180825258942, 0.1515228020807735, 0.010152953336631208, 0.1184871321936615, 0.00793936165140484]
Timestep: 117, Trans probs: [0.36439421316991105, 0.023873626114463545, 0.3143025489200792, 0.020591824097497605, 0.13949579514507096, 0.009139196884777009, 0.12031992384381057, 0.00788287182439001]
Timestep: 118, Trans probs: [0.3539480667730408, 0.02268048539656179, 0.33558413500838574, 0.021503750939416744, 0.12845637230592127, 0.008231300435518191, 0.12179165429441237, 0.007804234846743111]
Timestep: 119, Trans probs: [0.3437807898761571, 0.021592405431841787, 0.35613311742056764, 0.022368238381850133, 0.11836808907524582, 0.007434539231891884, 0.12262115221932116, 0.007701668363124552]
Timestep: 120, Trans probs: [0.35252217443236006, 0.053419818612182535, 0.301733721257971, 0.0457235369228451, 0.11538667185200231, 0.017485240724282702, 0.09876272304724859, 0.014966113151107735]
Timestep: 121, Trans probs: [0.3466633995560097, 0.04476665697930772, 0.3288692440874658, 0.042468794398149726, 0.10781732901522935, 0.013923077517360197, 0.10228308941232551, 0.013208409034151986]
Timestep: 122, Trans probs: [0.33700427833409025, 0.0418082820192798, 0.34939762292532617, 0.04334578311093907, 0.09978098808157153, 0.012378690592589864, 0.10345043754690737, 0.012833917389295898]
Timestep: 123, Trans probs: [0.3607269777102384, 0.04288792593076759, 0.33612103119186765, 0.03996245021937236, 0.10192240649499731, 0.01211786445302775, 0.09497006459043905, 0.011291279409289827]
Timestep: 124, Trans probs: [0.3629086758200931, 0.04123627829050598, 0.3441199814688168, 0.03910137251225842, 0.09800598625081572, 0.011136140832239592, 0.09293196999562203, 0.010559594829648454]
Timestep: 125, Trans probs: [0.35096142781397843, 0.03863006182527363, 0.3642015883559932, 0.04008739639192485, 0.09112203328247996, 0.010029734040210792, 0.0945596485129899, 0.010408109777149288]
Timestep: 126, Trans probs: [0.3256083625984833, 0.04389635320811165, 0.3295888926622089, 0.04443298178926475, 0.11231593878456313, 0.015141687641074104, 0.11368899003975715, 0.015326793276537038]
Timestep: 127, Trans probs: [0.33652151255554386, 0.0539593299784119, 0.3195121954467378, 0.051231981739627244, 0.10555737849192086, 0.016925531370781437, 0.10022203184406875, 0.01607003857290823]
Timestep: 128, Trans probs: [0.31263344159596823, 0.04831663280175623, 0.34253241283024394, 0.052937436023900726, 0.10067328392224506, 0.015558777293263163, 0.11030126103398759, 0.017046754498635092]
Timestep: 129, Trans probs: [0.3174170373901365, 0.0469760005211816, 0.3204906323306872, 0.04743087590757036, 0.11602654099988491, 0.017171298980345355, 0.11715004272593918, 0.01733757114425509]
Timestep: 130, Trans probs: [0.3467384758674768, 0.04919262735157887, 0.30278294383752524, 0.042956549564768104, 0.12077159861441603, 0.017134159197158445, 0.10546155879860582, 0.014962086768470615]
Timestep: 131, Trans probs: [0.33693804998623655, 0.045985122801207305, 0.323638673042214, 0.04417003102995913, 0.11187471575867969, 0.015268600690017634, 0.1074588772523405, 0.014665929439345285]
Timestep: 132, Trans probs: [0.326677368504045, 0.04310311217416774, 0.3439156938576865, 0.04537760542974697, 0.1036857623616129, 0.013680712154632667, 0.10915712058368617, 0.014402624934422181]
Timestep: 133, Trans probs: [0.32598325191963984, 0.04132498812816994, 0.355019526287537, 0.04500592476056919, 0.09884268196326622, 0.012530314470558725, 0.10764688652237561, 0.013646425947883536]
Timestep: 134, Trans probs: [0.35168875093674207, 0.042976414107675075, 0.3389075347146319, 0.041414547713887744, 0.10211065296767295, 0.012477935944937691, 0.09839970591382353, 0.012024457700629062]
Timestep: 135, Trans probs: [0.34167275201772973, 0.04042397476149327, 0.3582179775400526, 0.04238147290844205, 0.0948603012391836, 0.011223108663231722, 0.09945383428461749, 0.011766578585249588]
Timestep: 136, Trans probs: [0.31749859943927555, 0.03617769768236462, 0.3714656864471562, 0.04232703176452138, 0.09619705875141174, 0.010961270744461531, 0.11254823336669555, 0.012824421804113468]
Timestep: 137, Trans probs: [0.34596514106688336, 0.038391909458882906, 0.33317133149741257, 0.03697217457718176, 0.11257016157853555, 0.012491962160602334, 0.10840731093410627, 0.012030008726395262]
Timestep: 138, Trans probs: [0.336683349641949, 0.03622606414797333, 0.3517632688949432, 0.03784861579118997, 0.10485625104177071, 0.011282201156055938, 0.10955272266878514, 0.011787526657332709]
Timestep: 139, Trans probs: [0.3094756965349814, 0.032329607202109006, 0.3879859288288916, 0.040531236602502144, 0.09227254387275521, 0.009639319443646035, 0.11568096959054391, 0.012084697924570826]
Timestep: 140, Trans probs: [0.3283082113341969, 0.03328231605929583, 0.3775148443344238, 0.03827064914140763, 0.09402049770812262, 0.009531348326797374, 0.10811223213785595, 0.010959900957899943]
Timestep: 141, Trans probs: [0.363472767733979, 0.03593821879531408, 0.3503177036552428, 0.03463751730376789, 0.09992400314156764, 0.009879944267058762, 0.09630748278290008, 0.009522362320169616]
Timestep: 142, Trans probs: [0.32308749611126836, 0.031081499962009783, 0.39868764047942346, 0.03835434683039341, 0.08525806897403483, 0.00820195364869482, 0.10520784233439841, 0.010121151659776928]
Timestep: 143, Trans probs: [0.3851998631306489, 0.03593026231258326, 0.34417800883084293, 0.032103869505583, 0.09786267079765626, 0.009128329911106863, 0.08744078697292156, 0.008156208538657204]
Timestep: 144, Trans probs: [0.12479262025104161, 0.24958524050208322, 0.04187404641562506, 0.08374809283125012, 0.12479262025104161, 0.24958524050208322, 0.04187404641562506, 0.08374809283125012]
Timestep: 145, Trans probs: [0.30733161108210105, 0.02866695048482768, 0.3707313696599861, 0.034580685598189435, 0.10724711490235245, 0.010003682086985348, 0.1293712340876302, 0.012067352097927876]
Timestep: 146, Trans probs: [0.3860011856356798, 0.035128939807552315, 0.34489399450636055, 0.03138788383006537, 0.09806625228357697, 0.00892474842518614, 0.08762268805120738, 0.007974307460371375]
Timestep: 147, Trans probs: [0.29546081333277935, 0.03274504110917603, 0.3818955275964558, 0.04232434281046857, 0.09721690032742403, 0.010774259238712369, 0.1256569323797861, 0.013926183205197848]
Timestep: 148, Trans probs: [0.3658984595936562, 0.05242673196315288, 0.30435611326549356, 0.043608809912010014, 0.11159492386271284, 0.015989564887198927, 0.09282519889461385, 0.013300197621161698]
Timestep: 149, Trans probs: [0.28549632419463117, 0.03937817173611353, 0.39480995351541914, 0.05445567187778713, 0.08329521151129413, 0.011488810417928744, 0.11518809805205003, 0.015887758694776252]
Timestep: 150, Trans probs: [0.2975250030224408, 0.0395564294916892, 0.3760795017239083, 0.050000376916521996, 0.09233360049131113, 0.012275901253491853, 0.11671212204820175, 0.015517065052434945]
Timestep: 151, Trans probs: [0.3720926182699912, 0.04773927829404678, 0.2887992991398183, 0.03705279125628212, 0.12690243161282455, 0.01628151218673198, 0.09849519046983515, 0.012636878770469881]
Timestep: 152, Trans probs: [0.3629349990549411, 0.04475416837246784, 0.3084210789720419, 0.03803195870851642, 0.11832038831988596, 0.014590300176485176, 0.1005483128522581, 0.012398793543403425]
Timestep: 153, Trans probs: [0.35440005075002906, 0.04207436284579518, 0.3269418577897261, 0.03881452704369336, 0.1105510526170271, 0.0131246174794545, 0.10198578258306765, 0.012107748891206993]
Timestep: 154, Trans probs: [0.298518216238037, 0.03045660910566537, 0.40313037503392046, 0.04112976556592444, 0.08754582559401769, 0.008931947344960745, 0.11822521904736484, 0.012062042070109528]
Timestep: 155, Trans probs: [0.25630344447373465, 0.0703159878716589, 0.316863408431764, 0.08693041027992773, 0.09459851972639635, 0.025952785688917394, 0.11695047428899136, 0.032084969238609665]
Timestep: 156, Trans probs: [0.3434831032851077, 0.05462143883849675, 0.2951990813239106, 0.046943207428548614, 0.12052847901184588, 0.019166703927144854, 0.10358557942843571, 0.016472406756509756]
Timestep: 157, Trans probs: [0.33696591852754854, 0.05172431148728308, 0.3126748626765577, 0.04799563131487294, 0.11270525816029262, 0.01730027150760955, 0.10458060943428744, 0.0160531368915481]
Timestep: 158, Trans probs: [0.33008184523167783, 0.04889160926115947, 0.3305342303987866, 0.048958616396345314, 0.10511460933876016, 0.01556953974194785, 0.1052586714578928, 0.015590878173429974]
Timestep: 159, Trans probs: [0.3228030497524596, 0.04647979921176897, 0.347173269503986, 0.04998882095634747, 0.09836621257552487, 0.014163564480690732, 0.10579243180867398, 0.015232851710548192]
Timestep: 160, Trans probs: [0.31592428575034504, 0.04390472232562409, 0.3639577452152405, 0.05058004231609764, 0.09205328707749978, 0.012792856360186212, 0.10604916530808826, 0.014737895646918426]
Timestep: 161, Trans probs: [0.2967857889092508, 0.04012349575825312, 0.39283445950400775, 0.053108647241948234, 0.08232244677410262, 0.011129455881594499, 0.10896442852740663, 0.014731277403436344]
Timestep: 162, Trans probs: [0.3004539073403056, 0.03940995979280378, 0.36264767297477973, 0.047567796130214196, 0.10010893024855753, 0.013131095384716249, 0.12083141444226358, 0.015849223686359448]
Timestep: 163, Trans probs: [0.3136146635463377, 0.039733274870458635, 0.34701604602711944, 0.043965048653466496, 0.10772408531488911, 0.013648056642456089, 0.11919718843866361, 0.015101636506609012]
Timestep: 164, Trans probs: [0.3241543039630438, 0.03980917027424905, 0.3466773896591859, 0.0425752151566315, 0.10620600429079427, 0.01304308737311067, 0.11358547421249893, 0.013949355070485843]
Timestep: 165, Trans probs: [0.3097003832943762, 0.036984827336807434, 0.36874763021685963, 0.04403632727010293, 0.09808494400438507, 0.011713433092184622, 0.11678574716903538, 0.01394670761624871]
Timestep: 166, Trans probs: [0.32636611699261664, 0.037738196625040514, 0.3239871948098274, 0.03746311833591833, 0.12344993400341925, 0.014274698383823657, 0.1225500924721635, 0.014170648377190538]
Timestep: 167, Trans probs: [0.3202132687797035, 0.03589538898116375, 0.34078106783302387, 0.038201005954248225, 0.11539726885463408, 0.012935847001864073, 0.1228094159094676, 0.01376673668589487]
Timestep: 168, Trans probs: [0.3134234909558389, 0.034087485629549934, 0.35739978770485065, 0.03887028406913459, 0.10796865347589377, 0.011742514616812647, 0.12311768244742073, 0.013390101100498774]
Timestep: 169, Trans probs: [0.29848558958398863, 0.0315146747759767, 0.3818735605383623, 0.04031893493647004, 0.09833502013518002, 0.010382397967582002, 0.1258068917731333, 0.013282930289306914]
Timestep: 170, Trans probs: [0.33555111541840793, 0.03439198559791567, 0.3542626065782015, 0.0363098017067393, 0.10566423300584817, 0.010829952912600522, 0.11155643622302416, 0.011433868557262965]
Timestep: 171, Trans probs: [0.24659419257049675, 0.12778366818262824, 0.08274444950950029, 0.042877689737374866, 0.24659419257049653, 0.12778366818262824, 0.08274444950950029, 0.042877689737374866]
Timestep: 172, Trans probs: [0.30758198390198227, 0.030893417708132545, 0.3835195496994448, 0.0385205579917046, 0.09685682127712329, 0.009728262363213232, 0.1207693767049747, 0.012130030353424588]
Timestep: 173, Trans probs: [0.3310270159595691, 0.032356347372308546, 0.3772520862704725, 0.036874632467418886, 0.0947256830644222, 0.009258993854102827, 0.1079533084508531, 0.010551932560852973]
Timestep: 174, Trans probs: [0.32502658787141625, 0.030873252108537048, 0.3411727707695535, 0.03240692717945754, 0.12053298024777462, 0.0114490482484929, 0.12652063669484673, 0.012017796879921465]
Timestep: 175, Trans probs: [0.32892946459307676, 0.03064444605824489, 0.347271709592783, 0.03235328639632763, 0.11605152988379625, 0.010811846399654046, 0.12252296471360906, 0.011414752362508369]
Timestep: 176, Trans probs: [0.3214273380604369, 0.029357578250479556, 0.3639494517765083, 0.03324133713772341, 0.1083023120004352, 0.009891795820624313, 0.12262979034868336, 0.011200396605109107]
Timestep: 177, Trans probs: [0.31389119353480144, 0.02802654697119089, 0.38076976385536926, 0.033997964554932904, 0.10093267507251878, 0.009012022054496608, 0.12243768428117005, 0.010932149675519955]
Timestep: 178, Trans probs: [0.33011378084781084, 0.028741118603584772, 0.37377767655727107, 0.032542684239703155, 0.1013086631301329, 0.008820365799682048, 0.1147086820267033, 0.009987028795111978]
Timestep: 179, Trans probs: [0.33638904913347767, 0.028532816601896466, 0.37604349714299246, 0.03189634194678951, 0.09886223454809473, 0.008385582153999227, 0.11051638128708774, 0.009374097185662261]
Timestep: 180, Trans probs: [0.327559283082154, 0.027281724089604623, 0.3931376908964602, 0.03274361181689201, 0.09199998778120434, 0.007662485579028177, 0.11041867724974198, 0.00919653950491469]
Timestep: 181, Trans probs: [0.32841664297394474, 0.02661522199129129, 0.40033158930229784, 0.032443283089805014, 0.08845798807529351, 0.007168726189414579, 0.1078280522935479, 0.008738496084405283]
Timestep: 182, Trans probs: [0.3498098591146701, 0.02782783430407157, 0.3859640564706021, 0.03070394824769765, 0.09058715671325551, 0.007206327441637626, 0.09994968854701432, 0.007951129161051224]
Timestep: 183, Trans probs: [0.12479262025104161, 0.24958524050208322, 0.04187404641562506, 0.08374809283125012, 0.12479262025104161, 0.24958524050208322, 0.04187404641562506, 0.08374809283125012]
Timestep: 184, Trans probs: [0.33531949973436764, 0.026675107160068108, 0.4004544158509045, 0.0318566753917011, 0.08683471686111127, 0.00690781591681741, 0.10370212839915854, 0.008249640685871439]
Timestep: 185, Trans probs: [0.3532747736728956, 0.02758101566994672, 0.38978708330466927, 0.030431619956321126, 0.0877263778237678, 0.006849010407024842, 0.09679323713181792, 0.007556882033556775]
Timestep: 186, Trans probs: [0.3287639958822109, 0.02503077426414866, 0.4213019653634785, 0.03207624473524664, 0.07853902828788352, 0.005979647140874683, 0.10064559194394913, 0.007662752382207932]
Timestep: 187, Trans probs: [0.37466189498628033, 0.028087452522973306, 0.3820103991713129, 0.02863835125373302, 0.08595129791123098, 0.006443550923314573, 0.08763712046447672, 0.006569932766678125]
Timestep: 188, Trans probs: [0.12479262025104161, 0.24958524050208322, 0.04187404641562506, 0.08374809283125012, 0.12479262025104161, 0.24958524050208322, 0.04187404641562506, 0.08374809283125012]
Timestep: 189, Trans probs: [0.31605049979611666, 0.02369350480173725, 0.39454011089830165, 0.029577671979880593, 0.09770301553604259, 0.007324547403787644, 0.12196708630284016, 0.009143563281293543]
Timestep: 190, Trans probs: [0.375086612986976, 0.0276627345222779, 0.38244344746139, 0.028205302963655816, 0.0860487325953943, 0.006346116239151216, 0.08773646620283031, 0.0064705870283245145]
Timestep: 191, Trans probs: [0.36418349342710854, 0.026505966844183187, 0.39964758423990265, 0.029087110779063823, 0.08025482472096541, 0.005841098681111447, 0.08807001800522353, 0.006409903302441407]
Timestep: 192, Trans probs: [0.32886756357537056, 0.023570940410026348, 0.4407175452906253, 0.031587569429958835, 0.06988370423239046, 0.005008778032668665, 0.0936516032480553, 0.00671229578090462]
Timestep: 193, Trans probs: [0.38490897585197, 0.02717321354750674, 0.3899172826919514, 0.027526782312623285, 0.0791016251488344, 0.005584295215164715, 0.08013086903541738, 0.00565695619653227]
Timestep: 194, Trans probs: [0.37335116599060525, 0.025820763899614414, 0.4072464439832146, 0.028164942919483838, 0.07399921650361306, 0.00511774562971185, 0.08071735278683648, 0.005582368286920614]
Timestep: 195, Trans probs: [0.3618868304847265, 0.02447825577558764, 0.4245316653310973, 0.028715592316226494, 0.06912973699505812, 0.00467597945356996, 0.08109651940387873, 0.005485420239855429]
Timestep: 196, Trans probs: [0.2647977780863295, 0.05219131283221125, 0.38018247094563246, 0.07493349233458296, 0.0781578555367668, 0.015404816151003657, 0.1122148639483385, 0.022117410165135052]
Timestep: 197, Trans probs: [0.35217441991728193, 0.03560042443245946, 0.38074979265305475, 0.03848903683635917, 0.08421771485523656, 0.008513356518859252, 0.09105112596302987, 0.009204128823719055]
Timestep: 198, Trans probs: [0.3427107126928598, 0.033841422756378345, 0.3974608471626242, 0.03924779722305682, 0.07869250899259438, 0.0077705959164607544, 0.09126411906936759, 0.009011996186658064]
Timestep: 199, Trans probs: [0.2949154449629877, 0.02827464787325644, 0.45214729202853066, 0.04334905372812064, 0.06531459069006282, 0.006261954347556022, 0.10013655037351495, 0.009600465995970732]
Timestep: 200, Trans probs: [0.2988628384913364, 0.02787454959141781, 0.4144372542418239, 0.03865402555302851, 0.08437882830289156, 0.007869903952822362, 0.11700929461327592, 0.010913305253403475]
Timestep: 201, Trans probs: [0.3478669141702354, 0.03167851290884246, 0.3739530107964597, 0.03405404422571486, 0.09383941280634762, 0.008545489464080893, 0.1008763107983671, 0.009186304829951841]
Timestep: 202, Trans probs: [0.33910779706747357, 0.030241329128180422, 0.390111336192597, 0.034789778991979894, 0.08784554760911023, 0.007833987129360396, 0.10105796520373622, 0.009012258677562354]
Timestep: 203, Trans probs: [0.3303419794232229, 0.02888983095144698, 0.4064421147463627, 0.035545116025134466, 0.0819572327256286, 0.007167513504719767, 0.10083753522917398, 0.008818677394310673]
Timestep: 204, Trans probs: [0.3215944416694577, 0.027511378162206165, 0.42253017860436815, 0.03614610833503491, 0.0765258422211591, 0.006546541580751386, 0.10054426815868349, 0.008601241268339083]
Timestep: 205, Trans probs: [0.31262358681439967, 0.026304379298002188, 0.4377320368115518, 0.03683109660568887, 0.07167513138320254, 0.006030798447902199, 0.10035871435296223, 0.00844425628629049]
Timestep: 206, Trans probs: [0.30480995368814673, 0.02515194686807883, 0.45222533669498405, 0.0373161949054606, 0.0671347407788242, 0.005539745053072709, 0.09960314742114958, 0.008218934590283361]
Timestep: 207, Trans probs: [0.3343650781706408, 0.026967077580965868, 0.42931287544881436, 0.03462476907599576, 0.07079342642827723, 0.005709602908170508, 0.09089624319943829, 0.0073309271876970256]
Timestep: 208, Trans probs: [0.12479262025104161, 0.24958524050208322, 0.04187404641562506, 0.08374809283125012, 0.12479262025104161, 0.24958524050208322, 0.04187404641562506, 0.08374809283125012]
Timestep: 209, Trans probs: [0.3343650781706408, 0.026967077580965868, 0.42931287544881436, 0.03462476907599576, 0.07079342642827723, 0.005709602908170508, 0.09089624319943829, 0.0073309271876970256]
Timestep: 210, Trans probs: [0.324945577222326, 0.02562249161330008, 0.4447996203363868, 0.03507317945081755, 0.0663472763690472, 0.005231591538690481, 0.0908190337334984, 0.0071612297359334495]
Timestep: 211, Trans probs: [0.28858908962674157, 0.022364110914304153, 0.48679510258075326, 0.03772401680443583, 0.056831198686606195, 0.004404113933981324, 0.09586346188698779, 0.0074289055661898576]
Timestep: 212, Trans probs: [0.3092786380019184, 0.0235913724313097, 0.47147740335705335, 0.03596368338725704, 0.05877390710992474, 0.004483197225748375, 0.08959742350250555, 0.006834374984282875]
Timestep: 213, Trans probs: [0.34908016889466775, 0.025908141775739343, 0.4374112211174571, 0.03246392359352227, 0.06409922319666929, 0.004757336309170768, 0.08031885506390851, 0.005961130048864791]
Timestep: 214, Trans probs: [0.33835648708933946, 0.024513082081730208, 0.4534395637487598, 0.032850563442403974, 0.06010388324953228, 0.004354376167575875, 0.08054664130934282, 0.0058354029113154545]
Timestep: 215, Trans probs: [0.32801555858769027, 0.023217765034037673, 0.46902467106646356, 0.03319874415370681, 0.0563220928236658, 0.003986619180612874, 0.08053414043569711, 0.005700408718125903]
Timestep: 216, Trans probs: [0.31802581348505826, 0.022072979075362854, 0.483854067023935, 0.03358249627573177, 0.0528344796932747, 0.0036670430992612746, 0.08038397134667041, 0.005579150000705794]
Timestep: 217, Trans probs: [0.2836509554718306, 0.019413097058007794, 0.45963081443228987, 0.03145717452840148, 0.07352366683279911, 0.0050319664106596145, 0.11913847711245891, 0.008153848153552558]
Timestep: 218, Trans probs: [0.3270840214672599, 0.022121616016879734, 0.4516194689174115, 0.03054430000072062, 0.06634400095986671, 0.004487032132214926, 0.09160411549590285, 0.006195445009743788]
Timestep: 219, Trans probs: [0.2763088069123887, 0.018395914444796307, 0.47439290763859826, 0.03158383346392907, 0.06878324263196008, 0.004579407586868602, 0.11809353032794602, 0.007862356993513007]
Timestep: 220, Trans probs: [0.25790569120259454, 0.0428754307536315, 0.4023037922260185, 0.06688083657665517, 0.0770516636516902, 0.01280942368485785, 0.1201919055754703, 0.019981256329081945]
Timestep: 221, Trans probs: [0.3250064730490602, 0.030392452944572386, 0.41122426950858765, 0.038454970276297525, 0.07868907710261493, 0.007358481357791431, 0.09956373467350337, 0.00931054108757263]
Timestep: 222, Trans probs: [0.31582855902875184, 0.02905856889416306, 0.4260644180478044, 0.039201085181364205, 0.07400978362974882, 0.006809448781518752, 0.09984193794577714, 0.009186198490871744]
Timestep: 223, Trans probs: [0.3072059584154836, 0.027639790088700402, 0.4412564515194086, 0.0397005180439448, 0.06936297376849952, 0.006240692871902093, 0.09962977225372492, 0.008963843038336045]
Timestep: 224, Trans probs: [0.29874406724049424, 0.026234595024844067, 0.45581805819390975, 0.040028249840026, 0.06521180404784108, 0.005726658560410405, 0.09949893956715716, 0.008737627525317359]
Timestep: 225, Trans probs: [0.29063650324967705, 0.025025166228207017, 0.46954676854455724, 0.04043017929048817, 0.0613776796570818, 0.005284906124818716, 0.09916060378344024, 0.008538193121729707]
Timestep: 226, Trans probs: [0.28863805873628084, 0.02432143621370127, 0.4769257472643208, 0.04018707439880301, 0.05908834167421999, 0.004978946086648855, 0.0976335263304092, 0.008226869295616189]
Timestep: 227, Trans probs: [0.2496227174612372, 0.14850138964709098, 0.06387590395396356, 0.03799998893770831, 0.2496227174612372, 0.14850138964709098, 0.06387590395396356, 0.03799998893770831]
Timestep: 228, Trans probs: [0.30677069001291485, 0.02548032035672569, 0.4596434046943472, 0.03817790154911807, 0.06280035081472396, 0.005216186256928781, 0.09409558345767621, 0.007815562857565276]
Timestep: 229, Trans probs: [0.31211518124204746, 0.025321519248675834, 0.45975583870622544, 0.037299423479380714, 0.06190301809572874, 0.005022115419136033, 0.09118516404678594, 0.007397739762019938]
Timestep: 230, Trans probs: [0.2807367400356042, 0.022396199540292427, 0.44643706512383624, 0.035615194475179524, 0.07680532816767796, 0.006127261630176378, 0.12213843221483094, 0.009743778812402378]
Timestep: 231, Trans probs: [0.2687366660690569, 0.041442376481119425, 0.38757115831017686, 0.05976806250839807, 0.08602265666193704, 0.01326571239956509, 0.12406159967325889, 0.0191317678964877]
Timestep: 232, Trans probs: [0.30703822751504223, 0.033331761134473316, 0.4159025680462259, 0.04514996443773986, 0.07607831765115398, 0.008258985638316375, 0.10305286068068288, 0.01118731489636546]
Timestep: 233, Trans probs: [0.29971999619049045, 0.031857154642159755, 0.43025405565465497, 0.045731583346528985, 0.0714214184011371, 0.007591362604053078, 0.10252687614531687, 0.010897553015658796]
Timestep: 234, Trans probs: [0.2928360485601952, 0.0305274733178899, 0.44427605865275044, 0.04631474025477162, 0.06693358602760033, 0.006977669831206713, 0.10154825520302829, 0.010586168152557505]
Timestep: 235, Trans probs: [0.29334747204207007, 0.02996727816179559, 0.4504205821362404, 0.04601327831704932, 0.06450305460524766, 0.006589390275583253, 0.09904126053179241, 0.010117683930221286]
Timestep: 236, Trans probs: [0.31245612285018154, 0.031221394825756883, 0.43772420716051225, 0.04373849413443111, 0.06621421179897433, 0.006616289131396887, 0.09276042696196897, 0.009268853136778062]
Timestep: 237, Trans probs: [0.2648936802939457, 0.02582002690732069, 0.43243530571902616, 0.042150840355838756, 0.0812368973613047, 0.007918417960777888, 0.13261812251284513, 0.012926708888940876]
Timestep: 238, Trans probs: [0.31429514739263936, 0.029904176037639636, 0.40824883888365215, 0.038843568685097134, 0.08289736085691965, 0.007887418220377902, 0.10767824955972942, 0.010245240363944773]
Timestep: 239, Trans probs: [0.2555402354788533, 0.03649275572232544, 0.4428329525101482, 0.06323933579957224, 0.06464338194497253, 0.009231482243734873, 0.1120223577836621, 0.01599749851673128]
Timestep: 240, Trans probs: [0.27951731860598356, 0.03502376605002749, 0.43565862786547627, 0.05458840953445597, 0.06780057904379493, 0.008495472231663857, 0.10567469444117722, 0.013241132227420793]
Timestep: 241, Trans probs: [0.3280653838445958, 0.04026363551968158, 0.3944455978858198, 0.048410513780816074, 0.07636188102361786, 0.009371933451499642, 0.0918128193321209, 0.011268235161848163]
Timestep: 242, Trans probs: [0.32055408559299964, 0.038471170283877074, 0.4089009720741228, 0.04907408650495134, 0.07180082531846063, 0.008617147313032824, 0.09158962118398904, 0.010992091728566586]
Timestep: 243, Trans probs: [0.2772904741392107, 0.03240069706361896, 0.45958894484928925, 0.05370181655924547, 0.05964337963246766, 0.006969179454580975, 0.09885459642140378, 0.011550911880183097]
Timestep: 244, Trans probs: [0.3412190864524055, 0.03892471360417683, 0.40270913112936435, 0.04593921681805995, 0.07048737972752739, 0.008040878067896608, 0.0831896941662362, 0.009489900034333138]
Timestep: 245, Trans probs: [0.332705758994401, 0.03722112587664083, 0.4171488437250338, 0.04666811199335432, 0.06634457612914099, 0.007422233467791263, 0.08318330077407643, 0.009306049039561342]
Timestep: 246, Trans probs: [0.27403427233913613, 0.030042125802057174, 0.4815606432574817, 0.052793051404011304, 0.05280785163938204, 0.005789276314764507, 0.09279927940193883, 0.01017349984122825]
Timestep: 247, Trans probs: [0.35223009091579743, 0.03763852399266213, 0.40993414639865156, 0.04380465100105707, 0.06529835392333876, 0.006977636846513669, 0.0759958494948688, 0.008120747427110496]
Timestep: 248, Trans probs: [0.34291193699110584, 0.035920284352042434, 0.42490383740408416, 0.04450899783702944, 0.06134852327252801, 0.006426304140541644, 0.07601725150281666, 0.007962864499851816]
Timestep: 249, Trans probs: [0.26272627992443437, 0.03549928078543767, 0.4884627495832896, 0.06600053982293472, 0.045388784426018076, 0.006132881732700478, 0.08438718215533197, 0.011402301569852957]
Timestep: 250, Trans probs: [0.3515178669407414, 0.04693353544352419, 0.40434074887472393, 0.05398627681070936, 0.05876074818814635, 0.00784554617885549, 0.06759077464144804, 0.009024502921851299]
Timestep: 251, Trans probs: [0.23053631891878087, 0.030100290299117403, 0.4529483297332156, 0.05913981918082688, 0.06780577054150971, 0.008853153320166575, 0.13322200448542199, 0.017394313520960977]
Timestep: 252, Trans probs: [0.26261817736214516, 0.03353958810793804, 0.465050602078746, 0.05939271150130996, 0.057413302082325625, 0.007332388500672723, 0.10166885997344947, 0.012984370393413009]
Timestep: 253, Trans probs: [0.3552643384108754, 0.04432803947350977, 0.3795402225637621, 0.047357058248084775, 0.07458294966202868, 0.009306073194561856, 0.07967934367071187, 0.009941974776465613]
Timestep: 254, Trans probs: [0.24232652524756285, 0.0296079276881452, 0.4530454269072875, 0.05535397425276601, 0.06821558948404385, 0.008334713827074458, 0.1275335451946846, 0.015582297398435535]
Timestep: 255, Trans probs: [0.3560859486040093, 0.0425466262262699, 0.3548669430454015, 0.042400974385546734, 0.09131413729408575, 0.010910591905849823, 0.09100153736876618, 0.010873241170070796]
Timestep: 256, Trans probs: [0.24231829159158422, 0.028122084682458824, 0.4770630101169534, 0.055365223488739776, 0.059497333791853936, 0.006904922646512855, 0.11713509932017345, 0.01359403436172355]
Timestep: 257, Trans probs: [0.26157816912675025, 0.02969468121085756, 0.46524020175719233, 0.05281465010545512, 0.061626100806946985, 0.006995872109051019, 0.10960753976009482, 0.012442785123651831]
Timestep: 258, Trans probs: [0.37984048603863185, 0.04201577258595103, 0.3543964166292568, 0.03920129579040289, 0.08596199886707173, 0.00950862250914804, 0.08020373152555424, 0.008871676053983433]
Timestep: 259, Trans probs: [0.2696813373918241, 0.12844276971650406, 0.06900869993169419, 0.03286719295997768, 0.2696813373918241, 0.12844276971650406, 0.06900869993169419, 0.03286719295997768]
Timestep: 260, Trans probs: [0.38073168071149943, 0.041124577913083424, 0.3552279135607115, 0.038369798858948256, 0.0861636858337728, 0.009306935542446987, 0.08039190824948673, 0.008683499330050934]
Timestep: 261, Trans probs: [0.37154526108145114, 0.03918334069835352, 0.37130257019739654, 0.039157746401802355, 0.08090271132283763, 0.008532038578439425, 0.08084986621191842, 0.00852646550780097]
Timestep: 262, Trans probs: [0.2524930156739921, 0.025968924929561227, 0.4970432906554675, 0.051120938404251734, 0.05295704741419385, 0.005446636157912825, 0.1042482107470817, 0.01072193601753911]
Timestep: 263, Trans probs: [0.3906115878730736, 0.039246916100437186, 0.36526206490911894, 0.036699908710385754, 0.07897481736109518, 0.007935038609313909, 0.07384958808366844, 0.007420078352906887]
Timestep: 264, Trans probs: [0.3804579043249875, 0.037548603558209194, 0.3810380626054731, 0.03760586122857779, 0.07428148252273975, 0.007331076335267545, 0.0743947539692846, 0.007342255455460418]
Timestep: 265, Trans probs: [0.2502942046852783, 0.024048240959694284, 0.517458214645675, 0.04971733104256054, 0.04713758793598205, 0.004528974509692066, 0.09745224475623435, 0.009363201464883411]
Timestep: 266, Trans probs: [0.2526030154675021, 0.023865721515916438, 0.47254721512538816, 0.044645865443974746, 0.06567236313946118, 0.006204669912897992, 0.12285400574027619, 0.011607143654583327]
Timestep: 267, Trans probs: [0.38280624347912756, 0.035318670404352694, 0.3584445433036357, 0.03307099844590206, 0.09000392900642368, 0.008303989701902449, 0.08427609992729765, 0.007775525731358171]
Timestep: 268, Trans probs: [0.37364062809538073, 0.03364249842433506, 0.374822343390916, 0.03374889974147959, 0.0843340325719452, 0.00759341288013043, 0.0846007562864739, 0.007617428609339283]
Timestep: 269, Trans probs: [0.3648952006047366, 0.03209859781918073, 0.39040107135610225, 0.034342263085041354, 0.07915823937125237, 0.006963282842419728, 0.08469133440501209, 0.007450010516254895]
Timestep: 270, Trans probs: [0.35576838263168464, 0.03065873942317489, 0.4056892501299305, 0.034960726173897616, 0.074383030504645, 0.00641004108594129, 0.08482034194438749, 0.007309488106338454]
Timestep: 271, Trans probs: [0.3466588679357276, 0.029237945800086287, 0.42073303236602605, 0.035485518284518715, 0.0699406599330677, 0.0058989439287168025, 0.08488559982482952, 0.007159431927027274]
Timestep: 272, Trans probs: [0.33768367497074353, 0.027833408516409003, 0.43537676780348294, 0.03588571297643564, 0.06586785686729574, 0.005429125255897061, 0.08492366303319292, 0.006999790576543296]
Timestep: 273, Trans probs: [0.32878504823528726, 0.026719655359219358, 0.4491868262433683, 0.03650444949837049, 0.06206923104303096, 0.005044233217973778, 0.08479911434303812, 0.006891442059711746]
Timestep: 274, Trans probs: [0.2640312635761261, 0.02107340734522031, 0.5188478094004676, 0.04141135064681007, 0.04829729118779978, 0.0038548029391897135, 0.09490900203771283, 0.007575072866673638]
Timestep: 275, Trans probs: [0.2560364705337234, 0.03239275653335338, 0.4542904608070997, 0.05747509431634288, 0.06393121262565434, 0.00808833288924791, 0.11343438683997865, 0.01435128545459964]
Timestep: 276, Trans probs: [0.2781029206201718, 0.03212850459956246, 0.4499070338441728, 0.051976585409472094, 0.06433984350878151, 0.0074330142002725745, 0.10408717782065068, 0.012024919996916005]
Timestep: 277, Trans probs: [0.3259400331091066, 0.03656420732684143, 0.4098828123464933, 0.045980973823271355, 0.07234047457517458, 0.008115210903238027, 0.09097108103755706, 0.01020520687831763]
Timestep: 278, Trans probs: [0.31780944539752176, 0.03465874798508397, 0.42538562231627663, 0.04639048113216622, 0.06776731457448625, 0.007390372789346121, 0.09070605578419196, 0.00989196002092703]
Timestep: 279, Trans probs: [0.2692624393181401, 0.028719807353656736, 0.45950048400265536, 0.049010791898367975, 0.06460563498350785, 0.006890903147819811, 0.11025050734664722, 0.011759431949205064]
Timestep: 280, Trans probs: [0.27953911873186127, 0.029160935375159208, 0.433878448294912, 0.045261290973513404, 0.07527809294285626, 0.007852852986839076, 0.11684068514208973, 0.01218857555276917]
Timestep: 281, Trans probs: [0.2984757549770613, 0.03026353527349766, 0.4238082847355001, 0.04297145332718585, 0.07672049345199952, 0.0077789680436964595, 0.10893608673994959, 0.011045423451109567]
Timestep: 282, Trans probs: [0.31777340576419094, 0.031607376644443366, 0.4125174606254925, 0.041031107430288816, 0.07799417401152696, 0.0077577015235942215, 0.10124811586874298, 0.010070658131720296]
Timestep: 283, Trans probs: [0.3312418296455262, 0.032262329385090424, 0.406419522071003, 0.039584494819441686, 0.07794715633183968, 0.007591905994783564, 0.09563781862055622, 0.009314943131759115]
Timestep: 284, Trans probs: [0.32224188007747934, 0.030552898846759286, 0.42268613721806997, 0.04007637614094734, 0.07287675000100641, 0.006909703886180016, 0.09559276386894809, 0.009063489960609355]
Timestep: 285, Trans probs: [0.3135594918955939, 0.02910758380247965, 0.4383281444607084, 0.04068980058853947, 0.06804597002509684, 0.006316676184645763, 0.09512218430645056, 0.008830148736485535]
Timestep: 286, Trans probs: [0.3177817898252668, 0.02895312353329754, 0.4401427922343352, 0.040101443958945146, 0.06648641088750647, 0.006057582055818912, 0.0920868201722856, 0.008390037332544318]
Timestep: 287, Trans probs: [0.33499083161678966, 0.029778192225441633, 0.42961004095651323, 0.0381891358633283, 0.06736759541705463, 0.005988477942553609, 0.08639578368929939, 0.00767994228901962]
Timestep: 288, Trans probs: [0.3256534442419761, 0.028194677755194485, 0.44526104659977445, 0.038550157990937924, 0.06311253006943178, 0.005464205827039999, 0.08629281123584288, 0.0074711262798024675]
Timestep: 289, Trans probs: [0.3165622563530375, 0.026925582286405646, 0.4603381522133004, 0.03915461350252729, 0.058965074545816294, 0.00501534511725496, 0.0857457669598776, 0.007293209021780444]
Timestep: 290, Trans probs: [0.30785725279022075, 0.02551604058826643, 0.47465905779770073, 0.039341024694348734, 0.05545042427002213, 0.004595880926913225, 0.08549431887650345, 0.0070860000560245065]
Timestep: 291, Trans probs: [0.29974815340596966, 0.024244003741542387, 0.4888788901110172, 0.03954113313572308, 0.05189880835768325, 0.004197640217990434, 0.08464516474810507, 0.006846206281968914]
Timestep: 292, Trans probs: [0.2914534060917078, 0.02319147171151534, 0.5022877815612435, 0.03996794216037399, 0.048671697768729684, 0.0038728945291507193, 0.08388029985617003, 0.006674506321108789]
Timestep: 293, Trans probs: [0.31054369226727097, 0.0370782850326336, 0.45862427890636953, 0.054758805796451294, 0.05013211089808598, 0.005985672043749108, 0.07403725718215791, 0.008839897873281558]
Timestep: 294, Trans probs: [0.2998106242017334, 0.037586102731804016, 0.4687019183180092, 0.05875935350656749, 0.04684816213341536, 0.005873173572254549, 0.07323897717123644, 0.009181688364979651]
Timestep: 295, Trans probs: [0.291521352462862, 0.03550172447218854, 0.4824665757315003, 0.05875520024160858, 0.044238026341884375, 0.005387345417804594, 0.07321374199856553, 0.008916033333586072]
Timestep: 296, Trans probs: [0.2837409399912545, 0.03345533950801769, 0.4963315408756583, 0.058521481634072635, 0.041631649996008754, 0.0049087064592736075, 0.07282382652412443, 0.008586515011590008]
Timestep: 297, Trans probs: [0.30533457155778043, 0.03496445540306178, 0.48034872602110845, 0.05500566648314941, 0.043358832442510584, 0.004965104198749743, 0.06821160086545054, 0.007811043028189063]
Timestep: 298, Trans probs: [0.325663289636031, 0.03616718180864146, 0.46502683404170525, 0.05164447632854253, 0.04503976000745927, 0.0050019797768054335, 0.06431396374358093, 0.007142514657234226]
Timestep: 299, Trans probs: [0.3455478662279179, 0.03727566250722933, 0.44990346591732866, 0.04853292812783733, 0.046558772569111014, 0.0050224853418493216, 0.060619541299333043, 0.00653927800939326]
Timestep: 300, Trans probs: [0.31055755671532675, 0.032493330168161194, 0.4898155044811572, 0.05124891204363729, 0.04070607995980042, 0.004259036907602279, 0.06420217012860069, 0.006717409595714151]
Timestep: 301, Trans probs: [0.30131352538300615, 0.03068333390942514, 0.5039959405022164, 0.05132287278431095, 0.0382652003113645, 0.0038966187023042097, 0.06400477905835004, 0.006517729349022769]
Timestep: 302, Trans probs: [0.29247215074296623, 0.028861875178025447, 0.517556775680313, 0.051073782646588455, 0.03616132065537453, 0.0035684885565230966, 0.0639908328885144, 0.006314773651694784]
Timestep: 303, Trans probs: [0.2838198962757571, 0.027272388832805715, 0.5308445537359807, 0.05100910566607625, 0.034026775205913545, 0.0032696490144599236, 0.06364222007081531, 0.006115411198191332]
Timestep: 304, Trans probs: [0.2752914214116312, 0.025951662251905788, 0.543447381805198, 0.051230666149973667, 0.03198051547666107, 0.0030147962186266963, 0.06313210675237471, 0.005951449933629014]
Timestep: 305, Trans probs: [0.34393487164782693, 0.031727304009565714, 0.4784984202913703, 0.044140522233018446, 0.03893771382103344, 0.0035919262211433346, 0.054171984550028036, 0.004997257226013814]
Timestep: 306, Trans probs: [0.29904847048926353, 0.027030286085336176, 0.5274580122911706, 0.04767568597460851, 0.03278057701566746, 0.0029629590591993965, 0.05781797835699799, 0.005226030727756355]
Timestep: 307, Trans probs: [0.2896283478055382, 0.02558600388333246, 0.5405816162936279, 0.04775541979417531, 0.03091606363985061, 0.002731150214887374, 0.057703797913760416, 0.005097600454827693]
Timestep: 308, Trans probs: [0.3358001936143794, 0.02904191250879034, 0.4979730007024936, 0.04306754014188971, 0.03488821148806111, 0.0030173311537395674, 0.051737276196463344, 0.004474534194182995]
Timestep: 309, Trans probs: [0.31330381020480436, 0.02643044738215111, 0.5237136559147362, 0.04418071461346104, 0.03188562135315973, 0.0026898850571621894, 0.05329949648253652, 0.004496368991988809]
Timestep: 310, Trans probs: [0.3262367339893306, 0.026817657223466216, 0.5148485316752696, 0.04232212380143503, 0.03217653443901819, 0.0026450095324117213, 0.05077920351810858, 0.004174205820960074]
Timestep: 311, Trans probs: [0.33614774602479974, 0.027042252155527455, 0.5083020028015441, 0.04089163498334115, 0.03228032827882187, 0.0025968723196933257, 0.04881233240221085, 0.003926831034061507]
Timestep: 312, Trans probs: [0.316562464653192, 0.024978249422283154, 0.5306265110388289, 0.04186889736698323, 0.029772277341288556, 0.002349171024160448, 0.04990471523083345, 0.003937713922430449]
Timestep: 313, Trans probs: [0.3574724294875016, 0.02743868725026573, 0.49344504806863293, 0.03787560447265471, 0.032682596209524725, 0.0025086341265689784, 0.04511415126681959, 0.003462849118031696]
Timestep: 314, Trans probs: [0.3459910645228561, 0.0259138402639152, 0.5082900151972021, 0.038069613964534045, 0.030796943432875205, 0.0023066118017728175, 0.04524330380355653, 0.0033886070132880574]
Timestep: 315, Trans probs: [0.30893234381165524, 0.0226164480016718, 0.5484066612002044, 0.040147983806986975, 0.02682593232215917, 0.0019638840529768785, 0.04762052362942948, 0.003486223174916211]
Timestep: 316, Trans probs: [0.3669186091431636, 0.026142959336123296, 0.49357833893030734, 0.035167467995093175, 0.03112399599663662, 0.00221758543023436, 0.04186795071737415, 0.0029830924510674144]
Timestep: 317, Trans probs: [0.3551594437936059, 0.0248837885625502, 0.5075593550075241, 0.03556149186980726, 0.029560295397826224, 0.002071103988307564, 0.042244700874888234, 0.0029598205054904513]
Timestep: 318, Trans probs: [0.26396307742630687, 0.018245667768236752, 0.4953586138370102, 0.03424020049443331, 0.06119166439506074, 0.004229692992003473, 0.11483355304333903, 0.007937530043609593]
Timestep: 319, Trans probs: [0.2722158826920733, 0.018352587160946964, 0.4608807242199373, 0.03107222686052719, 0.07565431665319418, 0.005100556318568029, 0.12808810384120878, 0.008635602253544266]
Timestep: 320, Trans probs: [0.3623783757987374, 0.0241087107792839, 0.47445869077863606, 0.03156531436923474, 0.043642769661750604, 0.002903514618009161, 0.05714107887929862, 0.003801545115049489]
Timestep: 321, Trans probs: [0.3011925736253256, 0.019609435551871904, 0.5391721786631242, 0.03510332928065224, 0.035306296991059236, 0.0022986508169443465, 0.06320266412968446, 0.004114870941337985]
Timestep: 322, Trans probs: [0.27025119829867755, 0.030524859335586785, 0.4388486442469898, 0.049567932425770435, 0.07218889370240922, 0.008153731934325531, 0.11722426516673609, 0.013240474889504517]
Timestep: 323, Trans probs: [0.1871988143841122, 0.08915831714452949, 0.03859454383156664, 0.018381657973124996, 0.3743976287682244, 0.17831663428905897, 0.07718908766313327, 0.03676331594624999]
Timestep: 324, Trans probs: [0.3519284407074989, 0.039587485267584696, 0.4244465682224564, 0.047744854700017846, 0.05553415777183884, 0.006246888282801834, 0.06697748734940252, 0.0075341176983989505]
Timestep: 325, Trans probs: [0.2880642845543547, 0.031214321111773587, 0.49459787837749536, 0.05359406849329143, 0.044009563614798186, 0.00476882669709139, 0.07556312239774171, 0.008187934753453644]
Timestep: 326, Trans probs: [0.30744382948097954, 0.0324903861486685, 0.480516459063203, 0.050780545285655815, 0.0454404823192382, 0.004802109119659958, 0.0710207770278742, 0.007505411554720679]
Timestep: 327, Trans probs: [0.32599839501764066, 0.03362574781720892, 0.4667947039646043, 0.048148460967340385, 0.046755528119592556, 0.004822691220687651, 0.0669488968070316, 0.006905576085893828]
Timestep: 328, Trans probs: [0.3778598647967318, 0.037635146261664636, 0.4206048513883102, 0.041892581285075635, 0.05250814975096984, 0.005229853921824173, 0.05844807713188182, 0.005821475463541886]
Timestep: 329, Trans probs: [0.288384789452285, 0.027786660550306486, 0.43729727524432127, 0.04213478446580263, 0.07408820863242413, 0.007138600853253649, 0.11234493963507881, 0.010824741166527822]
Timestep: 330, Trans probs: [0.3828975423320759, 0.0357117797316676, 0.3941877141464654, 0.0367647823874498, 0.06780249379255965, 0.006323748407550978, 0.06980172784274366, 0.0065102113594868284]
Timestep: 331, Trans probs: [0.37144840024980263, 0.03370184116257566, 0.41151431751173667, 0.03733705719442964, 0.0635020649940964, 0.005761598398289857, 0.07035165293229825, 0.006383067556770897]
Timestep: 332, Trans probs: [0.2765877365885044, 0.03124057101860311, 0.4437250359081418, 0.05011872062008357, 0.0684258281373992, 0.007728693866906593, 0.10977440078076736, 0.012399013079593992]
Timestep: 333, Trans probs: [0.2934581174264203, 0.04113764059674322, 0.43009568116833224, 0.06029181168774643, 0.06225591326894414, 0.008727178540978627, 0.09124300141697995, 0.012790655893855064]
Timestep: 334, Trans probs: [0.36065075862039203, 0.0490068245839316, 0.37025346239315965, 0.05031168256100522, 0.07375165700649522, 0.010021702246011125, 0.07571537203566438, 0.010288540553340506]
Timestep: 335, Trans probs: [0.28913992876430605, 0.038084577232358294, 0.4488886567769614, 0.05912616355276009, 0.05703621458855025, 0.00751262590684832, 0.08854850958743647, 0.011663323590779184]
Timestep: 336, Trans probs: [0.3817361482732033, 0.04844394112154894, 0.36331902008749456, 0.04610672920831415, 0.07292499232647898, 0.009254491749167539, 0.06940667492925577, 0.008808002304536742]
Timestep: 337, Trans probs: [0.27231390811830253, 0.03336015378911154, 0.4473470745973015, 0.05480280940770685, 0.06478170472680682, 0.007936163258573707, 0.10642095476215391, 0.013037231340043044]
Timestep: 338, Trans probs: [0.29153836572276653, 0.034740234297943644, 0.4338667606760835, 0.05170034099151824, 0.06756726865638242, 0.00805143686037863, 0.1005534620014715, 0.011982130793455637]
Timestep: 339, Trans probs: [0.31137269284531693, 0.035850140776689375, 0.4214347544188574, 0.04852222311482889, 0.06966057375601971, 0.008020425146847683, 0.09428375534565252, 0.010855434595787541]
Timestep: 340, Trans probs: [0.39249802394716476, 0.043526676625977735, 0.34796743128746926, 0.038588387543221435, 0.08465650948577921, 0.009388114812948845, 0.0750518635770132, 0.008322992720425509]
Timestep: 341, Trans probs: [0.3057539463956604, 0.032888106469614285, 0.4414971595088454, 0.04748918455223991, 0.06367990523529748, 0.006849663031473259, 0.09195137989419365, 0.0098906549126756]
Timestep: 342, Trans probs: [0.32612509220458535, 0.03423068248198083, 0.4268510001451372, 0.044803056870944775, 0.0658475501585389, 0.006911478557066269, 0.08618500481602694, 0.009046134765719593]
Timestep: 343, Trans probs: [0.41539886304018875, 0.04241652636739636, 0.34363705938943523, 0.03508890294915504, 0.08116817715823736, 0.008288111578901424, 0.06714605213533985, 0.006856307381346077]
Timestep: 344, Trans probs: [0.40323497569939487, 0.04007719092538498, 0.36188149469742154, 0.035967102630909055, 0.0761442262076888, 0.007567911702843455, 0.06833530832692188, 0.006791789809435442]
Timestep: 345, Trans probs: [0.39151366677851007, 0.03760797947673555, 0.37999046023859895, 0.03650108448983761, 0.07148013576975834, 0.006866231519177448, 0.06937630022615318, 0.006664141501229005]
Timestep: 346, Trans probs: [0.3237479095693025, 0.030041686469696238, 0.4536466480380008, 0.042095438968290676, 0.05734194973856142, 0.0053209575249417536, 0.08034950194881023, 0.007455907742396374]
Timestep: 347, Trans probs: [0.41174941024421213, 0.03708347770577174, 0.37102640121900093, 0.033415832386249185, 0.07080234808401763, 0.0063766874496133325, 0.06379982521866247, 0.005746017692472605]
Timestep: 348, Trans probs: [0.39879823867057185, 0.034921531135946295, 0.38917135420104504, 0.03407853456989964, 0.06656040580298139, 0.005828489341925358, 0.06495365513365498, 0.0056877911439753535]
Timestep: 349, Trans probs: [0.38593048441692385, 0.032957173992031776, 0.40692297704999114, 0.03474986272787942, 0.06253360989145682, 0.005340161362625455, 0.06593509383214329, 0.00563063672694832]
Timestep: 350, Trans probs: [0.3196341563121103, 0.026559814840250075, 0.47806061176350173, 0.03972416927325179, 0.05032188196109305, 0.004181467596330581, 0.07526388904419919, 0.006254009209263347]
Timestep: 351, Trans probs: [0.4066868768342351, 0.0327320667112991, 0.3957787584184138, 0.03185413019546964, 0.06235875775184224, 0.0050189252101168775, 0.06068617682394113, 0.004884308054682034]
Timestep: 352, Trans probs: [0.31107010139648017, 0.024476627846113874, 0.4956000568243965, 0.03899641301734215, 0.04642289713965142, 0.0036527971403378635, 0.0739614329923663, 0.005819673643311843]
Timestep: 353, Trans probs: [0.3331771359272347, 0.02556941254790761, 0.4776040806764973, 0.03665334279135108, 0.04846733149220107, 0.003719586551374103, 0.06947714234878129, 0.005331967664652936]
Timestep: 354, Trans probs: [0.17728213128049117, 0.10610359907962064, 0.031246518645071764, 0.01870108432814978, 0.35456426256098234, 0.21220719815924127, 0.06249303729014353, 0.03740216865629956]
Timestep: 355, Trans probs: [0.3530506994538621, 0.027094593269553425, 0.45773051714986984, 0.03512816206970526, 0.05135834197134371, 0.003941454835990327, 0.06658613186963865, 0.005110099380036711]
Timestep: 356, Trans probs: [0.37328390690325475, 0.027931442707922752, 0.4418254352175991, 0.03306014966748034, 0.05279018137275713, 0.00395009240764341, 0.06248339247659924, 0.004675399246743056]
Timestep: 357, Trans probs: [0.4308520269785541, 0.031486381774124446, 0.38809490910070515, 0.0283617198188258, 0.059423871847426604, 0.004342657335526129, 0.05352673470000156, 0.003911698444836175]
Timestep: 358, Trans probs: [0.4157675939257795, 0.02989227060362392, 0.4068577302759709, 0.02925168182481444, 0.05574758010556876, 0.004008060691498586, 0.054552914275898375, 0.003922168296845565]
Timestep: 359, Trans probs: [0.4004621989807589, 0.0283088205301748, 0.4252979115212003, 0.030064466208682764, 0.05248098836010179, 0.0037099004213471264, 0.055735734361265214, 0.0039399796164690274]
Timestep: 360, Trans probs: [0.3646820637756089, 0.02522329227748644, 0.4646011278583069, 0.03213421005435174, 0.04662554510986202, 0.003224863158136585, 0.05940045589513604, 0.004108441871111204]
Timestep: 361, Trans probs: [0.4206057301440964, 0.028443775030025514, 0.41233742860528333, 0.027884624994742258, 0.05237209760055501, 0.0035417020150685517, 0.05134256266047422, 0.003472078949754686]
Timestep: 362, Trans probs: [0.35327504358400236, 0.02354145336103356, 0.48252674210546437, 0.032154495487384194, 0.04299634320435056, 0.00286517948726692, 0.05872728851255654, 0.0039134542579415815]
Timestep: 363, Trans probs: [0.343654366651673, 0.022340619517545277, 0.4257115642755831, 0.027675074157692277, 0.07575260603750579, 0.004924599577871191, 0.09384068280111747, 0.006100486981011899]
Timestep: 364, Trans probs: [0.4262000647327829, 0.02699743158876791, 0.387410215891698, 0.024540307864297287, 0.06643247310112575, 0.004208132039925408, 0.06038623847338641, 0.0038251363080163215]
Timestep: 365, Trans probs: [0.41212491664317835, 0.025821156483159875, 0.4052478761239927, 0.025390284356249217, 0.062354012052006545, 0.003906710411158412, 0.06131352396187073, 0.0038415199683841834]
Timestep: 366, Trans probs: [0.3987437458736725, 0.02430238913109674, 0.42279611029599123, 0.025768317877974997, 0.05873550313802722, 0.003579775401727091, 0.06227844955567873, 0.0037957087258316167]
Timestep: 367, Trans probs: [0.33380986849241573, 0.019815629275116615, 0.44460929235765817, 0.026392907284080083, 0.0709908307093511, 0.004214159364497718, 0.09455437356635259, 0.005612938950528058]
Timestep: 368, Trans probs: [0.39943946851166784, 0.023255449130967082, 0.39251889006318424, 0.022852531610910144, 0.07718087736372975, 0.004493486770607387, 0.07584366269511246, 0.004415633853821062]
Timestep: 369, Trans probs: [0.387613523898544, 0.022038495358502903, 0.4100376340969327, 0.02331346028633938, 0.07218729726891573, 0.004104344450634492, 0.07636345679142434, 0.004341787848706597]
Timestep: 370, Trans probs: [0.3307565714703929, 0.018427988178954413, 0.471830609338579, 0.026287879490063292, 0.059607386342022554, 0.003321004949367986, 0.08503108281056218, 0.004737477420057842]
Timestep: 371, Trans probs: [0.3511490933131275, 0.019315896252976545, 0.4565251034751028, 0.025112385888295837, 0.06094816258768447, 0.0033526169019706467, 0.07923804093991611, 0.004358700640926041]
Timestep: 372, Trans probs: [0.40972632927442376, 0.021996460148128356, 0.40303775407293085, 0.021637379055810115, 0.06870352031443207, 0.003688399154891377, 0.06758197007614457, 0.003628187903238835]
Timestep: 373, Trans probs: [0.39769931655523677, 0.020951482992073212, 0.41934370023478823, 0.02209174629567646, 0.06469537742906184, 0.0034082635887117112, 0.06821635801182208, 0.0035937548926296935]
Timestep: 374, Trans probs: [0.3431188920475413, 0.017961107662879325, 0.47744618649192394, 0.02499268491932651, 0.05423072418243841, 0.0028387940689133776, 0.07546145972053629, 0.003950150906440875]
Timestep: 375, Trans probs: [0.34934844655659353, 0.017916589303819227, 0.44051678319403575, 0.022592223791808225, 0.07136370065737617, 0.003659939319844018, 0.08998725530418741, 0.004615061872335739]
Timestep: 376, Trans probs: [0.3999873159638259, 0.020186771868032992, 0.3932926983593273, 0.01984890435840938, 0.08000762532909858, 0.004037867241689327, 0.07866853172376347, 0.0039702851558531685]
Timestep: 377, Trans probs: [0.388217661665514, 0.01935294301544891, 0.4097881517395731, 0.020428248202306282, 0.07516701668752762, 0.003747132431724299, 0.07934351236883928, 0.003955333889066375]
Timestep: 378, Trans probs: [0.3774642967173866, 0.01839816395437474, 0.42624335106896694, 0.020775726673032773, 0.07036173756466176, 0.0034295343826877683, 0.07945446249463836, 0.0038727271442511022]
Timestep: 379, Trans probs: [0.33854918003881435, 0.01620041247903548, 0.4586745987955125, 0.021948709765864702, 0.06671795228190026, 0.0031926184154381096, 0.0903910917517221, 0.004325436471712472]
Timestep: 380, Trans probs: [0.3433479415782455, 0.01606363044112127, 0.42289605252342793, 0.019785311283706194, 0.0847170945817468, 0.003963513202238234, 0.1043446619053346, 0.00488179448417943]
Timestep: 381, Trans probs: [0.36371874346771865, 0.016850505215099433, 0.41008352382800417, 0.018998511022579278, 0.08551014168937343, 0.003961547526374765, 0.09641048435581226, 0.00446654289503797]
Timestep: 382, Trans probs: [0.38118595839683894, 0.017546489205934546, 0.39859206685685905, 0.01834771518890507, 0.08614141225679595, 0.00396520209376202, 0.0900748907378688, 0.004146265263035605]
Timestep: 383, Trans probs: [0.3698312093808801, 0.01683290365343524, 0.41576043351728564, 0.01892337678051232, 0.08044229697988083, 0.0036613390118972553, 0.09043240109851731, 0.004116039577591288]
Timestep: 384, Trans probs: [0.3576802306609495, 0.015898748013396826, 0.4345323663920093, 0.01931479574413569, 0.07460032348082551, 0.0033159555465166633, 0.09062914949431562, 0.004028430667851016]
Timestep: 385, Trans probs: [0.3912341068276737, 0.0171712573473049, 0.4064562451163663, 0.01783935670104181, 0.07860335320386751, 0.003449899644918281, 0.08166165280388486, 0.0035841283549427594]
Timestep: 386, Trans probs: [0.3486327740021185, 0.014944490875624727, 0.45450141837616403, 0.019482655695014516, 0.06761467891831732, 0.0028983705133440755, 0.0881470985032446, 0.003778513116172287]
Timestep: 387, Trans probs: [0.3682585831293945, 0.0156054273328033, 0.4396727505910338, 0.018631693798570034, 0.06901567121702107, 0.0029246271270843296, 0.0823994643655381, 0.0034917824385548744]
Timestep: 388, Trans probs: [0.3693116256706054, 0.015612722372018953, 0.4064761154992414, 0.017183858565575288, 0.08742691794604042, 0.0036959903313475706, 0.09622484516226244, 0.004067924452908686]
Timestep: 389, Trans probs: [0.39395919810298585, 0.016546022731352254, 0.37919640132070176, 0.015925995143941666, 0.09504985476911935, 0.0039920303046470755, 0.09148806030690379, 0.0038424373203481844]
Timestep: 390, Trans probs: [0.38266741531047016, 0.015724304781537655, 0.39727854059225487, 0.01632469503672991, 0.08860080207727118, 0.0036407228836596167, 0.09198378523032409, 0.0037797340877524775]
Timestep: 391, Trans probs: [0.3587486581803022, 0.014577611684953067, 0.4244510856928749, 0.017247404179495832, 0.0814203721394528, 0.003308485038839606, 0.09633197104458509, 0.00391441203949626]
Timestep: 392, Trans probs: [0.3785347663802478, 0.015151646778943147, 0.3633474489844344, 0.014543742593809703, 0.11206366993525642, 0.004485583080908988, 0.10756752671406346, 0.004305615532336124]
Timestep: 393, Trans probs: [0.3309641464536977, 0.013164717788619064, 0.420261776445136, 0.016716697997430807, 0.09274733347033887, 0.0036891986152184967, 0.11777154577753363, 0.004684583452025269]
Timestep: 394, Trans probs: [0.3506339629324387, 0.013783074729506363, 0.4093412224094827, 0.016090799108997033, 0.09329131476083209, 0.003667189430848741, 0.108911243237852, 0.004281193390042486]
Timestep: 395, Trans probs: [0.37039199392870964, 0.01435439240742329, 0.39792506817049667, 0.015421425600169349, 0.0937043577128996, 0.0036314746078324016, 0.1006698674430716, 0.0039014201293974776]
Timestep: 396, Trans probs: [0.4103928902673332, 0.015610814420204771, 0.3653677285419893, 0.01389811553919787, 0.09924129482613389, 0.003775010418290675, 0.0883533007712942, 0.0033608452155561063]
Timestep: 397, Trans probs: [0.36707087310165876, 0.013751641655800735, 0.4244415871675034, 0.015900930959810437, 0.0799414306396849, 0.002994860088788743, 0.09243573976448906, 0.003462936622263858]
Timestep: 398, Trans probs: [0.40436340164693135, 0.015040876581959461, 0.33499175309729484, 0.012460498635111538, 0.12293653758334336, 0.004572800806584868, 0.1018458299564762, 0.0037883016922983528]
Timestep: 399, Trans probs: [0.3934105787591884, 0.01448813009346602, 0.35502000702880726, 0.01307432063428327, 0.11356636593818338, 0.004182308185875494, 0.10248410747055514, 0.0037741818896411083]
Timestep: 400, Trans probs: [0.3557651678075223, 0.012973665385424455, 0.4413340940778636, 0.016094101890389095, 0.0748561899205, 0.002729775840735962, 0.09286066134096066, 0.003386343736603915]
Timestep: 401, Trans probs: [0.3585320950262311, 0.01300524943878316, 0.40878938349533306, 0.014828262166861885, 0.09236376738780343, 0.0033503662591106245, 0.1053108718900161, 0.003820004335860627]
Timestep: 402, Trans probs: [0.34596857850435847, 0.012572359649126454, 0.3647510502491577, 0.013254907153573298, 0.12374839483661863, 0.004496967130986066, 0.13046663711032783, 0.00474110536585173]
Timestep: 403, Trans probs: [0.39269352383135236, 0.014265300791940005, 0.3289636103559871, 0.01195019669676569, 0.13238722815617976, 0.004809204929669668, 0.11090221227580538, 0.004028722962300187]
Timestep: 404, Trans probs: [0.38320301083299096, 0.013866444644806733, 0.34908687218455464, 0.01263193047166714, 0.12181667908069842, 0.004408014001807699, 0.11097147537476927, 0.0040155734087053115]
Timestep: 405, Trans probs: [0.3733465933928638, 0.013300222233450693, 0.36843621190537107, 0.013125293183097861, 0.11264995640430772, 0.004013079217222777, 0.11116834583042329, 0.0039602978332625985]
Timestep: 406, Trans probs: [0.36276750255075957, 0.012850700811792024, 0.41124176918365885, 0.014567856547050468, 0.08988398942599939, 0.0031840565865520823, 0.10189460349376561, 0.003609521400421863]
Timestep: 407, Trans probs: [0.37058401098543675, 0.012980724935441675, 0.33919574508324346, 0.011881264532945017, 0.13385779787817162, 0.00468873778471996, 0.12252011457740122, 0.0042916042226402015]
Timestep: 408, Trans probs: [0.3305279319593006, 0.033996658404286034, 0.40225026195608893, 0.041373703782588686, 0.07846609452693265, 0.008070679522113792, 0.09549270735163282, 0.009821962497056568]
Timestep: 409, Trans probs: [0.3085629288440893, 0.022283908387777874, 0.34563575019751724, 0.02496124671163618, 0.13133391510201461, 0.009484719837554629, 0.14711325317889495, 0.010624277740515312]
Timestep: 410, Trans probs: [0.3276070511142751, 0.02312128135330568, 0.3391800047405486, 0.023938057170467476, 0.1313250856789029, 0.009268433766615533, 0.1359642383508586, 0.009595847825026056]
Timestep: 411, Trans probs: [0.3661431370914889, 0.0252674589635637, 0.31210480760590903, 0.021538285494458784, 0.13884448322941606, 0.00958162785785021, 0.11835270509148121, 0.008167494665832074]
Timestep: 412, Trans probs: [0.36063993084355267, 0.024345828760824716, 0.4021820052974484, 0.027150222130849843, 0.08223365980093536, 0.005551372514980836, 0.09170614613952871, 0.006190834511879586]
Timestep: 413, Trans probs: [0.3204088571776929, 0.021307392870481275, 0.3290563812074782, 0.021882458720665868, 0.1421718150998293, 0.009454516164518775, 0.1460088943811681, 0.009709684378165655]
Timestep: 414, Trans probs: [0.39522027958671835, 0.025745317682748067, 0.3745933112430691, 0.024401642066217068, 0.08677885964962677, 0.005652921738131702, 0.08224977831614201, 0.005357889717346988]
Timestep: 415, Trans probs: [0.34543604348270723, 0.022175451521892705, 0.27452645508863704, 0.017623372578373923, 0.17814124365487832, 0.01143587239157395, 0.14157319436789778, 0.009088366914039105]
Timestep: 416, Trans probs: [0.33976065773812403, 0.021497465455957727, 0.29448926564679107, 0.018633036731026682, 0.1640509074477938, 0.010379891360452066, 0.1421919523720346, 0.008996823247820094]
Timestep: 417, Trans probs: [0.3187864734545182, 0.019937936690780676, 0.32860090667108854, 0.02055176307433891, 0.14464875759745907, 0.009046800951514281, 0.14910203805166455, 0.0093253235086356]
Timestep: 418, Trans probs: [0.36566980973515534, 0.02234917633073733, 0.2947288042159951, 0.018013371188453815, 0.1561482216293464, 0.009543539132893884, 0.12585501295445606, 0.007692064812962196]
Timestep: 419, Trans probs: [0.3571836750963029, 0.0214622697186398, 0.3154420990673874, 0.01895412327837443, 0.14374557081153605, 0.008637310232012214, 0.12694702403799762, 0.007627927757749745]
Timestep: 420, Trans probs: [0.3488469976636832, 0.020632392770059505, 0.3353416115808634, 0.01983362301702104, 0.13255060281179565, 0.00783964350399176, 0.12741899188072028, 0.007536136771865166]
Timestep: 421, Trans probs: [0.32886646692754723, 0.018998125040795063, 0.3666931498827685, 0.021183316067948734, 0.1181202322485188, 0.0068236295511378605, 0.13170658727463397, 0.0076084930066498396]
Timestep: 422, Trans probs: [0.34891022876899147, 0.019771226720512222, 0.35718007049564815, 0.020239842720385176, 0.11873430775603866, 0.00672815734416882, 0.12154853861459196, 0.006887627579663573]
Timestep: 423, Trans probs: [0.40249269519742986, 0.02251414724875509, 0.3792666453105875, 0.02121495669598543, 0.08508856399785159, 0.00475958068777638, 0.08017848424784647, 0.004484926613767607]
Timestep: 424, Trans probs: [0.35886130404820726, 0.01980302252400511, 0.318631056354863, 0.01758299909927114, 0.1431280036029809, 0.007898224320070361, 0.1270825983953236, 0.007012791655278668]
Timestep: 425, Trans probs: [0.3504712590002262, 0.01881714512842011, 0.3384695579831594, 0.018172762046993432, 0.13231759031641982, 0.007104261008818701, 0.1277864451297745, 0.006860979386187864]
Timestep: 426, Trans probs: [0.34174687475861093, 0.01811318291948082, 0.3578221137923507, 0.018965198743468015, 0.12217506208258513, 0.00647549227557356, 0.12792198611320513, 0.006780089314725729]
Timestep: 427, Trans probs: [0.350627685881208, 0.018102681080829925, 0.35918516020749275, 0.01854449795617675, 0.11909296101098239, 0.0061486926987389745, 0.12199956250690075, 0.006298758657670408]
Timestep: 428, Trans probs: [0.37014129260896383, 0.018637686046382176, 0.3491220825173949, 0.017579307944689336, 0.11980034947681471, 0.006032294549083403, 0.11299724816124006, 0.0056897386954316955]
Timestep: 429, Trans probs: [0.4042864524435286, 0.03997028136759069, 0.3517301466774269, 0.03477423703710291, 0.0823594002748331, 0.008142564219885469, 0.07165286831613112, 0.007084049663501229]
Timestep: 430, Trans probs: [0.3355765106657959, 0.06482475044186144, 0.27066529325306593, 0.052285572829849504, 0.12834209557255372, 0.02479239175641242, 0.10351663430177908, 0.019996751178682045]
Timestep: 431, Trans probs: [0.33438543576307006, 0.03898028588318546, 0.32270534357805664, 0.037618703458177014, 0.12137318325588804, 0.014148826102638795, 0.11713361472927976, 0.013654607229704267]
Timestep: 432, Trans probs: [0.32724862845064356, 0.03664810996703468, 0.34164332668884456, 0.03826015181568504, 0.11271982141721883, 0.01262333300011306, 0.11767803261720708, 0.013178596043253233]
Timestep: 433, Trans probs: [0.400244124702063, 0.04339149243011491, 0.35349741999442486, 0.03832356223884921, 0.07882818737980624, 0.008545966036395167, 0.06962141138821558, 0.007547835830131052]
Timestep: 434, Trans probs: [0.3982997875085671, 0.04145121448343919, 0.3263738728401072, 0.033965856445743195, 0.09951848726687831, 0.010356927847163517, 0.0815472042092952, 0.008486649398806443]
Timestep: 435, Trans probs: [0.32837629106445787, 0.03276646308631684, 0.31623924113183205, 0.031555388445985676, 0.13481876480548696, 0.013452658430430621, 0.12983575560285868, 0.012955437432631342]
Timestep: 436, Trans probs: [0.3220299569695754, 0.031013954932534515, 0.3353456206070498, 0.03229635547637099, 0.12480820420174595, 0.012019987384866856, 0.12996891683229378, 0.012517003595562728]
Timestep: 437, Trans probs: [0.3155787306080696, 0.029352102988553713, 0.354233240271855, 0.03294737427454088, 0.11547412535877329, 0.01074029423184835, 0.12961828420622548, 0.012055848060133711]
Timestep: 438, Trans probs: [0.3084240657594488, 0.02800859185500453, 0.3723011559869478, 0.0338093951894068, 0.10693770997034467, 0.009711222323371738, 0.12908536479642904, 0.011722494119046502]
Timestep: 439, Trans probs: [0.36041327998479367, 0.06530064194116172, 0.32249935221792647, 0.05843129511301011, 0.08639228187105379, 0.01565278467313863, 0.07730418518767919, 0.014006179011236432]
Timestep: 440, Trans probs: [0.2944193700921774, 0.04271100701027639, 0.3252565846040443, 0.047184518670808036, 0.12050622688308919, 0.017481670107419096, 0.1331279384479433, 0.019312684184242205]
Timestep: 441, Trans probs: [0.2887369577892735, 0.04019518818825562, 0.34429522955175035, 0.04792947757748173, 0.11164328756981542, 0.015541907029093806, 0.13312549808679064, 0.018532454207538938]
Timestep: 442, Trans probs: [0.3528090834769366, 0.05973459970237099, 0.3428932608673649, 0.05805573789851608, 0.08088760649612473, 0.013695193863240687, 0.07861423204265534, 0.01331028565279075]
Timestep: 443, Trans probs: [0.275278286410278, 0.05369727538380346, 0.3006229910203047, 0.05864115090959556, 0.1246961482536632, 0.024323906906689233, 0.13617684687580925, 0.026563394239856576]
Timestep: 444, Trans probs: [0.27147022235537976, 0.05042666065449732, 0.3196857967062816, 0.059382893072768776, 0.11581017042522838, 0.021512194279369228, 0.13637910735790762, 0.02533295514856744]
Timestep: 445, Trans probs: [0.2670952807519741, 0.04764261276918823, 0.33770936368224946, 0.06023826552511435, 0.10767770429393535, 0.019206805732801046, 0.13614530701363423, 0.024284660231103258]
Timestep: 446, Trans probs: [0.26273799026069045, 0.044716605976218626, 0.35589805044985295, 0.0605719518288159, 0.10019758452077163, 0.017053094995278857, 0.13572504286625905, 0.02309967910211241]
Timestep: 447, Trans probs: [0.3075082531409135, 0.05034165101140995, 0.32400564888953537, 0.05304241149797046, 0.11092841151016605, 0.018159900823656493, 0.11687956854662634, 0.019134154579721684]
Timestep: 448, Trans probs: [0.2884609431036052, 0.0452263864326011, 0.35588597809322575, 0.05579762930126564, 0.09854226403972004, 0.015449961667091599, 0.12157559232793891, 0.019061245034551855]
Timestep: 449, Trans probs: [0.28209081985595885, 0.042766747416478214, 0.37345635200447497, 0.05661833832596938, 0.09157293210991316, 0.013883034051695449, 0.12123220878149825, 0.018379567454011803]
Timestep: 450, Trans probs: [0.33419262691351226, 0.048747192104984675, 0.3809486070856192, 0.055567278976908434, 0.07363005934195609, 0.010740089273042649, 0.08393144039413145, 0.01224270590984535]
Timestep: 451, Trans probs: [0.286142954310644, 0.040155688262812995, 0.3445678248620958, 0.048354705059544346, 0.11170817306644196, 0.01567649493544614, 0.13451682675728446, 0.01887733274573033]
Timestep: 452, Trans probs: [0.2886152292360154, 0.03897863880929597, 0.35503527981929245, 0.04794893177766736, 0.10643526198230364, 0.01437450700145972, 0.13092958788264591, 0.01768256349131969]
Timestep: 453, Trans probs: [0.31259740649332857, 0.04078740792918671, 0.3433623698934653, 0.04480159066411179, 0.10894924969489123, 0.01421559295943547, 0.11967173046316089, 0.015614651902420038]
Timestep: 454, Trans probs: [0.304912682823992, 0.0383623977974025, 0.36270237606361877, 0.04563317177805763, 0.10076636331655013, 0.012677856750151944, 0.11986447747501451, 0.015080673995212656]
Timestep: 455, Trans probs: [0.29707453683943436, 0.0360749846369976, 0.3819753939423072, 0.04638484541550472, 0.09303804230070083, 0.01129799269355819, 0.11962736099001056, 0.014526843181486492]
Timestep: 456, Trans probs: [0.29715942368465287, 0.0348084925463423, 0.39262733076246886, 0.04599135826444096, 0.08846812506465043, 0.010362929210583216, 0.11689013045924783, 0.013692210007613644]
Timestep: 457, Trans probs: [0.3174127503026717, 0.036064000173362046, 0.38279394975245196, 0.04349252214055804, 0.08965024163778132, 0.010185937165044253, 0.10811654560210394, 0.012284053226026829]
Timestep: 458, Trans probs: [0.3279819820578509, 0.0362784294240886, 0.3812986281070471, 0.04217583930218277, 0.08837889118356837, 0.009775681414769788, 0.10274573545315269, 0.011364813057339877]
Timestep: 459, Trans probs: [0.3177104581572412, 0.03410833132222135, 0.4007414679647478, 0.04302226260720098, 0.08163272768438642, 0.00876381639668182, 0.10296676828314195, 0.011054167584378442]
Timestep: 460, Trans probs: [0.30800045203894855, 0.03203242575454349, 0.4196117795101495, 0.04364014105794567, 0.07542576574478015, 0.007844372387134464, 0.10275809524162845, 0.010686968264869727]
Timestep: 461, Trans probs: [0.298609001124224, 0.030308259152392682, 0.4373357630309527, 0.044388767895972965, 0.06975222126092556, 0.007079720941003032, 0.1021574727935288, 0.0103687938010004]
Timestep: 462, Trans probs: [0.2894504637343076, 0.02869512905938964, 0.4541111939179777, 0.045019030713148556, 0.06471450427654687, 0.006415574631569791, 0.10152887793542535, 0.01006522573163435]
Timestep: 463, Trans probs: [0.2807913629916096, 0.027085131281664013, 0.47062834499579576, 0.0453968041369716, 0.06001553457787136, 0.005789097697529484, 0.1005907425765997, 0.009702981741958657]
Timestep: 464, Trans probs: [0.2723490718195505, 0.02544159795726534, 0.4862824693669682, 0.0454262722345452, 0.055980361672155594, 0.0052294279750985774, 0.09995359384969148, 0.009337205124725134]
Timestep: 465, Trans probs: [0.2641877992682178, 0.024047407008935512, 0.5008496628749121, 0.04558929567074098, 0.05232828617250319, 0.004763125319018542, 0.09920444684015005, 0.009029976845521901]
Timestep: 466, Trans probs: [0.25651262112040757, 0.022897935586765283, 0.5147235470827349, 0.04594747258287685, 0.048829893624351674, 0.004358864503568285, 0.09798307755859309, 0.008746587940702284]
Timestep: 467, Trans probs: [0.33046517351655713, 0.028794350638627356, 0.4284067426427583, 0.037328272242248016, 0.07010132465811506, 0.006108123591234904, 0.09087759485258094, 0.007918417857878226]
Timestep: 468, Trans probs: [0.26694143616704485, 0.022601199298058094, 0.47520567757766013, 0.04023436144166277, 0.06466996942999502, 0.0054754289505358, 0.11512463963322793, 0.009747287501815445]
Timestep: 469, Trans probs: [0.25956142543874045, 0.021550182433560203, 0.49026907720746304, 0.04070476973801174, 0.0600618653108564, 0.004986658370214398, 0.11344703948800819, 0.009418982013145422]
Timestep: 470, Trans probs: [0.252421445769509, 0.020535147423405467, 0.5046970358440783, 0.041058429103038654, 0.055893844398521186, 0.0045471110082801235, 0.11175539187594384, 0.009091594577223392]
Timestep: 471, Trans probs: [0.24537153398662964, 0.019465994069127943, 0.5184354532404604, 0.04112890070840229, 0.052264290655088606, 0.0041462689472959394, 0.11042707674288918, 0.00876048165010594]
Timestep: 472, Trans probs: [0.23841493858414436, 0.018612289763838188, 0.532049864767521, 0.041535426893432925, 0.04862015039041055, 0.0037956192376273103, 0.10850135731350033, 0.008470353049525378]
Timestep: 473, Trans probs: [0.17728213128049117, 0.10610359907962064, 0.031246518645071764, 0.01870108432814978, 0.35456426256098234, 0.21220719815924127, 0.06249303729014353, 0.03740216865629956]
Timestep: 474, Trans probs: [0.3410325264599751, 0.026623315800015073, 0.42943227689169033, 0.033524400857256054, 0.06954703771069981, 0.005429314227435798, 0.08757446999321111, 0.006836658059716893]
Timestep: 475, Trans probs: [0.24041276471124914, 0.01833138160581822, 0.536508239427547, 0.040908548609822896, 0.04710696364925029, 0.0035918880097027084, 0.10512451018393935, 0.008015703802670616]
Timestep: 476, Trans probs: [0.233627274868951, 0.017308625343879412, 0.5492033291900326, 0.04068854832079747, 0.044226622276836464, 0.0032765953189516418, 0.10396649195558758, 0.007702512724963833]
Timestep: 477, Trans probs: [0.33540589644455543, 0.02421962911312605, 0.4529865210262346, 0.03271011526272996, 0.06137288398141315, 0.0044317303404308415, 0.08288789641085736, 0.00598532742065264]
Timestep: 478, Trans probs: [0.2593659288035968, 0.018311760481072085, 0.5347902027203243, 0.03775727268809548, 0.04568964891177441, 0.003225781856529978, 0.0942081202278926, 0.006651284310714321]
Timestep: 479, Trans probs: [0.2977625316678523, 0.0445975643875942, 0.42981481787618675, 0.0643757759164863, 0.058178280145849894, 0.008713687313950788, 0.08397929297945311, 0.012578049712626597]
Timestep: 480, Trans probs: [0.2606667713142256, 0.027227200382751993, 0.4751510142892024, 0.04963053715245045, 0.06008457887718368, 0.006275962451041681, 0.10952392762872798, 0.011440007904416256]
Timestep: 481, Trans probs: [0.25324216604348165, 0.02585278737964331, 0.48984860071215985, 0.05000727927849449, 0.05598539159614735, 0.005715392692750671, 0.10829304677873565, 0.01105533551858704]
Timestep: 482, Trans probs: [0.24659798385163567, 0.024455763977312018, 0.5045052540779534, 0.05003309932358323, 0.05209429225432455, 0.005166326569414992, 0.10657769272595308, 0.010569587219823103]
Timestep: 483, Trans probs: [0.24008460049857766, 0.02325501871696585, 0.5180541121186674, 0.05017963688092567, 0.04862666621008073, 0.004710064829275784, 0.1049265314661588, 0.010163369279348196]
Timestep: 484, Trans probs: [0.23350592253114014, 0.022016783811166753, 0.531352427325591, 0.05010010621210735, 0.045481927294163206, 0.004288395556293672, 0.10349601502709975, 0.009758422242438164]
Timestep: 485, Trans probs: [0.22693384779329873, 0.020914145514284548, 0.544036102962958, 0.050138180500756406, 0.04257665573336319, 0.003923849977330046, 0.10207044073686389, 0.009406776781145145]
Timestep: 486, Trans probs: [0.22096575922419623, 0.019783043162099192, 0.5567240638237172, 0.04984345186635522, 0.03981732084895401, 0.0035648409043990614, 0.10031989006546102, 0.008981630104818247]
Timestep: 487, Trans probs: [0.2943300505458062, 0.0415829797959366, 0.45258944815716745, 0.06394188375829689, 0.050947674989785155, 0.007197892759579001, 0.07834191604206937, 0.011068153951359246]
Timestep: 488, Trans probs: [0.3181378180018556, 0.039627662513323766, 0.4439776437366464, 0.05530243571782434, 0.053065106161384344, 0.006609858995716037, 0.07405507759542439, 0.009224397277824937]
Timestep: 489, Trans probs: [0.24147476256217812, 0.029270251545652683, 0.5271523945391978, 0.06389853344231937, 0.03872470319156392, 0.004693996968548427, 0.08453810989873616, 0.010247247851803495]
Timestep: 490, Trans probs: [0.31152256423518226, 0.03669426525774756, 0.46315627868194453, 0.054555211393663636, 0.04823303815740737, 0.005681373035305422, 0.07171048593977289, 0.00844678329897628]
Timestep: 491, Trans probs: [0.32121398943129365, 0.03689344021832373, 0.4337541423448169, 0.04981938223917764, 0.06041991569107347, 0.006939606059783936, 0.0815885657954302, 0.00937095822010056]
Timestep: 492, Trans probs: [0.16231698643101522, 0.09714693933163407, 0.024477424997024193, 0.014649772482014035, 0.3812925645455943, 0.2282041236100488, 0.05749897380305507, 0.0344132147996143]
Timestep: 493, Trans probs: [0.294713774811894, 0.06508573664942316, 0.3649764217470186, 0.08060281296399235, 0.07121812519485593, 0.015728087850853223, 0.08819722292838242, 0.01947781785358034]
Timestep: 494, Trans probs: [0.34537044588198296, 0.03966796066660162, 0.3948318484748849, 0.04534891280354456, 0.07314921452704552, 0.008401645824794123, 0.0836251043787009, 0.009604867442445557]
Timestep: 495, Trans probs: [0.2581927483585815, 0.02888415867514612, 0.4899929106811428, 0.054815764857016475, 0.0521777566336359, 0.005837153101705252, 0.09902187806692445, 0.011077629625847525]
Timestep: 496, Trans probs: [0.249865353815252, 0.027349468025999826, 0.5048892942661631, 0.055263578560843137, 0.048528476525004555, 0.00531177290810968, 0.09805884605609545, 0.010733209842532072]
Timestep: 497, Trans probs: [0.24183489766989757, 0.025882220087499613, 0.5193574646406388, 0.05558388939491764, 0.04515550919723695, 0.0048327385272629204, 0.09697463433604853, 0.010378646146497935]
Timestep: 498, Trans probs: [0.2342857789159964, 0.02434563666681628, 0.5335185072472364, 0.05544018844234061, 0.04212822804344074, 0.004377724239635272, 0.0959349280297825, 0.009969008414751814]
Timestep: 499, Trans probs: [0.22710969607509562, 0.02307452741294505, 0.547209545763934, 0.055596929072460305, 0.03914138558525145, 0.0039767961926596785, 0.09430922676059694, 0.009581893137056938]
