Timestep: 0, Trans probs: [0.2962962962962963, 0.14814814814814814, 0.14814814814814814, 0.07407407407407407, 0.14814814814814814, 0.07407407407407407, 0.07407407407407407, 0.037037037037037035]
Timestep: 1, Trans probs: [0.2592931602243428, 0.09434383417334502, 0.2592931602243428, 0.09434383417334502, 0.10731605251649218, 0.03904695308582001, 0.10731605251649218, 0.03904695308582001]
Timestep: 2, Trans probs: [0.18669989996129033, 0.061999967961882466, 0.37339979992258066, 0.12399993592376493, 0.06353465185729607, 0.021098813552864467, 0.12706930371459213, 0.042197627105728934]
Timestep: 3, Trans probs: [0.22554871257410566, 0.0836402424778582, 0.2816310961396442, 0.10443727610586756, 0.0988616945061515, 0.03666088804452685, 0.12344352167757207, 0.04577656847427391]
Timestep: 4, Trans probs: [0.2166987467908372, 0.07064559682289485, 0.1603727905597266, 0.052282865826541375, 0.2166987467908372, 0.07064559682289485, 0.1603727905597266, 0.052282865826541375]
Timestep: 5, Trans probs: [0.19385297084932868, 0.07016045173620976, 0.17205664385080685, 0.06227179188381559, 0.19514299168686952, 0.07062734396032397, 0.17320161807963821, 0.06268618795300746]
Timestep: 6, Trans probs: [0.1884069625583346, 0.05874400016108327, 0.2681749465305943, 0.08361511107804244, 0.1261598414570917, 0.039335774252944586, 0.17957355862890928, 0.05598980533299983]
Timestep: 7, Trans probs: [0.23128104944891203, 0.07721940159854458, 0.26799703023324173, 0.0894780197258195, 0.11600056841746127, 0.03872991107412811, 0.13441571592364562, 0.044878303578247195]
Timestep: 8, Trans probs: [0.3502045746331444, 0.10301524277835697, 0.18421749154183875, 0.05418892553040449, 0.15614489155584416, 0.04593116446030327, 0.08213662048710338, 0.024161089013004337]
Timestep: 9, Trans probs: [0.24481636834827444, 0.09599218469864479, 0.28555934521261134, 0.11196745378183884, 0.0867624564654089, 0.03401944813627638, 0.10120169016662275, 0.03968105319032254]
Timestep: 10, Trans probs: [0.12955339938955787, 0.12955339938955787, 0.20377993394377542, 0.20377993394377542, 0.06477669969477894, 0.06477669969477894, 0.10188996697188771, 0.10188996697188771]
Timestep: 11, Trans probs: [0.15365697123230834, 0.14442811519278506, 0.11350731462943472, 0.10668990401833928, 0.14281653312687503, 0.13423876920427985, 0.10549941880221558, 0.09916297379376221]
Timestep: 12, Trans probs: [0.1750813602362425, 0.11192247442768792, 0.19592670251481634, 0.12524806365638716, 0.11279683869385083, 0.07210648396380942, 0.12622653050879754, 0.08069154599840835]
Timestep: 13, Trans probs: [0.18049430020729904, 0.08766628040702762, 0.27009362702714834, 0.13118477212808738, 0.089125942506129, 0.04328856843850054, 0.13336902631299827, 0.0647774829728099]
Timestep: 14, Trans probs: [0.16582912242775183, 0.06690274351347576, 0.31258982817558206, 0.12611245113754865, 0.08114837134407746, 0.032738813274094364, 0.15296562560189023, 0.061713044525579505]
Timestep: 15, Trans probs: [0.18159344333025706, 0.06201937986657916, 0.362244101559244, 0.12371677152556713, 0.06731005230804236, 0.02298831734436435, 0.1342706486372897, 0.045857285428655914]
Timestep: 16, Trans probs: [0.23551736088838238, 0.0739367760077903, 0.292988369100039, 0.09197884749270706, 0.103638916068099, 0.03253572175789102, 0.1289289115653724, 0.04047509711971882]
Timestep: 17, Trans probs: [0.21647960978614536, 0.0714963671907951, 0.3390106311489388, 0.11196448751063369, 0.07647564945151167, 0.025257487851817712, 0.11976212546619819, 0.03955364159395939]
Timestep: 18, Trans probs: [0.1507991334875419, 0.057135596364904936, 0.39534913635897495, 0.14979203232680566, 0.049445136419719066, 0.01873404237377876, 0.12963000203381522, 0.04911492063445942]
Timestep: 19, Trans probs: [0.2431761405020855, 0.10057081380094333, 0.27955153090245277, 0.11561465242482587, 0.08592362524568667, 0.03553559530077285, 0.09877647095034123, 0.04085117087289187]
Timestep: 20, Trans probs: [0.17975929982118063, 0.06619283589599065, 0.20477736820696144, 0.0754052488100486, 0.16190089062816668, 0.0596168270316229, 0.1844335081755401, 0.0679140214304891]
Timestep: 21, Trans probs: [0.1937926749211419, 0.061576246324455804, 0.2745371603603144, 0.08723223320201505, 0.12022554477318421, 0.03820081312391155, 0.17031799410495155, 0.05411733319002536]
Timestep: 22, Trans probs: [0.1842077798442974, 0.06663278573336198, 0.31378934314661333, 0.11350583609972303, 0.08743072505726458, 0.0316259865581, 0.14893415364834559, 0.05387338991229387]
Timestep: 23, Trans probs: [0.17823045797414033, 0.06093742600879633, 0.3561133698635485, 0.12175602516799726, 0.07033466296225736, 0.024047591914610065, 0.14053217463729178, 0.048048291471358535]
Timestep: 24, Trans probs: [0.1636831654702053, 0.05850219687909939, 0.3830441522944399, 0.13690427079989526, 0.05687432521505864, 0.020327520924581212, 0.13309479705343275, 0.04756957136328732]
Timestep: 25, Trans probs: [0.1627301450430877, 0.04934398663198567, 0.3992306421360041, 0.12105705100565095, 0.05946896409782152, 0.018032527216662663, 0.14589695546359832, 0.04423972840518896]
Timestep: 26, Trans probs: [0.14612553246230944, 0.04466658436101171, 0.4266977951958177, 0.13042986221923716, 0.04925041225196483, 0.015054505921026529, 0.14381499226234778, 0.043960315326284895]
Timestep: 27, Trans probs: [0.156239158210728, 0.05098387640178266, 0.3824840671689639, 0.12481199098559025, 0.06242421942649125, 0.020370237040226565, 0.1528187274530053, 0.04986772331321196]
Timestep: 28, Trans probs: [0.19533082031836774, 0.05706238185928354, 0.3217645651165741, 0.093997723726048, 0.09701253829131395, 0.028340466169622557, 0.15980681974960373, 0.04668468476918637]
Timestep: 29, Trans probs: [0.2205019214616806, 0.1102509607308403, 0.22998291012099348, 0.11499145506049674, 0.10581601572168425, 0.05290800786084213, 0.11036581936230833, 0.05518290968115416]
Timestep: 30, Trans probs: [0.1632296317103707, 0.16200600884723884, 0.17953016752186465, 0.17818435049526354, 0.07577702149989848, 0.0752089720897777, 0.08334431206904681, 0.08271953576653923]
Timestep: 31, Trans probs: [0.17144710990681017, 0.11372506830956877, 0.2720744620750806, 0.18047365628732986, 0.06095412766507684, 0.04043236620453343, 0.09672989824527116, 0.06416331130632921]
Timestep: 32, Trans probs: [0.16226395987887413, 0.08086352386632441, 0.3360188828921917, 0.16745351818463794, 0.055073282166849036, 0.027445525612835888, 0.11404666054449226, 0.05683464685379486]
Timestep: 33, Trans probs: [0.14317700662714175, 0.061446273994753664, 0.3619218373095574, 0.15532346222268326, 0.055165199369093816, 0.02367486257228382, 0.13944620565510313, 0.05984515224938312]
Timestep: 34, Trans probs: [0.230681595102913, 0.08010201632645175, 0.32184673288554105, 0.11175825379875404, 0.07921245175309549, 0.02750577956058447, 0.11051713418755268, 0.03837603638510741]
Timestep: 35, Trans probs: [0.23817609562690528, 0.07474291708427479, 0.33037999488128894, 0.10367776203031279, 0.08067732165832375, 0.025317647211478934, 0.11190952243278839, 0.03511873907462698]
Timestep: 36, Trans probs: [0.21031224956590763, 0.06164569711010677, 0.3744296297291219, 0.10975098022570222, 0.06782758039198478, 0.0198812883471411, 0.12075690248196556, 0.035395672148070025]
Timestep: 37, Trans probs: [0.16815788037646157, 0.047457002815319914, 0.3648679669213359, 0.10297192195002054, 0.0778830973883803, 0.021979929598015865, 0.16899028066966815, 0.047691920280797835]
Timestep: 38, Trans probs: [0.20460433067920059, 0.07415826150644975, 0.35934593236246026, 0.1302439177848904, 0.061685355415824344, 0.022357682766829257, 0.10833779266267748, 0.039266726821667874]
Timestep: 39, Trans probs: [0.10581998956133967, 0.10528830196451762, 0.12292961650522385, 0.12231196238666969, 0.12606347622001396, 0.12543007616964255, 0.14644619462997358, 0.1457103825626192]
Timestep: 40, Trans probs: [0.13577114288595435, 0.09061481237964997, 0.20860138758673683, 0.13922233544269788, 0.10067757614137066, 0.06719306826894213, 0.15468295865786583, 0.1032367186367825]
Timestep: 41, Trans probs: [0.1807250038581903, 0.0586879802038334, 0.38388793334140464, 0.12466237073708522, 0.06089782272128613, 0.019775737380134675, 0.12935641892590452, 0.042006732832161]
Timestep: 42, Trans probs: [0.10171053780498446, 0.1131866273482394, 0.10999082992575188, 0.12240119212032671, 0.12568270288979766, 0.13986359292861664, 0.13591457774676205, 0.15124993923552105]
Timestep: 43, Trans probs: [0.12897756199343816, 0.10190456416985992, 0.17659816002118944, 0.13952937435019946, 0.10680906354324088, 0.08438933797119368, 0.1462446940676571, 0.11554724388322134]
Timestep: 44, Trans probs: [0.14388593259193236, 0.0869128087315698, 0.24008931585557788, 0.14502346693355128, 0.08972868080442295, 0.05419968117806225, 0.1497220555122241, 0.09043805839265923]
Timestep: 45, Trans probs: [0.149780450893427, 0.07390793313220789, 0.29672691295063897, 0.14641745775279075, 0.07483426671186386, 0.03692635418806155, 0.14825259779819897, 0.0731540265728112]
Timestep: 46, Trans probs: [0.15510342521249226, 0.06114967905742295, 0.3475750525591104, 0.13703180882845312, 0.06620101905975158, 0.02609981735240301, 0.14835147997303272, 0.05848771795733377]
Timestep: 47, Trans probs: [0.14855401771286794, 0.04968220512185638, 0.379904317768111, 0.12705468712745063, 0.06210256626742664, 0.020769498418114533, 0.15881787266822583, 0.05311483491594711]
Timestep: 48, Trans probs: [0.1603029089894561, 0.05394480334183606, 0.39364706070479694, 0.13246929459782175, 0.056216119954992066, 0.018917732402551592, 0.1380468422189797, 0.04645523778956594]
Timestep: 49, Trans probs: [0.2226816411234949, 0.07976579771072832, 0.31813736232811063, 0.11395856595836498, 0.08047491993344304, 0.028826562224939515, 0.11497166372594247, 0.0411834869949762]
Timestep: 50, Trans probs: [0.17162426197906852, 0.0624479930866663, 0.2272657489346128, 0.08269396036811885, 0.14384297748414332, 0.05233936717286988, 0.19047762612319616, 0.06930806485132436]
Timestep: 51, Trans probs: [0.1689361909212742, 0.05981984721127315, 0.2941908578617605, 0.10417218520361293, 0.10044835817994728, 0.03556849131130134, 0.1749239668694502, 0.061940102441380374]
Timestep: 52, Trans probs: [0.18134279826753688, 0.06325668960369775, 0.32577034897152757, 0.1136364611324585, 0.08377581073408132, 0.029222999239736456, 0.15049770577572444, 0.05249718627523712]
Timestep: 53, Trans probs: [0.24530279519199033, 0.08797598622295416, 0.28495252091771966, 0.10219605950610024, 0.0951934271695508, 0.03414040035960277, 0.11058009765249734, 0.03965871297958485]
Timestep: 54, Trans probs: [0.1915097791252694, 0.08936385366031178, 0.2845182936029135, 0.13276424456936525, 0.08279815811249905, 0.038635951222463785, 0.12300985760222242, 0.0573998621049547]
Timestep: 55, Trans probs: [0.17865965952950982, 0.06489137523029528, 0.32484377968118433, 0.11798723704070041, 0.08163219854550538, 0.029649813733219357, 0.14842585051958426, 0.053910085720000965]
Timestep: 56, Trans probs: [0.17418419020681564, 0.06328394982176372, 0.3709145387498721, 0.13475928573390739, 0.06020465946757097, 0.02187333215637071, 0.1282021259822318, 0.046577917881467576]
Timestep: 57, Trans probs: [0.17428714187237468, 0.0549041396735429, 0.3760492070708734, 0.11846346189016758, 0.06653943058212909, 0.020961329397176206, 0.14356825087923017, 0.0452270386345059]
Timestep: 58, Trans probs: [0.2154665514400149, 0.10455861823014569, 0.2480580402480546, 0.12037416367354407, 0.09750351715828007, 0.04731515383020956, 0.11225190741639988, 0.05447204800335113]
Timestep: 59, Trans probs: [0.2066244376957003, 0.07780572902113594, 0.31700203182674563, 0.11936910494481424, 0.08003491862860002, 0.03013765099855418, 0.12278911490478754, 0.04623701197966202]
Timestep: 60, Trans probs: [0.18092878082988387, 0.0673254214834077, 0.34806950392046554, 0.1295201678222739, 0.06833802060890212, 0.025429265701856826, 0.13146819883019037, 0.04892064080301963]
Timestep: 61, Trans probs: [0.1770381355731659, 0.06354954358740662, 0.38248018209757295, 0.13729494453178778, 0.055795630393651444, 0.02002837882475772, 0.12054308414467593, 0.04327010084698171]
Timestep: 62, Trans probs: [0.14273135762973313, 0.045369911321969575, 0.3882230755435468, 0.12340418253601633, 0.06124968947048819, 0.019469393593124044, 0.16659648739560987, 0.052955902509512015]
Timestep: 63, Trans probs: [0.15412849640983728, 0.06270276720240697, 0.37358892568959584, 0.1519839613216193, 0.05347877017185219, 0.021756306941710036, 0.12962610264215807, 0.052734669620820254]
Timestep: 64, Trans probs: [0.26491655145576465, 0.08910785171736772, 0.29919972911544757, 0.10063940870960535, 0.08649525857153888, 0.029093715106490947, 0.09768871666252353, 0.0328587686612613]
Timestep: 65, Trans probs: [0.21701676231735126, 0.07536825894372376, 0.3466656820985775, 0.12039433551727641, 0.06874027236981542, 0.02387296996097579, 0.10980669490348755, 0.03813502388879217]
Timestep: 66, Trans probs: [0.14834368919415056, 0.05135789500862436, 0.3951380254950395, 0.13680027332156697, 0.05441137191864129, 0.018837697386745192, 0.14493371562486354, 0.050177332050368555]
Timestep: 67, Trans probs: [0.27544349554864944, 0.0924822163089699, 0.2928096269694264, 0.09831302498102522, 0.08743653776935491, 0.029357472330889266, 0.09294922705198187, 0.031208399039703127]
Timestep: 68, Trans probs: [0.3356271029913398, 0.14627897381980037, 0.20250755791028682, 0.08826044588727658, 0.09874375454659744, 0.043036259460140266, 0.05957908766575444, 0.02596681771880432]
Timestep: 69, Trans probs: [0.2550887412149772, 0.09469339536860787, 0.2919046664516477, 0.10836010973511578, 0.08500830721202034, 0.03155656814214305, 0.09727721201709805, 0.03611099985839013]
Timestep: 70, Trans probs: [0.2110128434735235, 0.08538935827771765, 0.32228574844844654, 0.13041752714696622, 0.07067358100829318, 0.028599073071320664, 0.10794171376420318, 0.04368015480952887]
Timestep: 71, Trans probs: [0.2960591183596438, 0.14191654642638066, 0.2232525655766977, 0.10701657582113773, 0.08931168529117783, 0.04281173977099655, 0.06734824783546334, 0.03228352091850235]
Timestep: 72, Trans probs: [0.2429860429555521, 0.08688733358607587, 0.28703760543992046, 0.10263936097831305, 0.09470546860155733, 0.03386493126403302, 0.11187486572810766, 0.0400043914464406]
Timestep: 73, Trans probs: [0.214594841990953, 0.07232399002958806, 0.3408442596421087, 0.11487329614864392, 0.07436870128950673, 0.025064168181649273, 0.11812094222020346, 0.039809800497347]
Timestep: 74, Trans probs: [0.19059154731674177, 0.06500215811564565, 0.3806739837582346, 0.12983068153406976, 0.05819053420165579, 0.01984615980226976, 0.11622562901360256, 0.03963930625778037]
Timestep: 75, Trans probs: [0.17040162649615848, 0.05947461193400815, 0.39704841611210107, 0.13858025274079272, 0.052198679360730256, 0.018218700503525653, 0.12162679071486796, 0.04245092213781583]
Timestep: 76, Trans probs: [0.1899561397518831, 0.05849241911764912, 0.37852163902880404, 0.11655662398747398, 0.06552373556733743, 0.02017645656499881, 0.13056778167125618, 0.04020520431059724]
Timestep: 77, Trans probs: [0.13371436152068558, 0.03848163932156557, 0.13459269117981626, 0.03873441370394088, 0.25327672331494894, 0.0728904764178681, 0.2549404223785723, 0.07336927216260249]
Timestep: 78, Trans probs: [0.18999660136923383, 0.05599819660241177, 0.22084609764965155, 0.06509054954634153, 0.16718589478749596, 0.04927513722872484, 0.19433164688104013, 0.05727587593510031]
Timestep: 79, Trans probs: [0.1837303118711905, 0.058983607039820286, 0.2923502877243891, 0.09385427104267414, 0.10840661587421592, 0.03480216827653537, 0.17249579026608003, 0.05537694790509472]
Timestep: 80, Trans probs: [0.1741499257726915, 0.054245722341590655, 0.3516337732205825, 0.1095299233888084, 0.07840255880349613, 0.02442150587692986, 0.158306054165112, 0.049310536430788844]
Timestep: 81, Trans probs: [0.16548915232500924, 0.05232768204485403, 0.3905610205706214, 0.12349542321297302, 0.06062806941936739, 0.019170599975878614, 0.14308466950843263, 0.045243382942863626]
Timestep: 82, Trans probs: [0.21605681529174917, 0.07337027810423771, 0.3033722785387977, 0.10302155206467987, 0.09444953460340783, 0.03207391820207253, 0.13261960971179362, 0.04503601348326154]
Timestep: 83, Trans probs: [0.24230595174460245, 0.08252731308525428, 0.30522745649303984, 0.10395783381651105, 0.08780280374671172, 0.029904876138600375, 0.11060325290240566, 0.037670512072874494]
Timestep: 84, Trans probs: [0.20175901536175506, 0.06770960695207622, 0.3646777933685654, 0.12238456858476825, 0.06493067687496756, 0.021790503896212482, 0.11736167487848967, 0.0393861600831653]
Timestep: 85, Trans probs: [0.3103478451844106, 0.09580260634412022, 0.21937267378341377, 0.06771909080483987, 0.13732807236549385, 0.04239239118612424, 0.09707180793357675, 0.02996551239802081]
Timestep: 86, Trans probs: [0.27123183454017064, 0.07749662494670553, 0.31047645529019363, 0.08870963635665416, 0.09141899786979474, 0.02612032545121426, 0.10464644186371093, 0.029899683681555975]
Timestep: 87, Trans probs: [0.18152407249719804, 0.05613635867245181, 0.3969178335730174, 0.12274692586181027, 0.058166980631921016, 0.017988151338426357, 0.12718705359732455, 0.03933262382785055]
Timestep: 88, Trans probs: [0.16194960005698966, 0.12614870814359266, 0.12820431120133582, 0.09986321812956914, 0.15180537611791142, 0.11824698597457398, 0.12017382985205202, 0.09360797052397528]
Timestep: 89, Trans probs: [0.13731592540739115, 0.041264242342708486, 0.332089563126505, 0.09979486481033244, 0.08762082993854953, 0.026330574185963587, 0.2119052327597574, 0.0636787674287925]
Timestep: 90, Trans probs: [0.1931323687009211, 0.22770778895692337, 0.11557512528521952, 0.1362659010197871, 0.0939759573609936, 0.11079995347087514, 0.05623750756464202, 0.06630539764063803]
Timestep: 91, Trans probs: [0.2053560289479889, 0.16738960134099923, 0.18276049899159771, 0.14897155551656, 0.08614508369140027, 0.07021849463325298, 0.07666645367933543, 0.06249228319886548]
Timestep: 92, Trans probs: [0.14492907372444785, 0.0905668472956282, 0.326983975569239, 0.20433379599045326, 0.04407260311946365, 0.027541173168817185, 0.09943508649677166, 0.06213744463517931]
Timestep: 93, Trans probs: [0.18492248384919185, 0.09358583276212684, 0.12862922361724513, 0.06509685982577898, 0.20666797171252016, 0.10459082008518239, 0.1437550491135068, 0.07275175903444783]
Timestep: 94, Trans probs: [0.20187988597918166, 0.08782847148201672, 0.2003757401534082, 0.08717408816828055, 0.1478421118221814, 0.06431916998087965, 0.1467405850688237, 0.0638399473452282]
Timestep: 95, Trans probs: [0.14484760007797545, 0.07079137313788528, 0.34168697657706537, 0.1669926891588233, 0.05513013387569204, 0.026943752442116633, 0.13004874607610656, 0.06355872865433554]
Timestep: 96, Trans probs: [0.14884680956059473, 0.055658234687327494, 0.14207477854128595, 0.05312597153103117, 0.2235441131522757, 0.08358977091635111, 0.21337360514528478, 0.0797867164658491]
Timestep: 97, Trans probs: [0.20055779385485892, 0.06819054759229769, 0.1561279658235818, 0.05308420719708495, 0.21905384305654246, 0.07447928710779932, 0.17052656127144342, 0.05797979409639138]
Timestep: 98, Trans probs: [0.19892443098528848, 0.07786849878539881, 0.19998132997791485, 0.07828221940038803, 0.15946149631760226, 0.06242082619426165, 0.16030872606201324, 0.06275247227713268]
Timestep: 99, Trans probs: [0.1945490322320295, 0.0814850709385304, 0.23923748425379895, 0.10020241762151991, 0.12154722957114346, 0.0509089380212084, 0.14946696515014568, 0.06260286221162366]
Timestep: 100, Trans probs: [0.1929654531983609, 0.07710729575302981, 0.2810269883461885, 0.11229590968657846, 0.09790991518187363, 0.03912393986566152, 0.1425919932129407, 0.056978504755366394]
Timestep: 101, Trans probs: [0.18736575034995923, 0.06256428495016701, 0.3184115456796717, 0.10632247696346622, 0.09035135662199056, 0.030169697560916087, 0.15354415127913756, 0.05127073659469165]
Timestep: 102, Trans probs: [0.1607657685419529, 0.0616088679280738, 0.23354355644301153, 0.0894988669220053, 0.13399173059196678, 0.05134848611344965, 0.19464905732239698, 0.07459366613714288]
Timestep: 103, Trans probs: [0.16467173499724658, 0.06905335801745226, 0.14188888398506447, 0.05949960935725388, 0.2137851557102087, 0.0896485538111362, 0.18420730890338857, 0.07724539521824922]
Timestep: 104, Trans probs: [0.1272165848660606, 0.04713480607499353, 0.16169005149872198, 0.05990751307836123, 0.1940788323666619, 0.07190782661313441, 0.24667079715444595, 0.09139358834762053]
Timestep: 105, Trans probs: [0.15264201819230536, 0.05926309958715312, 0.23713127940964002, 0.09206596449201654, 0.12945251511941777, 0.05025979993047701, 0.20110609710616853, 0.07807922616282167]
Timestep: 106, Trans probs: [0.16316320499809447, 0.05579532166325667, 0.305359735313331, 0.10442087512937244, 0.0963453819011038, 0.03294628573889667, 0.18031026245363613, 0.061658932802308906]
Timestep: 107, Trans probs: [0.16085508298978973, 0.04861856712155451, 0.3560550523256458, 0.10761790139738277, 0.07810487324192592, 0.023607255373298452, 0.172886266396736, 0.05225500115366699]
Timestep: 108, Trans probs: [0.15096310960998224, 0.045002777028074946, 0.3781480342393016, 0.11272761744536075, 0.06883010496267904, 0.0205185616171861, 0.1724127765741307, 0.05139701852328465]
Timestep: 109, Trans probs: [0.1778485881229776, 0.06029671908514032, 0.22134411720856065, 0.07504318250333439, 0.1548693524115476, 0.05250597677390402, 0.1927449661196757, 0.06534709777485974]
Timestep: 110, Trans probs: [0.17607120639005855, 0.05975015918904408, 0.15768795182600298, 0.05351176048016206, 0.21780553701318864, 0.07391279798448666, 0.19506488160185415, 0.06619570551520287]
Timestep: 111, Trans probs: [0.21337815808991512, 0.06332305724363618, 0.22471637596526292, 0.06668783752849984, 0.16221789725912694, 0.04814050925377952, 0.17083762609580444, 0.05069853856397511]
Timestep: 112, Trans probs: [0.19865864934880142, 0.06238143709238312, 0.29286205598384957, 0.0919625497404134, 0.10892690496094266, 0.03420448539121228, 0.16057975549208836, 0.05042416199030909]
Timestep: 113, Trans probs: [0.18670234381494705, 0.05372025749572395, 0.35441992741383616, 0.10197799006293352, 0.08123228035460772, 0.023373134629416502, 0.15420448569984987, 0.044369580528685476]
Timestep: 114, Trans probs: [0.16401362369221978, 0.052562233850340485, 0.3730834322939075, 0.11956383971321445, 0.06724451899745733, 0.02155017402292588, 0.152961780770132, 0.049020396659802484]
Timestep: 115, Trans probs: [0.2483401863163786, 0.08423667754517587, 0.29227390585688906, 0.09913893972508506, 0.0946759962026482, 0.03211397833627537, 0.11142507224258691, 0.037795243774960824]
Timestep: 116, Trans probs: [0.25599428347264513, 0.10245517942188616, 0.28665274782834144, 0.1147254474284685, 0.08091669986202127, 0.032384844263431314, 0.09060747000285314, 0.036263327720353046]
Timestep: 117, Trans probs: [0.215887384575328, 0.07706146483187001, 0.32560323439050765, 0.11622477267712814, 0.07792614897970196, 0.027815905968266753, 0.11752889684266983, 0.04195219173452771]
Timestep: 118, Trans probs: [0.3294169985018, 0.10055266396314655, 0.25670747034709523, 0.07835849430975805, 0.10117340385779396, 0.03088260571369659, 0.0788422233487062, 0.02406613995800366]
Timestep: 119, Trans probs: [0.2776114297175195, 0.08782163776392322, 0.3041537582316227, 0.09621823282684443, 0.08489783634402323, 0.026857204827381496, 0.0930148878093485, 0.02942501247933687]
Timestep: 120, Trans probs: [0.24181860375739406, 0.07401770575654491, 0.34071380467631, 0.10428831260238768, 0.07601313980581677, 0.023266688866596445, 0.10709980814633746, 0.03278193638861265]
Timestep: 121, Trans probs: [0.20527719999307326, 0.061598038555456966, 0.35598019661436137, 0.10681986054355036, 0.07604957809708014, 0.02282038552702516, 0.13188090915284953, 0.039573831516603215]
Timestep: 122, Trans probs: [0.1765142135572512, 0.059402252455612085, 0.3650817215395503, 0.12286079490583297, 0.06733744517025905, 0.02266104149410208, 0.13927303592953838, 0.0468694949478538]
Timestep: 123, Trans probs: [0.17069446770019353, 0.05115572580589321, 0.41537610793180446, 0.12448479772056727, 0.05339898175692675, 0.016003234937110627, 0.12994364438730147, 0.038943039760202795]
Timestep: 124, Trans probs: [0.20788265077483073, 0.06344001045017762, 0.3872702599071678, 0.11818412572661083, 0.059739380045323635, 0.01823079934875123, 0.11129012041464044, 0.03396265333249796]
Timestep: 125, Trans probs: [0.2539943342571683, 0.08777969202413345, 0.3255190529336694, 0.11249842362851317, 0.07172649410654969, 0.02478846459728093, 0.09192465060333341, 0.03176888784935151]
Timestep: 126, Trans probs: [0.2521142331801288, 0.09654333257831825, 0.2934161921486573, 0.11235929310755098, 0.08206284567538302, 0.03142472561912524, 0.09550657807467104, 0.03657279961616553]
Timestep: 127, Trans probs: [0.20608754990792563, 0.06788959276896676, 0.3253877255476166, 0.10718959097392067, 0.08559208953802362, 0.028195842522158558, 0.1351397275191459, 0.044517881222242206]
Timestep: 128, Trans probs: [0.30586834556696396, 0.09329383093757537, 0.2537843829012929, 0.07740754365772248, 0.11292624226921551, 0.034443975348777515, 0.09369690300750796, 0.0285787763109442]
Timestep: 129, Trans probs: [0.14961428003319902, 0.05927631083142072, 0.2825706470829598, 0.11195285306060684, 0.09833200140551077, 0.03895856918668037, 0.1857158104156375, 0.07357952798398497]
Timestep: 130, Trans probs: [0.15419610303007225, 0.07312958286533527, 0.19667274158451928, 0.09327470195698004, 0.14389806474146277, 0.06824559922645959, 0.18353788679011387, 0.087045319805057]
Timestep: 131, Trans probs: [0.20698326446176335, 0.09465332605475807, 0.1317509535675236, 0.060249634184100155, 0.21231915758824163, 0.09709342686777425, 0.13514740694444757, 0.06180283033139138]
Timestep: 132, Trans probs: [0.16578401526680653, 0.05672454567359416, 0.263304861138404, 0.09009221183168699, 0.12208261687760656, 0.04177170498543377, 0.19389653720618547, 0.0663435070202826]
Timestep: 133, Trans probs: [0.20004390237999614, 0.060372787214051774, 0.10247507005672309, 0.030926739209113957, 0.30791573628382624, 0.09292825727429144, 0.1577338087882045, 0.04760369879379267]
Timestep: 134, Trans probs: [0.24926686363776215, 0.07041698162598697, 0.20100468183208647, 0.05678309094415525, 0.18238528315311275, 0.05152317859347249, 0.14707247997600534, 0.041547440237418645]
Timestep: 135, Trans probs: [0.24455619319113947, 0.07273709364235799, 0.2651946568209927, 0.07887548597702171, 0.12521960969441995, 0.037243425968296176, 0.1357870802078444, 0.040386454497927625]
Timestep: 136, Trans probs: [0.21901708294299851, 0.080487613548717, 0.30079055600126703, 0.11053893013831521, 0.0890956785061795, 0.032742188162246964, 0.12236095155261761, 0.04496699914765806]
Timestep: 137, Trans probs: [0.19510558167553624, 0.07634504860280089, 0.32585737145040156, 0.12750838108944365, 0.07407373918492755, 0.028985143170681394, 0.12371493289435517, 0.04840980193185361]
Timestep: 138, Trans probs: [0.1728524345236223, 0.06874406360131308, 0.3413721134468803, 0.13576497399751647, 0.06764340147755789, 0.026902035289221835, 0.13359123917906995, 0.05312973848481819]
Timestep: 139, Trans probs: [0.1811888918228383, 0.07761866644136776, 0.3473102396587556, 0.14878261781137797, 0.05882805352032241, 0.02520107616781222, 0.11276400645343504, 0.048306448124090684]
Timestep: 140, Trans probs: [0.2052350607255409, 0.060836515809222336, 0.2749093219490234, 0.08148961123762338, 0.12447543562776422, 0.036897456899701746, 0.16673300110988037, 0.049423596641243864]
Timestep: 141, Trans probs: [0.09162368654944103, 0.09080657508439031, 0.09479244567381988, 0.09394707481965238, 0.15522746071883523, 0.15384312286231788, 0.1605959243883422, 0.15916370990320114]
Timestep: 142, Trans probs: [0.1111111111111111, 0.1111111111111111, 0.05555555555555555, 0.05555555555555555, 0.2222222222222222, 0.2222222222222222, 0.1111111111111111, 0.1111111111111111]
Timestep: 143, Trans probs: [0.0793968115430312, 0.07868874087436983, 0.10901463404690075, 0.10804242794286055, 0.13224752981899168, 0.13106812985257116, 0.18158054192151463, 0.17996118399976008]
Timestep: 144, Trans probs: [0.1210387683435719, 0.08021042161787609, 0.200843136845747, 0.13309547763842314, 0.10512252931333493, 0.06966298908318273, 0.17443286006115788, 0.11559381709670628]
Timestep: 145, Trans probs: [0.14152160086351048, 0.07046377464095752, 0.27723905932237564, 0.1380376598241255, 0.08409636979077896, 0.04187168328300018, 0.16474374449528734, 0.08202610777996439]
Timestep: 146, Trans probs: [0.21272875875828973, 0.09143800527441408, 0.26830473946038774, 0.1153264388187627, 0.09656085330896551, 0.04150511602523533, 0.12178764517012027, 0.05234844318382492]
Timestep: 147, Trans probs: [0.22387040738762878, 0.09401552245965199, 0.2851132258241067, 0.11973475725890602, 0.0858845430615011, 0.03606765307374746, 0.10937943699854605, 0.045934453935912035]
Timestep: 148, Trans probs: [0.20604085179664303, 0.07462040632718521, 0.32788666256347926, 0.11874847039508368, 0.07725610158161436, 0.02797931400984572, 0.12294282948927984, 0.04452536383686888]
Timestep: 149, Trans probs: [0.1765623162443443, 0.066678226943966, 0.3393696810645928, 0.1281619379109789, 0.07184684444480846, 0.02713274441001912, 0.13809651574228873, 0.052151733239001706]
Timestep: 150, Trans probs: [0.16120144516477944, 0.058457170027958395, 0.3661757610767611, 0.13278788352983176, 0.0631186937769138, 0.0228890020823824, 0.1433767278469923, 0.05199331649438078]
Timestep: 151, Trans probs: [0.1677221728043465, 0.060577141244182134, 0.388920029766717, 0.14046838996864813, 0.053638376305696116, 0.019372867899637308, 0.12437853958513163, 0.04492248242564123]
Timestep: 152, Trans probs: [0.14277742818563305, 0.050188329870115206, 0.4087972451135604, 0.14369814086494534, 0.04875157279348757, 0.01713688254606545, 0.13958444907005496, 0.049065951556137806]
Timestep: 153, Trans probs: [0.21714266480309902, 0.09028422840584613, 0.3271901742269239, 0.1360401119183032, 0.06462031700039157, 0.026868029205646324, 0.09736977667253637, 0.04048469776725352]
Timestep: 154, Trans probs: [0.2655699279355114, 0.08591595128563294, 0.318189674316467, 0.10293924756722982, 0.0781588325745717, 0.02528558298833245, 0.09364514150825573, 0.030295641823999086]
Timestep: 155, Trans probs: [0.14193985292722217, 0.055986167697056596, 0.2531445226167328, 0.09984927701791092, 0.11570172704082647, 0.04563690999643444, 0.20634978727714506, 0.08139175542667157]
Timestep: 156, Trans probs: [0.12789262328360107, 0.11087257668091095, 0.10442466345654629, 0.09052775061772313, 0.1669827037584899, 0.14476051981352175, 0.13634181702863182, 0.118197345360575]
Timestep: 157, Trans probs: [0.11462972605063412, 0.06919355577713975, 0.2368327353880352, 0.1429585470586051, 0.0887534604683411, 0.05357395266405554, 0.18337062769029264, 0.11068739490289657]
Timestep: 158, Trans probs: [0.20983417619362585, 0.09830106603093762, 0.22981781599565526, 0.10766280648405187, 0.11517979521759716, 0.05395830584178608, 0.12614898804334568, 0.059097046193000366]
Timestep: 159, Trans probs: [0.3125630575465234, 0.11988452425123555, 0.19318433900204704, 0.07409644874811414, 0.13412893201574608, 0.051445565350091364, 0.08290042104113857, 0.03179671204510381]
Timestep: 160, Trans probs: [0.17250833792664902, 0.07757856140066187, 0.3337661099022714, 0.15009764143413884, 0.06253244822245722, 0.02812140811432743, 0.12098668526242044, 0.05440880773707399]
Timestep: 161, Trans probs: [0.1481875811036928, 0.053035216310958186, 0.39510677577212605, 0.1414057315932379, 0.05268064377796826, 0.018854004616014722, 0.14046034865869245, 0.050269698167309675]
Timestep: 162, Trans probs: [0.13983431576019728, 0.047023464964595675, 0.3634055716037158, 0.12220597691879526, 0.06810723588902672, 0.022903092157688428, 0.17699910679325476, 0.05952123591272616]
Timestep: 163, Trans probs: [0.13168826824411853, 0.04100159086105801, 0.4118143065258963, 0.12821978701705078, 0.053079295347411105, 0.016526419399740335, 0.16598907021737372, 0.051681262387351254]
Timestep: 164, Trans probs: [0.2291523106176025, 0.07124461932760634, 0.34317912075061513, 0.10669613478111752, 0.07627326033293508, 0.023713744725722852, 0.1142270411644226, 0.035513768299977926]
Timestep: 165, Trans probs: [0.28193210593983686, 0.08963448999110983, 0.29413630765210674, 0.09351456385705462, 0.0894135466970046, 0.028427190403751173, 0.09328405642863682, 0.029657739030499328]
Timestep: 166, Trans probs: [0.3663525960069791, 0.13571851508228094, 0.20014120316468517, 0.07414405465213278, 0.10553455618214617, 0.03909619697258969, 0.05765432886230571, 0.021358549076880458]
Timestep: 167, Trans probs: [0.20226578047546662, 0.07550963621181779, 0.3308476324061141, 0.12351167016883043, 0.0740027465509385, 0.02762662303826768, 0.12104683961060539, 0.04518907153795949]
Timestep: 168, Trans probs: [0.16016811035896442, 0.051480849554618804, 0.3820558348688511, 0.12279946933423244, 0.06337293242383833, 0.020369175815553017, 0.15116616254642426, 0.04858746509751753]
Timestep: 169, Trans probs: [0.20538777282029175, 0.10085612611330107, 0.27556674384946417, 0.13531766710684862, 0.08101532964797244, 0.039782759177372534, 0.10869746668179976, 0.053376134602949654]
Timestep: 170, Trans probs: [0.2476622382602221, 0.09793204898648299, 0.25795985767265944, 0.10200399380870236, 0.1033538221691722, 0.040868772109604636, 0.10765120045742214, 0.0425680665357341]
Timestep: 171, Trans probs: [0.22298122159877407, 0.07220710498509968, 0.3415497594382156, 0.1106026738958648, 0.07538497700553298, 0.024411611479698576, 0.1154703547540201, 0.037392296842794194]
Timestep: 172, Trans probs: [0.18541815556680497, 0.056586570399049844, 0.30638148211548294, 0.09350258745533993, 0.10344520652347491, 0.0315697750497569, 0.17093091879551914, 0.05216530409457133]
Timestep: 173, Trans probs: [0.16997968693084, 0.057773226907027034, 0.20172346472568062, 0.06856240125215776, 0.17131840835752163, 0.05822823572687764, 0.20331219294002656, 0.0691023831598686]
Timestep: 174, Trans probs: [0.1058524075680422, 0.09567732701340652, 0.10539208369673848, 0.09526125185197486, 0.15734218074166526, 0.14221763704473153, 0.1566579415880889, 0.14159917049535223]
Timestep: 175, Trans probs: [0.1450497408323148, 0.09004368659471874, 0.19370113009292225, 0.12024539824096142, 0.11913820999048032, 0.07395837855539725, 0.15909856701558947, 0.0987648886776158]
Timestep: 176, Trans probs: [0.1569889631763345, 0.07436406376008303, 0.2745771155720624, 0.13006436705060406, 0.08985116015298522, 0.04256157418549832, 0.15715163592678077, 0.07444112017565173]
Timestep: 177, Trans probs: [0.15467113148660813, 0.061967344697717676, 0.33977639739223997, 0.1361278018398452, 0.06866691969357037, 0.027510671455522346, 0.15084520536738746, 0.06043452806710891]
Timestep: 178, Trans probs: [0.15201536258271447, 0.05628662639218265, 0.368440856851997, 0.13642234906330536, 0.061140528467351594, 0.022638462486907523, 0.14818679055965642, 0.05486902359588516]
Timestep: 179, Trans probs: [0.16777470334549893, 0.06628814804223955, 0.3525231499176695, 0.13928265873274753, 0.06336174403422375, 0.02503436206414126, 0.1331337868333111, 0.052601447030168454]
Timestep: 180, Trans probs: [0.15032476027535752, 0.050769802573128166, 0.41743714222641753, 0.14098277129266912, 0.04759741889665181, 0.016075273001912957, 0.13217337240503213, 0.04463945932883057]
Timestep: 181, Trans probs: [0.1281172023850708, 0.0575326518587573, 0.3760245570851018, 0.16885858831117823, 0.047257766915681974, 0.021221698577294668, 0.1387017554433502, 0.06228577942356505]
Timestep: 182, Trans probs: [0.2295794438720863, 0.07817500493168833, 0.3366121656557207, 0.1146211405793973, 0.0729016466961298, 0.02482402820512746, 0.10688927876280194, 0.03639729129704819]
Timestep: 183, Trans probs: [0.2585543078957062, 0.07941243222679402, 0.30333733862744217, 0.09316710304175077, 0.09347353785990303, 0.02870948486881307, 0.10966366964557278, 0.03368212583401787]
Timestep: 184, Trans probs: [0.20897789066077008, 0.06496366893075033, 0.3520051412754372, 0.10942566884675835, 0.07520179743673915, 0.02337751929752236, 0.12667090880851475, 0.03937740474350759]
Timestep: 185, Trans probs: [0.18224316921647568, 0.056589131251533635, 0.385497999316307, 0.11970268611056363, 0.062696467427838, 0.019468156965965874, 0.1326215015989007, 0.04118088811241539]
Timestep: 186, Trans probs: [0.1702213867746976, 0.05783103200884844, 0.40203610142338736, 0.13658778776665773, 0.05180371691555632, 0.017599800282946457, 0.12235221896962512, 0.041567955858281096]
Timestep: 187, Trans probs: [0.1544156269221019, 0.04982895298082751, 0.3771039083529026, 0.1216890627765441, 0.06522502626256818, 0.021047706320878556, 0.15928836230055546, 0.05140135408362175]
Timestep: 188, Trans probs: [0.13960994591198533, 0.06599434844606572, 0.32695819802613096, 0.15455484282930199, 0.06357215815850682, 0.03005089021111589, 0.14888221709677765, 0.0703773993201157]
Timestep: 189, Trans probs: [0.12843948138152883, 0.05368640226090606, 0.3904786796641058, 0.1632161329621303, 0.04611320792558409, 0.01927485383470054, 0.14019228629840896, 0.05859895567263544]
Timestep: 190, Trans probs: [0.1310927144063479, 0.04308748167569723, 0.40485134035664166, 0.1330663171328274, 0.05300096562492127, 0.017420328395057413, 0.16368195647344558, 0.053798895935061576]
Timestep: 191, Trans probs: [0.12470679928961027, 0.041947491779002366, 0.3793576092424832, 0.12760411048675538, 0.06042359739128771, 0.020324620383709562, 0.18380835350409777, 0.061827417923053636]
Timestep: 192, Trans probs: [0.11856487228899838, 0.056877607915304856, 0.35210869416248897, 0.1689125949659742, 0.05167351987113818, 0.024788675988874888, 0.1534577253223607, 0.0736163094848598]
Timestep: 193, Trans probs: [0.12908101812246048, 0.05473400101665147, 0.3798396475080779, 0.16106274923511876, 0.04903118850267015, 0.020790610117490317, 0.14428139496147746, 0.06117939053605343]
Timestep: 194, Trans probs: [0.15830935276152966, 0.05241869443805579, 0.27818986445262966, 0.09211300056587794, 0.11415352216053196, 0.03779801062148526, 0.2005968207353171, 0.06642073426457258]
Timestep: 195, Trans probs: [0.15755926844676688, 0.054844999437173324, 0.09878410929873868, 0.034385882038551474, 0.29837535122610725, 0.10386184279340656, 0.1870708311744141, 0.0651177155848417]
Timestep: 196, Trans probs: [0.15797652380524135, 0.05239984598523245, 0.32492367028921454, 0.10777519260457613, 0.0876813957912428, 0.029083382293533515, 0.18034173844523263, 0.05981825078572678]
Timestep: 197, Trans probs: [0.09783598163275752, 0.030374941225475745, 0.11168339003459289, 0.03467411837187316, 0.2584904218875298, 0.08025300345689236, 0.29507637298755823, 0.09161177040332026]
Timestep: 198, Trans probs: [0.260715922206766, 0.0982185479896366, 0.11042668082044176, 0.04160063626991391, 0.2495295182422844, 0.09400433527367696, 0.10568866002885133, 0.039815699168428954]
Timestep: 199, Trans probs: [0.18201203702417723, 0.0625248881695029, 0.2717611901834929, 0.09335557308650316, 0.11653784542276827, 0.04003315314583018, 0.1740020280598504, 0.05977328490787506]
Timestep: 200, Trans probs: [0.34231203085121115, 0.11953515550950682, 0.15742031854389968, 0.05497108065617545, 0.16538960204554096, 0.057753949666940946, 0.07605833710581589, 0.026559525620909175]
Timestep: 201, Trans probs: [0.18704473328883514, 0.07273938405170992, 0.3029713523543341, 0.11782181282558092, 0.08778773334321414, 0.0341395640411882, 0.14219683079792372, 0.05529858929721379]
Timestep: 202, Trans probs: [0.17996707210550908, 0.06328914714361468, 0.33595575543205297, 0.11814579739797051, 0.07810285886972575, 0.027466487449687906, 0.14579947679316893, 0.051273404808270105]
Timestep: 203, Trans probs: [0.32823571269063984, 0.11292919536294876, 0.2059696260752357, 0.07086366060297097, 0.1289182399223618, 0.04435420199313082, 0.08089686967156022, 0.027832493681151912]
Timestep: 204, Trans probs: [0.16336321952556, 0.0676760275399788, 0.36072502965461345, 0.14943655684654092, 0.05704022867274885, 0.023629897217712824, 0.12595147328290715, 0.052177567259938024]
Timestep: 205, Trans probs: [0.37490140553587603, 0.15281936147322406, 0.16451650344418714, 0.06706111696810445, 0.11884573227783181, 0.04844454742589113, 0.05215260341759863, 0.021258729457286674]
Timestep: 206, Trans probs: [0.2555139754350911, 0.08194020406954773, 0.2530735262660846, 0.08115758189559723, 0.12489330774784084, 0.0400517549239831, 0.12370043456511697, 0.03966921509673864]
Timestep: 207, Trans probs: [0.1477057915950602, 0.05056258514980228, 0.40249921347302003, 0.13778336336162084, 0.05228825198335621, 0.017899292672902786, 0.1424858163644533, 0.04877568539978431]
Timestep: 208, Trans probs: [0.32315935567185855, 0.11321849390083887, 0.21883789120260183, 0.0766695935473788, 0.11838434047410365, 0.04147581214864183, 0.08016781493731549, 0.028086698117260896]
Timestep: 209, Trans probs: [0.26662660718009, 0.09677141851584799, 0.27203877766388845, 0.09873575141010045, 0.09653952515189942, 0.03503876410010934, 0.09849915091495809, 0.035750005063106334]
Timestep: 210, Trans probs: [0.2444103161052054, 0.0787775760664703, 0.33114788135499085, 0.10673455944250826, 0.07672993272263136, 0.024731354256873388, 0.1039602381049791, 0.033508141946341254]
Timestep: 211, Trans probs: [0.210842495580429, 0.06703344702379573, 0.35756482259218, 0.11368107993040975, 0.07061037747620538, 0.0224492552360056, 0.11974714597235969, 0.038071376188615]
Timestep: 212, Trans probs: [0.17996738948102706, 0.06590802433161451, 0.3670461925429983, 0.1344204050451082, 0.06084255661542342, 0.022281885142473066, 0.1240893075944035, 0.04544423924695176]
Timestep: 213, Trans probs: [0.1599428850267812, 0.0698088153469625, 0.3367170761477997, 0.14696383767890017, 0.06424491048917232, 0.02804039137201889, 0.13525052029459791, 0.059031563643767306]
Timestep: 214, Trans probs: [0.16929982762552487, 0.05689597605919643, 0.3963342340753446, 0.13319460161098823, 0.05472334008066943, 0.0183906734624437, 0.12810841795356193, 0.04305292913227084]
Timestep: 215, Trans probs: [0.12420997116378286, 0.04445670038480784, 0.3845680043885324, 0.13764293146917245, 0.05557581119800773, 0.019891456087809557, 0.17206894586997157, 0.06158617943791552]
Timestep: 216, Trans probs: [0.09690451519322058, 0.1845524072827296, 0.08753815060448253, 0.16671438261594654, 0.08398554407827856, 0.159948525676959, 0.0758678704646994, 0.14448860408368386]
Timestep: 217, Trans probs: [0.14567399882030685, 0.1142348052033153, 0.20376028525941323, 0.15978497661407162, 0.08798234699354571, 0.06899409882017418, 0.12306457066035105, 0.09650491762882206]
Timestep: 218, Trans probs: [0.16101827744767777, 0.054428838461474144, 0.36360740361313443, 0.12290982706038599, 0.06836413810028082, 0.02310905748216821, 0.15437816842234126, 0.0521842894125374]
Timestep: 219, Trans probs: [0.1131962992444344, 0.14676420635786402, 0.10389357363949678, 0.13470279490283557, 0.11385161668019146, 0.1476138555426282, 0.10449503561946888, 0.1354826180130807]
Timestep: 220, Trans probs: [0.14323148452321216, 0.11186503716606953, 0.18016826668219577, 0.14071298580504418, 0.10544388273030895, 0.08235259098113382, 0.13263593299336165, 0.10358981911867407]
Timestep: 221, Trans probs: [0.15585801419667802, 0.0878278099555463, 0.24997829407228447, 0.1408656861050923, 0.08976955622351127, 0.05058619259605787, 0.1439800233567821, 0.08113442349404772]
Timestep: 222, Trans probs: [0.12855415740597723, 0.05670318465567503, 0.3789212380072075, 0.16713610327533962, 0.047230850517174384, 0.02083277345797765, 0.139215819318722, 0.06140587336192636]
Timestep: 223, Trans probs: [0.17985826462378124, 0.07234744216729522, 0.1977159942872623, 0.0795306598346643, 0.15984796373948149, 0.06429835924633372, 0.1757189148447228, 0.0706824012564588]
Timestep: 224, Trans probs: [0.18211769052207974, 0.0643968849681545, 0.2546590584185071, 0.09004754037931814, 0.1259187913264998, 0.04452493273517852, 0.1760749367317242, 0.06226016491853787]
Timestep: 225, Trans probs: [0.13983010699680914, 0.04461932356356832, 0.3448062705731265, 0.11002653780276873, 0.07889974107386158, 0.02517664580015466, 0.19455842560060652, 0.06208294858910459]
Timestep: 226, Trans probs: [0.2618040670757412, 0.09532946167745131, 0.23480293714943987, 0.08549766949290684, 0.12466017113817673, 0.04539191136317719, 0.11180335987800985, 0.040710422225096986]
Timestep: 227, Trans probs: [0.329157435148492, 0.11176113138159173, 0.19675754153767308, 0.06680646736778298, 0.1380754626204748, 0.04688172974594781, 0.08253615343559091, 0.028024078762446725]
Timestep: 228, Trans probs: [0.2734468325733654, 0.08325609002470648, 0.2832482499201318, 0.08624031799075237, 0.10310237813374218, 0.031391480365241094, 0.10679797565821451, 0.03251667533384619]
Timestep: 229, Trans probs: [0.2659848904559361, 0.1080523899125881, 0.2577457957176629, 0.10470538070593494, 0.09516793957546775, 0.038660554351637504, 0.0922200365240407, 0.03746301275673224]
Timestep: 230, Trans probs: [0.2505648382251269, 0.08809999686408994, 0.1788928565326084, 0.06289972771586759, 0.18110306690910957, 0.06367685003126518, 0.1293000454320642, 0.0454626182898683]
Timestep: 231, Trans probs: [0.3127022084891876, 0.09837332523619077, 0.17595640403596288, 0.05535431503746121, 0.17408001502008005, 0.05476401979195949, 0.09795419611984867, 0.03081551626930924]
Timestep: 232, Trans probs: [0.39772165986341673, 0.11456554391971434, 0.1844419899474002, 0.053129359128227936, 0.13267391720527638, 0.038217328907360695, 0.061527052139582636, 0.017723148889021014]
Timestep: 233, Trans probs: [0.20168881835729996, 0.09319575620125103, 0.16714720495651633, 0.077234872462052, 0.17231691260686402, 0.07962367526102535, 0.14280558805173416, 0.06598717210325705]
Timestep: 234, Trans probs: [0.206019924856145, 0.08862292271500022, 0.2134602404371782, 0.09182349913096355, 0.13738863424529157, 0.05910002308340681, 0.14235036208179033, 0.06123439345022417]
Timestep: 235, Trans probs: [0.2735357075337023, 0.09978662525133884, 0.2264968043805981, 0.0826266959554735, 0.12728102290585228, 0.04643248901150675, 0.10539298582404368, 0.0384476691374845]
Timestep: 236, Trans probs: [0.20938995615380143, 0.06794528442527971, 0.17985797297252665, 0.05836240359492875, 0.19675430683128495, 0.06384512220696459, 0.16900443292655518, 0.05484052088865881]
Timestep: 237, Trans probs: [0.1994254452107704, 0.06877405539251427, 0.22616465082327988, 0.07799536416784622, 0.1490014434444513, 0.0513847844951926, 0.16897973773187813, 0.058274518734067145]
Timestep: 238, Trans probs: [0.25087818589948224, 0.0801984412105709, 0.21757871261854453, 0.06955357051091487, 0.15493638866283613, 0.04952864599608169, 0.13437142756019874, 0.04295462754137097]
Timestep: 239, Trans probs: [0.3373229134037527, 0.10006279827880742, 0.23206910871800013, 0.06884051894985661, 0.11957136104818078, 0.03546941077840655, 0.08226188641219297, 0.02440200241080291]
Timestep: 240, Trans probs: [0.23062585257245707, 0.06737505421350708, 0.16871395834695335, 0.04928810869817851, 0.21632089825760328, 0.06319600376562975, 0.1582491928425177, 0.04623093130315305]
Timestep: 241, Trans probs: [0.2161980418921618, 0.07042587549339896, 0.21843710634226873, 0.071155244144497, 0.15900490524168287, 0.05179537964999691, 0.16065164647765048, 0.05233180075834324]
Timestep: 242, Trans probs: [0.2877651552241214, 0.0949632335847842, 0.1816131639999067, 0.059932806324527514, 0.1731942787395234, 0.057154552762581794, 0.10930566254301666, 0.03607114682153847]
Timestep: 243, Trans probs: [0.25311645572811564, 0.07727960176095974, 0.3294295966337628, 0.1005789527310569, 0.07975429945492028, 0.024349979470402145, 0.10379975740283064, 0.03169135681795169]
Timestep: 244, Trans probs: [0.13533838425399952, 0.12261291149993085, 0.1345868150897988, 0.12193201018782955, 0.12772525874752974, 0.11571562593598665, 0.1270159672446547, 0.11507302704027017]
Timestep: 245, Trans probs: [0.22115361476517847, 0.13774695735583903, 0.11281909518296221, 0.0702701021169958, 0.1868865868080795, 0.11640351766696144, 0.09533814605701607, 0.05938198004696741]
Timestep: 246, Trans probs: [0.18879948598482021, 0.08981907682113585, 0.21266374032123148, 0.10117220780208348, 0.12987390159507395, 0.06178594122531924, 0.146289962280621, 0.0695956839697149]
Timestep: 247, Trans probs: [0.16476188551034282, 0.07028087777725964, 0.2798150708449347, 0.11935799795792942, 0.09502646598391733, 0.0405345169529598, 0.16138342450423368, 0.06883976046842251]
Timestep: 248, Trans probs: [0.15327520453441343, 0.05513431721674729, 0.33912313761308277, 0.12198530546080869, 0.07565846504152524, 0.02721495511555542, 0.16739521653100217, 0.060213398486865]
Timestep: 249, Trans probs: [0.14129318041631161, 0.04457062912958707, 0.38905320066430055, 0.12272599333807266, 0.06123616438852762, 0.01931681602917902, 0.168614831102008, 0.05318918493201361]
Timestep: 250, Trans probs: [0.14188629639864558, 0.043981371368421125, 0.4107933373006316, 0.12733614719726116, 0.05409002195394343, 0.01676661808268291, 0.1566030067533496, 0.04854320094506447]
Timestep: 251, Trans probs: [0.257536431128149, 0.07839651630327814, 0.3160682687586323, 0.09621415920124818, 0.08666450298585597, 0.02638149131555447, 0.10636126043051644, 0.032377369876765386]
Timestep: 252, Trans probs: [0.23711272464061742, 0.0692612987197906, 0.23479687773243132, 0.06858483327602206, 0.15175237539168512, 0.04432729883801791, 0.15027023110822926, 0.04389436029320613]
Timestep: 253, Trans probs: [0.1177227740490644, 0.1405674999971431, 0.1452467792646493, 0.17343268376736745, 0.08631353233541378, 0.10306312907012331, 0.10649394460793928, 0.12715965690829925]
Timestep: 254, Trans probs: [0.13878619597175912, 0.1035736249303163, 0.2376361773389963, 0.17734357606135176, 0.07234698602027399, 0.05399124561658463, 0.12387587309730774, 0.09244632096341034]
Timestep: 255, Trans probs: [0.21435383431051414, 0.11623483303205842, 0.2534556337727525, 0.1374380512826935, 0.08274814413436134, 0.04487074723019507, 0.09784281854604965, 0.053055937691375524]
Timestep: 256, Trans probs: [0.2464678020707828, 0.106524535038584, 0.27332015038766744, 0.11813024537931546, 0.08460911115058714, 0.03656845295660871, 0.09382716439855293, 0.04055253861790114]
Timestep: 257, Trans probs: [0.22846144612432695, 0.08365550947782367, 0.3310271547624495, 0.12121189702868813, 0.07043258220084768, 0.025790231340145627, 0.102052655640773, 0.03736852342494518]
Timestep: 258, Trans probs: [0.23716112691514385, 0.08030624556315302, 0.3270209790749255, 0.11073411309641046, 0.07686704096406383, 0.026028310573771706, 0.10599180110851225, 0.035890382704019536]
Timestep: 259, Trans probs: [0.2650280026319221, 0.09251929732242332, 0.24973541984731262, 0.08718077082927367, 0.1166018543835126, 0.04070483694900974, 0.10987372190961955, 0.03835609612692656]
Timestep: 260, Trans probs: [0.25012672087474597, 0.08013363499462249, 0.3145685967666552, 0.1007790172353985, 0.08534008069106827, 0.02734058501464229, 0.10732683552184571, 0.03438452890102161]
Timestep: 261, Trans probs: [0.21203220668102343, 0.07513597096753354, 0.3373868327902945, 0.11955677710554355, 0.07291450459301778, 0.02583806576354135, 0.11602196738969915, 0.04111367470934667]
Timestep: 262, Trans probs: [0.18333793402825582, 0.07241134163857035, 0.36199439638675396, 0.14297368434384922, 0.057668705936552225, 0.02277689224305513, 0.1138648611186493, 0.044972184304313996]
Timestep: 263, Trans probs: [0.14588695685703493, 0.047630888073538366, 0.3810948809212258, 0.12442433518128472, 0.0628100707961676, 0.020506970029644665, 0.16407632982691134, 0.05356956831419245]
Timestep: 264, Trans probs: [0.22501338709732074, 0.06580407435508508, 0.3558581169360642, 0.10406898135617706, 0.07470691613585248, 0.021847675499042683, 0.11814880368298532, 0.03455204493747247]
Timestep: 265, Trans probs: [0.24254133649333137, 0.10790586237223883, 0.2803056641922678, 0.12470709059245853, 0.0785098791553595, 0.034928793324399986, 0.0907340750260226, 0.04036729884392132]
Timestep: 266, Trans probs: [0.2166307847186169, 0.07391805046028503, 0.3499804534754245, 0.11941918990743815, 0.06842904608543976, 0.02334913612607164, 0.11055136328375587, 0.0377219759429681]
Timestep: 267, Trans probs: [0.20503385327918391, 0.06590251454749387, 0.36930890956606455, 0.11870423052556278, 0.06512094771879522, 0.020931344437744113, 0.11729646498517331, 0.03770173493998218]
Timestep: 268, Trans probs: [0.26809483741312196, 0.08695236962119265, 0.27892253148826257, 0.09046416293452685, 0.10198010920917754, 0.033075654255518984, 0.10609883613029637, 0.034411498947903026]
Timestep: 269, Trans probs: [0.23278449614778735, 0.08473673691778787, 0.32031203960157495, 0.11659795854311106, 0.07577178641007236, 0.02758196545333865, 0.10426216458099746, 0.037952852345330294]
Timestep: 270, Trans probs: [0.21653598997785503, 0.06610951579914118, 0.37473738356553676, 0.11440918889228652, 0.06402660723498324, 0.019547641955498542, 0.11080450541394826, 0.03382916716075043]
Timestep: 271, Trans probs: [0.18687475568421563, 0.05647559341639763, 0.3928475533205176, 0.11872282382242655, 0.0606674685359271, 0.018334371992045958, 0.1275349711801737, 0.038542462048296054]
Timestep: 272, Trans probs: [0.1837267622040001, 0.057625168443551006, 0.4040319122626849, 0.12672300279725027, 0.054228338473355155, 0.017008502743172775, 0.11925306378550432, 0.03740324929048144]
Timestep: 273, Trans probs: [0.13578330441064446, 0.043241593915409084, 0.37614111669710526, 0.1197860185661358, 0.06539144231701413, 0.020824579328720155, 0.1811445835871693, 0.057687361177801794]
Timestep: 274, Trans probs: [0.1711797479777569, 0.04936144108400664, 0.35159038101972123, 0.10138470282514686, 0.08297854761770415, 0.023927717722776236, 0.17043172173125654, 0.04914574002163146]
Timestep: 275, Trans probs: [0.15922433715270357, 0.04983180504372773, 0.22707228381407885, 0.07106590600534372, 0.15470728057627092, 0.04841811988281917, 0.22063043973879612, 0.06904982778626018]
Timestep: 276, Trans probs: [0.14235722525349231, 0.05771553223686122, 0.15865349586228242, 0.06432248829397337, 0.19414590367534731, 0.07871208603761524, 0.21637065677971382, 0.08772261186071448]
Timestep: 277, Trans probs: [0.13250280149424318, 0.05605798001791424, 0.1213059200933051, 0.05132091373132699, 0.23435031269875287, 0.09914662179447889, 0.21454701323663025, 0.09076843693334845]
Timestep: 278, Trans probs: [0.10803097534474361, 0.11226142580571166, 0.12344240572623923, 0.12827636173321869, 0.12084279402579481, 0.1255749502620938, 0.1380819266106009, 0.14348916049159718]
Timestep: 279, Trans probs: [0.16512479988758666, 0.1128942718560003, 0.18101425201703206, 0.12375774075689049, 0.11820967440517352, 0.08081884203579387, 0.12958462816122368, 0.0885957908802993]
Timestep: 280, Trans probs: [0.15705242231800193, 0.07993000479532139, 0.14556556898670656, 0.07408390431305999, 0.1868841755761119, 0.09511252885818178, 0.1732154203726031, 0.0881559747800133]
Timestep: 281, Trans probs: [0.18650465242048078, 0.07721523558161583, 0.14796395741258067, 0.06125891060048408, 0.20784466374602362, 0.08605026452288418, 0.16489411162577317, 0.06826820409015785]
Timestep: 282, Trans probs: [0.23370147346407205, 0.08196263261877997, 0.18108144041778262, 0.06350799314632444, 0.1834337285934426, 0.06433297609870944, 0.1421319399597696, 0.04984781570111931]
Timestep: 283, Trans probs: [0.2227102244283876, 0.07329467102379862, 0.24596549061622955, 0.08094805599605805, 0.13481687605411255, 0.04436867954403127, 0.14889437225932073, 0.049001630078061575]
Timestep: 284, Trans probs: [0.2043668955602509, 0.06463426491158773, 0.19467719103155945, 0.061569742510806755, 0.1847195150126621, 0.058420469885488484, 0.1759613572090261, 0.05565056387861855]
Timestep: 285, Trans probs: [0.21360260930430502, 0.07471559358345627, 0.1773401896843667, 0.0620314404474044, 0.1911855748493179, 0.06687438770521235, 0.158728801202942, 0.055521403222995265]
Timestep: 286, Trans probs: [0.20896011075832466, 0.07254337192751487, 0.2266262012756668, 0.07867639784453735, 0.14713727343237304, 0.0510807249875075, 0.15957668295172153, 0.05539923682235451]
Timestep: 287, Trans probs: [0.20914681613711936, 0.06513242450894621, 0.23202983608165065, 0.07225864615841542, 0.15234382335761393, 0.04744285740280498, 0.1690119554033483, 0.052633640950101174]
Timestep: 288, Trans probs: [0.20886218511589957, 0.06848187882443438, 0.18061457658534685, 0.05922003325197748, 0.19498699835931105, 0.063932472920231, 0.1686159422720402, 0.055285912670759746]
Timestep: 289, Trans probs: [0.1849876852457823, 0.0652816818630107, 0.23457184730904893, 0.08277980607034593, 0.14091230536182747, 0.049727592823230776, 0.17868248761199254, 0.06305659371476136]
Timestep: 290, Trans probs: [0.2545648813732832, 0.10197767101546014, 0.18195388837832122, 0.07288999829406785, 0.16180824225079063, 0.06481973321231567, 0.11565475445931893, 0.04633083101644223]
Timestep: 291, Trans probs: [0.25274246933402533, 0.08789964711485829, 0.22992012851294308, 0.0799624147621233, 0.13577849686774257, 0.047221513629699015, 0.12351786200152817, 0.04295746777708027]
Timestep: 292, Trans probs: [0.18000785145455214, 0.08181397570095258, 0.25727366661606044, 0.11693146348305607, 0.1030113655791835, 0.046818898688677925, 0.14722753208559436, 0.066915246391923]
Timestep: 293, Trans probs: [0.13526544569445198, 0.06045107065131398, 0.10336814907248644, 0.04619594642663961, 0.256489668998221, 0.11462702113123298, 0.1960061729323697, 0.08759652509328426]
Timestep: 294, Trans probs: [0.19488119433701, 0.07815315636028465, 0.18169191548968436, 0.07286386318070831, 0.1744987153488926, 0.06997917593704359, 0.16268889335418224, 0.06524308599219432]
Timestep: 295, Trans probs: [0.21311728227668036, 0.08432425026772922, 0.234222966137998, 0.09267514958936561, 0.12823102527772162, 0.050737251114004484, 0.14093015249918564, 0.05576192283731521]
Timestep: 296, Trans probs: [0.189426587356772, 0.07470125421680064, 0.3023511755296561, 0.11923358986270575, 0.08682119550801429, 0.034238341552526856, 0.1385787015911194, 0.05464915438240503]
Timestep: 297, Trans probs: [0.2230613902973775, 0.08029842831641133, 0.28325053450026855, 0.10196552935419595, 0.10088459151336605, 0.036316792112999326, 0.12810650211991506, 0.04611623178546617]
Timestep: 298, Trans probs: [0.13421912829312543, 0.053232467411132585, 0.14202962385853726, 0.05633017752099534, 0.21366880168416266, 0.08474289519737932, 0.22610264214523565, 0.08967426388943177]
Timestep: 299, Trans probs: [0.21303801618245322, 0.07288458838505027, 0.1936166120549521, 0.06624013557302101, 0.17729924250180612, 0.060657635394324026, 0.161135929015173, 0.055127840893220266]
Timestep: 300, Trans probs: [0.2431050720958383, 0.07520152195058928, 0.228313664389442, 0.07062598446088128, 0.15074920388151003, 0.046632386017269385, 0.14157706725431934, 0.04379509995015038]
Timestep: 301, Trans probs: [0.23463264025456204, 0.08631804374079795, 0.2546359065868394, 0.09367696369479514, 0.11595068189874982, 0.04265662280001997, 0.12583588955320685, 0.04629325147102902]
Timestep: 302, Trans probs: [0.23335009908317236, 0.08619427373423204, 0.2874185703534346, 0.10616594990394883, 0.09386998882693878, 0.034673460796323, 0.11562016940954985, 0.04270748789240041]
Timestep: 303, Trans probs: [0.25722869907051843, 0.09576748930437824, 0.27025371267887466, 0.10061676489429085, 0.0981250023374902, 0.036532413163087515, 0.10309365278506494, 0.03838226576629514]
Timestep: 304, Trans probs: [0.12797529899817625, 0.24313581266434287, 0.13107117808390106, 0.24901756549719986, 0.04238588798138307, 0.08052747210225497, 0.04341125447912658, 0.08247553019361534]
Timestep: 305, Trans probs: [0.19809776302429138, 0.15353686564035018, 0.23464882424183298, 0.18186598601755377, 0.05979185192065123, 0.04634203533940476, 0.07082405948573069, 0.054892614330184955]
Timestep: 306, Trans probs: [0.1667943055724052, 0.08654586098191763, 0.19899012496601412, 0.10325155665825249, 0.1334212362405985, 0.0692293164571009, 0.15917514918464454, 0.08259244993906655]
Timestep: 307, Trans probs: [0.17462741983368255, 0.0649469303280996, 0.18201325822980147, 0.06769385021149592, 0.18227844030712803, 0.06779247597093734, 0.18998787737312417, 0.07065974774573075]
Timestep: 308, Trans probs: [0.1461231965346906, 0.14710687138182296, 0.14853658820528887, 0.1495365095672727, 0.10099740929600194, 0.10167730553086445, 0.10266549699273603, 0.10335662249132255]
Timestep: 309, Trans probs: [0.1790374117670777, 0.1266476331537609, 0.20727585577502664, 0.14662296714822481, 0.09240253771543129, 0.06536378393519887, 0.10697660836198547, 0.0756732021432943]
Timestep: 310, Trans probs: [0.1911711235995551, 0.1039380340550899, 0.24850640395904566, 0.13511071437602476, 0.09049046865394984, 0.049198860348368914, 0.11763000883368849, 0.06395438617427729]
Timestep: 311, Trans probs: [0.20397222495897901, 0.09433409467082116, 0.23840979086266664, 0.11026095237335613, 0.11129741389880683, 0.0514733845819405, 0.13008826655936384, 0.06016387209406588]
Timestep: 312, Trans probs: [0.11285564257674684, 0.04611934497785632, 0.12564040406606655, 0.05134393820264415, 0.22306490660430822, 0.0911572265705843, 0.2483346366989651, 0.10148390030282821]
Timestep: 313, Trans probs: [0.20201494648778276, 0.0910004954509669, 0.254148843215276, 0.11448494803466885, 0.10330535973279513, 0.046535363258348096, 0.1299653225194189, 0.058544721300743355]
Timestep: 314, Trans probs: [0.2014572657447505, 0.0932310640597054, 0.28335500593999796, 0.13113197289146933, 0.08261532292482311, 0.0382329941560727, 0.11620065045337338, 0.053775723829807734]
Timestep: 315, Trans probs: [0.23105335982568734, 0.09034556508602713, 0.2995318062853523, 0.11712173465256843, 0.08200481763016887, 0.03206519738195358, 0.10630899791890666, 0.04156852121933576]
Timestep: 316, Trans probs: [0.16380679997120445, 0.17513557283668293, 0.19617679650998388, 0.20974425750384665, 0.05610841411059979, 0.05998883592100651, 0.06719604399455938, 0.07184327915211622]
Timestep: 317, Trans probs: [0.1690162273066204, 0.11720056012415989, 0.24107724289131982, 0.1671696756595637, 0.07436038957173231, 0.05156356550928879, 0.1060643583397243, 0.07354798059759071]
Timestep: 318, Trans probs: [0.17218344010163084, 0.0881524924264699, 0.17940520585831368, 0.09184980879322366, 0.15171868993867943, 0.07767518559205915, 0.15808211744948544, 0.08093305984013792]
Timestep: 319, Trans probs: [0.20386903607285112, 0.0837577517455766, 0.23879648661572409, 0.09810737927131069, 0.12256655978342314, 0.05035536383750244, 0.1435650279054573, 0.05898239476815468]
Timestep: 320, Trans probs: [0.21806627302347606, 0.07573823419094891, 0.2886720459735515, 0.10026085519410644, 0.10133364610537117, 0.035194949286472654, 0.1341435818644369, 0.04659041436163624]
Timestep: 321, Trans probs: [0.21295976694127522, 0.06986948853550687, 0.33535148953482175, 0.11002471213203174, 0.07948485133528048, 0.026078005197330403, 0.12516619300250514, 0.041065493321248495]
Timestep: 322, Trans probs: [0.2515413669198338, 0.09846199974684616, 0.2854809043876972, 0.11174710974878814, 0.08508979363108335, 0.03330709116180093, 0.0965706417891332, 0.03780109261481741]
Timestep: 323, Trans probs: [0.23952478470776514, 0.09081492161890632, 0.3058176735270747, 0.11594962118397097, 0.07894690133861074, 0.02993242083848968, 0.1007969080485838, 0.03821676873659867]
Timestep: 324, Trans probs: [0.22600591968385172, 0.08403435877867181, 0.32143274483800827, 0.11951631462005655, 0.07493832582253418, 0.027863846076478658, 0.10657964975606446, 0.03962884042433443]
Timestep: 325, Trans probs: [0.21380557146794188, 0.06686924618424463, 0.33632355450399215, 0.10518763570695716, 0.08224775709289195, 0.025723583718543056, 0.12937856495292493, 0.040464086372504204]
Timestep: 326, Trans probs: [0.2032249752974833, 0.07502964410042734, 0.35203238411986604, 0.1299685949213427, 0.06408640749893997, 0.02366038101016795, 0.11101239298223446, 0.04098522006953827]
Timestep: 327, Trans probs: [0.17905121296568574, 0.06186745139336376, 0.35173807490220954, 0.12153583263565045, 0.07165317687432927, 0.024758276495464037, 0.14075945131538511, 0.0486365234179121]
Timestep: 328, Trans probs: [0.152827985855172, 0.05248632395558352, 0.38908382230914274, 0.133624606967908, 0.057094009227923216, 0.01960802301680298, 0.1453552843548259, 0.04991994431264153]
Timestep: 329, Trans probs: [0.1882054661601464, 0.05992812783508355, 0.3855441791015656, 0.12276445165312407, 0.06059802471103986, 0.019295540376848764, 0.12413675420305909, 0.03952745595913293]
Timestep: 330, Trans probs: [0.1469469414330612, 0.04439998991201283, 0.41914262008666087, 0.12664386153297214, 0.052402238577717704, 0.015833326243659313, 0.149468994466116, 0.0451620277478]
Timestep: 331, Trans probs: [0.14934432215953677, 0.05167750275703122, 0.4057156533197569, 0.14038948042902613, 0.05054716941014469, 0.01749079877146217, 0.13731876487941663, 0.04751630827362541]
Timestep: 332, Trans probs: [0.2090832214560397, 0.062463596863383035, 0.36463276937577294, 0.10893401273834866, 0.07152261010358373, 0.02136737445030469, 0.12473256922979185, 0.037263845782775376]
Timestep: 333, Trans probs: [0.2534107554327573, 0.07127697068363803, 0.28669388795575057, 0.08063853411471554, 0.11277909625972624, 0.03172143314952838, 0.12759157570727642, 0.0358877466966074]
Timestep: 334, Trans probs: [0.2092922440979102, 0.0678354229315508, 0.34279857045913703, 0.1111072515259956, 0.07700413936877404, 0.024958442125151963, 0.12612463977739663, 0.04087928971408371]
Timestep: 335, Trans probs: [0.17976099691554714, 0.05405911634566415, 0.3769128822149206, 0.11334815505839997, 0.06849984619968078, 0.02059980317703932, 0.14362667600541923, 0.04319252408332882]
Timestep: 336, Trans probs: [0.15449838308719893, 0.04603638010087416, 0.4120072096629413, 0.12276711334667209, 0.055615140582305, 0.01657182230681016, 0.14831118894878736, 0.044192761964410854]
Timestep: 337, Trans probs: [0.18517659693048505, 0.05781408962093564, 0.35656496265515225, 0.11132334781143632, 0.07531301903406402, 0.023513520089653392, 0.14501823807361977, 0.0452762257846536]
Timestep: 338, Trans probs: [0.20728890582397147, 0.062126774624665045, 0.19786460926089697, 0.05930220885138947, 0.186360534464043, 0.05585431056986558, 0.17788773686080966, 0.05331491954435897]
Timestep: 339, Trans probs: [0.15191885938168834, 0.04545085544219145, 0.323396450656206, 0.09675326282146067, 0.0940958446407145, 0.028151453018291413, 0.2003060206096623, 0.059927253429785485]
Timestep: 340, Trans probs: [0.31506279201926957, 0.0943617321764127, 0.2050761373650309, 0.061420580404901386, 0.15106073311666263, 0.045242893803389084, 0.09832627793509897, 0.029448853179235016]
Timestep: 341, Trans probs: [0.15296149535793238, 0.06338331149201364, 0.34890032850106645, 0.1445753269429067, 0.06253172227009764, 0.02591153820445535, 0.14263287888707937, 0.059103398344448624]
Timestep: 342, Trans probs: [0.33962005652412347, 0.158556462578646, 0.16788284419570046, 0.07837849794781326, 0.1165900238653351, 0.05443171391361678, 0.05763341839019667, 0.026906982584568223]
Timestep: 343, Trans probs: [0.1468313099913371, 0.05143140499651864, 0.3839041532455076, 0.13447220478098423, 0.058057476456952806, 0.02033610940956364, 0.1517966865520199, 0.053170654567116116]
Timestep: 344, Trans probs: [0.37331055031404875, 0.1177382566712215, 0.15662932548844619, 0.049399256761120725, 0.16222618646609785, 0.05116444837915975, 0.06806498809468974, 0.02146698782521559]
Timestep: 345, Trans probs: [0.16056316671001375, 0.058374653184622365, 0.3920862021967617, 0.14254761251095982, 0.05250638014831409, 0.019089320383630797, 0.12821762054950786, 0.046615044316189604]
Timestep: 346, Trans probs: [0.1675697778988851, 0.06427209937769006, 0.18766396455461334, 0.07197930993704361, 0.17337598067797902, 0.06649909309161696, 0.19416642010593763, 0.07447335435623424]
Timestep: 347, Trans probs: [0.24765421115281733, 0.0891524834511628, 0.18933571416128786, 0.0681585386531647, 0.16906094339740765, 0.06085986944584971, 0.1292498694285381, 0.046528370309771784]
Timestep: 348, Trans probs: [0.3399136130928748, 0.1131676292092542, 0.1963337583161435, 0.06536550790129682, 0.13563602632985255, 0.04515737806275917, 0.07834323129956913, 0.02608285578825005]
Timestep: 349, Trans probs: [0.18730142465733585, 0.1649165775728449, 0.07186651664524409, 0.06327757511133993, 0.19701534303617776, 0.17346956202980438, 0.07559369319043457, 0.06655930775681834]
Timestep: 350, Trans probs: [0.18809001123858285, 0.11439106652043819, 0.16255772929378773, 0.09886304914656009, 0.1454609589715296, 0.08846527321821826, 0.1257153584903302, 0.07645655312055287]
Timestep: 351, Trans probs: [0.1855950037821395, 0.08797375015311086, 0.23642654635695984, 0.11206837196536465, 0.11275870510522194, 0.053448670213986235, 0.143641534935953, 0.068087417487264]
Timestep: 352, Trans probs: [0.1804079690079639, 0.06801303456680381, 0.3042581312648049, 0.1147040173044175, 0.08991346243422557, 0.03389699170267831, 0.15163910001435726, 0.05716729370474885]
Timestep: 353, Trans probs: [0.1621333986099292, 0.06855494703384077, 0.33217954130596017, 0.1404556436563898, 0.06839123415787204, 0.028917900170290934, 0.14012022807569252, 0.05924710699002465]
Timestep: 354, Trans probs: [0.2900670534428641, 0.09923164186261182, 0.2540834676621816, 0.08692169402558662, 0.10711974855090857, 0.036645556254842185, 0.09383126019955565, 0.03209957800144954]
Timestep: 355, Trans probs: [0.26592891429333815, 0.08646394002748052, 0.2614438371608087, 0.08500566520529296, 0.11459884243001923, 0.037260586970839595, 0.11266605280101986, 0.036632161111201045]
Timestep: 356, Trans probs: [0.2623323705827247, 0.08757446125703924, 0.30511504590882865, 0.101856609260718, 0.08426536615476789, 0.02813032195469706, 0.09800784785241969, 0.03271797702880491]
Timestep: 357, Trans probs: [0.16355642327653358, 0.05021929135093534, 0.11137414659885318, 0.03419694931548477, 0.2915928043732976, 0.0895323075994407, 0.1985608335695482, 0.06096724391590683]
Timestep: 358, Trans probs: [0.17680676147366683, 0.05978582221604657, 0.217563396707169, 0.07356735934666887, 0.1582300810498922, 0.05350426316296977, 0.19470451020953963, 0.06583780583404712]
Timestep: 359, Trans probs: [0.15459515572271373, 0.0755646350024461, 0.2638424431960489, 0.1289636652911874, 0.09356474503295428, 0.04573355338632608, 0.15968385821084963, 0.07805194415747373]
Timestep: 360, Trans probs: [0.16263494713426624, 0.05761235942851386, 0.33517874879325577, 0.11873486534437475, 0.07860559668915623, 0.027845515181984568, 0.16200039419982404, 0.0573875732286246]
Timestep: 361, Trans probs: [0.14277168647384922, 0.0441506269685519, 0.39190696718827434, 0.12119306525019793, 0.06118135490255481, 0.018919683898446112, 0.16794225690344802, 0.051934358414677466]
Timestep: 362, Trans probs: [0.14142556803399647, 0.05135777981800133, 0.40537214594779475, 0.147208271498213, 0.04831476362467066, 0.017545193748828652, 0.13848598724938593, 0.050290290079109394]
Timestep: 363, Trans probs: [0.22973810272562709, 0.0725023532081786, 0.3348171151593605, 0.1056639210275828, 0.07958121166453345, 0.025114793969233946, 0.11598055087199646, 0.03660195137348722]
Timestep: 364, Trans probs: [0.13602588425689544, 0.1118888258710387, 0.1428994051907491, 0.11754267764410598, 0.13155367037856758, 0.10821018218771412, 0.13820120597234212, 0.11367814849858682]
Timestep: 365, Trans probs: [0.17076288971338044, 0.19930125701578305, 0.14227090794085082, 0.16604761629989287, 0.08095770549173412, 0.09448758156235329, 0.0674498205344818, 0.07872222144152353]
Timestep: 366, Trans probs: [0.10787475307681174, 0.07724805319939872, 0.13048081656372315, 0.0934360336587606, 0.1558521285664015, 0.1116041814729754, 0.18851225535652888, 0.13499177810539992]
Timestep: 367, Trans probs: [0.23220466226036504, 0.1203090119235467, 0.24581489966079806, 0.12736069726763763, 0.08777342134067574, 0.045476837079202435, 0.09291809453657969, 0.04814237593119476]
Timestep: 368, Trans probs: [0.1340753271273563, 0.055479491345742586, 0.10720631625792769, 0.044361270805559586, 0.2589663639232669, 0.1071585835660277, 0.20706889556608588, 0.08568375140803328]
Timestep: 369, Trans probs: [0.16009999052896198, 0.05627598946142097, 0.1861916757593945, 0.0654473541704833, 0.18198303487708095, 0.06396799474542988, 0.21164102578391156, 0.07439293467331695]
Timestep: 370, Trans probs: [0.16285882901688306, 0.05469940649914199, 0.24787067620871964, 0.08325234166919132, 0.13395982117300323, 0.04499309467670832, 0.20388646817243933, 0.06847936258391304]
Timestep: 371, Trans probs: [0.20128326673220093, 0.06537305215187231, 0.2579428918676711, 0.08377504198948092, 0.12957108127029043, 0.04208227137195052, 0.1660443013861965, 0.05392809323033752]
Timestep: 372, Trans probs: [0.23837910334629767, 0.08906631669842237, 0.23826540360779688, 0.08902383471583379, 0.12570595049880778, 0.046967900461216794, 0.12564599250123554, 0.046945498170389253]
Timestep: 373, Trans probs: [0.22706309131266197, 0.07244766798892387, 0.2973711235482662, 0.09488043302754363, 0.1011755046632793, 0.032281465596554794, 0.1325035844590585, 0.04227712940371164]
Timestep: 374, Trans probs: [0.20734353327666322, 0.06521851288050264, 0.33883529801840834, 0.10657836248356105, 0.08144553208248165, 0.02561814395288192, 0.13309612650717545, 0.04186449079832582]
Timestep: 375, Trans probs: [0.17409298942010162, 0.07531883059007942, 0.3432361022649207, 0.14849616819725725, 0.06080463933808712, 0.02630625359844309, 0.11988045857301766, 0.051864558018093226]
Timestep: 376, Trans probs: [0.21565271190361296, 0.08184833554063908, 0.32583827544179644, 0.12366791154596433, 0.0730362083149236, 0.02771999494932264, 0.11035331738735163, 0.04188324491638946]
Timestep: 377, Trans probs: [0.20753165150315278, 0.0733220145602722, 0.2295386715526386, 0.08109720948986147, 0.14333110257014553, 0.05063962587619278, 0.15853018389161894, 0.05600954055611767]
Timestep: 378, Trans probs: [0.25719162020921665, 0.0896281289217476, 0.22475063790084132, 0.07832284400492977, 0.1385528004534428, 0.04828395361951735, 0.12107637978067888, 0.04219363510962585]
Timestep: 379, Trans probs: [0.22928989893398025, 0.07128977828205459, 0.29603884625463567, 0.09204305907276308, 0.10366013740628426, 0.032229541060197785, 0.1338368049487835, 0.041611934041301014]
Timestep: 380, Trans probs: [0.19228735778948022, 0.07581141002182022, 0.3292402012308598, 0.12980657791609035, 0.07215400280723189, 0.028447510821399853, 0.12354425520721732, 0.04870868420590027]
Timestep: 381, Trans probs: [0.16973828847301753, 0.06386202309285166, 0.36063056834367274, 0.13568298520467828, 0.06280735367128687, 0.023630523829596843, 0.13344220596544337, 0.050206051419452696]
Timestep: 382, Trans probs: [0.15696843248469342, 0.05348965270776537, 0.3989058890088307, 0.13593393989103789, 0.053643229666353716, 0.01827983932537492, 0.13632422698397254, 0.0464547899319714]
Timestep: 383, Trans probs: [0.15104475125004274, 0.05000630652158194, 0.40691782971452634, 0.13471807231564248, 0.05233131353282779, 0.017325300505593402, 0.14098169153615447, 0.046674734623630684]
Timestep: 384, Trans probs: [0.15937669880260452, 0.04830661050034673, 0.39745616520458554, 0.12046779929404346, 0.06026925095145847, 0.018267433399820034, 0.1503004237312515, 0.04555561811588976]
Timestep: 385, Trans probs: [0.1409735727045082, 0.052610074988302745, 0.3790349254521384, 0.1414524401181261, 0.05644877057239388, 0.021066175708237326, 0.15177352134374866, 0.05664051911254455]
Timestep: 386, Trans probs: [0.20196051597107245, 0.11751522684215641, 0.2722372691914516, 0.15840732179801406, 0.06727697416233659, 0.03914660666183531, 0.09068752690274234, 0.05276855847039128]
Timestep: 387, Trans probs: [0.2165305754260064, 0.21062677873355795, 0.13149365658325507, 0.12790842704563968, 0.0988544641031177, 0.0961591557982396, 0.06003186815036681, 0.05839507415981674]
Timestep: 388, Trans probs: [0.2058096843140192, 0.13466460163075386, 0.2371264146867616, 0.15515564428542558, 0.07506087483118012, 0.04911354313033276, 0.08648240334897163, 0.05658683377255507]
Timestep: 389, Trans probs: [0.1813123254951666, 0.08946293977440846, 0.32776782665203236, 0.1617268614016051, 0.0571718138590629, 0.028209657154297452, 0.10335249478027976, 0.05099608088314722]
Timestep: 390, Trans probs: [0.16354564172348024, 0.06529081550409553, 0.3756618907496206, 0.14997202580502508, 0.05322316379450537, 0.021247791938881145, 0.12225281048165107, 0.04880586000274113]
Timestep: 391, Trans probs: [0.1441306892776965, 0.050298180553441055, 0.3995959461540662, 0.13944947567242738, 0.05237338852980952, 0.018277066221423534, 0.14520289778495002, 0.050672355806185905]
Timestep: 392, Trans probs: [0.1627755258610468, 0.054507523274733086, 0.3685210045274158, 0.12340409975793001, 0.06674175348189268, 0.022349352963640722, 0.15110218754915516, 0.05059855258418572]
Timestep: 393, Trans probs: [0.1361526559219525, 0.04240701123680761, 0.3810675907941887, 0.11868984483164112, 0.06456859283180316, 0.02011096311872713, 0.18071625518264295, 0.05628708608223697]
Timestep: 394, Trans probs: [0.13610993389230985, 0.04450422336472357, 0.4133785432415797, 0.1351634704132843, 0.05055780523151602, 0.016531018659033416, 0.15354876222797448, 0.05020624296957872]
Timestep: 395, Trans probs: [0.21436211589728987, 0.07216228836962266, 0.34388435043433063, 0.11576430638393544, 0.07291991970117782, 0.024547566398754, 0.11697971497994585, 0.03937973783494383]
Timestep: 396, Trans probs: [0.16862515802690445, 0.06619723948852012, 0.20623262147809415, 0.08096081506504807, 0.1544017446551046, 0.060613548938815626, 0.18883704503887241, 0.07413182730864053]
Timestep: 397, Trans probs: [0.18143608612333903, 0.08043496149059468, 0.18009883110311192, 0.079842124319372, 0.16626784760674893, 0.07371051815062593, 0.16504238844553593, 0.0731672427606715]
Timestep: 398, Trans probs: [0.18376609874292746, 0.0628089995698998, 0.27415390825767944, 0.09370244470353185, 0.11531705912909232, 0.039413957018119616, 0.17203729450255476, 0.05880023807619495]
Timestep: 399, Trans probs: [0.17292345202685075, 0.05254092679135107, 0.34506389437297824, 0.10484394453202339, 0.08311824985097535, 0.02525458420623721, 0.16586013435927885, 0.050394813860304984]
Timestep: 400, Trans probs: [0.16350917896401582, 0.04676407605443037, 0.3956402669291064, 0.11315420730563162, 0.06388133282245344, 0.01827023733771565, 0.1545725306052985, 0.04420816998134851]
Timestep: 401, Trans probs: [0.1815424501507763, 0.05408031342874952, 0.3777956886006635, 0.11254287487353692, 0.06852934208581053, 0.020414444643600517, 0.1426117690994957, 0.042483117117366964]
Timestep: 402, Trans probs: [0.1390485805190679, 0.06373546888335455, 0.38039663346728264, 0.17436177848908066, 0.04450361306973739, 0.020399047839356622, 0.12174899251515311, 0.05580588521696706]
Timestep: 403, Trans probs: [0.13270183786971126, 0.045187427525636724, 0.4252857455559748, 0.14481765372281508, 0.04470877607998923, 0.015224164271620499, 0.1432836611256402, 0.04879073384861212]
Timestep: 404, Trans probs: [0.18387047780077773, 0.06514040075746573, 0.269971423469859, 0.09564366682586452, 0.11528785119664987, 0.04084340737697851, 0.16927364125340408, 0.059969131319000606]
Timestep: 405, Trans probs: [0.20665220663801043, 0.09054667608835715, 0.11130326337455236, 0.04876860837980998, 0.24527305779898967, 0.1074687779967847, 0.13210452573924464, 0.05788288398425102]
Timestep: 406, Trans probs: [0.17480267742495917, 0.07833623755238613, 0.22296307943001628, 0.09991888575699472, 0.12866319238011223, 0.0576592449899037, 0.16411156856954606, 0.07354511389608179]
Timestep: 407, Trans probs: [0.1666947230818247, 0.05879849737266173, 0.3168616565962468, 0.11176712098874511, 0.0881426368929795, 0.031090693862140712, 0.16754592722747172, 0.05909874397792984]
Timestep: 408, Trans probs: [0.15515218447832396, 0.05025365674400629, 0.3773595437118145, 0.12222642589616742, 0.06492439243338755, 0.021028953879256795, 0.1579084380075405, 0.05114640484950302]
Timestep: 409, Trans probs: [0.14710021482804292, 0.044079307020888095, 0.38129198657185687, 0.11425602987971399, 0.06710441018536963, 0.020108168451516268, 0.1739383854552644, 0.05212149760734773]
Timestep: 410, Trans probs: [0.12642041408616483, 0.0484056792197954, 0.3905376708406381, 0.14953471996281656, 0.05041646121320461, 0.019304184901817335, 0.15574642336491978, 0.05963444641064348]
Timestep: 411, Trans probs: [0.17369317787771385, 0.05536807488603006, 0.38303045244442546, 0.122098398070095, 0.06288475623246934, 0.020045737747514895, 0.13867428143054691, 0.044205121311204305]
Timestep: 412, Trans probs: [0.13267577138589703, 0.058858599679393254, 0.38764262827763457, 0.17196886845375006, 0.04395539584008123, 0.019499815380576817, 0.1284257479149963, 0.05697317306767083]
Timestep: 413, Trans probs: [0.13377037263255318, 0.04694245266502599, 0.42709011932641805, 0.149873677673391, 0.04278301267177565, 0.015013335970354497, 0.1365937885014589, 0.0479332405590229]
Timestep: 414, Trans probs: [0.17294363426535786, 0.05788228770337813, 0.3842877620699065, 0.1286167883513317, 0.05959172724753587, 0.019944680334348885, 0.13241523227561183, 0.044317887752529275]
Timestep: 415, Trans probs: [0.18468100104780608, 0.06264623149903784, 0.3204236053661125, 0.10869191332965371, 0.0883369309332097, 0.02996505213724643, 0.15326556460060173, 0.05198970108633216]
Timestep: 416, Trans probs: [0.18861505385270944, 0.06868249793061315, 0.169867659627621, 0.06185580070381314, 0.19708422936837203, 0.071766473032, 0.17749504140036426, 0.06463324408450707]
Timestep: 417, Trans probs: [0.18616929420559783, 0.06037744426899701, 0.2616678159481011, 0.08486272691644332, 0.1277346438869839, 0.0414262264645501, 0.1795357576524053, 0.05822609065692163]
Timestep: 418, Trans probs: [0.1811301695523215, 0.05465712379079888, 0.3662127669257904, 0.11050691657334322, 0.07308512298427763, 0.022053877739365395, 0.14776503094617102, 0.044588991487931745]
Timestep: 419, Trans probs: [0.19803913065326886, 0.05614873327905941, 0.1822198223259099, 0.05166358874725867, 0.2077194968157181, 0.05889334388155007, 0.1911269236465051, 0.05418896065073002]
Timestep: 420, Trans probs: [0.17060956505281738, 0.055668854953160415, 0.3900934685087249, 0.1272851068453553, 0.058810135316185376, 0.01918938654863183, 0.1344675467747426, 0.043875936000382205]
Timestep: 421, Trans probs: [0.2424221558768054, 0.07334305773248356, 0.19439879003025515, 0.058813938143341626, 0.18364384435719028, 0.05556010765678257, 0.14726434970607416, 0.044553756497067165]
Timestep: 422, Trans probs: [0.1699204421861957, 0.07663045880113918, 0.1165710053894597, 0.052571012121754426, 0.23884389953012541, 0.10771345323354868, 0.16385476132916824, 0.07389496740860876]
Timestep: 423, Trans probs: [0.15761132418059617, 0.06378069948451554, 0.1999263921090596, 0.08090437156355801, 0.15621618057300118, 0.06321612561498952, 0.19815668406688317, 0.0801882224073968]
Timestep: 424, Trans probs: [0.27678852352783334, 0.0884223776286112, 0.1507615625469976, 0.04816202509230698, 0.21385427358015843, 0.06831751221107112, 0.11648244671190532, 0.03721127870111623]
Timestep: 425, Trans probs: [0.2521303330143095, 0.08844237770295534, 0.20155809102080305, 0.07070262670115457, 0.15928706250283867, 0.05587477863788317, 0.12733730153984035, 0.04466742888021533]
Timestep: 426, Trans probs: [0.23257603252947856, 0.07118458535535832, 0.2675762701091553, 0.08189711395235606, 0.12346182195529248, 0.03778798059078006, 0.14204152276735826, 0.04347467274022105]
Timestep: 427, Trans probs: [0.20020269163014756, 0.07390538979522739, 0.2962864996568215, 0.10937499925652104, 0.09431282865893331, 0.03481584741930286, 0.13957663430275785, 0.05152510928028836]
Timestep: 428, Trans probs: [0.19003617287226196, 0.061058092234281845, 0.3447720258004998, 0.11077429014147328, 0.07889286682467328, 0.025348058037591225, 0.14313092662961022, 0.04598756745960849]
Timestep: 429, Trans probs: [0.18397926177460897, 0.055304272721269004, 0.37781158757633043, 0.1135703821997869, 0.06781757371158004, 0.020386001963823553, 0.1392671377328192, 0.04186378231978172]
Timestep: 430, Trans probs: [0.15951796444130487, 0.05976118819677626, 0.3788957701015582, 0.141948033898924, 0.05601104058482207, 0.02098375784326454, 0.13304047873795818, 0.04984176619539174]
Timestep: 431, Trans probs: [0.12559129570027178, 0.04891575212688106, 0.3580999456931823, 0.13947406213549693, 0.06127797347994177, 0.02386676676014209, 0.17472260997867808, 0.06805159412540591]
Timestep: 432, Trans probs: [0.19253398640193392, 0.06831786551852231, 0.3369555411406353, 0.11956373924191292, 0.07585426862003017, 0.026915776375038142, 0.1327532692193436, 0.04710555348258351]
Timestep: 433, Trans probs: [0.26236738073113636, 0.10454695477280836, 0.27451865915793344, 0.10938894066517808, 0.08707283723059621, 0.034696386229566556, 0.09110552713911954, 0.03630331407366161]
Timestep: 434, Trans probs: [0.2220411745892906, 0.08227743470942554, 0.34130809478619795, 0.12647183359803874, 0.06554022046894933, 0.024285951560334713, 0.1007444129292738, 0.03733087735848936]
Timestep: 435, Trans probs: [0.18004710117825865, 0.07410391477819796, 0.36491036029390195, 0.1501900672876046, 0.05400783975260382, 0.02222858534344903, 0.10946035861641407, 0.04505177274956994]
Timestep: 436, Trans probs: [0.13647063700135673, 0.06176795355434385, 0.30341135700849275, 0.13732696658677357, 0.07710615110951027, 0.03489900292939279, 0.17142795297134747, 0.07758997883878246]
Timestep: 437, Trans probs: [0.08291587971193222, 0.09206179015887034, 0.08648392828379932, 0.09602340692083561, 0.14902637950096845, 0.1654645084321523, 0.15543930501531275, 0.17258480197612913]
Timestep: 438, Trans probs: [0.23132818918399525, 0.16499831104564602, 0.17039225020784018, 0.12153483584829745, 0.10478075931037902, 0.07473645290389462, 0.0771796529439864, 0.055049548555961]
Timestep: 439, Trans probs: [0.11630400636781785, 0.06095984715651849, 0.0660337948990154, 0.03461110386411185, 0.3021930917283054, 0.15839217632154304, 0.17157583184174766, 0.08993014782094043]
Timestep: 440, Trans probs: [0.35412361128384645, 0.13629952318881197, 0.16624987454289578, 0.06398833036928916, 0.13726338553511214, 0.052831648056140997, 0.06444083336271589, 0.024802793661187643]
Timestep: 441, Trans probs: [0.05805690213285409, 0.055097365867431254, 0.06607607453779184, 0.06270774912449505, 0.18190904012077524, 0.1726359583429407, 0.20703542305121633, 0.19648148682249542]
Timestep: 442, Trans probs: [0.11409722452111011, 0.07924803308934407, 0.1477337497731033, 0.10261081406292791, 0.1430581552194902, 0.09936330586584172, 0.18523253124608355, 0.12865618622209904]
Timestep: 443, Trans probs: [0.19558290061528194, 0.10609796583290361, 0.1613195805653851, 0.08751112338123913, 0.15969192217366682, 0.08662816662024982, 0.13171618696569823, 0.07145215384557534]
Timestep: 444, Trans probs: [0.20114260594861091, 0.09152999530065796, 0.22661132126484676, 0.10311954084828022, 0.1220281631566618, 0.055528947472872854, 0.1374793925634948, 0.06256003344457461]
Timestep: 445, Trans probs: [0.19650886427754105, 0.0816544285480094, 0.2799855355234782, 0.11634110750642052, 0.0948355336611928, 0.03940657504494691, 0.13512152633115893, 0.05614642910725213]
Timestep: 446, Trans probs: [0.182849831314304, 0.06194780095434167, 0.3450932696336246, 0.11691435001216978, 0.0758491962028801, 0.025696993402450324, 0.14315051279287985, 0.04849804568734949]
Timestep: 447, Trans probs: [0.23153362598441127, 0.1062793066339063, 0.25292311388520694, 0.1160975778836467, 0.09603090687882405, 0.044080414475924985, 0.10490241274348554, 0.048152641514594245]
Timestep: 448, Trans probs: [0.29511656322209345, 0.11859778856215597, 0.2314679047679404, 0.09301945417389006, 0.10466111127262277, 0.0420599108700299, 0.08208854112578877, 0.03298872600547859]
Timestep: 449, Trans probs: [0.18058346142113837, 0.072428694462305, 0.19274632050951382, 0.07730699282787667, 0.1646571863511915, 0.06604095938465197, 0.17574736116408546, 0.0704890238792371]
Timestep: 450, Trans probs: [0.19894382350771006, 0.06499863609423423, 0.26093269860940327, 0.08525155103064462, 0.12712586086141617, 0.04153437599924891, 0.16673698812432491, 0.05447606577301776]
Timestep: 451, Trans probs: [0.1947008274465901, 0.06707661692178174, 0.3037898544980682, 0.1046590092200844, 0.09579929929784489, 0.033003932159145, 0.14947473812196624, 0.05149572233451939]
Timestep: 452, Trans probs: [0.16891351330711904, 0.07717991074079417, 0.3120136006660151, 0.1425651588072315, 0.07216001191584707, 0.03297133053288399, 0.13329250396342968, 0.06090397006667954]
Timestep: 453, Trans probs: [0.25543323571278675, 0.09582226454527355, 0.2742236709360454, 0.10287123783122634, 0.09526779025986808, 0.03573840097766, 0.1022759747537367, 0.03836742498340314]
Timestep: 454, Trans probs: [0.10785598852738522, 0.05302755341430236, 0.12840008513972825, 0.06312808835291639, 0.1981950983227139, 0.09744290795769883, 0.23594672717177703, 0.11600355111347804]
Timestep: 455, Trans probs: [0.22624769258656843, 0.07999150593042084, 0.30812021301679177, 0.10893812690436448, 0.0865526151196032, 0.03060130225630507, 0.11787351244525247, 0.041675031740693695]
Timestep: 456, Trans probs: [0.11766338245378095, 0.03548955625654231, 0.1029031823723322, 0.03103759388537589, 0.29217973259624047, 0.0881270692780646, 0.25552745197224314, 0.07707203118542025]
Timestep: 457, Trans probs: [0.19480636313623176, 0.07381278714147299, 0.32234907637116256, 0.12213915077710173, 0.07837320182550575, 0.02969587014925297, 0.12968533888718628, 0.04913821171208605]
Timestep: 458, Trans probs: [0.08307480407972276, 0.02620195858402624, 0.10298884198893057, 0.03248288578353018, 0.25635447669606615, 0.08085471227562674, 0.31780575333370387, 0.10023656725839321]
Timestep: 459, Trans probs: [0.209419588404159, 0.0659986847615794, 0.14522869861885457, 0.04576889474150954, 0.2395779767171361, 0.0755031154519128, 0.16614299570305585, 0.05236004560179271]
Timestep: 460, Trans probs: [0.16647217508265855, 0.061865935859573555, 0.24705183732780353, 0.09181169834852385, 0.12702516589845878, 0.047206271931773215, 0.18851078630108167, 0.07005612925012698]
Timestep: 461, Trans probs: [0.28332332538549904, 0.12445700051043729, 0.16144603442606212, 0.07091929039599253, 0.15926864578187822, 0.06996281687150634, 0.09075599841596893, 0.03986688821265543]
Timestep: 462, Trans probs: [0.2659658325842328, 0.09911163745919051, 0.23942761936952237, 0.08922222519373321, 0.11742087712753178, 0.04375665584908671, 0.10570455912235398, 0.03939059329434858]
Timestep: 463, Trans probs: [0.199818512689453, 0.06475636833049407, 0.3489403055237371, 0.11308315053354386, 0.07518695111773271, 0.024366280354581698, 0.13129793301581683, 0.042550498434640545]
Timestep: 464, Trans probs: [0.2977805877269417, 0.11116800254469719, 0.20841566963622574, 0.07780612520558364, 0.1305756744264661, 0.04874675349968628, 0.09138949194615863, 0.0341176950142407]
Timestep: 465, Trans probs: [0.23909893068802943, 0.09730333350688271, 0.23509747849997495, 0.09567490867183344, 0.11927639157313637, 0.048540537071165915, 0.11728023551894508, 0.047728184470032]
Timestep: 466, Trans probs: [0.24251524581876838, 0.08190572066382211, 0.3031137608801783, 0.1023719186981155, 0.08973990917613389, 0.03030824684263356, 0.11216367564681344, 0.03788152227353483]
Timestep: 467, Trans probs: [0.19069131030010342, 0.0868643921050409, 0.2903729242582194, 0.13227171972208973, 0.08164690159093971, 0.03719209051946626, 0.12432684811003353, 0.05663381339410703]
Timestep: 468, Trans probs: [0.18522865039374298, 0.07685972480670175, 0.334654162864116, 0.13886311220470876, 0.06657562860539162, 0.027625232287588022, 0.12028274897392571, 0.04991073986382514]
Timestep: 469, Trans probs: [0.18210302191199423, 0.05986913539688726, 0.38363701849252413, 0.12612649895775443, 0.060140399580987526, 0.019772070158600115, 0.12669797208170028, 0.04165388341955214]
Timestep: 470, Trans probs: [0.16387973151103707, 0.05313217179892545, 0.3891208798544911, 0.12615859965321843, 0.05991060025617461, 0.019423880403254344, 0.14225350059670622, 0.04612063592619264]
Timestep: 471, Trans probs: [0.18969971041957256, 0.055871683746604714, 0.38614311238394594, 0.11372956663100678, 0.0647790858367883, 0.0190791888361985, 0.13186102270308667, 0.0388366294427964]
Timestep: 472, Trans probs: [0.3022236547511356, 0.10065952985792617, 0.22346017265399076, 0.07442632490115236, 0.12905021802511038, 0.042981858204206864, 0.09541802419361403, 0.031780217412863916]
Timestep: 473, Trans probs: [0.23216712632312553, 0.07174594973836423, 0.2832557337949077, 0.08753371746380902, 0.1119358181926604, 0.03459120898449674, 0.13656740651545551, 0.042203038987180926]
Timestep: 474, Trans probs: [0.18615058226782286, 0.06741906168536636, 0.3160879956507342, 0.11447912661439079, 0.08594498613263434, 0.031127113603585072, 0.14593657495956353, 0.05285455908590308]
Timestep: 475, Trans probs: [0.16190969702907945, 0.051280564650551634, 0.3813834239094323, 0.12079299563462087, 0.06442135986627619, 0.020403742148351365, 0.15174655533009485, 0.04806166143159315]
Timestep: 476, Trans probs: [0.30179887421890217, 0.09622016623990408, 0.26219755569121106, 0.08359438868551196, 0.1039478549526705, 0.033140878705110025, 0.09030806877087992, 0.028792212735810535]
Timestep: 477, Trans probs: [0.13776868370549678, 0.055137793979639874, 0.3639166433118496, 0.1456467490651525, 0.05835173309374629, 0.02335353544173804, 0.15413638475561528, 0.06168847664676157]
Timestep: 478, Trans probs: [0.106968007755595, 0.10108888875858942, 0.09835606156467767, 0.0929502677937331, 0.16087840579906698, 0.15203629205322322, 0.14792615771020176, 0.139795918564913]
Timestep: 479, Trans probs: [0.2804868767565946, 0.17995808900736637, 0.17874465617562527, 0.11468111135038334, 0.09157542035967753, 0.058754041681154626, 0.05835787119742338, 0.037441933471774894]
Timestep: 480, Trans probs: [0.13137427626232306, 0.06388823740284519, 0.08065006187593705, 0.03922069408318207, 0.28551054335368253, 0.13884579153359475, 0.17527360487016955, 0.08523679061826608]
Timestep: 481, Trans probs: [0.17776859384930632, 0.07046250160386953, 0.1999359148565655, 0.07924900802891086, 0.15928714141120606, 0.06313697045203183, 0.1791498692391827, 0.0710100005589271]
Timestep: 482, Trans probs: [0.16591635822853712, 0.07729014360089298, 0.259331494458779, 0.12080646333464268, 0.10025486647268686, 0.04670252595400544, 0.1567009101858133, 0.07299723776464263]
Timestep: 483, Trans probs: [0.16604792798203125, 0.06175219569252037, 0.33235470880824175, 0.12360065715410865, 0.07679901145564474, 0.0285610765640767, 0.15371774522753304, 0.057166677115843466]
Timestep: 484, Trans probs: [0.15299988916630936, 0.05190331592981485, 0.3882552965068241, 0.13171079682360354, 0.05807249243189164, 0.019700373235224354, 0.14736581111850397, 0.04999202478782839]
Timestep: 485, Trans probs: [0.14172250347618928, 0.047613198366073556, 0.4092056693293747, 0.13747704301296684, 0.050830428277829534, 0.01707702873758075, 0.14676638441701406, 0.04930774438297126]
Timestep: 486, Trans probs: [0.1547327956133496, 0.04928698553641442, 0.41678355688481483, 0.1327579267121117, 0.050602593627182835, 0.016118427191351297, 0.136301608692156, 0.04341610574261945]
Timestep: 487, Trans probs: [0.18469135472125883, 0.06035500165904358, 0.37830316494001104, 0.12362510514926488, 0.0625611598576693, 0.02044426450117267, 0.1281439773518001, 0.04187597181977952]
Timestep: 488, Trans probs: [0.29527393559475756, 0.09440252007573403, 0.29023701909509, 0.09279215914082155, 0.08685597602760768, 0.027768868268470647, 0.08537434745830312, 0.027295174339215356]
Timestep: 489, Trans probs: [0.1532233882921681, 0.049820770950426814, 0.1196982157763583, 0.038920020356145134, 0.270440753326018, 0.08793413967210326, 0.2112685015463349, 0.06869421008044534]
Timestep: 490, Trans probs: [0.1844056175640932, 0.07972495159760677, 0.23821573647503239, 0.10298893445401312, 0.12022825363833183, 0.05197884873897241, 0.1553112229653623, 0.06714643456658792]
Timestep: 491, Trans probs: [0.21838908935073464, 0.08116699408488534, 0.2873067171814606, 0.10678107905181844, 0.09645415478627052, 0.03584837426757418, 0.1268924498588401, 0.047161141418416]
Timestep: 492, Trans probs: [0.2862981387668564, 0.1095842807165531, 0.23745026218828044, 0.09088713010827294, 0.10902125751312454, 0.04172928311321918, 0.09042016931052543, 0.0346094782831678]
Timestep: 493, Trans probs: [0.23877566715840262, 0.10429857595399965, 0.2880793994475078, 0.1258347279755518, 0.07665278121987656, 0.033482372887028385, 0.09248047526197088, 0.04039600009566227]
Timestep: 494, Trans probs: [0.20405914658019927, 0.09353283517563307, 0.3225032925775093, 0.1478230592148235, 0.061671124029885525, 0.028267662467735846, 0.09746752787078433, 0.04467535208342921]
Timestep: 495, Trans probs: [0.17104255171714164, 0.06028932376151406, 0.33477925168726397, 0.11800347042874527, 0.0789777699051776, 0.027838197524379084, 0.15458211096212546, 0.05448732401365286]
Timestep: 496, Trans probs: [0.16070642606910474, 0.05728036746299038, 0.3747527087514487, 0.1335725856774607, 0.06055717222823355, 0.021584308497167595, 0.14121379512913804, 0.05033263618445627]
Timestep: 497, Trans probs: [0.19891784426118142, 0.07772706936387326, 0.3289517562911937, 0.1285377693166726, 0.07203776499892328, 0.028148728323929482, 0.11912932901370944, 0.0465497384305168]
Timestep: 498, Trans probs: [0.27028680089197044, 0.09078403539121674, 0.29504862343294475, 0.09910104593887319, 0.08760443599592341, 0.02942461189978796, 0.09563015345890899, 0.03212029299037441]
Timestep: 499, Trans probs: [0.13715171585231908, 0.1274442520152373, 0.11482908510337982, 0.10670159516160962, 0.14497993930212894, 0.13471840149247322, 0.12138319732239428, 0.11279181375045787]
