732.1223731842515,0.5,1
2893.208781426173,0.5263157894736842,1
3965.289876064461,0.6129917657822507,0
4062.5441379570966,0.3973940681902966,0
2217.9070641101575,0.32085735304685536,1
2966.1146329620988,0.5911849057830556,1
3342.8165002799233,0.6730574289761756,1
3143.817028948965,0.6456953324983707,1
2849.3880037025133,0.6510736214461932,1
623.5957808161484,0.7346647546641224,1
1861.047684753959,0.685946384613528,1
3156.569475566004,0.7180594070167222,1
2663.9203082991726,0.6514077103025318,1
1802.9656428971612,0.7292502070094593,1
3327.356905610885,0.7466723755125265,1
4058.693764582301,0.631985326689289,0
2781.7857932546517,0.41367101117535343,1
3062.801962124075,0.56717895148823,1
3365.240720034315,0.6014371477093995,1
1417.202251479835,0.6447141092725953,1
2681.4874911943025,0.7346210703932721,1
2841.5034293718004,0.7425982749943209,1
2472.0827223446763,0.7507607380019405,1
1242.9619840563496,0.7610547658452539,1
1584.7158063256763,0.7408074684773434,1
2561.700997067367,0.6947887147391141,1
3147.3261590744974,0.724319093480667,1
1973.8738280895484,0.6915215753608565,1
2293.602650455364,0.7571515800553882,1
3744.2356581544236,0.7811629590636475,0
557.0388587567581,0.5042914637696919,1
1919.0565153112502,0.6380806391884781,1
4196.355437107525,0.7009531078934874,0
3431.5993179209972,0.46368813566641354,1
2197.8057873153743,0.5507872284851298,1
3132.9375369841623,0.7030696784243132,1
3567.4031289318073,0.6626759936339128,1
3032.0296711979245,0.6707480779703789,1
3009.0172054218,0.6747620549097746,1
845.2276812151613,0.7048915141324326,1
792.1545722259709,0.7781948213746617,1
703.924155157601,0.7939997845581921,1
2288.204271371255,0.7354976408940193,1
4008.6900391300132,0.7582397172420006,0
2800.254072807013,0.43903465429959143,1
2559.7657191587077,0.6112438020295875,1
1221.3992770203467,0.7040615894278914,1
1128.2051982731678,0.7319193567677175,1
1622.6380724844644,0.7401697076343596,1
4406.091970083626,0.7663549351864412,0
4671.189575391715,0.5537955803767715,0
2229.037581523789,0.43552638617366873,1
4301.096064809369,0.6349000943016547,0
1839.9400306305045,0.43335562833720176,1
2668.709878610144,0.5895797771066321,1
3755.3710415220257,0.6868066574317335,0
3663.3560887408876,0.4506990392023326,0
5105.661694800523,0.3980030422588734,0
1957.6350209800648,0.325510510765773,1
2448.7216144388767,0.5696018075679123,1
2989.062273836436,0.6413332005263691,1
872.0198869095966,0.6817549015030836,1
4454.0425879754,0.6980214465611865,0
2856.498561395575,0.4509609282285313,1
612.1004739228703,0.603229050812281,1
4321.326921421806,0.6904738581749381,0
1144.0546611601605,0.42916172453109225,1
2443.1772988106827,0.5840377063557769,1
1969.4191413047772,0.682532244105533,1
1154.9791377402123,0.7131926273600313,1
1064.9289845329756,0.7255033625012139,1
2278.7882159101114,0.7077597873537805,1
1573.5044950396912,0.7383392954087884,1
1001.8588942265678,0.7223343447413142,1
2283.0140226664366,0.731403613457161,1
1040.2597137187665,0.7566078175184705,1
1391.745336219729,0.7711560379973995,1
2467.6445362945033,0.7830427600412689,1
3722.5688107829233,0.7387985461476989,0
555.6884061092835,0.4705191333463339,1
2061.8660521321904,0.6232894964453578,1
4564.9548273759465,0.7062497641524876,0
4332.460279146381,0.4754871435735419,0
2977.048905365508,0.4361803166842132,1
3528.2159567378276,0.5852138874569057,1
2838.065499477293,0.5957211817870094,1
3534.998070394981,0.6990442999873417,1
879.0835734370623,0.6713461626625788,1
569.8100842199683,0.7368135611405651,1
4548.475389027991,0.7604499510564601,0
2483.324463593656,0.5591060084466136,1
4642.586303953799,0.6478267294904231,0
1658.1037862301205,0.4312425944759166,1
1069.6820051227296,0.5858776859343772,1
3171.704534658241,0.6898906296148735,1
3501.6721072409327,0.6537496938332886,1
2978.508008188905,0.6685924564076164,1
2671.361926411863,0.7426964486970815,1
960.6921055209302,0.7200221753885006,1
1604.3834833460053,0.723835203248077,1
1042.6009746395468,0.7142764832868984,1
3616.6809287350734,0.7438898268115378,0
633.616157798137,0.5176016784342908,1
3166.001674833269,0.6451535555250605,1
2098.350635570666,0.6419309024379285,1
886.7167775244156,0.7397933461476454,1
1702.9079036766527,0.7517699052860738,1
754.9554463178094,0.7399060776204472,1
2500.0664378966794,0.7402512680372875,1
3251.3207331324206,0.7492307590188864,1
4302.173397622405,0.7168273590964929,0
644.5941491277694,0.5741506075160383,1
1461.210574734092,0.6767229000776476,1
4358.515275823121,0.71814615634786,0
3471.7579367830585,0.46219857415167553,1
3701.4727192255864,0.5629364497474715,0
1570.63230100639,0.4788688809753059,1
1976.9962771436467,0.575435992028523,1
3194.4197001294838,0.7222994205539597,1
2781.0697535227628,0.6768866607828569,1
1067.04243748907,0.7503514063512534,1
1564.0999009464495,0.7525874657878692,1
3221.03740107507,0.761520771452341,1
4191.617237644504,0.67523017442799,0
729.9181469611146,0.4954094634540452,1
3409.341159363612,0.5979271096161287,1
4257.659783188286,0.6179302369882349,0
1588.2452027118088,0.4315736091856597,1
4412.611672281825,0.5793269570821757,0
3169.094295312453,0.4477174016187452,1
654.147463295182,0.4883362494460694,1
1764.851138983275,0.6882242656109123,1
4330.379902613455,0.717718116561636,0
1533.6726019643168,0.45122908738949663,1
3052.6158514415974,0.6122288378311864,1
2566.776602810805,0.624722529639986,1
2055.2382638505014,0.7272130102124803,1
4625.120491922125,0.7384025589342327,0
2782.6154514699747,0.4595372995994159,1
1159.4556396110543,0.6163927164552532,1
3213.187148167004,0.6951289229009812,1
2551.6479251483133,0.6655948713324475,1
3607.033317696025,0.7469618916097798,0
3276.637462235371,0.5176105971340198,1
844.5668585543957,0.5786636917174792,1
2932.913504177831,0.7074863406481687,1
4527.582222284071,0.7270155850148372,0
1192.2373710006518,0.49158536541092057,1
1013.5470503971031,0.6390896565783681,1
2768.3240033022144,0.7208604077002042,1
2976.7627711729046,0.7366157872589797,1
3529.495714793087,0.7657158965195285,1
2636.131495252217,0.690347418572274,1
4307.494100832351,0.7757554015653148,0
1022.2675308065844,0.4544457407757163,1
3075.0226942357704,0.6482975362984205,1
1225.7359662207152,0.6657911506621604,1
2328.1536793455534,0.7397846890321063,1
3332.4260696001074,0.7542754318857501,1
1162.9506762837423,0.7159346114619203,1
3889.5109826303687,0.7677223456359298,0
2615.098479604351,0.4427420648378225,1
943.5666724877965,0.6437504416898638,1
1664.2717170366852,0.7057810106606973,1
3826.7147008867423,0.7375614796518626,0
1827.253239575318,0.49026918920251167,1
945.447151850574,0.6540710086394407,1
2214.010734651196,0.7333428606385358,1
2911.0443857755827,0.734426986532331,1
3188.6180831539937,0.7537790195895029,1
3570.6671344234246,0.7010383173634026,1
1153.3048444144288,0.6879601610640026,1
1387.1615885861488,0.7658878288160718,1
2103.1378715686906,0.7794014197049006,1
1687.4461358704978,0.798206280050268,1
544.3059207713735,0.764781872965806,1
3701.625828068778,0.7380352527127312,0
2803.9162165251296,0.5091715818465282,1
2412.8911020413107,0.6349402240890474,1
3063.1637336140197,0.7211067196579625,1
4370.346766407379,0.6852530337248667,0
3218.104793059757,0.45783397303078993,1
2335.5767913675063,0.5526812015556578,1
3359.1940072927696,0.7356701656955458,1
3297.6193780811486,0.6716694927836737,1
1052.2676464364195,0.6844021581417883,1
3085.4471208717046,0.7376805995062248,1
2706.381445680239,0.7024530694969682,1
3489.7222131451504,0.7653322723343245,1
1205.6278654980576,0.705480426666044,1
759.8590211396405,0.7640024391399057,1
3640.681863686159,0.7363630639250643,0
2880.8806183241563,0.4547498740945018,1
1650.5900854246554,0.6417963763489681,1
2568.9088795124635,0.7064053204131266,1
2221.4924339484346,0.736677865884581,1
3348.5378857215896,0.7310157260496678,1
4623.1343047937535,0.6906742149394045,0
578.5416202951694,0.5290293587747208,1
3223.8866794216146,0.6527194628599147,1
2811.3505211101124,0.6557439470862483,1
2049.724502546253,0.7482491077577623,1
861.7568704067784,0.7496771872150438,1
2644.518355245371,0.7688738361721081,1
3331.744039493511,0.7751519433991066,1
2541.4037884016166,0.7359463170572328,1
1479.0916978521057,0.8066518868762599,1
964.9355731947958,0.8189031048088592,1
3109.6392510893456,0.8262601297944128,1
3042.274281089927,0.7969064551436347,1
1195.030096390347,0.8080202490378138,1
1540.3225296648043,0.8592273048548341,1
3447.881243249999,0.8723987592156359,1
1556.9043414717835,0.8449022737490507,1
2602.006366743412,0.8861713992341392,1
1669.5967926277954,0.8984285964957289,1
586.7286917263085,0.9071014293014786,1
3027.8084907939306,0.9118623530243264,1
802.0458179795039,0.8933922968121254,1
2776.776063091005,0.9201326319318399,1
1727.6689887939226,0.9096342265763315,1
3819.202759995664,0.9137053530932867,0
1656.2909929232703,0.8136226614887553,1
4752.221890176047,0.8532591545697633,0
2803.8348238203125,0.7410997393777196,1
2706.4081932766076,0.7888205531516087,1
1972.6695885833392,0.750945783855348,1
3358.3989241719437,0.7666175689949132,1
3365.1459179618923,0.7351209037968337,1
1418.3520370391798,0.6679043185757161,1
1683.6095500691151,0.7428053135206054,1
1383.9014751154375,0.7468248106920848,1
2549.088372338851,0.7391331705534153,1
1978.5268212155347,0.7582450636014408,1
1004.8170932449376,0.7748284200720642,1
1014.992721476511,0.7776520959381259,1
1953.5120907508638,0.7910144013153642,1
1196.1351369260121,0.8021498059196464,1
3721.2604693147287,0.8112837889578371,0
2940.6035352284116,0.49674631745048387,1
1628.947247418421,0.6668442812223523,1
3716.589695086288,0.7173318227604562,0
1524.805534760847,0.48636555039572105,1
2481.455607090271,0.6453387390414408,1
1261.32252821394,0.7188109390177416,1
1082.9868382973511,0.7416713666885816,1
1642.8945456004476,0.765378634174081,1
2693.6100165532057,0.7767596657108351,1
1426.1147604384682,0.7779849561728454,1
2012.9027519681483,0.7952843743376152,1
2348.4112964384763,0.8045970285262929,1
2205.1984571032144,0.8124450414889787,1
4163.805316793537,0.8224244880624761,0
2117.4704715172147,0.6331775079648511,1
582.9492992930973,0.7317672304118243,1
2894.1386034887764,0.7418389493294386,1
2388.8770819593083,0.7668147625464491,1
2525.4288026293025,0.7707054087886452,1
4582.382226992698,0.781847780879074,0
2012.8408206691468,0.41852221835986525,1
2200.982109330794,0.5825229448067433,1
2756.1784604033414,0.6913506123645018,1
756.5230424197268,0.723684262085033,1
2875.4109321555025,0.7509269826070268,1
1194.4442104447442,0.7696098258908219,1
2915.2807309793216,0.772363190944678,1
982.1143649426466,0.7564360213270541,1
3487.500449261598,0.7378426350622169,1
1654.291244129023,0.7049410179387442,1
4161.838625224352,0.7711430569800237,0
1979.3512058780352,0.4576427566093371,1
2056.407078357081,0.6179360969147419,1
2423.09831586287,0.7079320095749122,1
1994.6101266686774,0.7321107210751564,1
1679.644315867171,0.7158189973354443,1
1144.4728071472555,0.7192807580129846,1
3965.082627376462,0.7299083656456665,0
1800.747093270344,0.44529754217741824,1
2164.4820504828376,0.6185430345178788,1
2277.234523748974,0.7133228764433506,1
2429.4170234347425,0.7286098821341127,1
2922.2075698256594,0.7427837352826617,1
871.2648061946433,0.7670084472206072,1
555.2772460835901,0.7722998343738114,1
3645.8980507140986,0.789332781131645,0
1591.7298727364066,0.5427218132854036,1
1892.749618604982,0.6676827362408002,1
2824.562713126796,0.7177287124941987,1
2983.684809421202,0.7236532229345182,1
1346.5985832995232,0.7200119179574386,1
2197.0349639810443,0.7484085482226679,1
2282.275562947043,0.7595987773650335,1
2499.0889971134584,0.7251003048310496,1
557.9926752104957,0.7409877204572818,1
3024.4592116168383,0.7574054750047737,1
2658.0456724284854,0.7136293086104359,1
3311.3959228851436,0.7840804031769983,1
780.295101744187,0.7524196759215718,1
890.323789719136,0.7643501676100493,1
3563.1289818405926,0.776318443151023,1
1030.3257491318402,0.6737090917235912,1
842.8218845565113,0.7418876461161913,1
2913.512232738895,0.7542991637226004,1
876.4200693402156,0.7703565590914022,1
3246.988013854556,0.7261897285406781,1
2433.3790766705033,0.6916396329286898,1
1957.5822903493745,0.7270865658337679,1
3229.00928319163,0.7339025951307476,1
1532.9500520200058,0.7086886704881803,1
1003.5040126749541,0.7838426151366115,1
2348.8122371988748,0.7718911969693795,1
2748.680021172405,0.743739338736915,1
2283.083409441517,0.7451908847046131,1
1728.938070608617,0.728365931007057,1
1645.22361420581,0.7619282034414914,1
3589.7210939512374,0.77907421502885,1
2357.0622553197913,0.7384117964306622,1
492.00761390693435,0.792674349960502,1
1535.0270960547443,0.7912974933575921,1
626.3596720315047,0.8098957139950607,1
3722.9028192329456,0.8048402764879704,0
3484.225347201954,0.5728368629835824,1
1759.4422205948763,0.6280404952467714,1
3992.1660071685583,0.7312990170500915,0
683.1791402284497,0.42296300266343917,1
2018.081796558423,0.6393954032703741,1
2601.2738919479357,0.7272893380560683,1
1001.719636743174,0.7319982800722378,1
4482.595182795748,0.7520933450374115,0
3419.8131057226365,0.5000498410825784,1
1472.5595763379745,0.5972906600065314,1
3306.0382800643774,0.7303840705144697,1
1801.5439083397268,0.6752491521748819,1
3187.9644009375766,0.7751541115331744,1
3203.6766847995386,0.7300697852452277,1
2804.205364565358,0.7466248086732102,1
2211.8452557379683,0.801133021533909,1
1559.4637255754471,0.7930130656583014,1
784.9514504009894,0.8116727796755144,1
3236.514839160217,0.7950206644531639,1
3906.0176115417803,0.7412623814389424,0
901.8934740652302,0.5557563265773188,1
2405.740986884095,0.6840665189498799,1
2548.114359800261,0.7247685574491168,1
4000.7980562381713,0.7366555125532009,0
659.1688955947805,0.42226505395330494,1
2793.521682426581,0.6542991981629304,1
2833.8671274920193,0.7475596186568224,1
2917.129679683757,0.7424497209961994,1
1364.270300191729,0.7638070444130628,1
1685.6615859231358,0.7688168533459114,1
3845.9103490144416,0.7728976512439619,0
3321.4518758148433,0.5447009192747414,1
2817.947848012432,0.6254288756304752,1
3758.343196183688,0.7429817747945947,0
4056.066232301165,0.4293725348484205,0
2285.254026294242,0.37596036856012827,1
2094.5511912809543,0.5611072091790795,1
776.1675989766663,0.6689593403179367,1
3751.1704190364135,0.7016101593049306,0
2933.4212200030884,0.44615109616897136,1
1850.4872026783905,0.5991436976531965,1
3258.7341334665416,0.690985439445789,1
2957.178155579132,0.6578792281490703,1
4338.714711692072,0.7384239210800874,0
2796.2170176331215,0.5157710825372283,1
669.771828487582,0.6227173012714329,1
2681.8833197310023,0.6820199816571986,1
2188.2478165459474,0.7162897847996037,1
1191.6623958123741,0.7427641186683258,1
4023.113402596737,0.7579406653992672,0
3093.2052629415634,0.5155363704930488,1
2323.6838630169877,0.5659089396427203,1
2240.1878629165735,0.7004102920767894,1
2206.877783328078,0.7214468951216537,1
4178.471931275386,0.7281584123429483,0
496.4378449981695,0.46936008677768426,1
3607.0214087940517,0.5925394225148448,0
3383.111677897461,0.42983523917876165,1
2347.3632288009358,0.5000428633407562,1
3387.381395157238,0.7029790050548941,1
722.1741383752576,0.6726753303938852,1
873.4440422984214,0.726671364296331,1
2708.8040114030496,0.7471214855903481,1
2673.378848680509,0.7578848288539621,1
822.9606333755287,0.7740039199581724,1
1349.7562222067104,0.7121020327820884,1
2467.054655466186,0.703469069127816,1
3330.510432247285,0.7148914034982095,1
4460.181535333727,0.6815137948602348,0
3076.5640579335354,0.5137029252218499,1
3427.822606181825,0.5699061371412457,1
3248.6505468476103,0.6471357895350159,1
1859.1822866693233,0.676412362684849,1
3318.3477737085536,0.7514739463973378,1
2596.9782005820944,0.7162135984511561,1
1177.6541261712832,0.7710857822607963,1
2421.7739066431122,0.7704713991641539,1
2265.4584379406833,0.772170322781978,1
3658.149412884163,0.7306621465435627,0
652.2049242666727,0.40578717720970603,1
2124.9127935670954,0.6204349784396218,1
3104.6725552765447,0.7037729135188407,1
2796.351877719804,0.6742404802753872,1
4122.1418878699415,0.7638955057878439,0
938.4340169708582,0.5473460908440319,1
1972.1926688764365,0.6623859240178898,1
1214.4424366475082,0.709372533348051,1
1457.1922311693731,0.7227025459341053,1
2974.725005787439,0.731544280087843,1
1607.8793482409465,0.7505889680592682,1
3295.8417719400954,0.7622637880458287,1
1322.1185915019498,0.7101219501644602,1
1072.2800292684778,0.7810021406711527,1
859.9688560149762,0.7761468489697331,1
2968.8083959620612,0.7649374764224119,1
4502.815233262521,0.7685814152589613,0
3525.2492308650435,0.5421395873835566,1
2319.7270407809633,0.5777029416742853,1
3297.762581098714,0.7067118389931853,1
2017.4894986402992,0.6550103193164531,1
2952.4795309242545,0.7384598232501041,1
2567.721321697637,0.73790039338585,1
1035.9616721181064,0.7138536117938804,1
2531.878911653926,0.7421768263854834,1
931.0012828151836,0.7366593209511711,1
3338.6800101153126,0.7610586325434604,1
808.6570064438924,0.7204352933291734,1
1604.9111688702792,0.7872262511861473,1
1737.4678180450887,0.8081571969703741,1
587.9239354125882,0.8129459868369657,1
2727.23401861742,0.817258300884575,1
1952.5810334305802,0.8131144691665323,1
1350.1611715019344,0.8137327727216824,1
3111.2376789625628,0.8255989918548639,1
4207.645500816588,0.796533344523761,0
1087.2827010594601,0.67557087768099,1
1775.445704431185,0.7455925295820197,1
1845.8892659537782,0.7492306656559176,1
1953.458591765528,0.7503903479196208,1
1712.5973668025404,0.7627155206246405,1
2710.625654731475,0.7549195126583405,1
1789.2433001567451,0.7455903316895635,1
3187.285481792701,0.740140459243844,1
836.9078701993858,0.6985167464142531,1
1248.4768003932998,0.7717294047342986,1
663.7492053595305,0.7867278197953671,1
3025.1488230809136,0.7927155055485143,1
681.284181818369,0.7212457786694404,1
4846.875390192035,0.7669902526462434,0
3672.6853745750254,0.5094490804179801,0
877.5404583376608,0.4488218893487855,1
1090.9510859443367,0.6092021833214674,1
2371.237718894375,0.6662571441353698,1
2212.3628181476415,0.6980161863981288,1
3919.583180580051,0.686956800457947,0
1601.661739540194,0.4440028863958066,1
2493.3562972750815,0.5892454707443399,1
1319.1953238428875,0.6843922099997309,1
2835.147460368901,0.7182613326781437,1
1895.7136716743628,0.7312510701455284,1
2445.1763642390565,0.753014526234203,1
872.7718952858286,0.7444746809932469,1
2042.4539463114047,0.7650145045252554,1
979.2200321526816,0.7398701341451265,1
2288.1440930633657,0.7335043065204567,1
1444.066639627914,0.7368866865113843,1
3421.98164930028,0.7408773807019565,1
4106.6984271978845,0.7065774506703506,0
3727.840904511847,0.49163405774572955,0
2604.127205987625,0.3645064418539636,1
2219.9224557183734,0.6042961682677294,1
3986.64592886249,0.6675119883332276,0
1466.2397046252056,0.40069312295230397,1
874.4457662398662,0.5794401792491095,1
2178.1867937882885,0.6729028007420341,1
1650.751207940983,0.7072674368008802,1
2711.0031640305833,0.7110007893875859,1
832.7474521219395,0.7316965533802008,1
1626.5973709843067,0.7510765585010425,1
3338.812614166025,0.7535078972229836,1
1497.440251930482,0.7184123546619521,1
3865.1215482760117,0.7843962528184031,0
4004.545502948304,0.5581081148535206,0
2882.725225063116,0.4767697592820969,1
1425.1942615109137,0.6463631643368718,1
3417.605547481168,0.6829652657012992,1
2932.4721997441393,0.643903855924665,1
2861.8973360184536,0.7190902351941074,1
4091.933972682558,0.7032751076478362,0
2279.8030211158016,0.4619512694746145,1
2689.3689596180147,0.6119401470644817,1
3750.7597980327805,0.6965365637186466,0
3100.906647030884,0.45192095634821344,1
3418.9955172459227,0.5293842753782696,1
1487.1532554162168,0.6279266525740013,1
1656.0577284280316,0.7243012675503746,1
1126.5100000811453,0.7125107237982112,1
3254.926672652878,0.7457907575081059,1
1058.9248545207045,0.6950413830601081,1
