5441.690262812689,0.5,0
2626.0,0.4545454545454545,1
696.0,0.6161137440758293,1
3136.0,0.6896551724137933,1
816.0,0.6860064737960895,1
1020.0,0.776329641939004,1
836.0,0.8117194348940645,1
1640.0,0.8348360588774548,1
3175.0,0.8512661833834374,1
2664.0,0.827920013878317,1
988.0,0.8687797195550305,1
2548.0,0.883082109501525,1
2862.0,0.8922341823780635,1
736.0,0.8987366368187748,1
2576.0,0.9039543481155822,1
1375.0,0.9083728405538196,1
1320.0,0.9134157845201415,1
4410.0,0.9180155598528674,0
3016.0,0.8289468287151778,1
2136.0,0.824557147694527,1
3850.0,0.8675361608971255,0
3025.0,0.7853652715242793,1
3874.0,0.7904539064869409,0
680.0,0.7488330036489058,1
2834.0,0.8075549477612356,1
1161.0,0.8133360973504132,1
2125.0,0.8213749594053239,1
920.0,0.8285330823010028,1
2716.0,0.8352832947855786,1
1680.0,0.8416120851744314,1
1660.0,0.8471019810156647,1
3132.0,0.8527553467449308,1
3808.0,0.8188569661583928,0
572.0,0.7858804584081475,1
1820.0,0.8356060881518146,1
903.0,0.8391466893806288,1
768.0,0.8443376512184791,1
1656.0,0.8489459507485976,1
2054.0,0.8536865797689105,1
2660.0,0.8577909497881935,1
3538.0,0.8618472127265695,1
3780.0,0.828682283980908,0
3537.0,0.8010508614305877,1
1620.0,0.806015075407282,1
1491.0,0.8510438853803309,1
1274.0,0.8533352460538959,1
1720.0,0.857183808763132,1
3300.0,0.8610541377590452,1
4350.0,0.827293192969291,0
1620.0,0.8035669170472166,1
2001.0,0.8485364044500454,1
2783.0,0.8499787409869745,1
2900.0,0.8536015026086473,1
2160.0,0.8571118368235888,1
966.0,0.860528672847053,1
2568.0,0.8639318316031149,1
3925.0,0.867086443284057,0
3900.0,0.8066100827604326,0
864.0,0.790114164369609,1
1215.0,0.8371089953806936,1
1848.0,0.8412234964283567,1
2058.0,0.8446848045412938,1
3050.0,0.8479402733064574,1
1900.0,0.8111242839025236,1
567.0,0.8530827837845558,1
1533.0,0.8573765276772143,1
962.0,0.8605092712212397,1
2465.0,0.8635200534826126,1
420.0,0.866133803073182,1
3458.0,0.8689434177327325,1
1550.0,0.8356233815323749,1
1950.0,0.8720704499044969,1
3025.0,0.8765545808160659,1
3588.0,0.8448506601506055,1
1892.0,0.8450552458485876,1
1404.0,0.880984277021134,1
616.0,0.885205417151797,1
3458.0,0.8875241627674162,1
1694.0,0.8582729183319981,1
966.0,0.8895184127199662,1
880.0,0.8934586407498875,1
3942.0,0.8955856646454545,0
2046.0,0.8447821893014019,1
3129.0,0.8781816717752022,1
2737.0,0.8482776172026041,1
1760.0,0.8822386131827632,1
1288.0,0.8859561474844713,1
1944.0,0.8878174565006294,1
1536.0,0.8898400116332652,1
2010.0,0.891684317141342,1
600.0,0.8936556903273857,1
2484.0,0.8955906195082822,1
2856.0,0.8972024393691111,1
600.0,0.89905171470754,1
2940.0,0.9004767327460136,1
2760.0,0.9019972697251901,1
3125.0,0.9036634684703693,1
810.0,0.8774107116381122,1
2250.0,0.9046405175666543,1
3750.0,0.9077475475849637,0
1652.0,0.8613051096874915,1
2926.0,0.8913835477566876,1
2079.0,0.8943416545120203,1
2120.0,0.8963193630973008,1
720.0,0.8980871693737682,1
1944.0,0.8997987270216095,1
3675.0,0.9014430768483707,0
2478.0,0.8544988784036815,1
2250.0,0.8865753375835929,1
899.0,0.8891663850223301,1
1508.0,0.890975274517362,1
567.0,0.8927149592833965,1
3822.0,0.8941478215057725,0
3240.0,0.8453071831270178,1
560.0,0.8460324682781621,1
1242.0,0.8817167079972096,1
952.0,0.88377546994467,1
1176.0,0.8855503857753244,1
1958.0,0.8875129209088353,1
3668.0,0.8893866436493504,0
600.0,0.8401418066890216,1
4077.0,0.8763744405436518,0
2720.0,0.8247076292395037,1
2968.0,0.8648578678878478,1
2709.0,0.865982346575354,1
2494.0,0.8680064003767974,1
3000.0,0.8701145417443248,1
2040.0,0.8364681183566763,1
1520.0,0.8747814454546279,1
3978.0,0.8758858543010325,0
2886.0,0.8248699842803998,1
882.0,0.8651716768251666,1
2568.0,0.8657769764977208,1
3473.0,0.8678074259493617,1
896.0,0.8335088789398469,1
1917.0,0.8727734367491827,1
3192.0,0.87373520774831,1
2730.0,0.8407129083098943,1
2280.0,0.8782511038061913,1
825.0,0.8793765615249858,1
2880.0,0.881163036785336,1
3000.0,0.8830405501989357,1
1863.0,0.8520120142027704,1
3186.0,0.8867406282502016,1
1416.0,0.8561722334597142,1
1104.0,0.8898560783154055,1
2793.0,0.8912520280581538,1
2160.0,0.8929234297915227,1
1675.0,0.8946005246616144,1
1755.0,0.8961954590097191,1
3600.0,0.8974534535558103,1
2275.0,0.869331877537119,1
2340.0,0.8999513357137495,1
1276.0,0.9014299471571463,1
940.0,0.9030283813804143,1
1512.0,0.9041813123259955,1
2632.0,0.905340652806304,1
3240.0,0.90678717586859,1
783.0,0.8812438111677511,1
1820.0,0.9089225360347355,1
1357.0,0.9107613933788552,1
1113.0,0.9120782615029621,1
2436.0,0.9132494852596782,1
2835.0,0.9146315348168562,1
759.0,0.9155361052842524,1
2912.0,0.9167564593329676,1
2520.0,0.9178569068216651,1
2850.0,0.9187651243424368,1
2457.0,0.9199570924816551,1
2233.0,0.9207852375953766,1
2375.0,0.921748562419509,1
2121.0,0.9225628407490223,1
858.0,0.9237796636958284,1
4056.0,0.924640261279732,0
988.0,0.8815846356511413,1
3496.0,0.9084547583118469,1
3456.0,0.8834749804203932,1
4234.0,0.88456279916698,0
3129.0,0.8644189401525041,1
3550.0,0.8653795301619402,1
1886.0,0.8676933786348332,1
2596.0,0.8989676363899888,1
1176.0,0.9002156530430059,1
504.0,0.9020338024542902,1
3720.0,0.903807588181588,0
1416.0,0.8560030224752837,1
1770.0,0.8895093073680969,1
2150.0,0.8905247308739583,1
2175.0,0.8924103084639943,1
940.0,0.8941985895028781,1
3900.0,0.895794089620781,0
2553.0,0.8471916428715127,1
2220.0,0.8828886804944301,1
870.0,0.8836651258816637,1
1430.0,0.8855332118072912,1
1170.0,0.8873546903808309,1
3990.0,0.8891077204157842,0
2068.0,0.8393785047775638,1
4200.0,0.8771072271148076,0
3952.0,0.8230024152345834,0
1659.0,0.8179149569691786,1
924.0,0.8580880889274421,1
2552.0,0.8595036026232661,1
3003.0,0.8618620055864874,1
1624.0,0.826727445146421,1
525.0,0.8669583787991549,1
3255.0,0.868585496569124,1
3192.0,0.8346909906079059,1
1911.0,0.8373467187322935,1
2912.0,0.8746659035885892,1
2622.0,0.8764353691901505,1
3600.0,0.8783468348282375,1
462.0,0.8462140260468392,1
783.0,0.8817287256973027,1
1260.0,0.8834836699932177,1
1595.0,0.8852681880949019,1
1782.0,0.886970960272897,1
2964.0,0.8885246545544391,1
2496.0,0.8901676028883192,1
3220.0,0.8916884272810262,1
3650.0,0.8623454242484632,0
3996.0,0.8458637884356659,0
1860.0,0.8386553210944199,1
2632.0,0.8747583797754817,1
3683.0,0.8775243070232983,0
3220.0,0.8272850197262756,1
1736.0,0.8273959005728817,1
2120.0,0.866461835425187,1
1590.0,0.8689421439203107,1
2760.0,0.8707466022251966,1
3128.0,0.8727299425061066,1
1260.0,0.839363962800868,1
1775.0,0.875461855971868,1
990.0,0.8780893654596358,1
2880.0,0.8799106724189413,1
1166.0,0.8815103424102801,1
1680.0,0.8831894701144045,1
1125.0,0.8850616220621393,1
2660.0,0.886655211910665,1
1200.0,0.8883243406762806,1
4185.0,0.889970361817541,0
1690.0,0.8419623208346244,1
2772.0,0.8763252390799703,1
2530.0,0.8788252726871139,1
1943.0,0.8806499385945249,1
2247.0,0.882337687230278,1
726.0,0.8841695701361388,1
1550.0,0.8859153819234591,1
2688.0,0.8874961950318664,1
1275.0,0.8891737781832385,1
2175.0,0.8909171095918869,1
2522.0,0.892244018097422,1
2210.0,0.8938927697267354,1
1064.0,0.8953769841246282,1
2240.0,0.8969455827728053,1
3300.0,0.8982794105433896,1
1958.0,0.8703553086538066,1
1408.0,0.8995101426681511,1
1534.0,0.9022550004942945,1
1560.0,0.9036162627474928,1
3090.0,0.9050335292427213,1
4290.0,0.8787433900523531,0
529.0,0.8598233859164919,1
1342.0,0.8911420904121312,1
850.0,0.8937365662444702,1
3168.0,0.8951354700691282,1
1400.0,0.8665755703217024,1
3538.0,0.8970632435723791,1
2496.0,0.8704329489720201,1
1500.0,0.9000020242639903,1
3042.0,0.9023420524093154,1
4032.0,0.8758569204756931,0
3575.0,0.8580692248275399,1
4031.0,0.8583668940336572,0
1500.0,0.8424504539600342,1
4256.0,0.8775857044820119,0
3473.0,0.8277228560402402,1
3132.0,0.829364899572882,1
2728.0,0.831643754203155,1
1392.0,0.8700303295383234,1
1100.0,0.8716015536808217,1
2472.0,0.8733851817837036,1
3024.0,0.8751531145466442,1
2072.0,0.8421948582242912,1
4002.0,0.8784819466718179,0
2139.0,0.8279552300624671,1
728.0,0.8666855925562877,1
3475.0,0.8679827506368789,1
1150.0,0.8339276936137889,1
2325.0,0.8724587734105456,1
1840.0,0.8738145048790787,1
2262.0,0.8756466533867178,1
4408.0,0.8772734406324472,0
1160.0,0.8271477371285019,1
2725.0,0.8662358410871505,1
1740.0,0.8673729668604869,1
2046.0,0.8693314430291978,1
567.0,0.8712925666023486,1
870.0,0.8731576163582111,1
2324.0,0.8748732272915285,1
2825.0,0.8767309788271223,1
567.0,0.8783876106556643,1
2511.0,0.8800547379092889,1
1575.0,0.8816786293757284,1
2398.0,0.8833729286247314,1
2112.0,0.8850140151851333,1
616.0,0.8863782121909665,1
837.0,0.887983498896054,1
864.0,0.8894073917912417,1
460.0,0.8909617839495575,1
1485.0,0.8924343092779515,1
2940.0,0.8937200543936227,1
3250.0,0.8951372976222184,1
1248.0,0.8667415293451862,1
2349.0,0.8975033729532066,1
1350.0,0.8990338887859214,1
3483.0,0.9003980258463006,1
910.0,0.8729945803864247,1
3600.0,0.9025649219717324,1
2059.0,0.8764910089485332,1
2156.0,0.9052254371390445,1
2352.0,0.9069474490693419,1
1520.0,0.9083078011609912,1
2938.0,0.909479767537573,1
3458.0,0.9105836582522319,1
2060.0,0.8856307216805568,1
2232.0,0.9120070756860394,1
1508.0,0.9138090629693917,1
810.0,0.9147637642677795,1
3321.0,0.915776722325186,1
1378.0,0.8924697909251622,1
2079.0,0.9172527768954951,1
1800.0,0.9190654595462365,1
768.0,0.9204305229113277,1
2210.0,0.9213264846329978,1
462.0,0.9223586530933311,1
650.0,0.9233502775241551,1
1404.0,0.9241924735146632,1
1180.0,0.9251221653402941,1
2220.0,0.9263779588755028,1
2581.0,0.9274121596117846,1
1325.0,0.9283812411351792,1
864.0,0.9293323141282103,1
2200.0,0.930582180022311,1
1092.0,0.931398601522694,1
3584.0,0.9320555015661796,1
1840.0,0.9129099993107869,1
1161.0,0.9328579268180952,1
1482.0,0.9347026623151353,1
2418.0,0.9359922905515562,1
3348.0,0.9367546652852623,1
4680.0,0.9183088420248016,0
2220.0,0.8935710914177569,1
3150.0,0.9175727619497651,1
3828.0,0.8952759494915553,0
3058.0,0.8727601943164076,1
1575.0,0.8729229196686503,1
1491.0,0.9029772775655708,1
504.0,0.9050291850830071,1
2565.0,0.9067513627455299,1
1975.0,0.9085121666188056,1
3161.0,0.9101601369250162,1
3456.0,0.8854036984881088,1
3105.0,0.8863823736299608,1
880.0,0.8882505451882703,1
2960.0,0.9150337410520438,1
3277.0,0.9169989264162426,1
2541.0,0.8943377537589771,1
3096.0,0.9193207152857071,1
3496.0,0.8978467383417101,1
945.0,0.8982506274831967,1
1539.0,0.9228550439428628,1
2530.0,0.9245178576097913,1
2576.0,0.9257006664499781,1
3483.0,0.9267155776749086,1
2373.0,0.9059318350909624,1
3612.0,0.9284509257564814,0
2139.0,0.8840804664540713,1
2289.0,0.9100447560654695,1
2816.0,0.9119978295108876,1
1968.0,0.9137826340498377,1
1750.0,0.9153468886071565,1
861.0,0.9165348362148404,1
2376.0,0.9176860111227226,1
3276.0,0.9191776259435147,1
2424.0,0.897118192243634,1
1426.0,0.9215105579241554,1
1180.0,0.9233928697921748,1
3364.0,0.9249436387262392,1
2010.0,0.9035982572247011,1
680.0,0.9265963633042666,1
3294.0,0.9287269147206518,1
2200.0,0.9082523918032781,1
4284.0,0.9298822020112263,0
2268.0,0.8870468904303935,1
960.0,0.9124762065820915,1
3857.0,0.9140480273912654,0
875.0,0.8670942971310943,1
1316.0,0.8974960151741119,1
966.0,0.8991047857182238,1
4466.0,0.9006186248396939,0
621.0,0.8514708126064018,1
2158.0,0.8858023510220177,1
1325.0,0.887177264240196,1
2838.0,0.8891147357100537,1
1232.0,0.8909104627982916,1
4380.0,0.8925921873285122,0
3000.0,0.8417349552131475,1
594.0,0.8444228914709011,1
3857.0,0.8807684905450702,0
902.0,0.8269849569846831,1
891.0,0.8675722507370667,1
2646.0,0.8679397532516187,1
1525.0,0.8702337251684149,1
840.0,0.872312584160614,1
1035.0,0.8744344601700088,1
3300.0,0.8765367083681437,1
770.0,0.8445984633179084,1
4144.0,0.8818577305062871,0
2079.0,0.8282086818993165,1
1008.0,0.8685636388807838,1
1738.0,0.8687372479308139,1
1428.0,0.870977252282333,1
1225.0,0.8732671913260608,1
1596.0,0.8754081410276915,1
2552.0,0.8773552524402637,1
1482.0,0.8794285518380043,1
1012.0,0.8814505866397033,1
621.0,0.8832380074198549,1
2825.0,0.8853611806821915,1
1176.0,0.887409186728821,1
1275.0,0.889290091191577,1
3025.0,0.891173976920967,1
2208.0,0.8621481838651583,1
4089.0,0.8951547189498562,0
1400.0,0.8464513384516841,1
2244.0,0.8824303982291571,1
3528.0,0.8830357814294431,1
1342.0,0.8521771402689131,1
2755.0,0.8876219788330405,1
600.0,0.8881280652385004,1
3330.0,0.8900669506779948,1
2054.0,0.8607688958933699,1
1728.0,0.8943800618825544,1
2046.0,0.8952620885409543,1
638.0,0.8969036199112064,1
1120.0,0.8982630447026034,1
874.0,0.8997339619422617,1
1652.0,0.901197659118292,1
3570.0,0.9024797534514664,1
1323.0,0.8756373957324567,1
1375.0,0.9055157073485668,1
946.0,0.9067407371270573,1
1975.0,0.9080904267318773,1
756.0,0.9091974703929968,1
2600.0,0.910663737380823,1
2254.0,0.9119377883353357,1
1420.0,0.9132118219304577,1
4172.0,0.9143786241715075,0
500.0,0.8706673670985501,1
598.0,0.9008605667092724,1
4060.0,0.9018028797014948,0
1824.0,0.8556504469916425,1
1640.0,0.8895247443691827,1
1711.0,0.8900395447483256,1
2403.0,0.8915673667054085,1
3159.0,0.8931580850336001,1
2028.0,0.8642423011755102,1
2400.0,0.8969758898964888,1
2780.0,0.897862482423865,1
2961.0,0.8992927599238714,1
3040.0,0.9009978265334191,1
2784.0,0.8740445418503041,1
840.0,0.9043189013471379,1
1066.0,0.9053026037461315,1
1743.0,0.9067091674217811,1
2538.0,0.9081362982739888,1
1350.0,0.9096187491854725,1
2508.0,0.9107455780129408,1
1647.0,0.9118162608878352,1
3870.0,0.9132487256419233,0
2520.0,0.8682247865878303,1
3161.0,0.8991594691526067,1
1806.0,0.8706668318328241,1
560.0,0.9018148344394454,1
899.0,0.9025783783501317,1
1944.0,0.904292642099163,1
2020.0,0.9057331834194939,1
3190.0,0.9073537731288166,1
1104.0,0.8821775843117721,1
1225.0,0.9107175555735003,1
1872.0,0.911504581941804,1
3108.0,0.9126698664512211,1
660.0,0.8884855824965904,1
2352.0,0.9156137384002134,1
1575.0,0.9167824218015765,1
2461.0,0.9179771388596089,1
1748.0,0.9190847018838981,1
1220.0,0.92054752556256,1
1534.0,0.921503997300073,1
2600.0,0.9227344938666496,1
2552.0,0.9236847643012169,1
2990.0,0.9246435230391814,1
900.0,0.9259330755829652,1
552.0,0.9272544033255874,1
837.0,0.9281810243399667,1
966.0,0.92938916027178,1
3220.0,0.9301204695716333,1
2814.0,0.9102096788218159,1
2392.0,0.9318114328380288,1
3645.0,0.9329067249829018,0
2288.0,0.8909715699666132,1
3094.0,0.916458553272842,1
3190.0,0.892883517757322,1
1911.0,0.8946351024295056,1
3036.0,0.9203495900733779,1
3000.0,0.8979156857671573,1
2268.0,0.8994652043180529,1
4088.0,0.9237184726142995,0
1863.0,0.8792117978944485,1
1764.0,0.9077062876167586,1
990.0,0.9084070627712941,1
780.0,0.9098344830360813,1
3780.0,0.9113561205034078,0
528.0,0.8643082446106836,1
2725.0,0.8965288626217686,1
902.0,0.8973807920845498,1
2470.0,0.8993489389751597,1
1350.0,0.9011571838503948,1
2460.0,0.9026669048334207,1
2884.0,0.904436961709028,1
4089.0,0.9060657854144091,0
2709.0,0.8598551500239009,1
1701.0,0.8932236965999942,1
2740.0,0.8936215364976532,1
2106.0,0.8953364746683393,1
2296.0,0.8967899202888395,1
3059.0,0.8985140212837897,1
1701.0,0.8709543642516553,1
2688.0,0.9025397986405203,1
3780.0,0.9033670223789483,0
1350.0,0.856439809077225,1
2660.0,0.8907605673516208,1
2660.0,0.891061713805045,1
1590.0,0.8929308958441565,1
4350.0,0.8946377005132345,0
1536.0,0.8469685192085437,1
2552.0,0.8835453891844417,1
1128.0,0.8832639503321646,1
864.0,0.88512933834935,1
3700.0,0.8869642102340791,0
2100.0,0.8378422994707456,1
1200.0,0.8768071356173146,1
2180.0,0.8761924725995804,1
1131.0,0.8782775711542856,1
1911.0,0.8801031645209612,1
760.0,0.8820786899715418,1
3300.0,0.8837064067188594,1
1040.0,0.8527892592654276,1
2875.0,0.888790840697046,1
3388.0,0.8886475235473448,1
1872.0,0.8592771931558645,1
990.0,0.893709855744163,1
1533.0,0.8937838612175159,1
1702.0,0.8955460282609689,1
903.0,0.8969829003210628,1
2438.0,0.898611249849896,1
725.0,0.9001457835145701,1
2200.0,0.9016342798075748,1
3278.0,0.9030286063390911,1
1820.0,0.8766801310236063,1
690.0,0.9067989591795147,1
672.0,0.9071120598005856,1
1215.0,0.9085373182495798,1
2754.0,0.9097466284976603,1
2860.0,0.9109161164889665,1
2976.0,0.9119155434032067,1
837.0,0.9132894300486458,1
1564.0,0.9144203156283401,1
3828.0,0.91553108211604,0
1932.0,0.8727890973330199,1
1224.0,0.9031070067675648,1
2884.0,0.9035675394828903,1
3429.0,0.9049502778732865,1
3040.0,0.8786585810094918,1
3132.0,0.8812483940862563,1
2052.0,0.8830139319839729,1
1560.0,0.9107340507804367,1
2020.0,0.911156736530875,1
2184.0,0.9126508291473846,1
1860.0,0.9138610864255768,1
3510.0,0.9148713121206208,1
1848.0,0.8912726503210664,1
2205.0,0.9180940491452794,1
3400.0,0.9185181453025926,1
1520.0,0.8956173524820642,1
864.0,0.9210947764114106,1
1254.0,0.9217493973754594,1
440.0,0.9226053774932574,1
2323.0,0.923935202751378,1
3900.0,0.9249464918726628,0
1809.0,0.8819433141684455,1
816.0,0.9101087327499119,1
3807.0,0.9105143997309191,0
3810.0,0.864198878983802,0
1080.0,0.862291489718855,1
504.0,0.8934371712976079,1
980.0,0.8944264502227065,1
580.0,0.8961048315960831,1
1736.0,0.8978238659192398,1
4205.0,0.8997091880228761,0
1073.0,0.8517682626114902,1
1260.0,0.8863495413829277,1
1275.0,0.8871923443540739,1
1320.0,0.8891515374472112,1
3330.0,0.8910340707141888,1
736.0,0.8618047353418722,1
2000.0,0.8948719511017242,1
1920.0,0.8957410782598837,1
3129.0,0.8975725404428103,1
1701.0,0.8701485233196179,1
1365.0,0.9012874080926894,1
3080.0,0.9022338205307355,1
1764.0,0.8755426951970506,1
2596.0,0.9052216147883494,1
2376.0,0.9062769994262094,1
2599.0,0.9079694792431721,1
874.0,0.9096235364977917,1
3030.0,0.9111580291124105,1
3234.0,0.8867178382063817,1
3500.0,0.8881938791210062,1
1628.0,0.8897957783091142,1
3510.0,0.9161185154514792,1
3741.0,0.8926725954523662,0
2842.0,0.8727929597433194,1
1975.0,0.9020310309820346,1
2712.0,0.9032487279006531,1
2650.0,0.9047462569450831,1
3381.0,0.9060597422668819,1
1872.0,0.8804440506122881,1
4239.0,0.9094598304325385,0
1653.0,0.8630329975733743,1
1863.0,0.8950472027861065,1
2700.0,0.8957670827909365,1
1958.0,0.8975270674834006,1
3100.0,0.8989568076634374,1
2222.0,0.8715235553253672,1
2400.0,0.902792106958942,1
1323.0,0.9038362611493034,1
1890.0,0.9055489703846126,1
3150.0,0.9071217638949481,1
2457.0,0.8818839301570897,1
2054.0,0.9102376101413445,1
2670.0,0.911567375327063,1
2950.0,0.9131632264707293,1
3300.0,0.914463106300652,1
2880.0,0.8903954227863838,1
500.0,0.9168862264797842,1
2610.0,0.9179745142126348,1
1166.0,0.9190290687401764,1
1896.0,0.9202078893954613,1
2730.0,0.9215936045808452,1
945.0,0.9230124755960376,1
1512.0,0.9242184147331498,1
4050.0,0.9253930921693007,0
2310.0,0.8828111463811315,1
1920.0,0.9100846181799205,1
1826.0,0.9111710325405287,1
2900.0,0.912497042567959,1
3556.0,0.9139665140656354,1
840.0,0.8903505971932532,1
3422.0,0.9167802134343643,1
3240.0,0.8936202211499387,1
621.0,0.8949648402834964,1
3120.0,0.9200497224793751,1
3375.0,0.8977740770927456,1
4200.0,0.8994097977096466,0
858.0,0.8806135901019602,1
484.0,0.9082100269723536,1
660.0,0.9093683215192063,1
3567.0,0.9107207105780863,1
2268.0,0.8859100261869954,1
1682.0,0.9133312534868246,1
3146.0,0.9143846178767541,1
2900.0,0.8908087931184963,1
2350.0,0.9172388448709395,1
1364.0,0.9184999790955036,1
1875.0,0.9195976151530065,1
660.0,0.9208107892760534,1
2800.0,0.9218545093066367,1
2660.0,0.9229001174211316,1
3312.0,0.9238944936208124,1
4144.0,0.9020257126189224,0
1300.0,0.882291220891322,1
2156.0,0.9095797841550484,1
1682.0,0.910596186618185,1
1272.0,0.9117627739499543,1
588.0,0.9129793492378158,1
1350.0,0.9141678039456991,1
3834.0,0.9152763296216497,0
3900.0,0.8700074964524067,0
1392.0,0.8678080605705674,1
2680.0,0.8978219416607593,1
3886.0,0.8993100082726214,0
2040.0,0.8513548198043503,1
2150.0,0.8856229258315819,1
672.0,0.8865442111359115,1
3799.0,0.8886242788404075,0
546.0,0.8382706050981099,1
903.0,0.8757744735734269,1
4060.0,0.8764854409939433,0
1176.0,0.8246281943862369,1
4320.0,0.8654839488533068,0
2398.0,0.8089601463622249,1
2727.0,0.8538803074850325,1
1534.0,0.8533012396695003,1
3074.0,0.8559315855748133,1
1869.0,0.8193318957761195,1
928.0,0.8626503718326004,1
784.0,0.8624301519625268,1
3712.0,0.8648120049492183,0
3164.0,0.8117908218873837,1
2940.0,0.8167588657934445,1
1400.0,0.8579030459709036,1
1680.0,0.8574055374890878,1
462.0,0.8596510312736673,1
1160.0,0.8617993674259152,1
2288.0,0.8638691858953887,1
2320.0,0.8658384670676433,1
1679.0,0.8678065953039681,1
1647.0,0.8698862281460733,1
1140.0,0.8720119576186532,1
1125.0,0.8740399363718365,1
1560.0,0.8760503796477055,1
2950.0,0.877889272645196,1
1012.0,0.8796394321282252,1
1820.0,0.8814038768494563,1
3874.0,0.8832190984257986,0
2499.0,0.8339820891055507,1
1716.0,0.8728198594241549,1
4077.0,0.8727207048060115,0
1500.0,0.8216912429312059,1
1870.0,0.8636035131883589,1
2024.0,0.8631260457041346,1
3220.0,0.8652880648368149,1
2940.0,0.8305407293002087,1
1869.0,0.871257408874808,1
744.0,0.8710492041672355,1
1254.0,0.8729817777024902,1
2816.0,0.8747139359279965,1
2392.0,0.8765154307984081,1
572.0,0.8781301212309607,1
1326.0,0.8797350067402687,1
2760.0,0.8813825170838119,1
3552.0,0.8831893576812281,1
728.0,0.8521154793114346,1
1188.0,0.8874476253414048,1
2010.0,0.8880135987388439,1
2340.0,0.8897211424974149,1
1000.0,0.8910714445870518,1
946.0,0.8925197109836208,1
1152.0,0.894071879250701,1
2233.0,0.8955847813724057,1
3614.0,0.8970490569942084,0
2520.0,0.8507011480117634,1
3699.0,0.8857353671274113,0
2640.0,0.8355398881878664,1
2010.0,0.8743537981193187,1
1416.0,0.8741649911636244,1
1702.0,0.8761811387991263,1
3625.0,0.8778225496129944,0
3243.0,0.8283486720214315,1
3058.0,0.8324789716489853,1
2054.0,0.8346443942655727,1
1288.0,0.8723810122325429,1
1450.0,0.8720948370528221,1
2760.0,0.8740356578329881,1
3276.0,0.8758018791637896,1
3024.0,0.843009177009595,1
3406.0,0.8473444838531721,1
2490.0,0.8491816575688914,1
1064.0,0.8840601057573354,1
638.0,0.8841270959473531,1
2088.0,0.8858137142066016,1
2794.0,0.8872182678687677,1
3250.0,0.8888881275976525,1
918.0,0.8590739534712847,1
880.0,0.8929428574444097,1
1748.0,0.8931724745667866,1
1870.0,0.8945185373496426,1
2820.0,0.8958564736461688,1
1809.0,0.8973038175600263,1
2030.0,0.8986489624427066,1
1491.0,0.8999214314437326,1
4256.0,0.9014757269675222,0
1368.0,0.8565036646692958,1
4260.0,0.8902700611116906,0
1880.0,0.8418504021487291,1
3144.0,0.8793665510221275,1
4050.0,0.844898231572098,0
1140.0,0.8329793033003814,1
2080.0,0.8703544953531321,1
4172.0,0.8696884243184861,0
936.0,0.8188188284007745,1
3624.0,0.8619655871946823,0
2444.0,0.8056397803820501,1
3200.0,0.852426569521654,1
832.0,0.8097728234834144,1
2121.0,0.8564219862963937,1
2436.0,0.8545146112643909,1
1566.0,0.8568844022270117,1
1742.0,0.8589194755064795,1
990.0,0.8608228750691682,1
2599.0,0.8627785356921052,1
2948.0,0.8645792713475107,1
667.0,0.8664655638264642,1
1176.0,0.8682582826762,1
2553.0,0.8701459291815992,1
1575.0,0.8718540411021388,1
4256.0,0.873614163795722,0
1272.0,0.8242777210274503,1
1073.0,0.8662657934170275,1
725.0,0.8649997340090694,1
2310.0,0.8670787668266092,1
1914.0,0.8687378081351333,1
1943.0,0.8704158936946944,1
3358.0,0.8721826769567927,1
1196.0,0.8384968829063394,1
2250.0,0.8777068403916395,1
2912.0,0.8769849696033669,1
1740.0,0.8787964591127304,1
1131.0,0.8804706238180036,1
2128.0,0.8819068739917818,1
1260.0,0.8833920777024034,1
1225.0,0.8848560275272356,1
1860.0,0.886279365002733,1
1978.0,0.887855585650638,1
1830.0,0.8893363644352312,1
1650.0,0.8908930432481413,1
529.0,0.8924145767290566,1
3168.0,0.8936742568029516,1
2205.0,0.8647190351712477,1
3550.0,0.8974618512385745,1
1955.0,0.8679536076838221,1
3750.0,0.9001398659742723,0
1725.0,0.853377169711654,1
1652.0,0.8884382466474141,1
2100.0,0.8884289286276212,1
2625.0,0.8899802698281967,1
4590.0,0.891524328141662,0
3752.0,0.8444197139558439,0
820.0,0.8441576592536904,1
836.0,0.8786922237257855,1
1326.0,0.8790451618311381,1
3000.0,0.8809053701055156,1
3775.0,0.8492942559411251,0
2300.0,0.8365079377197557,1
624.0,0.873113183712933,1
1624.0,0.8730064631710321,1
3692.0,0.8748374560943768,0
3874.0,0.8246847540302855,0
2882.0,0.8243547838160813,1
2380.0,0.8625948581090539,1
2730.0,0.8628468206610536,1
483.0,0.8648134689416802,1
3888.0,0.8667960911344734,0
2112.0,0.8153082045251423,1
1140.0,0.8577849611126276,1
2024.0,0.8575766655078921,1
3500.0,0.8597916955396219,1
3045.0,0.8238304824162231,1
3807.0,0.8282797710473376,0
1464.0,0.8148087101622707,1
2121.0,0.8554831034113695,1
3562.0,0.8551864566560481,1
1288.0,0.8183125005205589,1
2296.0,0.8612307708231599,1
2175.0,0.860997887394631,1
2997.0,0.8628768580632553,1
2088.0,0.8646788768512602,1
1869.0,0.8665684775810347,1
3799.0,0.8682500455165575,0
3045.0,0.8179035835760096,1
1008.0,0.8215809134299339,1
2592.0,0.8616569847770397,1
3552.0,0.8615811992486253,1
1386.0,0.8259184025011718,1
3741.0,0.8670033951722921,0
2877.0,0.8141007767949514,1
702.0,0.8572531573325706,1
3475.0,0.8567417834072544,1
1750.0,0.820058029430184,1
1610.0,0.8626042567818927,1
1456.0,0.8623597342212914,1
3330.0,0.8643802396762017,1
3510.0,0.8290603855277867,1
1242.0,0.8333000277114646,1
2116.0,0.8710833835774964,1
3432.0,0.8713183476776085,1
3807.0,0.8376564280177501,0
3567.0,0.8265763819994812,1
3690.0,0.8276226771267088,0
875.0,0.8152210626402632,1
3726.0,0.8557928393284169,0
2921.0,0.8006612953204222,1
1880.0,0.847378965747875,1
2520.0,0.8457893896676196,1
2728.0,0.848022647945696,1
837.0,0.8499189104311513,1
3090.0,0.8517270693423131,1
1800.0,0.813810210636554,1
2450.0,0.8580424758160596,1
2349.0,0.8570017960765973,1
3234.0,0.8590603772015845,1
1080.0,0.8226871952713042,1
2900.0,0.8647866579077218,1
3483.0,0.8641118534279025,1
3978.0,0.8288767545905887,0
3510.0,0.819147095545657,1
1428.0,0.8202466167789577,1
1575.0,0.860546277353519,1
2875.0,0.8598675483318481,1
3151.0,0.861711739723655,1
630.0,0.8257966331519216,1
1450.0,0.8671776005383524,1
2128.0,0.8665832158868216,1
648.0,0.8682749451765243,1
3360.0,0.8699886873982257,1
1920.0,0.8357849228681256,1
3276.0,0.8747419605028787,1
3480.0,0.8395222433614937,1
3952.0,0.8434481393440852,0
696.0,0.8304898612495373,1
1176.0,0.8681917420526202,1
2782.0,0.867915080337401,1
729.0,0.8696673521660725,1
1856.0,0.8712637046628331,1
1416.0,0.8728034795464733,1
1798.0,0.8742779291023545,1
1276.0,0.8758123068646947,1
3120.0,0.8772693517834275,1
3648.0,0.8445205053567051,0
1624.0,0.8332203739694192,1
702.0,0.8703735603925746,1
1560.0,0.8700594899885917,1
1400.0,0.871735031210484,1
3045.0,0.8733346227891282,1
1711.0,0.8398889011018205,1
2366.0,0.878127506570567,1
3720.0,0.8779546803443044,0
3186.0,0.8296545193730451,1
814.0,0.8333504859004097,1
2886.0,0.8710320869462981,1
910.0,0.8707939564483976,1
2838.0,0.8725039983368892,1
2744.0,0.8741510116567359,1
2400.0,0.8758810566158618,1
1632.0,0.877610210612226,1
2838.0,0.8791653748037955,1
3888.0,0.8808755641546873,0
2162.0,0.833268761263751,1
1794.0,0.8724278170412905,1
3672.0,0.8719058173968468,0
2040.0,0.8223413644983251,1
2025.0,0.8641455229590471,1
4002.0,0.863264048975589,0
3105.0,0.812552831524157,1
1456.0,0.8177870041044513,1
2929.0,0.8583421113960258,1
1260.0,0.8572818926773003,1
3556.0,0.8593957968995979,1
3161.0,0.823152547659812,1
2781.0,0.8285329300968846,1
2208.0,0.8670004247308211,1
2880.0,0.8662091730544201,1
2860.0,0.8679794039576254,1
3096.0,0.8696284125985607,1
3596.0,0.8354706018678915,1
1980.0,0.8400451257233236,1
3132.0,0.8765071806815278,1
2760.0,0.841459206555937,1
1525.0,0.879594335477096,1
1120.0,0.8793684455997434,1
2967.0,0.8808663019570558,1
1890.0,0.8824826439696947,1
2688.0,0.8838903797222559,1
2860.0,0.8854816813114982,1
2660.0,0.8867803544340852,1
780.0,0.8882551163133432,1
2808.0,0.8895829120016934,1
1995.0,0.8908981293957275,1
3741.0,0.8924422063619375,0
2025.0,0.8464837380444364,1
2187.0,0.882665619173457,1
2472.0,0.8825650955959076,1
3304.0,0.8843239825068714,1
1407.0,0.8533578868228264,1
2835.0,0.8885816506428516,1
3192.0,0.8885908671292028,1
2639.0,0.858730048776656,1
