Timestep: 0, Trans probs: [0.2222222222222225, 0.11111111111111108, 0.22222222222222215, 0.11111111111111108, 0.11111111111111108, 0.05555555555555554, 0.11111111111111108, 0.05555555555555554]
Timestep: 1, Trans probs: [0.1858638923763592, 0.06295636454126616, 0.37172778475271884, 0.12591272908253232, 0.06312962430757564, 0.021383452108132143, 0.12625924861515128, 0.042766904216264286]
Timestep: 2, Trans probs: [0.08333333333333333, 0.08333333333333333, 0.16666666666666666, 0.16666666666666666, 0.08333333333333333, 0.08333333333333333, 0.16666666666666666, 0.16666666666666666]
Timestep: 3, Trans probs: [0.23304553809161496, 0.15811327022927532, 0.12093512910528433, 0.082050267535777, 0.1591917944370074, 0.10800608077811312, 0.08260994984239117, 0.056047969980536794]
Timestep: 4, Trans probs: [0.15110332418634217, 0.07654112615844656, 0.28883885414540333, 0.1463108193923024, 0.07687595134074603, 0.038941379495173845, 0.14695084847515127, 0.07443769680643438]
Timestep: 5, Trans probs: [0.16312146639874708, 0.066241028164087, 0.3439155542839466, 0.13965862630061227, 0.06568071489599869, 0.026671891697122675, 0.1384772952813325, 0.05623342297815313]
Timestep: 6, Trans probs: [0.18388433071825322, 0.06281045958580382, 0.3730774532267958, 0.1274342746157119, 0.06221139549994909, 0.021249914702156463, 0.1262188512971652, 0.04311332035416447]
Timestep: 7, Trans probs: [0.18868516578698008, 0.05518578375106511, 0.4109475519510343, 0.12019208102772998, 0.054776239829229856, 0.01602070683884651, 0.11930011333438927, 0.03489235748072497]
Timestep: 8, Trans probs: [0.3947401895776922, 0.09931383134978128, 0.24336525944121346, 0.0612289728046134, 0.0995201910207196, 0.025038574049183474, 0.06135619768868167, 0.015436784068114901]
Timestep: 9, Trans probs: [0.36823993221014356, 0.08365344730553582, 0.17501495770040407, 0.03975832945058326, 0.18411996610507178, 0.04182672365276791, 0.08750747885020203, 0.01987916472529163]
Timestep: 10, Trans probs: [0.4019866322892994, 0.08168845861883305, 0.18938008011094196, 0.03848428180129256, 0.16296676656430392, 0.033116782742050245, 0.07677533735788009, 0.015601660515398888]
Timestep: 11, Trans probs: [0.41577129795673295, 0.07654642856485777, 0.20734012976158278, 0.03817278034684097, 0.14773376311763073, 0.027198827818745084, 0.07367304517053051, 0.013563727263079174]
Timestep: 12, Trans probs: [0.4345157685362437, 0.07553206418696226, 0.2138654321849791, 0.03717632067896026, 0.13639700804712648, 0.023709950967788246, 0.06713359373125628, 0.011669861666683653]
Timestep: 13, Trans probs: [0.3520483507971424, 0.1760241753985712, 0.16904289642905243, 0.08452144821452622, 0.09835050310943713, 0.049175251554718566, 0.047224916331034636, 0.023612458165517318]
Timestep: 14, Trans probs: [0.41564574518788433, 0.11887474105556893, 0.20357850797744145, 0.058223481655894596, 0.10631082112683436, 0.03040490965965436, 0.05206981810213045, 0.014891975234591568]
Timestep: 15, Trans probs: [0.4211116763838072, 0.11066361871713397, 0.21962963051736026, 0.05771630437624399, 0.09934392504275047, 0.02610651487320577, 0.051812549437355415, 0.013615780652143021]
Timestep: 16, Trans probs: [0.27451278777194965, 0.0658461800672199, 0.3885588914878491, 0.09320191945623678, 0.05939571906172734, 0.014246990984658736, 0.08407161992366288, 0.020165891246695645]
Timestep: 17, Trans probs: [0.454108727021273, 0.10132856857110016, 0.22572037055384225, 0.050366620777335766, 0.09200728445611989, 0.02053025162763701, 0.04573336098893177, 0.01020481600376018]
Timestep: 18, Trans probs: [0.23357590641528952, 0.048818419951025725, 0.4643134073357107, 0.09704360032710395, 0.04325435979585166, 0.009040356660212563, 0.08598309426327894, 0.017970855251526984]
Timestep: 19, Trans probs: [0.2309053654194257, 0.04549290454651689, 0.4828298114381176, 0.09512698193075042, 0.039363256291705784, 0.007755336727952874, 0.08230970977392316, 0.016216633871607624]
Timestep: 20, Trans probs: [0.242628084126591, 0.043567112919035374, 0.48607487246352366, 0.08728123511322389, 0.03964486784476878, 0.00711876549769937, 0.07942351006417268, 0.01426155197098523]
Timestep: 21, Trans probs: [0.4522318336583133, 0.0761577956824048, 0.28681339226344904, 0.048300615085582074, 0.07148551325634371, 0.012038469447822747, 0.045337371296680695, 0.007635009309403711]
Timestep: 22, Trans probs: [0.48261588569877933, 0.07470847734170478, 0.26910058085241384, 0.04165651244186344, 0.07334102615197485, 0.011353120675998599, 0.04089403876383511, 0.006330358073429861]
Timestep: 23, Trans probs: [0.22043102088222546, 0.03258102888013664, 0.4285838861898553, 0.06334727261900926, 0.07547210078661148, 0.011155229810812206, 0.1467403549853386, 0.02168910584601085]
Timestep: 24, Trans probs: [0.4820805603663193, 0.0660730829239359, 0.22838352967821204, 0.03130183030699933, 0.11467270162236151, 0.015716831472417536, 0.05432568435107775, 0.007445779278676562]
Timestep: 25, Trans probs: [0.26977969296382137, 0.03535686302471089, 0.452560550165222, 0.05931180811568854, 0.06042440671244026, 0.007919118922593157, 0.10136308795064221, 0.01328447214488153]
Timestep: 26, Trans probs: [0.2404869350332986, 0.03047996127804878, 0.4931568882671186, 0.06250403106640079, 0.05043835260136747, 0.006392692534442189, 0.10343190167385172, 0.013109237545471776]
Timestep: 27, Trans probs: [0.24150714148727123, 0.029200107443130695, 0.5060214428599193, 0.061181960951727975, 0.04671826858114473, 0.005648605062879118, 0.09788714954664847, 0.011835324067278516]
Timestep: 28, Trans probs: [0.46528600965505457, 0.05570991573786148, 0.28965653137698827, 0.03468133711541513, 0.08513089431906562, 0.010192945523378075, 0.05299690738555098, 0.006345458886685914]
Timestep: 29, Trans probs: [0.5055561529468023, 0.057073259611294634, 0.25928090385713376, 0.029270747179782525, 0.08839051077660835, 0.009978584059007867, 0.04533219780427497, 0.005117643765095651]
Timestep: 30, Trans probs: [0.31773349877743806, 0.033452583855841884, 0.46065268685742117, 0.048499836167136316, 0.05157864958825189, 0.005430460140844935, 0.07477915803252665, 0.007873126580539146]
Timestep: 31, Trans probs: [0.3088175697570107, 0.03270016078806907, 0.47248619307529316, 0.050030749532358774, 0.048595829673109554, 0.005145728739432337, 0.0743508815889244, 0.007872886845802004]
Timestep: 32, Trans probs: [0.47954618646148744, 0.048522955254023205, 0.3108609003110586, 0.03145450841204897, 0.07141279623165289, 0.007225914862720854, 0.04629261321856978, 0.00468412524843811]
Timestep: 33, Trans probs: [0.5268442291061314, 0.053523634173772885, 0.26653868034052747, 0.027078438049727045, 0.07596273000127575, 0.007717274189996527, 0.0384307252334449, 0.003904288905124022]
Timestep: 34, Trans probs: [0.2707513096730201, 0.026058036190292667, 0.5327093011080769, 0.05126977322452832, 0.036645226731029795, 0.003526862512731213, 0.07210030911543604, 0.00693918144488495]
Timestep: 35, Trans probs: [0.5495390420193876, 0.05096701757641981, 0.2579900483464306, 0.023927296012118522, 0.07322213992203393, 0.006790989915249212, 0.034375325452942404, 0.003188140755417804]
Timestep: 36, Trans probs: [0.2549540483989739, 0.02394899603007981, 0.5571656333807116, 0.052337107905227, 0.03202522672335767, 0.0030082755401470438, 0.06998655578733018, 0.006574156234172885]
Timestep: 37, Trans probs: [0.5632383446043377, 0.04960754482284221, 0.2582166637688826, 0.022742582859691485, 0.06691952972813195, 0.0058939765062406245, 0.03067926371298356, 0.002702093996889976]
Timestep: 38, Trans probs: [0.32865379636902425, 0.028890485962336628, 0.4948894402503283, 0.04350351824448998, 0.03817300956434627, 0.0033556186149165407, 0.05748121441067364, 0.005052916583884459]
Timestep: 39, Trans probs: [0.1951092936088091, 0.06627702378771191, 0.3994378988144507, 0.13568577196798248, 0.049845944246881616, 0.016932257666799202, 0.1020472109048613, 0.03466459900250381]
Timestep: 40, Trans probs: [0.4808122315012934, 0.075855934059747, 0.2471555169437774, 0.038992794624317775, 0.08967048276536632, 0.014146974186818312, 0.046093990690027994, 0.007272075228651812]
Timestep: 41, Trans probs: [0.22738370790545392, 0.03491315688378477, 0.5106162201283593, 0.07840150187083379, 0.03971345151625254, 0.006097719031655597, 0.0891811145498227, 0.01369312811383729]
Timestep: 42, Trans probs: [0.4998043861602855, 0.07275440166460476, 0.24673206768054967, 0.035915739142417975, 0.08462093198881773, 0.012317909657506015, 0.04177373807992242, 0.006080825625895973]
Timestep: 43, Trans probs: [0.24219569374818883, 0.03378762560954089, 0.5138094708109301, 0.07167923494315159, 0.03894598780177672, 0.005433178577519682, 0.08262251517752042, 0.011526293331371599]
Timestep: 44, Trans probs: [0.5295979969597719, 0.06953932568949363, 0.23793592113178696, 0.031242383105293026, 0.08031616392989656, 0.01054598377205736, 0.036084162999361076, 0.004738062412339427]
Timestep: 45, Trans probs: [0.3028477441970554, 0.03780782718526125, 0.47342836745091915, 0.05910328950490077, 0.04398250522544234, 0.0054908216706292395, 0.06875588821204477, 0.008583556553746992]
Timestep: 46, Trans probs: [0.2534041192117272, 0.029833106978356408, 0.5329921452997118, 0.06274882878310419, 0.03488985569351153, 0.004107560684498048, 0.07338483325815438, 0.008639550090936525]
Timestep: 47, Trans probs: [0.25435872569264817, 0.029300588758235945, 0.5370896898571381, 0.06186948800729641, 0.03382776474151964, 0.0038967541632493287, 0.07142882015982732, 0.00822816862008515]
Timestep: 48, Trans probs: [0.44901258444108677, 0.051146483409183464, 0.2930083294230548, 0.03337622636622368, 0.0942286572781752, 0.01073347300977522, 0.06148999473416378, 0.007004251338337107]
Timestep: 49, Trans probs: [0.4608077438856363, 0.04960635635631806, 0.29371398633115053, 0.03161856732250099, 0.09056478239096472, 0.00974937797428502, 0.05772503524564266, 0.006214150493501784]
Timestep: 50, Trans probs: [0.26660428347839765, 0.028194449124476377, 0.4960604426753908, 0.052460338338149025, 0.049532458496321215, 0.005238251849760414, 0.09216316020097429, 0.009746615836530192]
Timestep: 51, Trans probs: [0.45757414952222947, 0.047007739030215163, 0.3118998867187113, 0.03204225696258344, 0.08168476612411422, 0.008391680720416177, 0.055679433218326795, 0.005720087703403457]
Timestep: 52, Trans probs: [0.521784247011282, 0.05334872259122013, 0.2538062228468145, 0.0259498784260678, 0.08856891433746285, 0.009055540615224206, 0.04308167933086042, 0.0044047948410682455]
Timestep: 53, Trans probs: [0.32462087928763883, 0.03148639748739989, 0.4610406660940119, 0.04471834868523329, 0.052027891488881116, 0.005046412527269003, 0.0738922702696718, 0.007167134159894009]
Timestep: 54, Trans probs: [0.26112303924963887, 0.024916334574610777, 0.529614082383973, 0.05053572335104783, 0.04033886469899052, 0.0038491304792110347, 0.08181595493587478, 0.007806870326653317]
Timestep: 55, Trans probs: [0.2780695632512634, 0.025007145015325666, 0.5223472363430137, 0.046975342913676436, 0.04067159945726683, 0.0036576480134723685, 0.07640065789924899, 0.006870807106732584]
Timestep: 56, Trans probs: [0.5015870051304758, 0.044559744332124826, 0.3041274052507263, 0.027017923677746983, 0.07015759109381764, 0.006232626224606964, 0.042538674087965966, 0.003779030202535399]
Timestep: 57, Trans probs: [0.32033035530724085, 0.027391405113053387, 0.4914473216689258, 0.04202359363241502, 0.043188729829176944, 0.00369306241344046, 0.06625967614113304, 0.005665855894614517]
Timestep: 58, Trans probs: [0.2670840673329374, 0.0216835199535167, 0.5516851216956572, 0.04478917617138907, 0.03462337761768784, 0.0028109377954597782, 0.07151756555630831, 0.005806233877043807]
Timestep: 59, Trans probs: [0.2552908031052757, 0.021113637754559315, 0.5668174566765151, 0.04687822008336675, 0.03152053199258713, 0.0026068823718966537, 0.06998445521659198, 0.005788012799207522]
Timestep: 60, Trans probs: [0.27208295945078037, 0.022425502226194133, 0.553775356395568, 0.045643029290508695, 0.03228530094254365, 0.0026610048994682957, 0.06571085551217529, 0.005415991282761613]
Timestep: 61, Trans probs: [0.25643106340788685, 0.02053387872156339, 0.5716888786745801, 0.04577834660576208, 0.0302659861296893, 0.002423567879477295, 0.06747516249597359, 0.00540311608506745]
Timestep: 62, Trans probs: [0.27555878495868713, 0.02100406640921368, 0.5588970428325808, 0.042601111793001425, 0.03127870505553445, 0.002384173664719672, 0.06344045885451123, 0.004835656431751637]
Timestep: 63, Trans probs: [0.48997047629746504, 0.03811488099153223, 0.3445675477929751, 0.02680396414272948, 0.05476990321600874, 0.0042605594499709075, 0.03851646610752402, 0.0029962020017944855]
Timestep: 64, Trans probs: [0.3175813893582033, 0.02355371148984874, 0.5224941865818258, 0.03875125475942387, 0.034355930331454815, 0.0025480387015994633, 0.056523381011311394, 0.0041921077663326055]
Timestep: 65, Trans probs: [0.2594677694139981, 0.01900433222556588, 0.5846507452975508, 0.04282187735553073, 0.02693797086622543, 0.001973031752577838, 0.060698501317955005, 0.004445771770596388]
Timestep: 66, Trans probs: [0.49899401731644805, 0.03734679647256939, 0.28791700575070006, 0.021548911292745766, 0.09096820351540347, 0.006808440310438682, 0.052488189969751645, 0.003928435371942999]
Timestep: 67, Trans probs: [0.517919369725684, 0.0400563106882765, 0.2860879319796791, 0.022126276322922873, 0.08000884032660315, 0.006187949617772695, 0.04419522614350898, 0.0034180951955526864]
Timestep: 68, Trans probs: [0.30779201788877814, 0.023834556182398194, 0.4983189972974235, 0.03858843455171617, 0.046589060791768805, 0.003607727044201113, 0.07542825255193004, 0.005840953691783966]
Timestep: 69, Trans probs: [0.2919523278419462, 0.021745357636318654, 0.521298775652934, 0.03882766887231313, 0.04215646798722463, 0.0031399217805260816, 0.07527295743807011, 0.005606522790667244]
Timestep: 70, Trans probs: [0.49725434458606765, 0.03589551977367626, 0.3191911508607161, 0.023041593084201163, 0.0707879489992388, 0.005110001050177566, 0.04543929510951886, 0.0032801465364036267]
Timestep: 71, Trans probs: [0.26103787579646126, 0.019387845011359733, 0.5556086645993654, 0.0412662516631124, 0.03650878582250677, 0.002711586121056247, 0.07770748852095209, 0.005771502465186158]
Timestep: 72, Trans probs: [0.5355855500621797, 0.038705273392486035, 0.28760366888244593, 0.020784314721494515, 0.07118731655612917, 0.005144508751333083, 0.0382268218719902, 0.002762545761941246]
Timestep: 73, Trans probs: [0.5616835666410035, 0.0411042152718272, 0.2652875441555185, 0.019413842546816575, 0.0712070493847133, 0.005210958733018446, 0.03363164667750545, 0.0024611765895970563]
Timestep: 74, Trans probs: [0.48312390248662523, 0.12593280616667488, 0.2231588241251467, 0.0581693780793907, 0.05947727661597395, 0.015503559871183374, 0.027473033405036873, 0.007161219249968433]
Timestep: 75, Trans probs: [0.5288203776691652, 0.07278433285518311, 0.25566898722979264, 0.03518906882768151, 0.06372017132715196, 0.008770142670950913, 0.030806815238715663, 0.004240104181358877]
Timestep: 76, Trans probs: [0.28770157840255794, 0.0385974090919486, 0.5007711289549484, 0.06718234996495674, 0.03402141281951173, 0.004564237693000727, 0.059217406455903426, 0.007944476617172362]
Timestep: 77, Trans probs: [0.2623958594444317, 0.03365479010955596, 0.5316138814716482, 0.06818458811863831, 0.030505985115146975, 0.003912685696753272, 0.061805110757145995, 0.007927099286679496]
Timestep: 78, Trans probs: [0.25955127955426177, 0.0325038652692424, 0.5384576930904507, 0.06743159324606646, 0.029499212377579808, 0.003694215749258775, 0.061198225923198166, 0.007663914789942044]
Timestep: 79, Trans probs: [0.27693889902560487, 0.03402001736688809, 0.5253941750662486, 0.06454101978127331, 0.030465595654040358, 0.003742486508358717, 0.057797754497018204, 0.007100052100567849]
Timestep: 80, Trans probs: [0.5080436151305463, 0.06155917563549229, 0.29563170169477565, 0.03582142026009284, 0.05578778307471431, 0.006759754151675781, 0.03246303418244685, 0.003933515870256001]
Timestep: 81, Trans probs: [0.3125015514717069, 0.0354623631381858, 0.4977630900322778, 0.05648565702275645, 0.03387083360990146, 0.003843628281557964, 0.053950614709700445, 0.0061222617339132274]
Timestep: 82, Trans probs: [0.25786976677061374, 0.027669361629335965, 0.5590928253764516, 0.059990520654828156, 0.027188115450084215, 0.002917278003658723, 0.0589471207656941, 0.006325011349333559]
Timestep: 83, Trans probs: [0.5090177606891153, 0.051859167453296405, 0.3139521348446565, 0.031985713644229405, 0.05230719100614923, 0.005329101628452193, 0.03226204575234369, 0.003286884981757137]
Timestep: 84, Trans probs: [0.29342522125525133, 0.029332730805953583, 0.53468701060077, 0.05345085906486893, 0.028702967563296808, 0.002869338965697838, 0.05230328823178952, 0.00522858351237189]
Timestep: 85, Trans probs: [0.2617668130055116, 0.026048308919245533, 0.5667051817844535, 0.05639260176555624, 0.025600740393107776, 0.0025475192468612812, 0.05542365004836298, 0.005515184836901075]
Timestep: 86, Trans probs: [0.25647900147235664, 0.025414377809222097, 0.5728558131861434, 0.056764000105057145, 0.024898167352194658, 0.0024671471278872484, 0.05561102399614354, 0.005510468950995335]
Timestep: 87, Trans probs: [0.26227977225903876, 0.025715599993670006, 0.5694674276365489, 0.055834258404275555, 0.02489926754768115, 0.0024412847352907946, 0.05406182001106849, 0.005300569412426396]
Timestep: 88, Trans probs: [0.5415044965469185, 0.05008964410079648, 0.29901727538141165, 0.027659362017037326, 0.048195741654166506, 0.004458148661784866, 0.026613554358853986, 0.002461777279030764]
Timestep: 89, Trans probs: [0.5360937986649428, 0.04813194812919542, 0.2573597842284654, 0.02310645602667642, 0.0838885843039768, 0.00753174350907613, 0.040271959887370964, 0.0036157252502960822]
Timestep: 90, Trans probs: [0.45481736250663257, 0.03894880346570465, 0.3436551730760729, 0.02942930261576696, 0.06986052390927361, 0.005982585626804819, 0.05278587058091132, 0.004520378218832956]
Timestep: 91, Trans probs: [0.2760794018574192, 0.0225573817231378, 0.5303046381886526, 0.04332914398065024, 0.040427210537650686, 0.0033031512454899164, 0.07765424407945266, 0.006344828387546919]
Timestep: 92, Trans probs: [0.2552368277062213, 0.020848198934588877, 0.5563838621363631, 0.04544642536916721, 0.03549375142077139, 0.00289919286807157, 0.07737186939154027, 0.006319872173276282]
Timestep: 93, Trans probs: [0.2538848050960733, 0.02053893645493096, 0.561904630812652, 0.04545732266893745, 0.034036405835670046, 0.0027534990774596793, 0.07533028236189455, 0.006094117692382089]
Timestep: 94, Trans probs: [0.293493700024092, 0.023927023965665872, 0.5229062920210245, 0.04262984650081924, 0.03890498499120873, 0.003171722282938643, 0.06931549618004276, 0.005650934034208442]
Timestep: 95, Trans probs: [0.478433443287737, 0.0368396880372629, 0.34317931009400265, 0.026425031322701045, 0.06224417369957228, 0.00479284208368011, 0.04464761585394378, 0.003437895621100284]
Timestep: 96, Trans probs: [0.2631529627824491, 0.0204836420889361, 0.548968087393573, 0.04273129096294454, 0.03747784393023978, 0.002917249090471721, 0.07818319841235226, 0.006085725339033544]
Timestep: 97, Trans probs: [0.5153833990240411, 0.041000369028697095, 0.2568898749094352, 0.02043639684741061, 0.10279723262788511, 0.008177842904628573, 0.051238686152523284, 0.0040761985053791965]
Timestep: 98, Trans probs: [0.32017920141865036, 0.024759079619834597, 0.46088123602961056, 0.03563940183367645, 0.06032565060256475, 0.004664911336430803, 0.08683562295992704, 0.006714896199305517]
Timestep: 99, Trans probs: [0.25362646977725395, 0.020160345156773448, 0.5327952733712138, 0.04235100783642439, 0.04513260903586614, 0.003587515832980204, 0.09481045409155865, 0.007536324897929354]
Timestep: 100, Trans probs: [0.5262154406028965, 0.04140019240815326, 0.2650860047524679, 0.020855738457402438, 0.09028141744393726, 0.0071029235644957086, 0.04548011785093817, 0.003578164919708669]
Timestep: 101, Trans probs: [0.3191710172332637, 0.023680608382184186, 0.4816319186196594, 0.03573424977010571, 0.0518641083564884, 0.0038480111688323094, 0.07826340321175657, 0.005806683257709754]
Timestep: 102, Trans probs: [0.25209122555935254, 0.019236817332977028, 0.5662020842679227, 0.04320628790012563, 0.03413655070679714, 0.00260492442316266, 0.0766713959084448, 0.0058507139012177155]
Timestep: 103, Trans probs: [0.4815289917688981, 0.03820258021080963, 0.2738138341926338, 0.02172329214311092, 0.10910939869532137, 0.008656302375686889, 0.0620433313754804, 0.004922269238059043]
Timestep: 104, Trans probs: [0.24777440658205988, 0.019904255855869836, 0.5146364498925221, 0.041341862998367375, 0.05304791873503436, 0.004261454448378713, 0.11018245568048017, 0.008851195807287661]
Timestep: 105, Trans probs: [0.5247978310007447, 0.04032158503650519, 0.24728294702736828, 0.018999393266599628, 0.1064226673977134, 0.00817673088531214, 0.05014599769674477, 0.0038528476890119204]
Timestep: 106, Trans probs: [0.2869751045739218, 0.02126477002645251, 0.4920986168662435, 0.03646436137215701, 0.055967206868236655, 0.004147153408456659, 0.09597133915367843, 0.007111447730853456]
Timestep: 107, Trans probs: [0.2494525916310566, 0.01822571822707828, 0.5362589009212233, 0.03918060566557806, 0.04641660572844233, 0.00339132967724459, 0.09978376175478987, 0.007290486394587104]
Timestep: 108, Trans probs: [0.24359077249223698, 0.01683458114315278, 0.5517317445496059, 0.038130232635021424, 0.042889766100897224, 0.0029641157595959736, 0.09714508161398722, 0.006713705705502388]
Timestep: 109, Trans probs: [0.25735016377184494, 0.01779075589256817, 0.5411439188795548, 0.03740957154419788, 0.044104502828662524, 0.003048968114446024, 0.09274089105339041, 0.006411227915335164]
Timestep: 110, Trans probs: [0.4539974889428424, 0.032509886245598585, 0.34716680369113995, 0.024859946522012476, 0.07480791961383855, 0.005356851119548723, 0.057204779708351534, 0.0040963241566676824]
Timestep: 111, Trans probs: [0.26261378507234195, 0.018296698357430495, 0.5439131857251167, 0.037895251725266844, 0.04178870189806123, 0.0029114818674380954, 0.08655077253629487, 0.006030122818049838]
Timestep: 112, Trans probs: [0.5110432736323097, 0.037364134086508134, 0.2963742638278265, 0.021668943325962853, 0.07876907673164914, 0.0057590785295989315, 0.04568131180518514, 0.0033399180609597068]
Timestep: 113, Trans probs: [0.5570546012542279, 0.038267590066655234, 0.2601922030803102, 0.0178742416696655, 0.08075379039174893, 0.005547486619951146, 0.0377189355977073, 0.0025911513197337172]
Timestep: 114, Trans probs: [0.5495662868462631, 0.035965498341455036, 0.27567199414778054, 0.018040918603657283, 0.07547733085695485, 0.004939494802949303, 0.03786074002044661, 0.0024777363804933546]
Timestep: 115, Trans probs: [0.2880478268533524, 0.0193779204743781, 0.5408882936464093, 0.03638732655719116, 0.037539809183789186, 0.002525425881296939, 0.0704912220829526, 0.004742175320630381]
Timestep: 116, Trans probs: [0.35358863999703805, 0.022643370351493594, 0.47785355163602583, 0.030601138496875187, 0.04608803628239579, 0.0029514196901916988, 0.06228517925705231, 0.003988664288927429]
Timestep: 117, Trans probs: [0.4678418516915295, 0.031804946299395884, 0.2734436738537325, 0.018589318872142595, 0.12310648016867562, 0.008369056715887786, 0.07195313563934795, 0.004891536759288275]
Timestep: 118, Trans probs: [0.47483278087219793, 0.033688035201858015, 0.3096495486194805, 0.02196875471607373, 0.0903507344554498, 0.006410127618522921, 0.05891982455419111, 0.0041801939622258845]
Timestep: 119, Trans probs: [0.2887552895675122, 0.0212318057404627, 0.49987494829795187, 0.03675516321339813, 0.052314189344147805, 0.003846595181990729, 0.09056302564300225, 0.006658983011534422]
Timestep: 120, Trans probs: [0.4780749754407907, 0.03616635054151266, 0.27138734069098025, 0.020530440203253238, 0.1149530898168134, 0.008696196110895912, 0.06525506448195195, 0.004936542713801959]
Timestep: 121, Trans probs: [0.5057640080979828, 0.03806331774171243, 0.2439814658482007, 0.01836181283953619, 0.12160196785999174, 0.009151648331163305, 0.058661007690287856, 0.00441477159112495]
Timestep: 122, Trans probs: [0.29335770579206066, 0.021547929267382474, 0.4649957387597057, 0.03415521423367897, 0.0670075441148946, 0.004921888167451833, 0.10621238802659821, 0.007801591638227417]
Timestep: 123, Trans probs: [0.5144856410134624, 0.038427619640193575, 0.2496400499228431, 0.018645948731430054, 0.11201960138903126, 0.008366893633696483, 0.05435443995678589, 0.0040598057125571995]
Timestep: 124, Trans probs: [0.24797396514465114, 0.017612975288841638, 0.517462185218773, 0.036754054708330874, 0.054505911837014, 0.0038714196376264873, 0.11374076399540699, 0.008078724169355744]
Timestep: 125, Trans probs: [0.5069762745586722, 0.0349832064679619, 0.22554880870495464, 0.015563687966260266, 0.1404434888826531, 0.009691111429109223, 0.06248194086680871, 0.004311481123579858]
Timestep: 126, Trans probs: [0.22697395400359352, 0.01593342278411877, 0.5132613050633842, 0.036030607160211794, 0.059537227149907376, 0.004179474317826661, 0.1346328702822563, 0.009451139238701575]
Timestep: 127, Trans probs: [0.5156996314030562, 0.03391619808881356, 0.23426246422229013, 0.015406821447050786, 0.12950146345161648, 0.008516968056126954, 0.05882752304094186, 0.0038689302901041473]
Timestep: 128, Trans probs: [0.23832089232245257, 0.01547602867595578, 0.5184114618910879, 0.0336644872884893, 0.05740924222075014, 0.0037280285006280867, 0.12488040345808471, 0.008109455642551607]
Timestep: 129, Trans probs: [0.4602632852533125, 0.029059874213702527, 0.3046071364512184, 0.019232133766647907, 0.10575313219439819, 0.006676988623115793, 0.06998854742618414, 0.004418902071420496]
Timestep: 130, Trans probs: [0.5241251842690733, 0.03265607326939594, 0.2476026513622239, 0.015427097508885322, 0.11519922119910586, 0.00717758718902554, 0.054421412021137636, 0.0033907731811526325]
Timestep: 131, Trans probs: [0.2968195382978085, 0.018488410951641505, 0.4807426118779627, 0.02994468295900213, 0.06252821875387203, 0.003894782031618903, 0.10127358654420153, 0.006308168583892894]
Timestep: 132, Trans probs: [0.48070692681635374, 0.028546221802285464, 0.30696951396131594, 0.01822902759091546, 0.09536827619260584, 0.005663334171458273, 0.06090021124525392, 0.003616488219811346]
Timestep: 133, Trans probs: [0.5397635517366363, 0.03329716699786622, 0.2527006597708697, 0.015588707391949137, 0.10178098576818222, 0.006278709389373874, 0.04765072071464843, 0.0029394982304742382]
Timestep: 134, Trans probs: [0.3322757271769917, 0.021021406568343965, 0.4634491207680106, 0.02932008447976846, 0.06045438376493028, 0.003824643439225285, 0.0843201254586522, 0.005334508344077552]
Timestep: 135, Trans probs: [0.26619736790522575, 0.01697414595169711, 0.5352088234945953, 0.03412773295289602, 0.04605465313449506, 0.0029366872039772616, 0.09259616995664853, 0.005904419400464884]
Timestep: 136, Trans probs: [0.26191047670328144, 0.016490139960223617, 0.5221050109771838, 0.03287224250560108, 0.052365299130922194, 0.0032969704862404396, 0.10438751981864154, 0.0065723404179060425]
Timestep: 137, Trans probs: [0.45273369181952505, 0.029406101298314738, 0.3067353234290474, 0.01992316930572406, 0.1070272519642103, 0.006951667768067112, 0.0725129128672203, 0.004709881547890995]
Timestep: 138, Trans probs: [0.2759595332208265, 0.016897375455932017, 0.4926516025308602, 0.03016572393702791, 0.06236123422610596, 0.0038184627155845086, 0.11132922866886062, 0.00681683924480228]
Timestep: 139, Trans probs: [0.2589599073737424, 0.015331238493266121, 0.5188891418333336, 0.030719864189369343, 0.05534991133400698, 0.003276888302319644, 0.1109070059683152, 0.00656604250564672]
Timestep: 140, Trans probs: [0.25644293550841973, 0.014847282557400634, 0.5291768398416893, 0.030637763712948695, 0.05211373368333935, 0.0030172300421676557, 0.10753807995617601, 0.0062261346978586]
Timestep: 141, Trans probs: [0.2533072001440838, 0.014242757281616787, 0.54109952229964, 0.030424516780134487, 0.048581788430276066, 0.002731618447978181, 0.10377747848119558, 0.005835118135075244]
Timestep: 142, Trans probs: [0.24618689396197754, 0.014184696158249167, 0.5531457780365427, 0.031870928083923535, 0.04502472448215214, 0.0025942162318634606, 0.10116394034528711, 0.005828822700004364]
Timestep: 143, Trans probs: [0.2535024436231964, 0.014913796253150239, 0.5515580037121597, 0.03244869584525275, 0.04388800881065181, 0.0025819744062562998, 0.09548934590344824, 0.00561773144588458]
Timestep: 144, Trans probs: [0.26514369814673916, 0.01577270129844046, 0.5443019454434537, 0.032379091268797004, 0.04402665028007961, 0.002619029638993274, 0.0903803920904187, 0.005376491833078239]
Timestep: 145, Trans probs: [0.25648817000396706, 0.016153304083333073, 0.5363884185947628, 0.03378107158784493, 0.04783650169290876, 0.003012683033749592, 0.10003948912641142, 0.006300361877022329]
Timestep: 146, Trans probs: [0.45013096778610456, 0.028435696093926204, 0.3189057864662727, 0.02014593235197846, 0.10040822911966282, 0.006342993690522491, 0.07113655261840943, 0.004493841873123231]
Timestep: 147, Trans probs: [0.2402983209733945, 0.014532991855743228, 0.5377044889275393, 0.03251980674157812, 0.050952739559094073, 0.0030815685521252806, 0.11401459932428776, 0.00689548406623764]
Timestep: 148, Trans probs: [0.5224248731937396, 0.03281366197875311, 0.26033682525302493, 0.0163518335799193, 0.10554458970895439, 0.006629287134097569, 0.05259539661556745, 0.003303532535943517]
Timestep: 149, Trans probs: [0.23918730631346116, 0.015806855305855506, 0.5462400690089674, 0.03609864530925295, 0.04646647987718635, 0.0030707688267895134, 0.1061170576562892, 0.0070128177021979736]
Timestep: 150, Trans probs: [0.5295369215149751, 0.035550813335938215, 0.2616244608005357, 0.0175643321402893, 0.09767099447436822, 0.00655720715934162, 0.04825559885815451, 0.003239671716397304]
Timestep: 151, Trans probs: [0.2550669163208418, 0.01762767336841722, 0.5407289358272097, 0.037369774171825965, 0.04473200829961624, 0.00309142887989089, 0.09482959058022289, 0.006553672551975387]
Timestep: 152, Trans probs: [0.4998992332852585, 0.033171254396727676, 0.30137017053490983, 0.019997683390512798, 0.08516256572627115, 0.005651037138463014, 0.05134126089261527, 0.0034067946352417987]
Timestep: 153, Trans probs: [0.5369343651349613, 0.03700385904421851, 0.26557141897775477, 0.018302362434104633, 0.08900041035819507, 0.006133633556765272, 0.04402021327595098, 0.0030337372180495275]
Timestep: 154, Trans probs: [0.3018395503211322, 0.02155107634088026, 0.5022302828243487, 0.03585879701428792, 0.048533822427497715, 0.003465271900706582, 0.080755339511922, 0.005765859659224684]
Timestep: 155, Trans probs: [0.5464447482723123, 0.040159265340640134, 0.2610019787862812, 0.019181532540389658, 0.08398050884058311, 0.006171887548803509, 0.04011215965781034, 0.002947919013179667]
Timestep: 156, Trans probs: [0.2914941754179994, 0.020890794643393357, 0.5228066997049006, 0.03746849276169409, 0.042535253143947536, 0.003048415074711953, 0.0762887124087851, 0.005467456844567925]
Timestep: 157, Trans probs: [0.26931051245833093, 0.01981886049108591, 0.5483967366173018, 0.04035712649155028, 0.037462075736365646, 0.002756875867741708, 0.07628398866870006, 0.005613823668923684]
Timestep: 158, Trans probs: [0.2544023164182218, 0.018200635251378508, 0.5675032973582166, 0.040600732983073096, 0.034459156937369416, 0.0024653020275807037, 0.07686913178099, 0.00549942724317009]
Timestep: 159, Trans probs: [0.2730082779888683, 0.019674012365473517, 0.5526416153643083, 0.039825451647279304, 0.03542359931746519, 0.0025527589717620433, 0.07170681890319895, 0.005167465441644334]
Timestep: 160, Trans probs: [0.27319838418991804, 0.019316637759823167, 0.5549230855547114, 0.03923613333222377, 0.034917462202692616, 0.0024688578260142627, 0.07092467227693527, 0.005014766857681474]
Timestep: 161, Trans probs: [0.5037308176691739, 0.03588641158871686, 0.3250845784876505, 0.023159430742659266, 0.06362227291838012, 0.004532530057865434, 0.041058873208907394, 0.002925085326646592]
Timestep: 162, Trans probs: [0.5384587245769789, 0.038139199170211885, 0.26110791326203675, 0.01849435482105473, 0.09043476285138326, 0.00640552241958649, 0.04385337470949653, 0.003106148189251437]
Timestep: 163, Trans probs: [0.4707116501007221, 0.03524771442198745, 0.3148208391854246, 0.023574336924365114, 0.08676939304984337, 0.006497444425128687, 0.05803300838149308, 0.004345613511035839]
Timestep: 164, Trans probs: [0.28963962658947884, 0.020903943097478905, 0.5035127512452059, 0.036339647391560204, 0.05095421131453681, 0.0036774799996744777, 0.08857936819147925, 0.006392972170585498]
Timestep: 165, Trans probs: [0.28452070164218485, 0.020438440306957996, 0.5136943993864215, 0.03690104887721587, 0.04803633784657917, 0.0034506727207388884, 0.08672830334101458, 0.006230095878887206]
Timestep: 166, Trans probs: [0.5250642232947045, 0.03732294358264515, 0.27749480330550963, 0.019725059199921315, 0.08575468039866553, 0.006095667837324234, 0.045321080953554534, 0.003221541427675233]
Timestep: 167, Trans probs: [0.4976452073367771, 0.036366707546066, 0.3075085845281864, 0.022471983245431367, 0.07833805331232038, 0.005724755372976628, 0.04840722573755805, 0.003537482920684152]
Timestep: 168, Trans probs: [0.3169888569218045, 0.02396421139707568, 0.48897433294322, 0.03696623406950227, 0.04867175471776598, 0.0036795622106391103, 0.07507910223533974, 0.005675945504652778]
Timestep: 169, Trans probs: [0.51511966624501, 0.04027720587847204, 0.2845137150669189, 0.02224612692528944, 0.08235833028531395, 0.0064395977130700804, 0.045488604011165536, 0.0035567538747599734]
Timestep: 170, Trans probs: [0.5080310798313324, 0.04098143878535883, 0.2513936782539417, 0.020279221184283755, 0.11100158317784171, 0.008954185613193033, 0.0549279313705631, 0.004430881783485509]
Timestep: 171, Trans probs: [0.5175479988907357, 0.04151420537179567, 0.2494398787780065, 0.020008382561038898, 0.1071248572510959, 0.008592832614323713, 0.05163040232808622, 0.004141442204917344]
Timestep: 172, Trans probs: [0.3301932026589533, 0.026124144743403403, 0.4750776801574054, 0.037587079264049285, 0.04978378428480771, 0.003938781222804265, 0.0716282605366402, 0.005667067131936489]
Timestep: 173, Trans probs: [0.476277341588866, 0.0366127892013423, 0.25377363030814404, 0.01950829825398659, 0.12954085803175, 0.00995817292558002, 0.06902292203588968, 0.005305987654441443]
Timestep: 174, Trans probs: [0.5025442599310751, 0.0387651953645445, 0.23642396330951276, 0.018237241686553468, 0.12881602129702477, 0.009936593907862702, 0.06060201403351456, 0.004674710469912169]
Timestep: 175, Trans probs: [0.2828925764582138, 0.02221982048820204, 0.46229436446380884, 0.03631094855757227, 0.06908744457373363, 0.005426478968223194, 0.11290058113759124, 0.008867785352654941]
Timestep: 176, Trans probs: [0.48998651044509556, 0.03937864178032319, 0.2618556413272903, 0.02104449669158718, 0.11324806861432438, 0.009101383469161135, 0.06052135110646844, 0.004863906565749912]
Timestep: 177, Trans probs: [0.5185734346784336, 0.03903281108114985, 0.24389815339909737, 0.018358114604485328, 0.11393924393908635, 0.008576160454808504, 0.053588497478018145, 0.004033584364920702]
Timestep: 178, Trans probs: [0.25733526570753856, 0.018191626669019145, 0.5137205685142429, 0.036316098257704155, 0.05437333971220283, 0.0038437774708900705, 0.10854595817705141, 0.007673365491351072]
Timestep: 179, Trans probs: [0.29371128186745754, 0.020805416311981975, 0.48423255673247745, 0.03430123579379902, 0.058861923651743316, 0.0041695600479223745, 0.09704380302605463, 0.006874222568563675]
Timestep: 180, Trans probs: [0.500720346171115, 0.035765918384846766, 0.28385939181360226, 0.020275772530537525, 0.09493464067150567, 0.006781079770606087, 0.05381864261982132, 0.003844208037965293]
Timestep: 181, Trans probs: [0.30537285821506627, 0.021317641664088983, 0.48721323487260454, 0.034011657799990366, 0.05477257716388712, 0.003823595128340067, 0.08738800382689085, 0.0061004313291317435]
Timestep: 182, Trans probs: [0.2554885736116401, 0.017886143424400196, 0.5405086892568194, 0.037839719411003704, 0.044478124369590054, 0.003113807010923607, 0.09409740859938641, 0.006587534316236574]
Timestep: 183, Trans probs: [0.26487434806632226, 0.018241349377829244, 0.5383384180539094, 0.03707425516634178, 0.043647020728211416, 0.0030058801851408526, 0.0887094890959698, 0.006109239326275341]
Timestep: 184, Trans probs: [0.25836204105011623, 0.018845771915583905, 0.5451556586108801, 0.03976543597082699, 0.04131708905248888, 0.003013803549988343, 0.08718093727214665, 0.006359262577969034]
Timestep: 185, Trans probs: [0.260369434147914, 0.019821169831382428, 0.5463403734611506, 0.04159130799494089, 0.039553098099177585, 0.0030110626362376707, 0.08299535795270822, 0.006318195876488546]
Timestep: 186, Trans probs: [0.4811433562569606, 0.037231585467944396, 0.32698876493297213, 0.025302874892358877, 0.07147157861314435, 0.005530576600631788, 0.04857264038795257, 0.0037586228480352662]
Timestep: 187, Trans probs: [0.30020561350537417, 0.0218319009091846, 0.5157773144113967, 0.037508956238199664, 0.042759605340325545, 0.0031096136271586286, 0.07346443042887843, 0.005342565539482318]
Timestep: 188, Trans probs: [0.26533989588506485, 0.01849310632862181, 0.5581987352419796, 0.03890417055037811, 0.03586237487450586, 0.002499460963225852, 0.07544411001952786, 0.005258146136695989]
Timestep: 189, Trans probs: [0.5457748988089878, 0.036567168469595915, 0.2817090007632155, 0.01887463222070114, 0.07236873280885367, 0.004848738280795675, 0.03735408764780401, 0.0025027410000461655]
Timestep: 190, Trans probs: [0.5607819342027608, 0.0374054263149121, 0.2699664135869604, 0.018007371805377995, 0.07203968835538693, 0.004805210528683595, 0.034680675526530494, 0.0023132796793877627]
Timestep: 191, Trans probs: [0.5473282956983545, 0.036340452756840794, 0.287828287553694, 0.01911066971712358, 0.06722768914143405, 0.004463654958818911, 0.03535360914801907, 0.002347341025714969]
Timestep: 192, Trans probs: [0.33752130973338307, 0.02231532597389748, 0.50087121411828, 0.03311525551622298, 0.040094023453064793, 0.002650828783720315, 0.059498294260847136, 0.003933748160584235]
Timestep: 193, Trans probs: [0.5647989410016402, 0.036298019226135965, 0.27823568792277026, 0.017881415166443374, 0.06470405509896175, 0.00415834532519822, 0.03187501954222004, 0.0020485167166303226]
Timestep: 194, Trans probs: [0.27830724001420365, 0.01842480741712051, 0.5654751719402235, 0.03743622027809983, 0.031045585503632882, 0.0020553146013269053, 0.06307959433522374, 0.0041760659101691645]
Timestep: 195, Trans probs: [0.511689856218279, 0.03328684593507416, 0.3332549288861218, 0.021679158459229502, 0.056910789744990295, 0.0037022048947493243, 0.03706503257557103, 0.002411183285984914]
Timestep: 196, Trans probs: [0.5798148740454816, 0.03900306851269528, 0.26643543205282055, 0.017922616124108913, 0.06215842904638097, 0.004181281949223216, 0.028562923512372704, 0.0019213747569169122]
Timestep: 197, Trans probs: [0.28349523065376336, 0.018228301935196575, 0.5655768041389982, 0.036365707915489896, 0.030221581363467736, 0.001943200627333329, 0.06029246193722479, 0.0038767114285260767]
Timestep: 198, Trans probs: [0.26899738140513574, 0.018407507716616752, 0.5793120863858406, 0.039642362482392224, 0.027791508089494224, 0.0019017746453200768, 0.059851722165599024, 0.004095657109601257]
Timestep: 199, Trans probs: [0.2664900553352713, 0.018491678197873004, 0.582339522538397, 0.040408393623301536, 0.027088605915750866, 0.0018796715802128678, 0.059194576005333156, 0.004107496803860204]
Timestep: 200, Trans probs: [0.2813374192345185, 0.019186551709390532, 0.5709451503507231, 0.038937119279175675, 0.027686625962269826, 0.0018881629117413468, 0.05618713950580266, 0.0038318310463784666]
Timestep: 201, Trans probs: [0.25252641801982995, 0.054483183109303626, 0.4992753889334721, 0.10771986808562369, 0.023759222880862376, 0.005126109580547454, 0.04697486836275524, 0.010134941027605485]
Timestep: 202, Trans probs: [0.5020846695816402, 0.06884789208999423, 0.30264493885037586, 0.04149990500390198, 0.04659532901703866, 0.006389341038307141, 0.028086578530320604, 0.0038513458884213893]
Timestep: 203, Trans probs: [0.2537081499429369, 0.033588811151471394, 0.5201343458731179, 0.06886138392028682, 0.035816289301093915, 0.004741773481661862, 0.07342800068274066, 0.009721245646690557]
Timestep: 204, Trans probs: [0.46938652811786696, 0.06016896855369957, 0.29817886703172297, 0.03822247507986495, 0.07265726332265161, 0.009313672911721738, 0.04615569293401956, 0.005916532048452551]
Timestep: 205, Trans probs: [0.5225215789259392, 0.06619241068491241, 0.24819906701844355, 0.03144156191494917, 0.07921596903795837, 0.01003498451899734, 0.03762778495884842, 0.00476664293995155]
Timestep: 206, Trans probs: [0.2699988555334646, 0.03305334566920436, 0.5070619823405812, 0.06207468896451641, 0.03956580877731556, 0.004843658880013879, 0.07430519433830483, 0.009096465496599062]
Timestep: 207, Trans probs: [0.2988675853109267, 0.0347557044148912, 0.4924043446394986, 0.05726234859860844, 0.0394896824892369, 0.004592307093477374, 0.06506189423622204, 0.007566133217138734]
Timestep: 208, Trans probs: [0.4221010139238953, 0.07779443832496319, 0.2738643585647666, 0.05047399378105651, 0.09001218935762288, 0.016589506972231632, 0.058401021765563194, 0.010763477309900729]
Timestep: 209, Trans probs: [0.4301750542239184, 0.08028624219357106, 0.2716040905684047, 0.05069115835989147, 0.08639255083200668, 0.016123978347215902, 0.05454656184781433, 0.010180363627177353]
Timestep: 210, Trans probs: [0.2411783016491918, 0.04206601737150811, 0.47464431893455805, 0.08278686776155791, 0.04570801775599548, 0.007972335221672091, 0.08995440638436834, 0.015689734921148207]
Timestep: 211, Trans probs: [0.2541235328231862, 0.04195880143013524, 0.47357887312116426, 0.07819347416606169, 0.04560180732761076, 0.0075293978375698374, 0.08498249763245827, 0.014031615661813728]
Timestep: 212, Trans probs: [0.4350413024039976, 0.06960200813424712, 0.29935570605629597, 0.04789374749667939, 0.07563483048708265, 0.012100773093736389, 0.052044985057264376, 0.008326647270696473]
Timestep: 213, Trans probs: [0.2441181448136438, 0.03810503850361169, 0.49740961782380144, 0.07764196575273744, 0.04064253430697123, 0.006343999278848121, 0.08281230988566575, 0.012926389634720634]
Timestep: 214, Trans probs: [0.4995712523922526, 0.07606976189446907, 0.24802261593761837, 0.03776642720827339, 0.08036120768600769, 0.0122366087018689, 0.03989700539161563, 0.0060751207878942705]
Timestep: 215, Trans probs: [0.29013724446418054, 0.043119630173479105, 0.4640264540967121, 0.06896270462729685, 0.044799059184144015, 0.0066579486122422885, 0.07164867309082584, 0.010648285751119174]
Timestep: 216, Trans probs: [0.24897195189436858, 0.03577940175779594, 0.5131588572067394, 0.0737453226271897, 0.03665917454227747, 0.005268237341906698, 0.07555863209137254, 0.010858422538349628]
Timestep: 217, Trans probs: [0.2364093685289064, 0.032729843372290325, 0.5312881035967071, 0.07355451488444369, 0.03408752318048143, 0.004719268536559946, 0.07660565932543564, 0.010605718575175532]
Timestep: 218, Trans probs: [0.5027108595070598, 0.06488011680594252, 0.2756055215922723, 0.0355697874734656, 0.06935348555414839, 0.008950795787591701, 0.03802226110479469, 0.004907172174724983]
Timestep: 219, Trans probs: [0.3113419920877308, 0.037687251478635705, 0.47795326762894946, 0.05785517357097211, 0.040521403253489845, 0.004905025192525771, 0.062205990795030426, 0.0075298959926658575]
Timestep: 220, Trans probs: [0.25961037568513623, 0.029930154076353067, 0.5363248638374624, 0.06183221979195105, 0.03284323888914935, 0.0037864557521034084, 0.06785031445186875, 0.007822377515975788]
Timestep: 221, Trans probs: [0.4716358595975281, 0.0521277062820941, 0.3297409781849232, 0.03644472851292956, 0.058322278613624434, 0.006446088751325742, 0.04077562129487183, 0.004506738762703109]
Timestep: 222, Trans probs: [0.49560123918341803, 0.05191244824616656, 0.3132155482443311, 0.032808202749692685, 0.059049543057743306, 0.00618522736746104, 0.03731878280385687, 0.0039090083473301545]
Timestep: 223, Trans probs: [0.30608481930524145, 0.03146469388825816, 0.5073222348092741, 0.052151357447956556, 0.03513807389040484, 0.0036120992256137435, 0.05823982454744474, 0.005986896885806557]
Timestep: 224, Trans probs: [0.26372550825947066, 0.027071007164253643, 0.5543202709303555, 0.056900100883994754, 0.028647630193605843, 0.002940634022579964, 0.06021397867516274, 0.006180869870576919]
Timestep: 225, Trans probs: [0.26399734913621387, 0.027188019077670388, 0.5546012653749598, 0.057116140873575715, 0.028390000424646178, 0.0029237713018174763, 0.059641243410290645, 0.006142210400826076]
Timestep: 226, Trans probs: [0.266100179096345, 0.027490474492126472, 0.5538409717327912, 0.05721661352434599, 0.028047499161346034, 0.0028975518275910547, 0.05837596292849652, 0.006030747236957405]
Timestep: 227, Trans probs: [0.3187083630475792, 0.032403626861087026, 0.5066412118009777, 0.05151108249141547, 0.03180398917531466, 0.003233566223604547, 0.05055785628531216, 0.005140304114709246]
Timestep: 228, Trans probs: [0.5166285288278992, 0.05173224266057334, 0.29258776661010855, 0.0292980749168646, 0.06369216127613127, 0.006377770794401512, 0.03607146368907168, 0.0036119912249498376]
Timestep: 229, Trans probs: [0.48405968149686235, 0.04874101987729409, 0.2991483004761694, 0.030121891611958655, 0.07744829327393861, 0.007798436734607512, 0.04786295201458304, 0.0048194245145861975]
Timestep: 230, Trans probs: [0.2925083135339216, 0.027419194690836483, 0.5010080459099276, 0.04696357852709977, 0.04452199624046339, 0.004173410554364935, 0.07625724570681969, 0.007148214836566567]
Timestep: 231, Trans probs: [0.4908937766752461, 0.04573261552880723, 0.3086765517095972, 0.028756905735702394, 0.0707311244939109, 0.006589448626357668, 0.04447609777250535, 0.0041434794578731]
Timestep: 232, Trans probs: [0.5357518056065064, 0.050157665334632534, 0.26602923193924854, 0.024905945337379776, 0.07524788139101371, 0.007044788300205316, 0.03736457046345406, 0.0034981116275597007]
Timestep: 233, Trans probs: [0.28310192402441964, 0.027030178607295143, 0.5225967373151776, 0.04989681083199032, 0.03764778880637472, 0.00359455859974395, 0.06949656617538644, 0.006635435639612141]
Timestep: 234, Trans probs: [0.2972829039833916, 0.028466949117938064, 0.5126735330780073, 0.04909213138290829, 0.037677891744376496, 0.003607925692283557, 0.06497668591329202, 0.006221979087802721]
Timestep: 235, Trans probs: [0.5363600997675242, 0.04844074625299794, 0.28391505403669676, 0.02564146195057919, 0.06335554249365909, 0.005721883039000417, 0.033536410106582995, 0.0030288023529594873]
Timestep: 236, Trans probs: [0.5219164308364572, 0.048092600564329596, 0.2546514500145089, 0.023465156000257583, 0.09345988584566134, 0.008611970601423076, 0.04560058668903216, 0.004201919448330036]
Timestep: 237, Trans probs: [0.4953377862565177, 0.04455472937842209, 0.28601403785143564, 0.025726440438164345, 0.08629513518993324, 0.00776208983392741, 0.049827856358663894, 0.00448192469293563]
Timestep: 238, Trans probs: [0.31002198201511644, 0.028371999189420485, 0.4751202629222006, 0.04348114810080994, 0.051732567457187, 0.004734362229483398, 0.07928209119926433, 0.007255586886517639]
Timestep: 239, Trans probs: [0.2610159757818644, 0.022960306085183266, 0.532178495949062, 0.046813154337934246, 0.041447147187659586, 0.003645903983216753, 0.08450548050032664, 0.007433536174753168]
Timestep: 240, Trans probs: [0.2543368752577735, 0.02227819324586521, 0.5414815681501204, 0.04743012983113944, 0.03951524475313443, 0.0034612686731948198, 0.0841277013924039, 0.007369018696368272]
Timestep: 241, Trans probs: [0.26715731549594707, 0.02196516887780244, 0.5362076387399957, 0.0440859772700866, 0.040126291718138196, 0.003299107764998638, 0.08053690797735807, 0.00662159215567331]
Timestep: 242, Trans probs: [0.2627657033578535, 0.022100414386938102, 0.5432098104592841, 0.04568770488989872, 0.03796288433514414, 0.00319294133293903, 0.07847984322404923, 0.006600698013893166]
Timestep: 243, Trans probs: [0.2599645400738465, 0.021975157641070563, 0.5488671604845632, 0.04639649073765535, 0.03639153333699125, 0.0030762260178003086, 0.0768340080638682, 0.006494883644204576]
Timestep: 244, Trans probs: [0.2594749112312772, 0.020483435351942223, 0.5554619622345163, 0.04384920738541987, 0.03562790587960902, 0.0028125336023704377, 0.07626921006075596, 0.006020834254109116]
Timestep: 245, Trans probs: [0.3096766233766458, 0.02367060252786791, 0.5102020072258413, 0.038998064465701775, 0.041212925795579156, 0.0031501725086015594, 0.06789959550475995, 0.005190008595002615]
Timestep: 246, Trans probs: [0.529015431516367, 0.03947333583986379, 0.2976264212618602, 0.022207873308366252, 0.06650601128972256, 0.004962452818217593, 0.03741657606437629, 0.0027918979012264205]
Timestep: 247, Trans probs: [0.320252960357594, 0.02402702530237113, 0.507607272954305, 0.03808331007251993, 0.039593726291997394, 0.0029705251198013467, 0.06275683886493502, 0.004708341036476122]
Timestep: 248, Trans probs: [0.28005500619701806, 0.01992677299221333, 0.5612218655777631, 0.03993265774998179, 0.03072484521368701, 0.0021861670109311272, 0.061571671881782745, 0.004381013376622843]
Timestep: 249, Trans probs: [0.521020041715429, 0.03885736922786598, 0.264670651457924, 0.01973898200464526, 0.09609240264533644, 0.007166515048613016, 0.048813551825304356, 0.0036404860748819323]
Timestep: 250, Trans probs: [0.5323628668474015, 0.03835296925100404, 0.2618548149586422, 0.01886478244774892, 0.09289049459189824, 0.006692101392967429, 0.045690307847392635, 0.003291662662945011]
Timestep: 251, Trans probs: [0.5073690593587853, 0.038368771805471956, 0.2873705316630002, 0.021731822525657304, 0.08615598550012198, 0.006515374334232136, 0.04879818921242439, 0.00369026560030682]
Timestep: 252, Trans probs: [0.2828524577135854, 0.02033049099178935, 0.5182622748201999, 0.037250963257620194, 0.046545136065412565, 0.0033455090938176784, 0.08528328971955705, 0.006129878338017849]
Timestep: 253, Trans probs: [0.2518126496414184, 0.01808099421336913, 0.5525206458165621, 0.03967283857265386, 0.04028386983027221, 0.0028925171881971404, 0.08838980014033164, 0.0063466845971955526]
Timestep: 254, Trans probs: [0.24949998797120293, 0.017396281884401146, 0.561145190711322, 0.03912561277083869, 0.03821848709827401, 0.0026647679631698444, 0.08595639785735965, 0.005993273743431811]
Timestep: 255, Trans probs: [0.26745444687850206, 0.018772788868195917, 0.5487290459350068, 0.03851562254960012, 0.03874251902605575, 0.0027193607673631414, 0.07948697712976868, 0.005579238845507515]
Timestep: 256, Trans probs: [0.2612279800170038, 0.019033276973894408, 0.5573448146348725, 0.0406085834534986, 0.03622547114799062, 0.0026394164431568392, 0.07728911160559272, 0.005631345723990702]
Timestep: 257, Trans probs: [0.26603304959537466, 0.02012597779344602, 0.5551703264289104, 0.04199984053967216, 0.035137851688948986, 0.0026582547690100324, 0.0733273276453228, 0.005547371539314813]
Timestep: 258, Trans probs: [0.26241136377766255, 0.019745029947891027, 0.5623958966608846, 0.04231723680819292, 0.03347360659416771, 0.0025187070984691333, 0.07174010577892191, 0.00539805333381017]
Timestep: 259, Trans probs: [0.26441440740449446, 0.018817472081512045, 0.5650646269354244, 0.04021372339723205, 0.033178572991982354, 0.0023612059460358477, 0.07090399556512811, 0.005045995678190768]
Timestep: 260, Trans probs: [0.2675238096049889, 0.01781245433301248, 0.5698870235332695, 0.03794460985230176, 0.031998609871392754, 0.0021305534557677606, 0.06816437222442362, 0.004538567124843182]
Timestep: 261, Trans probs: [0.2731627913038572, 0.017376766797573297, 0.5680120068140787, 0.03613307703262765, 0.03215461160702449, 0.0020454586244884315, 0.06686198138500041, 0.0042533064353499055]
Timestep: 262, Trans probs: [0.2775873400567278, 0.017807289320376653, 0.5669684667687914, 0.03637115266574826, 0.03127742216165771, 0.0020064535562550425, 0.06388372064753134, 0.004098154822911704]
Timestep: 263, Trans probs: [0.282037156342689, 0.017133977416873607, 0.5662714043581368, 0.03440142986800161, 0.03139180065085357, 0.001907076395186701, 0.06302814590248697, 0.0038290090657717006]
Timestep: 264, Trans probs: [0.2640039142173765, 0.015762226787716528, 0.5872392992225975, 0.03506084006536701, 0.02866184658637352, 0.0017112417722609007, 0.06375421649979371, 0.003806414848514337]
Timestep: 265, Trans probs: [0.3145101985815211, 0.018058155120627944, 0.5390558925388749, 0.03095084029089887, 0.033948564877154704, 0.0019492164433435974, 0.05818626557359512, 0.0033408665739838735]
Timestep: 266, Trans probs: [0.5579072355782261, 0.03272921399532086, 0.2949069231841167, 0.017300495820942365, 0.06003707904238319, 0.003522030693141348, 0.03173529419994109, 0.0018617274859284404]
Timestep: 267, Trans probs: [0.4847786620169431, 0.028014650268541417, 0.31916800021949143, 0.018444252199256866, 0.08527718208556685, 0.004928043701581866, 0.05614468994440301, 0.0032445195642154157]
Timestep: 268, Trans probs: [0.2956289959326228, 0.018217068723226856, 0.5568692739963729, 0.03431505695928901, 0.031021907027240773, 0.0019116129338327778, 0.05843522483220742, 0.003600859595207471]
Timestep: 269, Trans probs: [0.5099416472688296, 0.03291412917911789, 0.245014303659526, 0.0158144220707862, 0.12456311907506952, 0.008039913221736354, 0.059849486789902165, 0.003862978735032138]
Timestep: 270, Trans probs: [0.2641803399782814, 0.017488310853317496, 0.4974756946724217, 0.03293208567721813, 0.061134285387716696, 0.004046990728922941, 0.11512143974853212, 0.007620852953589602]
Timestep: 271, Trans probs: [0.24157571019745142, 0.01633471797467708, 0.5279576661775023, 0.03569911715266969, 0.05246683046785966, 0.0035476699127457356, 0.11466494434767913, 0.00775334376941486]
Timestep: 272, Trans probs: [0.2541536110591622, 0.017483721009222866, 0.5203845811886562, 0.03579826702869803, 0.052861870215328885, 0.0036364708217953134, 0.10823573223380074, 0.00744574644333586]
Timestep: 273, Trans probs: [0.24356087702333687, 0.017158306737574784, 0.5372786303155727, 0.03785005069437051, 0.04783291279044503, 0.003369719307306819, 0.10551613289515345, 0.007433370236239856]
Timestep: 274, Trans probs: [0.27133488356424984, 0.018469162762265456, 0.5807550946116669, 0.039530709160946864, 0.02680588081708618, 0.0018246167587936488, 0.05737431046675445, 0.003905341858236669]
Timestep: 275, Trans probs: [0.4866142572583635, 0.03178532638796491, 0.2566034071517032, 0.016761167448183217, 0.12798069780531485, 0.008359615836207646, 0.06748730152610394, 0.004408226586158759]
Timestep: 276, Trans probs: [0.5077909795724443, 0.03214005862682903, 0.2455680857022381, 0.015542955642878076, 0.12612201019366348, 0.007982750708118023, 0.06099269552652132, 0.003860464027307637]
Timestep: 277, Trans probs: [0.4392016381446133, 0.02954566840431955, 0.31820347670885374, 0.021405963893162492, 0.10412485686217436, 0.007004615252559874, 0.075438906843162, 0.005074873891154575]
Timestep: 278, Trans probs: [0.2792761393411701, 0.019765764513223292, 0.48449188382276936, 0.03428990570694659, 0.06221083590839845, 0.004402970964998974, 0.10792416836809916, 0.007638331374394073]
Timestep: 279, Trans probs: [0.2470153689571136, 0.017119310224404907, 0.5255677702352023, 0.0364242829933683, 0.05198883858921139, 0.0036030675328940593, 0.11061521430755009, 0.007666147160255263]
Timestep: 280, Trans probs: [0.24446025483881273, 0.01620223479807801, 0.537054141887246, 0.03559465039368003, 0.04889981377348526, 0.0032409614596151807, 0.1074278824665436, 0.007120060382539203]
Timestep: 281, Trans probs: [0.32735057289252567, 0.021251085313355345, 0.46139333969709523, 0.02995293131237649, 0.062376648886953025, 0.004049394126134785, 0.08791849696415022, 0.0057075308074091636]
Timestep: 282, Trans probs: [0.509958326800347, 0.03353551423950174, 0.28422239643493535, 0.018690829665696906, 0.09253939161214289, 0.006085509191692904, 0.05157630784001606, 0.003391724215667041]
Timestep: 283, Trans probs: [0.2432359192535663, 0.039966726554837614, 0.48793742092841175, 0.08017426676932958, 0.04248218706774644, 0.006980358654258202, 0.08522034433419974, 0.01400277643765037]
Timestep: 284, Trans probs: [0.5051996186966246, 0.06677872488687348, 0.2521530317995686, 0.033330306114197704, 0.08398078387771056, 0.011100819269860396, 0.041916122823492025, 0.005540592531672619]
Timestep: 285, Trans probs: [0.24092599129021622, 0.03107705274504721, 0.5242432689788816, 0.06762215912880742, 0.03796599175966167, 0.004897234715584406, 0.08261215622076627, 0.010656145161035144]
Timestep: 286, Trans probs: [0.5290410850835698, 0.0659705688918743, 0.242851845555302, 0.030283232927352126, 0.08035023703271113, 0.010019544789810727, 0.036884098238074384, 0.004599387481305302]
Timestep: 287, Trans probs: [0.285630784661043, 0.03417442637051095, 0.4947248733193263, 0.0591915846079934, 0.04128200096484234, 0.004939203958965921, 0.07150221122676291, 0.008554914890555225]
Timestep: 288, Trans probs: [0.24771426139550767, 0.029527569577927203, 0.5364832769401043, 0.06394887075940714, 0.03452523460738696, 0.004115412093436969, 0.07477248542312935, 0.008912889203100356]
Timestep: 289, Trans probs: [0.2567589742525846, 0.030349947139268797, 0.5326491151909352, 0.06296127540188773, 0.034113753653748836, 0.004032383378719986, 0.07076933046801942, 0.008365220514835476]
Timestep: 290, Trans probs: [0.2631984740572544, 0.030406284117660543, 0.532302458214395, 0.0614948085811287, 0.03339592921337387, 0.0038581003011979188, 0.0675411788700789, 0.007802766644910745]
Timestep: 291, Trans probs: [0.2586980241751928, 0.02938427338280551, 0.5410365712755388, 0.06145376089030314, 0.031787013811448536, 0.0036105351281155427, 0.06647881064598966, 0.00755101069060596]
Timestep: 292, Trans probs: [0.2567636164118304, 0.027846519355425998, 0.5493172520837954, 0.05957453671273358, 0.030604109782138837, 0.0033190759162583807, 0.06547409529016404, 0.007100794447653504]
Timestep: 293, Trans probs: [0.25715015132653496, 0.026321751026347318, 0.5562039938020258, 0.056932741315506435, 0.02965296497181791, 0.003035261527768149, 0.06413800443171196, 0.006565131598287641]
Timestep: 294, Trans probs: [0.2510865896323407, 0.02414952878713905, 0.5677027773906355, 0.054601699697338545, 0.02866297366220952, 0.0027568071580170933, 0.06480652662548686, 0.0062330970468329056]
Timestep: 295, Trans probs: [0.2631672644960088, 0.02456899334371108, 0.5617256942679859, 0.05244206520097387, 0.02862350197746944, 0.0026722572463750067, 0.06109633943821662, 0.005703884029259354]
Timestep: 296, Trans probs: [0.2635542251630825, 0.02475592557304056, 0.5608920724979704, 0.052685182309925714, 0.028670972287264843, 0.0026930945827601115, 0.061017124869787276, 0.005731402716168495]
Timestep: 297, Trans probs: [0.2651259534181403, 0.024291323224887855, 0.5644454709296269, 0.05171552313307958, 0.027643829155730968, 0.002532778026964352, 0.058852911097300044, 0.005392211014269903]
Timestep: 298, Trans probs: [0.2626152300800914, 0.022827703827014784, 0.5720537572226021, 0.049725500455651384, 0.026856558105749297, 0.002334493525238751, 0.058501538413349236, 0.0050852183703031335]
Timestep: 299, Trans probs: [0.5268587315168499, 0.04640956846939594, 0.3068143065200754, 0.0270264469658472, 0.05395206460537704, 0.004752492246184667, 0.03141879273703497, 0.00276759693923484]
Timestep: 300, Trans probs: [0.27948107962838364, 0.023702537707561894, 0.5565319943344994, 0.0471989753249773, 0.028685845499918868, 0.0024328206243485165, 0.05712225967664337, 0.004844487203667141]
Timestep: 301, Trans probs: [0.27515988068133945, 0.022648612554635204, 0.5650848628313455, 0.0465125514921197, 0.02741114771651012, 0.0022562317688605287, 0.05629317983813299, 0.004633533117056404]
Timestep: 302, Trans probs: [0.5318969255315472, 0.04160447205481464, 0.31080754811873107, 0.024311071054243676, 0.053492913698055734, 0.004184164875285356, 0.031257938427834524, 0.0024449662394877406]
Timestep: 303, Trans probs: [0.5056754681562033, 0.038824192885145915, 0.3386069958856328, 0.025997194145994787, 0.05055962815251429, 0.003881811318139952, 0.033855397146790624, 0.0025993123095783576]
Timestep: 304, Trans probs: [0.3295827803909355, 0.024339801343831274, 0.5183145981257016, 0.03827771079855325, 0.03239128919554512, 0.0023921078138699975, 0.05093979127868323, 0.003761921052879977]
Timestep: 305, Trans probs: [0.2739050256719997, 0.021065826018683165, 0.5720214937506983, 0.0439937355539048, 0.026763701749991518, 0.0020583758304471384, 0.05589314258023612, 0.004298698844039028]
Timestep: 306, Trans probs: [0.2734491442655974, 0.020901323605746785, 0.5772374019957446, 0.04412164378446549, 0.025170822207362338, 0.0019239537274536166, 0.0531343407787822, 0.004061369634847586]
Timestep: 307, Trans probs: [0.2673493350152819, 0.021047723035094498, 0.5826908927812423, 0.045873749884698584, 0.02421064486875517, 0.0019060415754146634, 0.05276737371565995, 0.004154239123852884]
Timestep: 308, Trans probs: [0.2687458092034515, 0.019941051405834007, 0.5855980030230192, 0.04345161666351965, 0.024089677860137423, 0.0017874641691447526, 0.05249148736561263, 0.0038948903092808646]
Timestep: 309, Trans probs: [0.27643289315098185, 0.0205834328097704, 0.5808426888225361, 0.04325005002894161, 0.02367586021074224, 0.0017629250712763737, 0.04974787966887493, 0.0037042702368764472]
Timestep: 310, Trans probs: [0.3197287929835822, 0.02316884446661352, 0.5425751117528491, 0.039317192106319655, 0.026002468464713758, 0.0018842442746090466, 0.04412581082059897, 0.0031975351307136296]
Timestep: 311, Trans probs: [0.5572918928124113, 0.03846123930783205, 0.30957652953154297, 0.021365279380456906, 0.04408388700100304, 0.003042428841030583, 0.024488669083555136, 0.0016900740421679904]
Timestep: 312, Trans probs: [0.5026268156084894, 0.03592242875363265, 0.36292814142831886, 0.025938250603211345, 0.039338184639946816, 0.0028114758129547516, 0.028404640968580266, 0.00203006218486586]
Timestep: 313, Trans probs: [0.3217881810036366, 0.023040622109174312, 0.5416669398618087, 0.03878434326414163, 0.025985629099309564, 0.0018606185549729342, 0.04374168171965243, 0.0031319843873038335]
Timestep: 314, Trans probs: [0.2778867045894051, 0.02089628833918278, 0.5840359885850874, 0.04391784211470675, 0.02196833246568511, 0.001651956002041447, 0.04617096304812364, 0.003471924855767748]
Timestep: 315, Trans probs: [0.2954221380994535, 0.021790826640522745, 0.5695788973435915, 0.042013083684121044, 0.022644792363838886, 0.0016703174240277397, 0.04365954409560139, 0.0032204003488432815]
Timestep: 316, Trans probs: [0.5584104739709683, 0.0403859938232679, 0.3079998940632975, 0.022275516665638682, 0.04263072303372692, 0.003083187363729589, 0.02351363162094325, 0.0017005794584278903]
Timestep: 317, Trans probs: [0.5253802383969116, 0.037666755067520846, 0.34135035704286487, 0.024472866223854455, 0.04023186643061934, 0.0028843944785119677, 0.02613947188515625, 0.001874050474560666]
Timestep: 318, Trans probs: [0.3010997681218005, 0.02224683911938304, 0.5660989817878231, 0.04182637885123105, 0.022221214906566727, 0.00164182057046172, 0.041778202657423553, 0.0030867939853102427]
Timestep: 319, Trans probs: [0.2892013533337085, 0.020995649577122383, 0.5819605691685393, 0.042249595436250585, 0.02030114556367272, 0.0014738372879507, 0.04085204336293568, 0.002965806269820221]
Timestep: 320, Trans probs: [0.2771011190560847, 0.019347526514744747, 0.5968350509479216, 0.04167172623653966, 0.019277844380989662, 0.001346001800998972, 0.0415216411701511, 0.002899089892569582]
Timestep: 321, Trans probs: [0.28983722999612577, 0.020870410124087774, 0.584585930788089, 0.04209448223225871, 0.019359403164575174, 0.0013940192700835812, 0.039046863367471187, 0.0028116610573087355]
Timestep: 322, Trans probs: [0.2695669229419044, 0.01881989025375315, 0.6057086827740796, 0.04228772139826032, 0.01831406204585297, 0.001278601373053696, 0.04115114078898719, 0.0028729784241087746]
Timestep: 323, Trans probs: [0.3141699670663645, 0.02067526276704584, 0.5671662765700194, 0.037324738294335774, 0.0202895716129395, 0.0013352397380482447, 0.036628455903555, 0.00241048804769165]
Timestep: 324, Trans probs: [0.50913671203179, 0.03385361817846127, 0.3444796218663615, 0.022905206623945747, 0.050123618356086634, 0.0033328294688832376, 0.033913415964395094, 0.0022549775100764646]
Timestep: 325, Trans probs: [0.5001961952041519, 0.033236703528860614, 0.33709825694512663, 0.022399280389583914, 0.05997755965956415, 0.003985348924887095, 0.04042080089955387, 0.0026858544482715454]
Timestep: 326, Trans probs: [0.31032085480847804, 0.02131806139299558, 0.5298063158653059, 0.03639601848539644, 0.03530912668059858, 0.0024256253443701637, 0.060282762286842664, 0.004141235136012393]
Timestep: 327, Trans probs: [0.26878340334230066, 0.018841410576503743, 0.5724872581961514, 0.04013070504860685, 0.02978428324238846, 0.0020878443472272376, 0.06343815294673395, 0.004446942300087865]
Timestep: 328, Trans probs: [0.2762921445385292, 0.020032983164132906, 0.5638078425210955, 0.040879747181723214, 0.0303540760987652, 0.0022008685641968172, 0.06194119700923822, 0.00449114092231916]
Timestep: 329, Trans probs: [0.3174557307386122, 0.022780164487359776, 0.5275710092536794, 0.03785773323921114, 0.03306665637611711, 0.002372815477428494, 0.05495257318683166, 0.003943317240760214]
Timestep: 330, Trans probs: [0.513320784141328, 0.03794524257198351, 0.32985499203223684, 0.02438324742135686, 0.05356863131583917, 0.003959852732105684, 0.034422686557338135, 0.0025445632278118194]
Timestep: 331, Trans probs: [0.29226223042293825, 0.021771420902804702, 0.5513029718835599, 0.04106808132024048, 0.03017898039870336, 0.0022481156177000692, 0.056927511838064195, 0.004240687615989053]
Timestep: 332, Trans probs: [0.26684721782238596, 0.02028455055539936, 0.5798044730799689, 0.044074183131508265, 0.026066244658239916, 0.001981441147763466, 0.05663662290571006, 0.004305266699024162]
Timestep: 333, Trans probs: [0.2764872598165285, 0.019960064065256335, 0.5737351799044237, 0.041418873893078655, 0.026811162702749677, 0.0019355413539343962, 0.05563550113273353, 0.004016417131295311]
Timestep: 334, Trans probs: [0.5138823716006377, 0.03585350816862138, 0.2962230567625795, 0.020667445260459213, 0.0790863890985937, 0.005517847379627216, 0.04558866624307278, 0.003180715486408671]
Timestep: 335, Trans probs: [0.3075515292683268, 0.021936856732600176, 0.5052193123780593, 0.03603598948295536, 0.04565405069229391, 0.00325638559392739, 0.07499656448760561, 0.005349311364231425]
Timestep: 336, Trans probs: [0.2706678789924572, 0.018632853879532348, 0.5464485216851844, 0.037617671868372116, 0.03924525236486065, 0.002701654350349411, 0.07923182543037448, 0.005454341428869453]
Timestep: 337, Trans probs: [0.2701639411680945, 0.01943766786648009, 0.5489962929527957, 0.03949900773658643, 0.03750590503717758, 0.0026984627259742395, 0.07621521488109591, 0.005483507631795339]
Timestep: 338, Trans probs: [0.2731272535733758, 0.01926653118784653, 0.5512606406519073, 0.038886197502436076, 0.03635113924107756, 0.002564227292366561, 0.07336855639373104, 0.005175454157259129]
Timestep: 339, Trans probs: [0.5329832838354347, 0.03750123361896722, 0.2934658775305994, 0.020648550838731867, 0.06953075526860691, 0.004892253052041984, 0.038284322846731805, 0.002693723008886236]
Timestep: 340, Trans probs: [0.28378869290759795, 0.019580422394359774, 0.5490276942290961, 0.037880981264843364, 0.03497551287349246, 0.0024131874617898674, 0.06766487061436943, 0.004668638254450989]
Timestep: 341, Trans probs: [0.26511798431348055, 0.01929559473295572, 0.5692844358092037, 0.041433182247513044, 0.031059810820308006, 0.0022605690957664044, 0.06669433205358213, 0.0048540909271905025]
Timestep: 342, Trans probs: [0.26322142270558296, 0.020155535534406833, 0.5688323715970582, 0.04355694517945573, 0.03062913859260089, 0.0023453512443854176, 0.06619083419016338, 0.005068400956346523]
Timestep: 343, Trans probs: [0.2684594082804556, 0.020720369496349582, 0.5666488835039748, 0.04373538001927827, 0.029973383555549325, 0.002313420812125081, 0.06326611697230997, 0.004883037359957452]
Timestep: 344, Trans probs: [0.5011785619895841, 0.03706747820420104, 0.33842866345466194, 0.02503039446955292, 0.05463349123671172, 0.00404072699677507, 0.036892119538597896, 0.002728564109915335]
Timestep: 345, Trans probs: [0.5672659812658423, 0.03972878960151338, 0.27569413194338144, 0.019308392401583985, 0.06163388825351542, 0.004316563763056992, 0.029954380980912677, 0.0020978717901938685]
Timestep: 346, Trans probs: [0.5243400514463158, 0.03477917876751298, 0.32396888000679547, 0.021488672402170873, 0.05531229152672239, 0.003668832982989532, 0.034175266770282736, 0.0022668260972103175]
Timestep: 347, Trans probs: [0.3550967585567281, 0.022536034585804516, 0.49592811690854655, 0.031473824881277986, 0.03726029123459098, 0.002364705370313162, 0.05203772104971982, 0.00330254741301894]
Timestep: 348, Trans probs: [0.5466674259499613, 0.034367794491603536, 0.3065983906793819, 0.019275175329890377, 0.05611361897665082, 0.003527741426733927, 0.03147131959351818, 0.001978533552260002]
Timestep: 349, Trans probs: [0.5811108586273936, 0.03757169460110644, 0.2753065770257429, 0.01779993348966065, 0.056219508377986054, 0.0036348696088579074, 0.02663450559187985, 0.0017220526773725619]
Timestep: 350, Trans probs: [0.3471262267641592, 0.021897501463978224, 0.5147236759377024, 0.032469924708534985, 0.03174264618176464, 0.002002397363389027, 0.04706844446463685, 0.002969183115834741]
Timestep: 351, Trans probs: [0.5577052649169284, 0.03485924542426261, 0.2558579735386335, 0.015992346593081245, 0.08747716978495879, 0.005467741336470944, 0.040131827328917805, 0.0025084310767467016]
Timestep: 352, Trans probs: [0.3340907152402628, 0.020269110417849262, 0.4853800530591593, 0.0294477560772751, 0.05028050895373206, 0.003050492400292938, 0.07304948922705898, 0.004431874624369414]
Timestep: 353, Trans probs: [0.24791019740391257, 0.03809846420728971, 0.5075224645252694, 0.07799528479100101, 0.036544977213329534, 0.005616176828941848, 0.07481498177789801, 0.0114974532523578]
Timestep: 354, Trans probs: [0.5006348974176088, 0.060640766741480584, 0.2796558758535432, 0.03387408033877641, 0.07164640230301267, 0.008678365795780928, 0.040021855230541074, 0.004847756319256508]
Timestep: 355, Trans probs: [0.5618775559484057, 0.06663376784622631, 0.25889642282334074, 0.0307028532319825, 0.05011576603288077, 0.00594329188613722, 0.023091850556415053, 0.00273849167461176]
Timestep: 356, Trans probs: [0.5019001525861334, 0.05830386481699144, 0.24008742261134916, 0.027890058530694962, 0.1041266102282979, 0.012095999125165376, 0.04980968693903377, 0.005786205162333963]
Timestep: 357, Trans probs: [0.5755953083946351, 0.06398029853943969, 0.25373817561479495, 0.028204267807473093, 0.0490211146608412, 0.005448942173424351, 0.02160984987062736, 0.0024020429387643302]
Timestep: 358, Trans probs: [0.49349849490741987, 0.05349747364498157, 0.21564062120890679, 0.02337642073675449, 0.13435179295831284, 0.014564343310290597, 0.05870677295479103, 0.006364080278542766]
Timestep: 359, Trans probs: [0.48975864973238115, 0.05306355186073808, 0.22828839787982524, 0.02473420989444547, 0.12563601511651826, 0.013612201045054992, 0.05856199706248732, 0.006344977408549542]
Timestep: 360, Trans probs: [0.46210165875001324, 0.049884971952361516, 0.2646328954136271, 0.02856774979144268, 0.11180415493690272, 0.012069524156809175, 0.06402716086382257, 0.006911884135021051]
Timestep: 361, Trans probs: [0.25256269785154956, 0.027118684588295614, 0.482487036490689, 0.05180659642867441, 0.057720410457485195, 0.006197675344850597, 0.11026707436831144, 0.011839824470144037]
Timestep: 362, Trans probs: [0.23083109351150297, 0.024514416546867365, 0.5100183881858464, 0.05416429400542034, 0.050832302201416386, 0.005398424498386154, 0.11231333024573778, 0.011927750804822512]
Timestep: 363, Trans probs: [0.23907975219042077, 0.025039954761322345, 0.5084994963436507, 0.053257560575263034, 0.0504062373050578, 0.005279283963795648, 0.10720918876386307, 0.011228526096626763]
Timestep: 364, Trans probs: [0.27909670960592997, 0.02860050310358735, 0.4752161038332756, 0.04869788566030988, 0.05651289842550048, 0.005791172991947382, 0.09622413479546586, 0.00986059158398353]
Timestep: 365, Trans probs: [0.5014095081853168, 0.04935461074442166, 0.2602238867062622, 0.025614290166275203, 0.09793083632626559, 0.009639502697607688, 0.05082461030594772, 0.005002754867903055]
Timestep: 366, Trans probs: [0.2731997531511983, 0.025616333028445647, 0.49688838320782286, 0.04659029942524558, 0.05115196226583687, 0.004796218464132293, 0.09303381695997612, 0.00872323349734238]
Timestep: 367, Trans probs: [0.27576921812130445, 0.02605504412682812, 0.5700203556712793, 0.05385628469118125, 0.0221339354173823, 0.002091243786848545, 0.04575127646578575, 0.004322641719390175]
Timestep: 368, Trans probs: [0.45635898221063437, 0.040956009621956564, 0.2748986662471965, 0.024670824633154006, 0.11631998457886807, 0.01043915556249338, 0.07006810398193622, 0.006288273163761039]
Timestep: 369, Trans probs: [0.2406257673323877, 0.021117760275091893, 0.5002662363522724, 0.04390428577175823, 0.057949207768929915, 0.0050857291443161265, 0.12047767116359219, 0.010573342191651668]
Timestep: 370, Trans probs: [0.5107000204122197, 0.04237750289853914, 0.24089133240607258, 0.019988981259549284, 0.11672808115791003, 0.009686008223805203, 0.05505929484129763, 0.004568778800606413]
Timestep: 371, Trans probs: [0.3160619305975633, 0.024809987301470535, 0.4457561508157475, 0.03499062484489029, 0.0686200795307867, 0.005386486435003263, 0.09677793988818274, 0.007596800586355733]
Timestep: 372, Trans probs: [0.26514220775923597, 0.02037453337436539, 0.5974197243730287, 0.04590799863820792, 0.020311620081946487, 0.0015608219632192197, 0.04576624209882499, 0.003516851711171264]
Timestep: 373, Trans probs: [0.4635624078360824, 0.03528367976781874, 0.25867283608443514, 0.01968867483375399, 0.1328836494561724, 0.010114332082442251, 0.07415051327076677, 0.00564390666852836]
Timestep: 374, Trans probs: [0.26625769664279947, 0.020761131593744847, 0.46298055364913104, 0.03610036562642366, 0.0724495698147584, 0.0056491702279400785, 0.12597848763590036, 0.009823024809302227]
Timestep: 375, Trans probs: [0.23949740365291405, 0.018043535374717135, 0.5015173286755121, 0.03778389879376107, 0.061060741639268404, 0.004600265535117412, 0.12786368272388957, 0.0096331436048202]
Timestep: 376, Trans probs: [0.2303385454908574, 0.016509035860100146, 0.52028456320589, 0.037290313234887996, 0.05600172666312057, 0.004013807205992275, 0.1264956928229531, 0.009066315516198449]
Timestep: 377, Trans probs: [0.47186921843518653, 0.03523507421312588, 0.2841523455949113, 0.021218016759119676, 0.10891101332948995, 0.008132523774314422, 0.06558452785142624, 0.004897280042426064]
Timestep: 378, Trans probs: [0.4557257057675323, 0.03290934820221686, 0.3097690631294129, 0.022369372260077194, 0.0995136040733689, 0.007186181963978561, 0.0676420827535311, 0.0048846418498820505]
Timestep: 379, Trans probs: [0.2813403157862741, 0.020681623874097423, 0.4906043939483253, 0.036064847365589695, 0.058159273741762406, 0.0042753496631160156, 0.10141879299029405, 0.00745540263054095]
Timestep: 380, Trans probs: [0.27314656064991366, 0.01940832950503235, 0.5089738226850024, 0.036164949822550724, 0.05292318635253262, 0.003760437754523522, 0.09861561647500755, 0.007007096755437212]
Timestep: 381, Trans probs: [0.49973892810504644, 0.03471190649556822, 0.290912594399552, 0.020206812411975555, 0.09126925031719654, 0.0063395695327244685, 0.05313049055305256, 0.003690448184884173]
Timestep: 382, Trans probs: [0.2685520499825054, 0.018966317741727887, 0.5273492439662273, 0.037243704982237225, 0.04660870980078263, 0.0032917104884182345, 0.09152440980169475, 0.006463853236406652]
Timestep: 383, Trans probs: [0.2633991653999655, 0.01930108128208327, 0.5348845817454091, 0.039194698180325394, 0.04403017577819323, 0.003226395954098315, 0.08941206066288779, 0.006551840997037508]
Timestep: 384, Trans probs: [0.2613608186373525, 0.019758181273250883, 0.5392964376426472, 0.04076937327682149, 0.042128996034871045, 0.0031848398120914367, 0.08692969972133431, 0.006571653601631022]
Timestep: 385, Trans probs: [0.511767686774079, 0.03852540539754949, 0.2959295904479438, 0.022277310068173056, 0.07748699495632899, 0.005833150413516198, 0.044806843564140726, 0.003373018378268846]
Timestep: 386, Trans probs: [0.2631149923907189, 0.01913610643406525, 0.5500542024974839, 0.040004925860956074, 0.038515074747600915, 0.0028011652357369347, 0.08051756584422552, 0.005855966989212531]
Timestep: 387, Trans probs: [0.5602798280410451, 0.0399730025535208, 0.25985499848139815, 0.01853927983479198, 0.07738212106115422, 0.005520805083398022, 0.03588944299697419, 0.0025605219477175083]
Timestep: 388, Trans probs: [0.3225109571451484, 0.02305882654574528, 0.5024644342665217, 0.035925105731968304, 0.04233723043783167, 0.0030270191801695626, 0.06596040248884445, 0.004716024203770808]
Timestep: 389, Trans probs: [0.2767314388055516, 0.01885360081944983, 0.5545587458823267, 0.03778186270027211, 0.03492915953865887, 0.0023797094892549723, 0.06999664003515375, 0.004768842729332258]
Timestep: 390, Trans probs: [0.2773471319865579, 0.017983888597219902, 0.558371717295413, 0.03620623255684417, 0.034310735503713795, 0.0022247947565485274, 0.06907641037299747, 0.004479088930705221]
Timestep: 391, Trans probs: [0.5073890496707955, 0.031030365344075772, 0.33335245955016635, 0.020386818783139558, 0.061331575318709565, 0.0037508519162998406, 0.04029458557263557, 0.0024642938441778815]
Timestep: 392, Trans probs: [0.5098627526250453, 0.031495121065594545, 0.33136222641301977, 0.020468828883285557, 0.060971408075235135, 0.003766311363170895, 0.039625607917675235, 0.002447743656973421]
Timestep: 393, Trans probs: [0.32410637141887094, 0.020403229945133883, 0.5201837605877913, 0.03274674556545671, 0.03703903394472899, 0.002331691053192062, 0.059446853456044585, 0.0037423140287816434]
Timestep: 394, Trans probs: [0.5738772791669456, 0.03575030602219717, 0.2740695851772444, 0.017073461342965595, 0.06321862401311701, 0.003938272583385686, 0.030191650179812738, 0.0018808215143318726]
Timestep: 395, Trans probs: [0.3279678058082158, 0.020874125506443672, 0.5237518483017325, 0.033335167727028006, 0.03405595639737541, 0.0021675551547778783, 0.054386039705491655, 0.003461501398935249]
Timestep: 396, Trans probs: [0.2829559525023842, 0.017523746189300252, 0.5710316168713673, 0.035364561274021156, 0.02905582301121169, 0.0017994562873365008, 0.058637372519953226, 0.003631471344425778]
Timestep: 397, Trans probs: [0.536216754360846, 0.0335681219753007, 0.3186294364675603, 0.019946769102754808, 0.054095584027141874, 0.003386479717726666, 0.03214454847554528, 0.002012305873124467]
Timestep: 398, Trans probs: [0.28617662150926876, 0.01902507290023971, 0.5668329616273795, 0.037683156507843533, 0.02840073155888085, 0.0018880857055276503, 0.056253619520011074, 0.0037397506708488973]
Timestep: 399, Trans probs: [0.2722681595347267, 0.01810994194736033, 0.5830095661713981, 0.038778935503007594, 0.026216962144318092, 0.0017438236747223715, 0.056138550141928555, 0.003734060882538237]
Timestep: 400, Trans probs: [0.5286261367279442, 0.033246860161390626, 0.32968668403564805, 0.020734969990420345, 0.050820576236465693, 0.0031962562462639382, 0.0316951170138681, 0.001993399587998997]
Timestep: 401, Trans probs: [0.29323566465621276, 0.019159785903796387, 0.5620141307470198, 0.036721557838626254, 0.02860128291115111, 0.001868785155427905, 0.05481708772500644, 0.003581705062759309]
Timestep: 402, Trans probs: [0.2757768546242632, 0.017381724482511695, 0.5808468575820546, 0.03660974398587442, 0.0270699026853737, 0.00170616780326485, 0.05701518327661702, 0.003593565560040563]
Timestep: 403, Trans probs: [0.5121499893956246, 0.03179709742087371, 0.34661168976192674, 0.02151956632778522, 0.04936974559087906, 0.003065146231965036, 0.03341234266657825, 0.0020744226043673923]
Timestep: 404, Trans probs: [0.5876995106906417, 0.03881497276658699, 0.28447482013584313, 0.01878831306729605, 0.044386592652625234, 0.0029315395940837097, 0.021485244979121878, 0.0014190061138013212]
Timestep: 405, Trans probs: [0.5360077194471651, 0.03444437129024902, 0.2689243520583989, 0.01728133736738505, 0.08968871600113346, 0.005763483103704168, 0.04499838148307127, 0.00289163924889323]
Timestep: 406, Trans probs: [0.2901814393390054, 0.018460699458578728, 0.5205496489194323, 0.03311621392415707, 0.0463357201756023, 0.002947775730615509, 0.08312055700316695, 0.005287945449441666]
Timestep: 407, Trans probs: [0.26166238005093667, 0.017441353873314202, 0.5507878199660938, 0.03671328402374794, 0.04027729141542031, 0.0026847210229387773, 0.08478192978493854, 0.005651219862609734]
Timestep: 408, Trans probs: [0.2502881582602761, 0.01683823375057495, 0.5683957345698427, 0.038239045378903054, 0.03616100690341638, 0.002432745884296667, 0.08212039364754337, 0.005524681605146588]
Timestep: 409, Trans probs: [0.2656537346111637, 0.018345104663095697, 0.5581995805331589, 0.03854728314949345, 0.035969916482777746, 0.002483954850343891, 0.07558106541166439, 0.005219360298302382]
Timestep: 410, Trans probs: [0.2664029249021224, 0.019176654662193975, 0.5569138638456925, 0.040088692147358156, 0.035441984675482, 0.0025512433878652, 0.07409127596941503, 0.005333360409870874]
Timestep: 411, Trans probs: [0.3657780079165583, 0.025670159601881168, 0.5022179470786832, 0.035245461939799966, 0.027992526497724893, 0.001964504719541278, 0.038434101796628636, 0.002697290449182695]
Timestep: 412, Trans probs: [0.5171013065488583, 0.03536543939428108, 0.26247940376846207, 0.017951413637249246, 0.10374491668865123, 0.007095291613367003, 0.052660675058404695, 0.003601553290726359]
Timestep: 413, Trans probs: [0.320596928738001, 0.02139222729351184, 0.4667853096354263, 0.031146828138062983, 0.061101846019376974, 0.0040770963815684865, 0.08896356002449228, 0.005936203769560132]
Timestep: 414, Trans probs: [0.2600551191044308, 0.017756949563680936, 0.5332622561879903, 0.036411938438105924, 0.04679955260858044, 0.003195542922343634, 0.0959659440605679, 0.006552697114299932]
Timestep: 415, Trans probs: [0.26305238273074394, 0.017797242056746175, 0.5366955547704547, 0.036311021401415775, 0.045023359338222976, 0.0030461295048234043, 0.09185941053569857, 0.006214899661894516]
Timestep: 416, Trans probs: [0.2653893613366112, 0.017606714863365902, 0.5416336018838747, 0.03593357450637056, 0.0430009406403925, 0.0028528095357659242, 0.08776069336822144, 0.005822303865397634]
Timestep: 417, Trans probs: [0.2553731437103048, 0.01754378131253498, 0.5528218345520577, 0.03797809444354793, 0.040294519276911925, 0.002768177671375639, 0.08722800583261503, 0.005992443200651929]
Timestep: 418, Trans probs: [0.270941372353063, 0.0175551698548396, 0.5466156934878985, 0.03541700280456454, 0.040296160368762074, 0.002610918862733357, 0.08129623561575439, 0.005267446652384593]
Timestep: 419, Trans probs: [0.4926164652008423, 0.030908779430581266, 0.33045330491093966, 0.02073399700400714, 0.07055879408386914, 0.00442714841522188, 0.04733172425740744, 0.0029697866971312875]
Timestep: 420, Trans probs: [0.2640562039585481, 0.01769713270704852, 0.5614729882321348, 0.03763010236156777, 0.035715922107596235, 0.002393692720781375, 0.07594415587511154, 0.005089802037211781]
Timestep: 421, Trans probs: [0.479852124070312, 0.0328897751543325, 0.3480181368929862, 0.02385367845191162, 0.06259043155274945, 0.004290040863257544, 0.045394412744381364, 0.0031114002700692424]
Timestep: 422, Trans probs: [0.5552403521957789, 0.03828251579441481, 0.2741614165190791, 0.018902784562765382, 0.07102679241409109, 0.004897130209766003, 0.03507094889995971, 0.002418059404145067]
Timestep: 423, Trans probs: [0.29217075266202236, 0.02081243797466196, 0.5745127192392893, 0.040924733998456454, 0.022525774811508043, 0.0016045969243130617, 0.044293770071166805, 0.0031552143185820114]
Timestep: 424, Trans probs: [0.5281065681394487, 0.03621541483572345, 0.2591592849568037, 0.0177720967309799, 0.0996550436682285, 0.006833940277682831, 0.04890401183682598, 0.0033536395543070055]
Timestep: 425, Trans probs: [0.30029744217800775, 0.020903945609508603, 0.49200672630104136, 0.03424898251385295, 0.05405376141913905, 0.0037627256512735895, 0.08856157417525884, 0.006164842151917774]
Timestep: 426, Trans probs: [0.24926701203937027, 0.016318732859627493, 0.5506377595104623, 0.03604853456684353, 0.04320651828877982, 0.002828595825739849, 0.0954444000918335, 0.006248446817343136]
Timestep: 427, Trans probs: [0.4813307231377098, 0.0329247102140621, 0.3221612954312167, 0.022036962912140863, 0.07936431235949802, 0.0054287974155083785, 0.05311962950145716, 0.0036335690284067775]
Timestep: 428, Trans probs: [0.5039878137494712, 0.03626548413771997, 0.30193259134931616, 0.021726183259824502, 0.0793907843677708, 0.005712727872824604, 0.047561993761483026, 0.0034224215015897477]
Timestep: 429, Trans probs: [0.2754786999040494, 0.02049131854376491, 0.5329106183973426, 0.03964023803197197, 0.041702737954910384, 0.003102033252947926, 0.08067350354185021, 0.006000850373162734]
Timestep: 430, Trans probs: [0.25416008996511513, 0.019083949100724338, 0.557552199816886, 0.04186455003129236, 0.03708720015480019, 0.0027847418536078084, 0.08135836761072975, 0.006108901466844354]
Timestep: 431, Trans probs: [0.25937511198664204, 0.018288372806498424, 0.5594780543465063, 0.039448438813475074, 0.03651591860932134, 0.00257471400314389, 0.07876567238752896, 0.005553717046883953]
Timestep: 432, Trans probs: [0.2538500505337991, 0.01801975377882715, 0.5690002629183648, 0.04039094976075914, 0.034203143286500655, 0.0024279381437531944, 0.076665722467769, 0.005442179110226939]
Timestep: 433, Trans probs: [0.2686832310308484, 0.019825722177914288, 0.5540352052251251, 0.04088140526461039, 0.03545470890604319, 0.002616148413777754, 0.07310897985554377, 0.005394599126137233]
Timestep: 434, Trans probs: [0.2999925885919771, 0.02235733186762722, 0.5250574646283204, 0.03913057999654942, 0.03839403488826178, 0.0028613646215827977, 0.06719857550447876, 0.00500805990120256]
Timestep: 435, Trans probs: [0.49018421116214067, 0.03516223515230814, 0.33853744244024125, 0.024284203546097664, 0.06172056385890855, 0.004427382463002535, 0.04262626449192798, 0.0030576968853733176]
Timestep: 436, Trans probs: [0.28581893932928887, 0.019604526888519845, 0.5495785281887564, 0.037695987041701136, 0.03435534723691494, 0.002356458008874561, 0.06605916743720339, 0.004531045868740929]
Timestep: 437, Trans probs: [0.27985349311918084, 0.020308696616752647, 0.5851736886326852, 0.042465487130747395, 0.021777333828952264, 0.0015803599980993882, 0.04553640772261608, 0.00330453295096633]
Timestep: 438, Trans probs: [0.5180332847138482, 0.038042227830504746, 0.268730874155983, 0.019734487032777564, 0.09535713939196462, 0.007002635021836742, 0.049466719961771495, 0.0036326318913136495]
Timestep: 439, Trans probs: [0.4862790377804319, 0.03595410595043086, 0.30706302372545974, 0.022703377342516227, 0.08447131149967813, 0.006245571467143121, 0.05333977883467411, 0.003943793399666047]
Timestep: 440, Trans probs: [0.28537223344949836, 0.020118074528583177, 0.5150936124692264, 0.03631289407379186, 0.047657635040544336, 0.0033597517250092274, 0.08602148533528646, 0.006064313378060222]
Timestep: 441, Trans probs: [0.26453680273345753, 0.018417227014466818, 0.5396001330718556, 0.03756731783680834, 0.04302068615929621, 0.002995128598844592, 0.08775326433422098, 0.006109440251050011]
Timestep: 442, Trans probs: [0.3043702594620452, 0.02014482361209861, 0.508344675686888, 0.033644922614848374, 0.046891846795419724, 0.0031035488953777904, 0.07831652374219357, 0.005183399191128781]
Timestep: 443, Trans probs: [0.5077414265500766, 0.0345829366594515, 0.305722056468413, 0.02082313154174279, 0.07662871950617528, 0.005219282915288321, 0.04613980362238292, 0.003142642736469774]
Timestep: 444, Trans probs: [0.27875957462056555, 0.019767838011483622, 0.5866564234668047, 0.04160190430507483, 0.022021460809556033, 0.0015616205134911375, 0.04634470925575678, 0.0032864690172673184]
Timestep: 445, Trans probs: [0.4843022875227253, 0.03382916446233514, 0.28285714745113477, 0.0197579511949392, 0.10577303737545245, 0.007388388552443082, 0.061776829059183094, 0.004315194381787026]
Timestep: 446, Trans probs: [0.5186891917547486, 0.03451612647223732, 0.25927821213670194, 0.017253645735956384, 0.10643549434520096, 0.007082740574419197, 0.053204125168581, 0.0035404638121547564]
Timestep: 447, Trans probs: [0.3035271913387284, 0.01977518498115492, 0.48075157582390565, 0.03132158044875114, 0.05981501763972847, 0.0038970249527220855, 0.09473999301809852, 0.006172431796910895]
Timestep: 448, Trans probs: [0.4937353370243801, 0.031343142058946366, 0.29631975480766365, 0.018810871884890317, 0.09389854319695654, 0.0059608360144677965, 0.05635406504344463, 0.00357744996925057]
Timestep: 449, Trans probs: [0.5449428781722284, 0.03459691720632624, 0.2502486943395936, 0.01588759795906878, 0.09944435958094028, 0.006313447542607522, 0.04566684351951883, 0.0028992616797162978]
Timestep: 450, Trans probs: [0.31434396222843053, 0.019023303972377694, 0.4878066949477539, 0.029520831168402033, 0.05517042185787491, 0.003338774818025571, 0.08561481809472851, 0.005181192912406888]
Timestep: 451, Trans probs: [0.5518499219770256, 0.031717049005255536, 0.25896311826411955, 0.0148836587366208, 0.09177157729936966, 0.005274484055494497, 0.0430650669303725, 0.0024751237317418677]
Timestep: 452, Trans probs: [0.28630530221181694, 0.01721145246279567, 0.5273877065262744, 0.0317042973714273, 0.0456010219086045, 0.002741338755417768, 0.08399920704870797, 0.005049673714955379]
Timestep: 453, Trans probs: [0.26634395380306913, 0.016354717578001634, 0.5494051608977518, 0.03373594975248782, 0.041269486154853284, 0.00253413220392051, 0.08512927872895996, 0.005227320880955845]
Timestep: 454, Trans probs: [0.2550423951728488, 0.016099073966670388, 0.56383072096519, 0.03559075923572575, 0.03792021639484619, 0.0023936427046140217, 0.0838314858773655, 0.005291705682739241]
Timestep: 455, Trans probs: [0.2915561863215188, 0.017509381764688112, 0.583593990527762, 0.03504768705013815, 0.022719882647637364, 0.0013644406038694106, 0.04547729597490117, 0.0027311351094850282]
Timestep: 456, Trans probs: [0.499185456517266, 0.03197052429096486, 0.3208287058644076, 0.020547597691724998, 0.07292570253390974, 0.00467055462825848, 0.0468696723086478, 0.003001786164820607]
Timestep: 457, Trans probs: [0.47122280163816754, 0.03052697813564675, 0.296890570078398, 0.019233305158314874, 0.10493318376535087, 0.00679783107984733, 0.06611240508721802, 0.004282925057056613]
Timestep: 458, Trans probs: [0.270242119491418, 0.017947698757099544, 0.5052192822651854, 0.033553331736141695, 0.05654675138412326, 0.0037554621812647356, 0.10571449484809814, 0.00702085933666928]
Timestep: 459, Trans probs: [0.2454474434968839, 0.03434799516317062, 0.4869886621975987, 0.06814935195645833, 0.04852501942170274, 0.0067906070181194085, 0.09627777724882895, 0.013473143497237446]
Timestep: 460, Trans probs: [0.48727048972998344, 0.06513718237822448, 0.25655265403248717, 0.03429536031330762, 0.09057380774403392, 0.012107695331565546, 0.047687991069265634, 0.006374819401132217]
Timestep: 461, Trans probs: [0.2987820299328444, 0.0377561515739901, 0.4540986983104355, 0.057383033667767765, 0.053546995814870026, 0.0067665665527892, 0.08138247505525052, 0.01028404909205262]
Timestep: 462, Trans probs: [0.24635674629155685, 0.02964107760684481, 0.5147293059584099, 0.06193104728852922, 0.04257116514459161, 0.0051220647652623005, 0.08894672712872849, 0.010701865816076695]
Timestep: 463, Trans probs: [0.26136166080296863, 0.031081742529591633, 0.5247097843982647, 0.06239971987979943, 0.035791197815824904, 0.004256373302493632, 0.07185442436966567, 0.00854509690139142]
Timestep: 464, Trans probs: [0.4805589028095384, 0.05402843235841055, 0.24101307361781155, 0.02709669609557402, 0.11812134642417611, 0.013280185088761833, 0.05924099750337601, 0.006660366102351584]
Timestep: 465, Trans probs: [0.25497100504703335, 0.027757788126892776, 0.47718570596056387, 0.05194951371349745, 0.059085291342561484, 0.006432405905134257, 0.11057985379939515, 0.012038436104921743]
Timestep: 466, Trans probs: [0.23663616628035491, 0.024602334696174618, 0.5078710827539384, 0.052801795079868534, 0.051273421518357, 0.005330740000740893, 0.11004356820155638, 0.01144089146900943]
Timestep: 467, Trans probs: [0.2476016485570694, 0.025240135297866388, 0.5043545630653039, 0.05141313672202975, 0.05121420311373403, 0.005220697936771274, 0.10432126435624893, 0.010634350950976468]
Timestep: 468, Trans probs: [0.4602784678552741, 0.04549599831027488, 0.3014319780834279, 0.02979489531510856, 0.08963518950516629, 0.008859946130589968, 0.058701230592695865, 0.005802294207462449]
Timestep: 469, Trans probs: [0.5175328403972289, 0.05134207794655859, 0.2507368143055642, 0.024874458313152086, 0.09530470027039344, 0.009454745608414422, 0.04617368226488501, 0.004580680893803332]
Timestep: 470, Trans probs: [0.5325928040627134, 0.05261854243905967, 0.24325210087322516, 0.024032564645167575, 0.09215241063996246, 0.00910437672670762, 0.042088941716275016, 0.004158258896889166]
Timestep: 471, Trans probs: [0.47069224909059615, 0.04439111917637125, 0.31480725900420864, 0.029689561659539534, 0.07689162400461684, 0.007251670813463302, 0.05142647120287846, 0.004850045048325847]
Timestep: 472, Trans probs: [0.292361051849875, 0.027927491960297847, 0.49703389757185507, 0.04747865726506286, 0.0457063399553037, 0.0043660516117305466, 0.07770392173644973, 0.00742258804942537]
Timestep: 473, Trans probs: [0.2633880110481802, 0.025162802666373038, 0.5307714634097115, 0.050707310258998495, 0.039346533693403615, 0.0037589754332128813, 0.07928993117582385, 0.007574972314296378]
Timestep: 474, Trans probs: [0.25183918085525103, 0.02327110911204876, 0.54920294230284, 0.05074890075318924, 0.03595658969780642, 0.0033225557648067405, 0.07841299669951464, 0.007245724814543199]
Timestep: 475, Trans probs: [0.26073793623012215, 0.022664346743770714, 0.5460245643056785, 0.047462560435080084, 0.036606214510228545, 0.0031819533077243997, 0.07665893432241801, 0.006663490144977642]
Timestep: 476, Trans probs: [0.26006529356742153, 0.023090528581519273, 0.5468499281199818, 0.04855339873247122, 0.035948120968210304, 0.003191741209609656, 0.07558958405350558, 0.0067114047672806095]
Timestep: 477, Trans probs: [0.25423300728318465, 0.022448266729731055, 0.5582756753448989, 0.04929462701475087, 0.03327906968264432, 0.002938475380268679, 0.0730782178933736, 0.006452660671147869]
Timestep: 478, Trans probs: [0.25885700900069675, 0.021701908480826298, 0.5609993335444912, 0.04703274692613918, 0.03245475265034243, 0.00272092331787582, 0.0703364945669461, 0.005896831512682329]
Timestep: 479, Trans probs: [0.26504281967517984, 0.022032422659663962, 0.5559287118855745, 0.046213122709441716, 0.033020304112630613, 0.0027449047570944113, 0.06926026199804919, 0.0057574522023657055]
Timestep: 480, Trans probs: [0.26904561447528846, 0.022646643013732183, 0.5562262871753686, 0.04681978624732886, 0.03165192488366251, 0.0026642688264432194, 0.06543735230298771, 0.005508123075188437]
Timestep: 481, Trans probs: [0.2590005383774155, 0.022116586682356488, 0.5699287440849843, 0.04866738328147526, 0.028869555431891, 0.0024652304940775706, 0.06352724041682613, 0.005424721230973896]
Timestep: 482, Trans probs: [0.33201386698897045, 0.028259891096638116, 0.49987756823722523, 0.04254787840083065, 0.03578735101543336, 0.003046097596781719, 0.05388116514977101, 0.004586181514349475]
Timestep: 483, Trans probs: [0.5454227395664677, 0.047601001002604115, 0.2866086464815485, 0.025013365741529778, 0.05749032102442546, 0.005017386753802947, 0.030210003909439686, 0.0026365355201818986]
Timestep: 484, Trans probs: [0.33967865538961856, 0.030086856907305094, 0.49386419033953927, 0.043743758963436866, 0.03467509173308227, 0.003071327876119498, 0.05041466642661264, 0.004465452364285857]
Timestep: 485, Trans probs: [0.27359106514676673, 0.0238691707561189, 0.5621701400007362, 0.04904595498566638, 0.02749641325053368, 0.002398896260394032, 0.05649914948164854, 0.004929210118135661]
Timestep: 486, Trans probs: [0.2758397707232122, 0.022972227739826188, 0.5661422529915121, 0.04714892538795484, 0.026581904506674612, 0.002213769111265631, 0.05455753993253876, 0.0045436096070155035]
Timestep: 487, Trans probs: [0.5042364928205169, 0.04254753593608039, 0.3365319913374174, 0.02839660992201565, 0.04882866852495125, 0.004120168925409018, 0.032588694565003726, 0.0027498379686057223]
Timestep: 488, Trans probs: [0.2714027951749822, 0.02248273765802282, 0.5729828922886371, 0.04746533299907609, 0.025428414177729102, 0.0021064645434061857, 0.05368421608360674, 0.004447147074539774]
Timestep: 489, Trans probs: [0.5182556015418511, 0.040234016295374375, 0.3004826240318842, 0.02332752941947584, 0.06913614263252013, 0.005367283404174677, 0.04008487219792196, 0.00311193047679766]
Timestep: 490, Trans probs: [0.5507167942477048, 0.042483440805096195, 0.2562031133432755, 0.01976404190591062, 0.08289739836065062, 0.006394878007964174, 0.038565323901314716, 0.0029750094280835407]
Timestep: 491, Trans probs: [0.5495344368640025, 0.04078886841736467, 0.2652786887468042, 0.019690153707150198, 0.07829529779754456, 0.0058114221517891265, 0.03779576408950928, 0.002805368225835634]
Timestep: 492, Trans probs: [0.3370857122703945, 0.024366769985738057, 0.48897268598978655, 0.035346158365989276, 0.04347042241478832, 0.003142327739226014, 0.0630576984889209, 0.0045582247451563295]
Timestep: 493, Trans probs: [0.5264181458042795, 0.03674556974431154, 0.2546877676921678, 0.01777797214124735, 0.10354785457279991, 0.007227951662390656, 0.05009776380365276, 0.0034969745791506184]
Timestep: 494, Trans probs: [0.31301412068041823, 0.02078282607440452, 0.4769532150615206, 0.031667695031471314, 0.05855222034144022, 0.003887622095070837, 0.08921856202568294, 0.005923738689991434]
Timestep: 495, Trans probs: [0.26110620343516094, 0.016423976667117132, 0.5370957497410763, 0.033784138200093565, 0.0466532318545549, 0.0029345591232384856, 0.09596574961111089, 0.00603639136764778]
Timestep: 496, Trans probs: [0.5191897097165461, 0.034715578679053956, 0.2807814437181036, 0.018774428919894937, 0.08914460404153121, 0.005960646864720134, 0.048210028346141784, 0.0032235597140082704]
Timestep: 497, Trans probs: [0.25980414812307184, 0.017171089395673213, 0.5456703207958422, 0.03606468151737336, 0.042747441542276075, 0.0028252826040753745, 0.0897830550747231, 0.00593398094696477]
Timestep: 498, Trans probs: [0.5551501759478527, 0.035585533489512565, 0.2558502095733345, 0.01640018610374345, 0.08813964373497121, 0.005649815815205916, 0.04062062356876508, 0.00260381176661458]
Timestep: 499, Trans probs: [0.3241942669110577, 0.01966342444322815, 0.4945115845529729, 0.029993717260355258, 0.04914530359327952, 0.0029808206454529362, 0.07496407072465919, 0.004546811868994435]
