1920.0,0.5,1
2970.0,0.5263157894736842,1
4225.0,0.6129917657822507,0
3973.0,0.45454545454545464,0
2420.0,0.3658536585365854,1
1863.0,0.5263157894736843,1
3699.0,0.5785123966942148,0
2275.0,0.45454545454545453,1
1107.0,0.5803996194100856,1
676.0,0.6087777922763142,1
1488.0,0.6398392135908892,1
1650.0,0.6664719254392738,1
2800.0,0.6896364160865676,1
2052.0,0.709938171613368,1
4200.0,0.7278539131226522,0
4698.0,0.625548331046371,0
2016.0,0.57651681062727,1
1275.0,0.6649824796872154,1
874.0,0.6894234371652465,1
651.0,0.7054074320784669,1
1449.0,0.7191562713092774,1
750.0,0.7316107686870793,1
1325.0,0.7430224837038373,1
4250.0,0.7535269317791461,0
1428.0,0.6667786287228001,1
1518.0,0.7296270978113037,1
1230.0,0.745396057983274,1
2373.0,0.7551172246802019,1
2156.0,0.7635591595859702,1
1825.0,0.7713697858091305,1
3264.0,0.7786788048986945,1
2320.0,0.7331325716735129,1
3306.0,0.7826167007282913,1
1885.0,0.745726637431927,1
1512.0,0.7938503087720186,1
600.0,0.8073078251398026,1
924.0,0.8140108129348421,1
2772.0,0.8191977471960801,1
3848.0,0.8238905328636985,0
1155.0,0.756573506386367,1
740.0,0.8025724945642506,1
3874.0,0.8131457935569188,0
3454.0,0.7466900212940303,1
2002.0,0.7458245782569375,1
1495.0,0.8000345429468897,1
3520.0,0.8094200711242157,1
3060.0,0.766508861441717,1
3650.0,0.7645898394940827,0
2037.0,0.7473341891316344,1
4524.0,0.8025019752661047,0
1708.0,0.7407172815529741,1
3465.0,0.7942083843958003,1
2800.0,0.7496845333868515,1
620.0,0.8013802468877158,1
2625.0,0.8070106669811835,1
2136.0,0.8105683909254028,1
1566.0,0.8139145963502111,1
2226.0,0.8171414271070337,1
2058.0,0.8202589779331143,1
780.0,0.8232728714937408,1
1035.0,0.8261881629984279,1
1825.0,0.8290095757905623,1
480.0,0.83174153797379,1
1320.0,0.8343882055587969,1
2059.0,0.8369534829257964,1
2912.0,0.8394410414460517,1
2180.0,0.8418543364837744,1
924.0,0.8441966229413491,1
1988.0,0.846470969490521,1
2040.0,0.8486802716164366,1
2904.0,0.8508272635876848,1
650.0,0.8529145294534337,1
2160.0,0.8549445131580804,1
4025.0,0.8569195278544318,0
868.0,0.8053985231030081,1
3472.0,0.8454571284130653,1
3096.0,0.8097163310737879,1
2730.0,0.8085897739316744,1
690.0,0.850793038899542,1
2581.0,0.8557627198049459,1
2645.0,0.8578047234631015,1
2875.0,0.8595739330530624,1
1300.0,0.8612822296169844,1
1449.0,0.8629481880860225,1
4988.0,0.8645746631462696,0
4676.0,0.8161443659991353,0
3888.0,0.8002045813410384,0
580.0,0.7870796682079967,1
3588.0,0.8331860272803737,1
3408.0,0.7996543271646674,1
2600.0,0.7950361149625222,1
4264.0,0.8386021033054236,0
3780.0,0.7939447954208051,0
1040.0,0.7766464549637241,1
3340.0,0.8234217157167113,1
2028.0,0.7888542219699135,1
3696.0,0.8282598834058641,0
3703.0,0.7819552970019578,0
3816.0,0.7644631350901475,0
756.0,0.7521842585262082,1
1518.0,0.8035127076456372,1
748.0,0.8156670488407761,1
4536.0,0.8196462001649597,0
1537.0,0.7651211690413742,1
1722.0,0.8056024468410399,1
2925.0,0.8146069840803076,1
2354.0,0.8177302715034954,1
2940.0,0.8197238383566953,1
2268.0,0.8214774699171289,1
2730.0,0.8231598418861408,1
3588.0,0.8248037680600437,1
1275.0,0.7812141838541423,1
4031.0,0.8189865757956316,0
4147.0,0.7731027331143439,0
4988.0,0.7557784695496548,0
1890.0,0.7445271831764942,1
3740.0,0.7966081170378781,0
3100.0,0.7520605027203109,1
4293.0,0.7448987294570811,0
4056.0,0.7361102224911753,0
1320.0,0.7275261160528078,1
3900.0,0.7825832030875399,0
520.0,0.7354408968177061,1
728.0,0.7816886569448442,1
3625.0,0.7915358243240768,0
2996.0,0.7350591536390169,1
1161.0,0.7803728675489664,1
1911.0,0.7892574803708662,1
1625.0,0.7921357455181512,1
1426.0,0.7939957788641661,1
1560.0,0.7956636202190968,1
2140.0,0.7972778703744091,1
3900.0,0.7988624180319154,0
690.0,0.7421991405770773,1
1800.0,0.7866979633370542,1
2132.0,0.7949725880294026,1
1560.0,0.7975753619415492,1
3536.0,0.7992655519396626,1
2142.0,0.7509280404099838,1
3146.0,0.7940794632310825,1
3325.0,0.7527817058492147,1
2438.0,0.7460715365821777,1
702.0,0.7966111892785125,1
1794.0,0.8062778865727604,1
2376.0,0.8090548672616533,1
1064.0,0.8106491041139315,1
840.0,0.8120258266499699,1
4228.0,0.8133498291282356,0
882.0,0.7597416769047463,1
2970.0,0.8017373426469311,1
1008.0,0.8094830785716836,1
5010.0,0.8118004582357377,0
1020.0,0.758274904374363,1
880.0,0.8011188675443356,1
2928.0,0.8084220517181964,1
1653.0,0.8105675722005611,1
1820.0,0.8119464411566565,1
1140.0,0.8131986506474126,1
2208.0,0.814418521750674,1
4698.0,0.8156202949433613,0
1260.0,0.7628451446402147,1
4108.0,0.805357245756161,0
1775.0,0.7575838177877297,1
783.0,0.8022653296156095,1
700.0,0.8088126358204344,1
2484.0,0.81066420288278,1
2652.0,0.8119208233835338,1
3080.0,0.813090415389817,1
1848.0,0.7667582093249713,1
2160.0,0.8091734708858295,1
1568.0,0.8156706260779576,1
3657.0,0.8174815556058725,0
2990.0,0.765525544391638,1
2744.0,0.8084987831071737,1
2760.0,0.8145783866782446,1
1624.0,0.8162625332072978,1
4394.0,0.8174085361532355,0
940.0,0.7654837718627274,1
2079.0,0.808886053301938,1
4420.0,0.8145838350540036,0
3775.0,0.7628407310748992,0
4266.0,0.7515715789865848,0
2040.0,0.7451467403532533,1
736.0,0.7969546658845384,1
2600.0,0.8047206224084333,1
3264.0,0.8066895601177552,1
1102.0,0.7592577968911198,1
4452.0,0.8023351747908047,0
1932.0,0.7548232906799581,1
1708.0,0.7997038586426233,1
3030.0,0.8061735428968093,1
3542.0,0.7592714418969339,1
1755.0,0.7533229195659246,1
480.0,0.8029073865511281,1
3339.0,0.810133346244171,1
2968.0,0.7640386981494344,1
962.0,0.8067427840634733,1
2618.0,0.8131912134977425,1
1711.0,0.8148826708273158,1
3480.0,0.8159381161308765,1
2244.0,0.7699104800100947,1
987.0,0.8114418043414653,1
2616.0,0.8178953685112447,1
1386.0,0.8195726000189908,1
660.0,0.8205885414237347,1
3565.0,0.8215055732850842,1
3016.0,0.7764364411427019,1
3146.0,0.7697563012928029,1
1364.0,0.7694665513614425,1
1550.0,0.8171787577521341,1
2320.0,0.8247557609686685,1
3036.0,0.8265748115844105,1
1012.0,0.782574601660609,1
3451.0,0.8218037627761854,1
2548.0,0.7834193278910995,1
2280.0,0.8232534183919853,1
3586.0,0.8298551734379918,1
1155.0,0.7873070807318424,1
810.0,0.8257729806873095,1
1456.0,0.8322423192786373,1
1496.0,0.8338836282649082,1
3213.0,0.8347880763188132,1
3360.0,0.7921574241775001,1
2737.0,0.7850334768860183,1
2350.0,0.8291122457785729,1
2002.0,0.8365897562475142,1
3640.0,0.8383784802692335,0
4368.0,0.7916333281983385,0
3720.0,0.7793188982548936,0
2136.0,0.77305007296111,1
1357.0,0.8200870706375328,1
3750.0,0.8289553046633344,0
3344.0,0.7820033308225377,1
1606.0,0.7742351381577828,1
1113.0,0.8198588294688154,1
3795.0,0.8280383272077533,0
1204.0,0.780752297256603,1
2025.0,0.819836347155639,1
3799.0,0.826546530047008,0
1750.0,0.778668572569794,1
960.0,0.8184183830245693,1
1196.0,0.8248532032867198,1
2523.0,0.8264291385219132,1
2725.0,0.82728877827049,1
2016.0,0.8280378093081382,1
936.0,0.8287652842830757,1
2704.0,0.8294844169311982,1
2464.0,0.8301972316636251,1
3125.0,0.8309040929595173,1
1694.0,0.7874066974154835,1
936.0,0.8255342025098338,1
840.0,0.8319502087954238,1
1058.0,0.8335134572625923,1
3834.0,0.8343274547751413,0
1944.0,0.7870562193900339,1
980.0,0.8254774666767536,1
3726.0,0.8316307817522012,0
2816.0,0.7848162559863214,1
3450.0,0.8240611609801957,1
2889.0,0.7854755975626554,1
1530.0,0.8252523207288838,1
1404.0,0.8312965854480862,1
2244.0,0.8327003168708562,1
1140.0,0.8334592043134375,1
2418.0,0.8341242982579671,1
4466.0,0.8347719956944661,0
1218.0,0.7877240646726064,1
588.0,0.8266208235618806,1
2369.0,0.8322983945996922,1
3770.0,0.8336036005561804,0
4590.0,0.7864881930987365,0
3528.0,0.7759499761558075,1
2856.0,0.7756684894063037,1
1034.0,0.8222395487013767,1
1491.0,0.8291901343265144,1
3483.0,0.8306977595521382,1
1080.0,0.7872227875636606,1
1058.0,0.8259048042418657,1
3174.0,0.8318522129304907,1
2354.0,0.7893367620545393,1
2373.0,0.8277142236662736,1
1491.0,0.8336776099358476,1
2436.0,0.8350448500485548,1
1242.0,0.8357548526175269,1
2980.0,0.836367302713235,1
4320.0,0.836962089178612,0
3510.0,0.7905774227353511,1
870.0,0.7840854244748721,1
3750.0,0.8284204824568445,0
2366.0,0.7875807606920155,1
4582.0,0.8274075095157887,0
4860.0,0.7852601274272181,0
2322.0,0.7759187131301271,1
860.0,0.8218414170771079,1
1896.0,0.8284190358575685,1
4368.0,0.8298079990185979,0
4428.0,0.7822861280803353,0
2162.0,0.771980087516023,1
1344.0,0.8183505109855272,1
2860.0,0.8251925769095094,1
3460.0,0.8266457133635647,1
3164.0,0.7823371666282584,1
3129.0,0.7756230372230016,1
3720.0,0.7750783473541545,0
2128.0,0.7720872710503521,1
3550.0,0.8194521017631627,1
2750.0,0.7809343215472079,1
3040.0,0.8215745541901031,1
3990.0,0.7824595269030385,0
1034.0,0.7733801121233418,1
968.0,0.8197240021395201,1
4394.0,0.8260362228905134,0
858.0,0.7786972579218733,1
2162.0,0.8195001898915442,1
3390.0,0.8248344728880703,1
924.0,0.7806859626439208,1
897.0,0.8211688841398281,1
3164.0,0.82652696884622,1
864.0,0.7827049074375931,1
1053.0,0.8228149441008404,1
3100.0,0.8281878716676321,1
2688.0,0.7846872273037361,1
1512.0,0.8244311598455012,1
1550.0,0.8298171600412555,1
1144.0,0.8309583911273021,1
1943.0,0.8315705507137673,1
1587.0,0.8321138864812181,1
882.0,0.8326456822067279,1
3275.0,0.8331731231054169,1
3288.0,0.7899090905370604,1
4437.0,0.7838356516218578,0
4002.0,0.7802146363924384,0
3537.0,0.7768935315492024,1
3219.0,0.7775641419034716,1
1680.0,0.7781778943649715,1
667.0,0.8243718773646154,1
1575.0,0.8309326535253507,1
2140.0,0.8322504745031315,1
2664.0,0.8328701846718032,1
4988.0,0.8333942519839508,0
1363.0,0.7868310375741313,1
2494.0,0.8259316641717959,1
1806.0,0.8313489221176562,1
3825.0,0.8324816149662261,0
988.0,0.785868419545738,1
3212.0,0.8253788504934654,1
2360.0,0.7862208618856963,1
3586.0,0.8262602937746714,1
1620.0,0.7873937645820958,1
1104.0,0.8272319007945181,1
1680.0,0.8325764792863571,1
594.0,0.833667728486744,1
1620.0,0.8342305028473755,1
4374.0,0.8347251767633558,0
2751.0,0.7885248667407514,1
2425.0,0.8277457032060688,1
1780.0,0.8328212045813067,1
1827.0,0.8338494860748704,1
2838.0,0.8343941799813652,1
2254.0,0.8348787301335577,1
2875.0,0.8353536761901211,1
4394.0,0.8358250930606967,0
850.0,0.7898942869166518,1
1660.0,0.8290647828023099,1
3161.0,0.8339809088042904,1
1160.0,0.7914234212705156,1
814.0,0.830419861762378,1
2200.0,0.8353650766020831,1
2580.0,0.8363488610000543,1
1250.0,0.8368681704651069,1
4901.0,0.83733082437544,0
1520.0,0.7917565799402012,1
2332.0,0.8307753266648886,1
2376.0,0.8355418122700623,1
3915.0,0.8364783544597223,0
3795.0,0.7908286276898752,0
1014.0,0.7823718901761053,1
3718.0,0.8272136223174602,0
2880.0,0.7858986847558317,1
3105.0,0.8264478549203744,1
2583.0,0.7870589550595893,1
3360.0,0.8273466070596563,1
1728.0,0.7881393843008038,1
550.0,0.8282287138406943,1
2926.0,0.8331111958120145,1
2100.0,0.8340555312593259,1
841.0,0.834555903366272,1
3458.0,0.8350041665508515,1
2120.0,0.7920017024598958,1
3200.0,0.8309006120746094,1
1092.0,0.792360219142149,1
1474.0,0.8316698364826751,1
1760.0,0.8365908113730189,1
1073.0,0.8375393458239314,1
3210.0,0.8380257704448368,1
1161.0,0.7956144004679686,1
3108.0,0.8338341459224117,1
1176.0,0.795909510451523,1
1742.0,0.8345690342205455,1
2430.0,0.8395180120081157,1
2484.0,0.8404700253330427,1
3103.0,0.8409450837190374,1
1064.0,0.7991051000240473,1
1276.0,0.8366682678161905,1
2670.0,0.8415559605873237,1
2296.0,0.8425008523049686,1
3234.0,0.8429670801652226,1
1456.0,0.8015266614221725,1
2484.0,0.8386344725814217,1
3045.0,0.843533058391298,1
1955.0,0.8028592174186758,1
3289.0,0.8397802604133738,1
4238.0,0.8031180468669438,0
1909.0,0.7954111134891161,1
651.0,0.8380923268269713,1
1200.0,0.8434873391124296,1
1512.0,0.8444682994277134,1
4408.0,0.8449238417401559,0
1680.0,0.801149443959799,1
1628.0,0.8386278036154903,1
600.0,0.8432326907260512,1
3150.0,0.8440972416484654,1
1764.0,0.8029242532452451,1
1624.0,0.8401181815387958,1
3422.0,0.8447417955171302,1
2511.0,0.8042203113349602,1
616.0,0.8412162737543716,1
2664.0,0.8458544038604935,1
2640.0,0.8467229520622364,1
1485.0,0.8471498008361598,1
480.0,0.8475233607068504,1
2158.0,0.847889117345211,1
1344.0,0.8482524241091193,1
1600.0,0.8486139226056376,1
4592.0,0.8489736994115691,0
1220.0,0.8061010101147326,1
2604.0,0.8428039910332749,1
1798.0,0.8473023064716307,1
2000.0,0.8481331611951248,1
3150.0,0.8485439383306392,1
4100.0,0.8082001819533964,0
2162.0,0.8004913421102915,1
4080.0,0.8423098271308261,0
1936.0,0.8036151591819256,1
1800.0,0.8415770291983262,1
1848.0,0.8458633141662848,1
1320.0,0.8466305633703671,1
575.0,0.8470276632109173,1
2346.0,0.8473843976847905,1
945.0,0.8477354332523545,1
2160.0,0.8480844354461985,1
1020.0,0.8484318018771553,1
1656.0,0.8487775844053336,1
1350.0,0.8491217981073392,1
3926.0,0.8494644540566969,0
2856.0,0.8067882191759052,1
2889.0,0.8438235490353552,1
3280.0,0.8479409116469079,1
2552.0,0.8079180977848587,1
1230.0,0.8448148031444795,1
1420.0,0.8489525468560359,1
3000.0,0.8496853778057079,1
4379.0,0.8095989094077395,0
1512.0,0.8025213582718992,1
3507.0,0.8440823306744585,1
2407.0,0.8077528316770798,1
672.0,0.8451789218346121,1
1587.0,0.8492415327249895,1
2133.0,0.8499488852721975,1
3250.0,0.8503166483530381,1
3240.0,0.8103085687990546,1
1771.0,0.8057170362367582,1
1782.0,0.846655899632686,1
2882.0,0.8511472363611433,1
1633.0,0.851898606689118,1
2958.0,0.8522640514377497,1
4172.0,0.8525884338665148,0
1200.0,0.8106551805708384,1
1848.0,0.8472291311278312,1
2646.0,0.8511368384294457,1
2332.0,0.8518116408679925,1
3864.0,0.8521644655724996,0
2133.0,0.8101674741556888,1
1917.0,0.8469729993153907,1
3050.0,0.8507597573310024,1
1682.0,0.8112260528448094,1
525.0,0.8478921936661813,1
3718.0,0.8516980331401034,0
1708.0,0.8100314592958939,1
1680.0,0.8470268542933145,1
1320.0,0.8507013206349091,1
3600.0,0.8513227876900755,1
1566.0,0.8115355379830461,1
3591.0,0.8482452535517007,1
1587.0,0.8118670458182611,1
2800.0,0.8488086777424638,1
924.0,0.852542621495261,1
899.0,0.8531692064037928,1
1305.0,0.8535031322205163,1
3220.0,0.8538083791451583,1
