1352.0,0.5,1
2240.0,0.5263157894736842,1
3848.0,0.6129917657822508,0
2760.0,0.4545393598586649,1
1638.0,0.6161102793573855,1
1830.0,0.6499225291741596,1
2418.0,0.6896523836625875,1
2832.0,0.721177952363077,1
2622.0,0.7471837699545185,1
2160.0,0.7688942920645571,1
700.0,0.7873293065756992,1
2400.0,0.8031165330816854,1
3360.0,0.8167438786536781,1
759.0,0.7838089437307604,1
1554.0,0.8311244323298648,1
2136.0,0.8468627131203722,1
621.0,0.8563848979368711,1
840.0,0.8641254736720017,1
1863.0,0.8708279247360614,1
2565.0,0.876968078591658,1
2618.0,0.8825352011294265,1
2697.0,0.8875194968323444,1
900.0,0.8921964962081261,1
870.0,0.8965350688370481,1
2889.0,0.900442972873074,1
3504.0,0.9041374989911554,1
1518.0,0.8803784237791547,1
1590.0,0.9042279838021141,1
1704.0,0.9120655998298723,1
968.0,0.9159551296772411,1
1392.0,0.9188454943157772,1
1113.0,0.9213558750613676,1
1375.0,0.9236496453151403,1
2079.0,0.9257992616205301,1
3780.0,0.927837343235962,0
1161.0,0.8766624345491287,1
2024.0,0.9024182799893115,1
3458.0,0.9082711315244317,1
4082.0,0.8848863162285266,0
3250.0,0.8545561095634866,1
2697.0,0.8579305716135894,1
4185.0,0.892086911422421,0
1940.0,0.8408775182915985,1
3427.0,0.8772128378514203,1
1161.0,0.8475649721685192,1
1160.0,0.8824204348401198,1
1008.0,0.886248094249857,1
1298.0,0.8887358908532575,1
1404.0,0.8910718446805901,1
1290.0,0.8933023596105202,1
1701.0,0.8954172515227625,1
2376.0,0.897451481114458,1
676.0,0.8994230419320343,1
1400.0,0.9012956249624733,1
2813.0,0.9031016820967752,1
2100.0,0.9048443279539092,1
2871.0,0.906535738689816,1
638.0,0.9082071176721598,1
3861.0,0.9097940669239024,0
2268.0,0.865214096209463,1
4440.0,0.8959896764810598,0
1040.0,0.8500276973997498,1
2024.0,0.8849021846146694,1
2457.0,0.8867380877372297,1
3330.0,0.8885644962842179,1
3725.0,0.8589555155848323,0
989.0,0.8435648515518429,1
3422.0,0.8800353396446936,1
2054.0,0.8475438340493,1
3780.0,0.8835380490895384,0
1628.0,0.8350639923717792,1
2225.0,0.8741817350164113,1
1458.0,0.8744832133957698,1
3312.0,0.87631671206241,1
2632.0,0.8437804339869428,1
3000.0,0.8808971317023051,1
2950.0,0.847857823317674,1
700.0,0.8840056601978064,1
900.0,0.8845749277812257,1
3848.0,0.8861354716784331,0
2828.0,0.8406063180697019,1
1188.0,0.8785305691947191,1
1100.0,0.8784527165163823,1
1155.0,0.880058926152602,1
782.0,0.8815732130184676,1
1975.0,0.883035984531441,1
1276.0,0.8844848473600868,1
1690.0,0.885876837280809,1
3538.0,0.8872614902708412,1
1520.0,0.8568032072150968,1
3225.0,0.890902166724473,1
2394.0,0.8599983099542363,1
1827.0,0.8933305511309519,1
1806.0,0.8936639987364672,1
2632.0,0.8948831845262161,1
1100.0,0.8960519942890826,1
756.0,0.897189855093824,1
2360.0,0.8983030285546296,1
960.0,0.89941179292104,1
1848.0,0.9005086748146527,1
1020.0,0.901587349643978,1
682.0,0.9026274978049074,1
3302.0,0.9036321783966785,1
672.0,0.8767786842541604,1
1392.0,0.9059726346868808,1
2553.0,0.9065801094498094,1
3654.0,0.9075281069138842,0
3144.0,0.8697718368289237,1
1260.0,0.8718351339846125,1
4256.0,0.9016483270390354,0
860.0,0.8618576943430274,1
3538.0,0.8948931385031516,1
552.0,0.8642868629615234,1
3129.0,0.8968788653382689,1
1015.0,0.8668248793841076,1
1872.0,0.8987703416526998,1
2256.0,0.8986386764026353,1
1230.0,0.8996148276896039,1
792.0,0.90055759601504,1
1075.0,0.9014699294360929,1
1170.0,0.9023642287491697,1
3926.0,0.9032515310842194,0
2352.0,0.8656033462271455,1
900.0,0.8977893672419642,1
2392.0,0.8973861378127064,1
3090.0,0.8983462177900284,1
1500.0,0.8700331636242998,1
1008.0,0.9012616835235029,1
650.0,0.9009700204260361,1
624.0,0.9018751870581597,1
572.0,0.9027232754238038,1
1000.0,0.9035395615366395,1
1624.0,0.9043526313258906,1
2782.0,0.9051617113679196,1
1230.0,0.9059641929237836,1
860.0,0.9067468271651685,1
768.0,0.9075194814026483,1
2438.0,0.9082804554634493,1
1722.0,0.9090207787470921,1
2156.0,0.9097563810786572,1
1180.0,0.9104745575506478,1
1344.0,0.9111854452099014,1
1950.0,0.9119057931607101,1
1300.0,0.9126088148748221,1
2782.0,0.9133084237923433,1
3556.0,0.9139902207329383,1
1073.0,0.8893642878284403,1
690.0,0.9158498729478901,1
2583.0,0.9159603881488023,1
2289.0,0.9166004927657143,1
4118.0,0.9172191443513229,0
1508.0,0.8845219603993868,1
2800.0,0.9121567358696604,1
1920.0,0.9119972957256317,1
2926.0,0.9126749716688403,1
1300.0,0.9133137575152652,1
1800.0,0.9139647989112615,1
630.0,0.914608764325904,1
3300.0,0.9152294217889406,1
1863.0,0.8908394630289549,1
3836.0,0.9170439495836673,0
2478.0,0.8838795729203384,1
2070.0,0.9117952020350317,1
2352.0,0.9114856964502706,1
2565.0,0.9121479648273412,1
1377.0,0.9127773481352139,1
2968.0,0.9133894382508553,1
1302.0,0.9139867740028533,1
2706.0,0.9145945938848465,1
1586.0,0.9151802836599191,1
1940.0,0.9157739392171257,1
2688.0,0.9163524892092899,1
1512.0,0.9169149536736159,1
1885.0,0.9174811650605013,1
3537.0,0.9180403946078147,1
1953.0,0.8943053472397172,1
2856.0,0.9197595675638847,1
651.0,0.9196579057280677,1
3450.0,0.9202075900169534,1
2960.0,0.8970194194499148,1
3080.0,0.9218050810774518,1
2052.0,0.8983231402303694,1
3016.0,0.9228064039585722,1
1230.0,0.8996050336970549,1
2599.0,0.9237581485088272,1
2262.0,0.9237427934559435,1
1073.0,0.9242453896793095,1
1188.0,0.9247172597631586,1
2093.0,0.9252014679485853,1
1218.0,0.9256723524017957,1
1340.0,0.9261525641508924,1
1480.0,0.9266178490679206,1
3100.0,0.9270855222781915,1
2784.0,0.9056733073415324,1
3990.0,0.9283452359505593,0
3243.0,0.8994646057335755,1
2856.0,0.9006624134639893,1
3874.0,0.9240300481285475,0
1700.0,0.8938441948211036,1
851.0,0.9194454455929915,1
2460.0,0.9191021331825947,1
1890.0,0.9196311741025207,1
1196.0,0.9201104087552033,1
1470.0,0.9205981158423425,1
4410.0,0.9210807245662981,0
2208.0,0.8910267609079551,1
2650.0,0.9173395061848241,1
1173.0,0.9168524649006022,1
1920.0,0.917375759608947,1
609.0,0.9178693893972983,1
1495.0,0.9183405030665468,1
720.0,0.9188187166568419,1
3014.0,0.9192852776745759,1
2970.0,0.895781519218334,1
2136.0,0.9210198951589444,1
783.0,0.9206468825681831,1
1909.0,0.9211373177532454,1
1298.0,0.9215789016723388,1
957.0,0.9220384373581428,1
3248.0,0.9224925467432913,1
4321.0,0.8998217755222938,0
3540.0,0.8947733000192623,1
2880.0,0.8953139282142614,1
3720.0,0.9198246480629769,0
3243.0,0.8887047491652096,1
600.0,0.8907078043506588,1
1800.0,0.9161262627254158,1
1870.0,0.9154682900656148,1
3256.0,0.9159938485883652,1
2825.0,0.8916339833368697,1
2072.0,0.9179844753980423,1
2106.0,0.9173298268167854,1
3080.0,0.9178221320026007,1
2064.0,0.893900729731354,1
1150.0,0.919684148948874,1
2639.0,0.9190825651441019,1
1475.0,0.9195513417149491,1
2058.0,0.9199862264902263,1
3450.0,0.9204197888081173,1
1325.0,0.897164387436623,1
3591.0,0.9221619413796073,1
3450.0,0.8982044041985329,1
1300.0,0.8998573348313897,1
870.0,0.9233153059821061,1
3429.0,0.9228885913783514,1
1127.0,0.9003148986255323,1
2360.0,0.9245418472731651,1
725.0,0.9241131805915105,1
3807.0,0.924546782537522,0
2886.0,0.8962267126635037,1
2553.0,0.9213898324864069,1
3075.0,0.9207857284129864,1
1584.0,0.8976616884820285,1
2987.0,0.9225645587756498,1
1040.0,0.9220084640102534,1
770.0,0.9224485162274182,1
1491.0,0.9228386971055834,1
4228.0,0.9232246060995831,0
460.0,0.8946728781604462,1
1274.0,0.9202677996305552,1
2184.0,0.9195624413593628,1
1470.0,0.9200255034663376,1
1380.0,0.9204278187010753,1
3072.0,0.9208235778568034,1
3164.0,0.8976379762016586,1
986.0,0.8993704096742022,1
696.0,0.9229159362102789,1
2064.0,0.9223490672274357,1
1044.0,0.9227685537457069,1
1539.0,0.9231556290218885,1
2538.0,0.9235331109314661,1
1248.0,0.9239054615968506,1
2392.0,0.9242838454042209,1
1537.0,0.9246606549882085,1
2016.0,0.9250322321697977,1
3483.0,0.9253920208367985,1
3066.0,0.9033897314199113,1
2548.0,0.9048892386317884,1
3161.0,0.9272320062554581,1
3276.0,0.9047273505130096,1
1512.0,0.9061869085663431,1
2415.0,0.9282643569737689,1
2132.0,0.9278518164499949,1
4140.0,0.9282279524939074,0
3472.0,0.9012816068134121,1
2212.0,0.9027886402562323,1
3614.0,0.9255839933626561,0
2940.0,0.8968576839463827,1
2205.0,0.922018601151928,1
2704.0,0.9212581317697779,1
3016.0,0.9216875928173331,1
2996.0,0.8986944825696941,1
2604.0,0.9234359094912383,1
2175.0,0.922742758403547,1
3444.0,0.9231518088783309,1
1512.0,0.9005495567861334,1
2220.0,0.9248429046683802,1
780.0,0.9241971808340902,1
3302.0,0.9245934374042997,1
2550.0,0.9023532165450964,1
2751.0,0.9261925476596622,1
2394.0,0.9255790186378168,1
2852.0,0.9259611641985313,1
2877.0,0.926297461791201,1
3810.0,0.9266383735055679,0
2185.0,0.8994744550111037,1
2185.0,0.9239836662105008,1
1840.0,0.9232637636693989,1
1771.0,0.9236690287447873,1
2794.0,0.9240097295601089,1
3537.0,0.9243626344180622,1
1650.0,0.9020615959011088,1
2436.0,0.9260066106863425,1
1798.0,0.9253378611868804,1
460.0,0.9257173545776748,1
1886.0,0.926047427472696,1
2457.0,0.9263844928199036,1
3978.0,0.9267165907212603,0
1620.0,0.899701311145922,1
600.0,0.9241845252633961,1
1702.0,0.9234084840465645,1
3016.0,0.9238089834294076,1
560.0,0.9013474666219238,1
2016.0,0.9254873967470124,1
754.0,0.9247576726877181,1
1134.0,0.9251307975153391,1
484.0,0.9254575404935165,1
702.0,0.9257853579983963,1
754.0,0.9261120754280262,1
2139.0,0.9264325319790282,1
2448.0,0.9267672635505488,1
3312.0,0.9270963673810976,1
2060.0,0.9055177776767623,1
957.0,0.9286432709596961,1
1242.0,0.928038227964864,1
2760.0,0.9283915885231725,1
3216.0,0.9287083463461705,1
1334.0,0.9075549581217587,1
624.0,0.930171922083992,1
1794.0,0.9296027780998459,1
1302.0,0.9299423279689006,1
3700.0,0.9302497232754967,0
3120.0,0.9043928725441853,1
783.0,0.9059124277298337,1
3150.0,0.9279960218715314,1
2212.0,0.9054577739889887,1
1196.0,0.9286440209258723,1
1944.0,0.9279974587946656,1
4379.0,0.9283398565292482,0
2508.0,0.9020670065435126,1
2782.0,0.9259998802734635,1
1215.0,0.9252194849768186,1
1925.0,0.92558951896616,1
1824.0,0.9259014253227144,1
1716.0,0.9262163859629715,1
2438.0,0.9265291474840237,1
2370.0,0.9268358696601354,1
2000.0,0.9271454393203289,1
1998.0,0.9274438431248208,1
546.0,0.9277352974239361,1
1743.0,0.928035505714274,1
3050.0,0.9283294919958633,1
3264.0,0.9070334816761406,1
2324.0,0.9085536387426544,1
2808.0,0.9300503397102486,1
3510.0,0.9294512565626224,1
960.0,0.9085085433786231,1
1512.0,0.9309207562133832,1
2040.0,0.9303008518360127,1
2250.0,0.9306115172486132,1
3036.0,0.9308919422435532,1
3210.0,0.9102987464898157,1
2475.0,0.9116894193620413,1
1044.0,0.9324996749007727,1
2275.0,0.9319850667248936,1
680.0,0.9322943117198377,1
1830.0,0.9325559602936709,1
1248.0,0.9328308831030745,1
2354.0,0.9330926916470993,1
2392.0,0.933353072825969,1
1840.0,0.9336217097454222,1
3458.0,0.9338830623820299,1
2072.0,0.9140941767528921,1
2880.0,0.9351331637300014,1
1680.0,0.9346528675131803,1
1430.0,0.9349328102984806,1
1586.0,0.9351892818514802,1
672.0,0.9354407692321267,1
1460.0,0.9356951669580842,1
2100.0,0.9359498166670064,1
946.0,0.9361973653479422,1
1760.0,0.9364421638371333,1
1035.0,0.9366969960439784,1
1460.0,0.9369462245721379,1
3200.0,0.9371903076954707,1
2790.0,0.918288926795873,1
940.0,0.938297441028379,1
3000.0,0.9379043318695285,1
3976.0,0.9192163280224198,0
2430.0,0.915577031617188,1
3570.0,0.9355238922018322,1
1426.0,0.915272413127237,1
2964.0,0.9360632099964237,1
1160.0,0.9355803441903231,1
3016.0,0.9358570202904576,1
1606.0,0.9165798522300722,1
2106.0,0.9370297109777906,1
3192.0,0.93658010590218,1
989.0,0.9175470184189334,1
2080.0,0.9377554616930927,1
3429.0,0.9373318314256129,1
546.0,0.9185027622560525,1
693.0,0.9384732703613152,1
2760.0,0.9380762363810243,1
2662.0,0.938336126089089,1
1450.0,0.9385810863690561,1
3406.0,0.9388241814151765,1
1716.0,0.9203617190580798,1
2940.0,0.939880783616403,1
3810.0,0.9395148322202491,0
3550.0,0.9164934320414735,1
2596.0,0.9176187839129559,1
2619.0,0.9371238240788539,1
1075.0,0.9366971684578286,1
2320.0,0.9369722731366285,1
1700.0,0.9372204980739186,1
2626.0,0.9374666477161295,1
2650.0,0.9377038867096826,1
4050.0,0.9379477131354249,0
1653.0,0.9145207041547333,1
1122.0,0.9354530780393371,1
3952.0,0.9349100896986208,0
2920.0,0.9107296386140826,1
4200.0,0.9325992249422566,0
1110.0,0.9066182167363976,1
4228.0,0.9295705755442639,0
1508.0,0.9026172216503016,1
675.0,0.9265808593151134,1
3660.0,0.925656132166148,0
4284.0,0.8991125802635468,0
2310.0,0.8975989353335885,1
1120.0,0.9213789786484637,1
1620.0,0.9209857910115962,1
575.0,0.921306914758709,1
3328.0,0.921606097869469,1
840.0,0.8985244330007424,1
2625.0,0.9228711920553061,1
1430.0,0.9224858094279539,1
4104.0,0.9227970474794367,0
3225.0,0.8954668935641074,1
3393.0,0.8967369469235767,1
3596.0,0.8970732086482458,1
2142.0,0.8974421881678284,1
2160.0,0.9213584746808766,1
1120.0,0.9209149243744904,1
2625.0,0.9212390383065886,1
3058.0,0.9215400241223279,1
3300.0,0.898438074663731,1
2730.0,0.8997101512055528,1
2800.0,0.9231116769292275,1
2540.0,0.9227207894200993,1
2852.0,0.9230389952489123,1
2231.0,0.9233319074269851,1
1196.0,0.9236264754602662,1
1536.0,0.923907163628263,1
1904.0,0.9241947052904625,1
1782.0,0.9244778092602833,1
1560.0,0.9247623990500676,1
2728.0,0.9250385880170586,1
2668.0,0.9253102111716501,1
880.0,0.9255810953615868,1
986.0,0.9258568571705539,1
2444.0,0.926137189007662,1
1428.0,0.9264096387802048,1
2664.0,0.9266794619972886,1
1806.0,0.9269438808720473,1
2574.0,0.9272210899531836,1
2910.0,0.9274894733621203,1
3808.0,0.9277605507180374,0
420.0,0.9019170783993091,1
2580.0,0.9254238783979887,1
3944.0,0.9250332422995874,0
2645.0,0.8984908348816764,1
1148.0,0.922850339244845,1
2626.0,0.9223386996549716,1
3752.0,0.9226471263236667,0
1386.0,0.8954867249018504,1
2684.0,0.9206072198724284,1
1134.0,0.9199843310656506,1
2919.0,0.9203165196413613,1
2470.0,0.9206078698167197,1
2268.0,0.9209004279327873,1
2040.0,0.9211923812696557,1
1768.0,0.9214760730895089,1
2360.0,0.921753276492141,1
3256.0,0.9220301078852875,1
2496.0,0.8990343931030594,1
441.0,0.9233758875486223,1
3614.0,0.9228417252729342,0
1716.0,0.8957864736662245,1
