Timestep: 0, Trans probs: [0.6761833208114201, 0.06761833208114201, 0.15026296018031554, 0.015026296018031557, 0.067618332081142, 0.0067618332081142, 0.015026296018031555, 0.0015026296018031556]
Timestep: 1, Trans probs: [0.7021724376963075, 0.12280239681115372, 0.07801915974403417, 0.013644710756794857, 0.06385722465572786, 0.011167940836810945, 0.007095247183969762, 0.001240882315201216]
Timestep: 2, Trans probs: [0.5977918515012139, 0.17025888883362583, 0.1203727187518579, 0.03428371478986657, 0.0500754984292245, 0.014262152786022756, 0.010083315578228324, 0.0028718593299602007]
Timestep: 3, Trans probs: [0.7290000000000001, 0.08100000000000002, 0.08100000000000002, 0.009000000000000001, 0.08100000000000002, 0.009000000000000001, 0.009000000000000003, 0.0010000000000000002]
Timestep: 4, Trans probs: [0.5977918515012139, 0.17025888883362583, 0.1203727187518579, 0.03428371478986657, 0.0500754984292245, 0.014262152786022756, 0.010083315578228324, 0.0028718593299602007]
Timestep: 5, Trans probs: [0.5217779166877163, 0.16889769166396526, 0.1779321358937276, 0.05759601175930154, 0.041573196180219894, 0.013457098595712992, 0.01417692730124243, 0.004589021918113816]
Timestep: 6, Trans probs: [0.598558760631159, 0.18775041814145088, 0.11025288344142374, 0.03458311251780947, 0.04426126021417871, 0.01388346585039862, 0.008152802839638764, 0.0025572963639408195]
Timestep: 7, Trans probs: [0.47514106475920265, 0.1479940307245671, 0.21699243722608735, 0.0675874762332133, 0.04830633897211783, 0.015046162801470413, 0.022061048822083214, 0.006871440461257928]
Timestep: 8, Trans probs: [0.578514839439941, 0.1664159461394971, 0.0979432546884378, 0.028174418849372034, 0.08564435099847478, 0.024636508402640565, 0.014499691123896251, 0.004170990357740285]
Timestep: 9, Trans probs: [0.42642102617335725, 0.13183308679909087, 0.24381282279162123, 0.07537760817814809, 0.05955957410197875, 0.018413544408832517, 0.034054108486120116, 0.0105282290608512]
Timestep: 10, Trans probs: [0.5872491779492236, 0.17680424942177245, 0.09250122469705166, 0.02784952319604786, 0.07675625573596072, 0.023109154841585065, 0.012090349250944998, 0.0036400649074135416]
Timestep: 11, Trans probs: [0.4080015768541467, 0.11935134154042593, 0.2804362599902579, 0.08203508453199446, 0.05051769920686597, 0.014777774189903564, 0.03472289185281937, 0.01015737183358633]
Timestep: 12, Trans probs: [0.6067600843399179, 0.17369827972496507, 0.08898570234528655, 0.02547409398940449, 0.0712461414684892, 0.020395758602975583, 0.010448755779415177, 0.002991183749545967]
Timestep: 13, Trans probs: [0.35775440980445233, 0.14104152444119844, 0.28727513725244547, 0.11325569212210776, 0.04004806230738196, 0.01578859576276551, 0.03215840889937917, 0.012678169410269538]
Timestep: 14, Trans probs: [0.3684800432948216, 0.16312047024011447, 0.2652272913711275, 0.1174120587430418, 0.03456521642954323, 0.015301491791855908, 0.024879607175712092, 0.011013820953783298]
Timestep: 15, Trans probs: [0.5518976861929675, 0.19831930773210982, 0.07538586016292333, 0.027089208696325737, 0.09534380963008017, 0.03426091247602789, 0.013023383282785706, 0.004679831826779824]
Timestep: 16, Trans probs: [0.5384351377133024, 0.16929283653086133, 0.11534651617626122, 0.03626683613250693, 0.08813211917997715, 0.02771018345648664, 0.01888014395534176, 0.005936226855262748]
Timestep: 17, Trans probs: [0.3650497584696142, 0.1093654844777262, 0.3006167328142876, 0.09006195419543701, 0.05692726139888932, 0.01705487369442519, 0.04687932790735838, 0.01404460704226215]
Timestep: 18, Trans probs: [0.5027057559949171, 0.22268970910004507, 0.10053460385990433, 0.0445350414652438, 0.07480820749099171, 0.03313870542718273, 0.0149606671813251, 0.006627309480390282]
Timestep: 19, Trans probs: [0.5150900879162169, 0.1735837195861253, 0.13974140085717884, 0.04709240715365972, 0.07324298742122112, 0.024682653556019004, 0.019870461314081777, 0.00669628219549734]
Timestep: 20, Trans probs: [0.5050301800840377, 0.1503226363548163, 0.17315670986031995, 0.051540232950826805, 0.06883530283415129, 0.02048888285169402, 0.023601153022215444, 0.0070249020419383855]
Timestep: 21, Trans probs: [0.4739052254701051, 0.15161951413216362, 0.19643885609345305, 0.06284793312422801, 0.061694967377901935, 0.019738463463782288, 0.02557323314258848, 0.008181807195777383]
Timestep: 22, Trans probs: [0.32386624835944255, 0.13743424598083678, 0.30029330275879407, 0.12743094980353092, 0.040427602276104715, 0.017155653186383103, 0.03748503671378781, 0.015906960921120046]
Timestep: 23, Trans probs: [0.4711535949053796, 0.172995483565353, 0.1822647115846558, 0.06692291485926027, 0.056255155136290945, 0.020655446272889056, 0.021762180607207894, 0.007990513068963302]
Timestep: 24, Trans probs: [0.46853447673475435, 0.1479843718654177, 0.21305797815116864, 0.06729334261022983, 0.0538761159469897, 0.017016513347164506, 0.024499235177525426, 0.007737966166749576]
Timestep: 25, Trans probs: [0.4301537217305251, 0.16091698386906333, 0.22485900291381608, 0.08411791114843328, 0.04776957069720303, 0.01787020511269567, 0.024971114961834993, 0.00934148956642859]
Timestep: 26, Trans probs: [0.42651529895537443, 0.14174417824122085, 0.2519575153788887, 0.08373324721657169, 0.04531963197344504, 0.015061110370492561, 0.02677189282044855, 0.008897125043558074]
Timestep: 27, Trans probs: [0.37255069975346533, 0.1739214974664661, 0.24550221499328867, 0.11461020712408393, 0.03838799455815086, 0.01792104404234459, 0.02529679235447117, 0.011809549707729282]
Timestep: 28, Trans probs: [0.3316707708573958, 0.11635124560653956, 0.34192952223951223, 0.11995005082712458, 0.032842023354237804, 0.011521094595180916, 0.033857844409574775, 0.011877448110434218]
Timestep: 29, Trans probs: [0.34606245760043103, 0.12546152230590665, 0.32324070496293217, 0.11718772153756268, 0.03341179475002393, 0.012113115827058384, 0.031208389849512175, 0.011314293166572963]
Timestep: 30, Trans probs: [0.40746612967850293, 0.15851340078798626, 0.25137345105270464, 0.09778987182472264, 0.03778253088812729, 0.014698246124603373, 0.023308747616268527, 0.009067622027084327]
Timestep: 31, Trans probs: [0.33798211687545693, 0.11427788969420102, 0.3474545362594583, 0.11748068665727529, 0.03051316745426989, 0.010317055875014408, 0.03136834145440083, 0.010606205729923221]
Timestep: 32, Trans probs: [0.44335624858876993, 0.138293519160162, 0.25709662879087725, 0.08019464634338036, 0.039108053144597026, 0.012198746074030082, 0.02267826077574096, 0.007073897122442684]
Timestep: 33, Trans probs: [0.31722323404134983, 0.11619946554646146, 0.3559244274272763, 0.13037578526353716, 0.02768851036156539, 0.010142353272182372, 0.03106650503244594, 0.011379719055181576]
Timestep: 34, Trans probs: [0.3911892532469099, 0.18199292291449784, 0.21399604385720314, 0.09955735028623032, 0.04996735121007285, 0.023246303985955067, 0.02733412380894307, 0.01271665069018767]
Timestep: 35, Trans probs: [0.4132710179690005, 0.14137360219586398, 0.249661805735656, 0.08540542954362511, 0.05122882593011779, 0.017524586392721316, 0.030947926738937627, 0.010586805494077728]
Timestep: 36, Trans probs: [0.41090098025771593, 0.12656376348376794, 0.27169710336167013, 0.08368684812463537, 0.04931247186911302, 0.015188992789766369, 0.03260653152503707, 0.010043308588294178]
Timestep: 37, Trans probs: [0.3886492729671441, 0.13292232615554442, 0.2792118883454304, 0.09549353689976998, 0.044977008194357425, 0.015382631510072018, 0.03231220605200021, 0.011051129875681572]
Timestep: 38, Trans probs: [0.3892322470611749, 0.11726990785311979, 0.3018927720750837, 0.09095581835798858, 0.043560241380959, 0.013124055191660045, 0.033785797867592, 0.010179160212421802]
Timestep: 39, Trans probs: [0.30224262978424443, 0.1150761185749496, 0.3675227947805701, 0.1399309446895583, 0.02458654578269439, 0.009361102568017877, 0.02989689451321511, 0.011382969306750148]
Timestep: 40, Trans probs: [0.31369409348795, 0.09780146860477734, 0.3486734097968445, 0.108707088368805, 0.04734024482109152, 0.014759428257422087, 0.05261904806320954, 0.01640521859989991]
Timestep: 41, Trans probs: [0.6588747094098449, 0.07320830104553833, 0.15112529059015514, 0.01679169895446168, 0.07320830104553834, 0.008134255671726482, 0.016791698954461684, 0.0018657443282735203]
Timestep: 42, Trans probs: [0.3820645018663361, 0.11911754208950617, 0.28030300141845843, 0.08739101488407618, 0.05765816899735636, 0.017976282378490204, 0.042301123886944694, 0.013188364478831791]
Timestep: 43, Trans probs: [0.319295691065479, 0.10432005502891423, 0.3823341832973506, 0.12491594517896336, 0.023713650868696524, 0.007747706695645853, 0.028395432796561888, 0.009277335068388697]
Timestep: 44, Trans probs: [0.31109972726735696, 0.10297480893091734, 0.34303349050735316, 0.11354496660019024, 0.046217975260868197, 0.015298268543873292, 0.05096215775301219, 0.016868605136428676]
Timestep: 45, Trans probs: [0.3882809804128137, 0.08713360823911961, 0.10883306203272883, 0.02442307985454609, 0.2496353197004577, 0.056020323545853574, 0.06997143204293661, 0.01570219417154386]
Timestep: 46, Trans probs: [0.2445807324736284, 0.2504682024427754, 0.1702269107018669, 0.17432455901030827, 0.046725383060970016, 0.047850141690916524, 0.03252062224765759, 0.03330344837187693]
Timestep: 47, Trans probs: [0.3882809804128137, 0.08713360823911961, 0.10883306203272883, 0.02442307985454609, 0.2496353197004577, 0.056020323545853574, 0.06997143204293661, 0.01570219417154386]
Timestep: 48, Trans probs: [0.19798917671668737, 0.2027551095043869, 0.21681846645880792, 0.22203765194869676, 0.037824402725634955, 0.03873489977458835, 0.04142160258299265, 0.04241869028820511]
Timestep: 49, Trans probs: [0.2491711088874435, 0.16874740975779803, 0.25421595286371673, 0.1721639549480869, 0.04595097245179067, 0.031119609378928128, 0.046881319022114884, 0.03174967269012116]
Timestep: 50, Trans probs: [0.3335033698270872, 0.1671113294224319, 0.23211660125536895, 0.11630861132501441, 0.05929721019311523, 0.029712550225656026, 0.0412705481839279, 0.02067977956739844]
Timestep: 51, Trans probs: [0.34149788593819025, 0.1469518692325021, 0.2552132452036293, 0.10982224189333435, 0.05862372018454954, 0.025226701590890594, 0.04381154463988798, 0.018852791317015748]
Timestep: 52, Trans probs: [0.31619443732360775, 0.10730028246021428, 0.3442097073379809, 0.11680723777285593, 0.04128466654017794, 0.014009912440373307, 0.04494254581966925, 0.015251210305120654]
Timestep: 53, Trans probs: [0.37193069427505204, 0.11177938719885396, 0.2643816057327624, 0.0794567760347374, 0.07750605873182943, 0.023293532592487096, 0.05509407149490363, 0.016557873939374034]
Timestep: 54, Trans probs: [0.2925148727002805, 0.09343092169798953, 0.3384277731653059, 0.10809576444145824, 0.05886728812448799, 0.018802548180063026, 0.06810705058632674, 0.021753781104088127]
Timestep: 55, Trans probs: [0.3825814446650007, 0.11647083430657068, 0.2592871152557951, 0.078935837218216, 0.07435485333638829, 0.022636152180393745, 0.05039255221523176, 0.015341210822403488]
Timestep: 56, Trans probs: [0.2840422402134401, 0.09424130457669964, 0.34804629951062654, 0.11547697023628163, 0.053377504208145826, 0.01770992098866679, 0.06540521157275042, 0.021700548693389]
Timestep: 57, Trans probs: [0.31992831906659475, 0.09501499259918313, 0.3669239581733055, 0.10897215123692325, 0.03920298057904402, 0.011642829620245142, 0.044961674065682966, 0.013353094659021118]
Timestep: 58, Trans probs: [0.2958383614070082, 0.11023995552011244, 0.3188773378514893, 0.11882510224141371, 0.054772101021429945, 0.02041004402413684, 0.05903758281779299, 0.021999515116616235]
Timestep: 59, Trans probs: [0.33784398872826393, 0.15849431828915286, 0.21877731714546547, 0.10263601808818998, 0.07529365756035894, 0.035322862992019984, 0.04875784370511321, 0.022873993491435693]
Timestep: 60, Trans probs: [0.36101474715258824, 0.1250889639218092, 0.24985046026779645, 0.0865713532668405, 0.07789533691341921, 0.02699016332626846, 0.05390966971304051, 0.018679305438237214]
Timestep: 61, Trans probs: [0.29365081382510855, 0.09320181345541655, 0.3341906502126248, 0.1060687495939035, 0.06138067430268031, 0.019481608382441794, 0.06985455680677612, 0.022171133421048466]
Timestep: 62, Trans probs: [0.3813825639483911, 0.11878987634955662, 0.25269465831415566, 0.07870723534019243, 0.07724458263002838, 0.02405950163085029, 0.051180350806378096, 0.01594123098044748]
Timestep: 63, Trans probs: [0.35819041462132517, 0.13188897778347686, 0.2526206719588602, 0.09301723561433767, 0.07041195442231486, 0.025926323858536295, 0.04965938370770354, 0.01828503803344528]
Timestep: 64, Trans probs: [0.36571798686226753, 0.11468183717467544, 0.2735429643026778, 0.08577759590548144, 0.06980554421295253, 0.02188962080865424, 0.052211857701065005, 0.016372593032225942]
Timestep: 65, Trans probs: [0.2863924045605897, 0.09733177627750285, 0.34316558340719816, 0.11662640230132847, 0.05312972426011676, 0.018056381220393256, 0.06366192863934449, 0.021635799333526395]
Timestep: 66, Trans probs: [0.36734348296527164, 0.12592339080171414, 0.2635078057934182, 0.09032907332498878, 0.0663029053478853, 0.02272828306089791, 0.047561298664992716, 0.016303760040831117]
Timestep: 67, Trans probs: [0.3727727726244916, 0.11102873038033088, 0.28269917018236174, 0.08420070415534019, 0.0654218542479641, 0.019485611476231717, 0.04961388080325624, 0.01477727613002359]
Timestep: 68, Trans probs: [0.3630415896155774, 0.11165442053175952, 0.2902226102694707, 0.08925874693630972, 0.061977385940462794, 0.019061312288168392, 0.04954594525758354, 0.015237989160667778]
Timestep: 69, Trans probs: [0.3584513632350092, 0.10737481502403734, 0.3012729721589634, 0.09024691485439208, 0.059642773723698896, 0.017866110867331204, 0.05012885303427497, 0.01501619710229274]
Timestep: 70, Trans probs: [0.33153068492291515, 0.12595130260840087, 0.2922660378602112, 0.1110343321169468, 0.05361973321823664, 0.020370588761405635, 0.047269310780265555, 0.017958009731618246]
Timestep: 71, Trans probs: [0.3192343366362347, 0.13004694294993568, 0.2945420292024473, 0.11998800276831259, 0.050330558341637154, 0.02050323069335634, 0.04643756351852069, 0.01891733588955547]
Timestep: 72, Trans probs: [0.2864359122685479, 0.09735498999644614, 0.36045912177578715, 0.12251429618821177, 0.04402982747587717, 0.014965034864205305, 0.05540839072236969, 0.018832426708554867]
Timestep: 73, Trans probs: [0.34277381803283535, 0.11844050591469983, 0.3037796858895904, 0.1049666508657469, 0.05123689246974761, 0.017704162763775202, 0.04540815628726829, 0.01569012777633624]
Timestep: 74, Trans probs: [0.34901971674654475, 0.1041525155995855, 0.32309056082689785, 0.09641488162985119, 0.050921437729970924, 0.015195691197513479, 0.0471384139201389, 0.014066782349497707]
Timestep: 75, Trans probs: [0.3177896336649507, 0.12775056774995813, 0.30672414282938365, 0.12330227055293234, 0.04516348525741545, 0.018155598144163218, 0.04359088477182159, 0.01752341702937491]
Timestep: 76, Trans probs: [0.3118574142494645, 0.1262585665557124, 0.31330790086284593, 0.12684581044425208, 0.04322419342782478, 0.01749974332294834, 0.043425234387816564, 0.01758113674913523]
Timestep: 77, Trans probs: [0.3221453079129288, 0.10866485641495477, 0.3363591366796427, 0.11345941223837588, 0.04366755177175721, 0.014729776056689117, 0.045594269586045955, 0.015379689339605566]
Timestep: 78, Trans probs: [0.30853870324230626, 0.11515639242446926, 0.33433085152998265, 0.12478283707622245, 0.040957936051328664, 0.015286795812838542, 0.04438179551885035, 0.01656468834400187]
Timestep: 79, Trans probs: [0.2806764754073111, 0.1010421685713965, 0.37011586721074163, 0.13323991542713462, 0.03644541509885396, 0.013120172507257437, 0.04805898462132544, 0.017301001155979417]
Timestep: 80, Trans probs: [0.2815294154193222, 0.11408539400968494, 0.3501240918259558, 0.14188231417577757, 0.03564350758556893, 0.014443974178435836, 0.04432805255643056, 0.017963250248823955]
Timestep: 81, Trans probs: [0.3065850953220983, 0.10227003043342979, 0.36076578635610534, 0.12034351477920568, 0.03790630911883823, 0.012644709238489702, 0.04460523236704644, 0.014879322384786653]
Timestep: 82, Trans probs: [0.30876437211270574, 0.09350072930235005, 0.3447750592246635, 0.10440556746294505, 0.053871039542652335, 0.016313350698619864, 0.06015393136754927, 0.018215950288514263]
Timestep: 83, Trans probs: [0.3127853955492471, 0.10871313123501518, 0.3322921457305147, 0.11549298708058937, 0.04703431588400614, 0.01634746323839168, 0.049967594300938105, 0.01736696698129759]
Timestep: 84, Trans probs: [0.28503310680024796, 0.14196076282459202, 0.29713088768519724, 0.1479860636122501, 0.041798185693996785, 0.020817589901800736, 0.043572243794092386, 0.021701159687822866]
Timestep: 85, Trans probs: [0.3066283519639257, 0.10782794882624941, 0.34065247676712956, 0.11979276409737415, 0.04384348671178105, 0.015417860779157374, 0.04870845191847123, 0.01712865893591161]
Timestep: 86, Trans probs: [0.3364989099676364, 0.10119388812143693, 0.33794710613190204, 0.10162939800358985, 0.047076474597112304, 0.014157108277081864, 0.04727907843302144, 0.014218036468219052]
Timestep: 87, Trans probs: [0.2887200811392881, 0.11852178393831099, 0.3347892724681972, 0.13743353652355458, 0.03957062757486417, 0.01624404285709805, 0.045884656046863495, 0.018835999451823512]
Timestep: 88, Trans probs: [0.31587139926431146, 0.10277033975506283, 0.34929200328685356, 0.11364390044531723, 0.04243101670715778, 0.013805143527725645, 0.046920407677491206, 0.015265789336080115]
Timestep: 89, Trans probs: [0.34070944618018983, 0.1081771840648034, 0.3300985009298389, 0.10480814868783384, 0.04479862900356036, 0.014223819121839086, 0.043403434931376744, 0.01378083708055776]
Timestep: 90, Trans probs: [0.3098313248257615, 0.1322890317044739, 0.3111178067867685, 0.13283832236455353, 0.039835244406626676, 0.017008499425380047, 0.04000064835140293, 0.01707912213503297]
Timestep: 91, Trans probs: [0.30303011100878724, 0.1326502872410039, 0.3149840640166695, 0.13788308504740757, 0.038009726335725365, 0.016638614227480888, 0.03950913667797531, 0.017294975444950195]
Timestep: 92, Trans probs: [0.3130441629237277, 0.116292234167944, 0.3364423975101409, 0.12498440382933013, 0.03838948798941833, 0.014261244436430036, 0.04125887944281385, 0.015327189700194853]
Timestep: 93, Trans probs: [0.32269725922600256, 0.1004198441189024, 0.3582073860573974, 0.11147020571665527, 0.0387489511852341, 0.0120582481770227, 0.043012948265567265, 0.01338515725321856]
Timestep: 94, Trans probs: [0.31133662758927544, 0.1056370438114224, 0.3565865639661738, 0.12099042368363101, 0.036700260472196225, 0.012452460391221741, 0.04203430826554902, 0.014262311820530537]
Timestep: 95, Trans probs: [0.30856564896663374, 0.10268625187128436, 0.36430639054543024, 0.12123597653577999, 0.03551064590377429, 0.01181743704005517, 0.04192545501569999, 0.01395219412134208]
Timestep: 96, Trans probs: [0.2770655767249545, 0.1285962781328965, 0.33690084320017966, 0.15636801600361194, 0.031151255107487733, 0.014458438010753076, 0.03787870090724004, 0.017580891912876585]
Timestep: 97, Trans probs: [0.2681348331868967, 0.13203019451773895, 0.3355132575452319, 0.16520748211069053, 0.029499831386044804, 0.014525783277942019, 0.03691271442702897, 0.018175903548426207]
Timestep: 98, Trans probs: [0.2917062541556682, 0.10290865881246197, 0.3753164152893251, 0.1324048023568059, 0.03157267069142904, 0.011138263748876004, 0.04062217184652443, 0.014330763098909552]
Timestep: 99, Trans probs: [0.2961526395996404, 0.09324719678689171, 0.3915079224226845, 0.12327094681691139, 0.03138508912242655, 0.009881970275630111, 0.04149046604475018, 0.013063768931064987]
Timestep: 100, Trans probs: [0.3254082973979219, 0.09539719513150337, 0.37492477807577196, 0.10991352248769803, 0.03390327728488885, 0.009939136723330098, 0.03906224522767652, 0.011451547671209109]
Timestep: 101, Trans probs: [0.27599603218406304, 0.12262008865353696, 0.35239041491746026, 0.15656074319582464, 0.02810928164248275, 0.012488449850937755, 0.0358897964678719, 0.015945193087822832]
Timestep: 102, Trans probs: [0.30833786911464567, 0.10532957027209702, 0.3695542928395292, 0.1262413694716275, 0.03069498283833842, 0.010485540946219151, 0.03678906748987725, 0.012567307027665677]
Timestep: 103, Trans probs: [0.2774082790392615, 0.13013455883749836, 0.34248607037470813, 0.16066309855840022, 0.02720434187416443, 0.012761785771209172, 0.033586265622209684, 0.015755599922548474]
Timestep: 104, Trans probs: [0.2949229284579496, 0.10724081098374069, 0.3738598961553709, 0.13594412163079944, 0.028468908721071794, 0.010351954915926895, 0.03608869379456939, 0.013122685340571361]
Timestep: 105, Trans probs: [0.2920166524816415, 0.0901608265047768, 0.3635346899353514, 0.1122421883450282, 0.0483472025513054, 0.014927312206942007, 0.060187955513377446, 0.01858317246157737]
Timestep: 106, Trans probs: [0.29441027547510873, 0.10569241856327688, 0.3612566615758586, 0.1296900735629245, 0.03599819103048025, 0.012923244162502047, 0.044171645481649646, 0.015857490148199347]
Timestep: 107, Trans probs: [0.28485486133644056, 0.11052389952315872, 0.35865605481646623, 0.13915881786229706, 0.03406239315405071, 0.01321623405271695, 0.04288739707275059, 0.016640342182119235]
Timestep: 108, Trans probs: [0.2857799046849843, 0.10498387312950783, 0.3689782836767665, 0.13554756190350337, 0.03342395652069255, 0.012278597456747434, 0.04315458822861033, 0.01585323439918771]
Timestep: 109, Trans probs: [0.2926238446496737, 0.09899945923834334, 0.37786653366709433, 0.12783846286379966, 0.033481823156707155, 0.011327451427603767, 0.04323523420391806, 0.014627190792860038]
Timestep: 110, Trans probs: [0.29765237950254236, 0.10177800495631648, 0.3723649292616526, 0.12732490054099233, 0.033396099645510546, 0.011419322099568094, 0.041778722894467636, 0.014285641098949723]
Timestep: 111, Trans probs: [0.2740543125710753, 0.09554390735232061, 0.3666072581661609, 0.1278107597735094, 0.04313221768312683, 0.015037240507383068, 0.05769872371315512, 0.020115580233268964]
Timestep: 112, Trans probs: [0.27319910577142054, 0.11253172580892641, 0.34925003079954925, 0.14385738413645036, 0.03766481811259651, 0.015514278396050246, 0.048149641078583064, 0.01983301589642372]
Timestep: 113, Trans probs: [0.2957072144681554, 0.10231686577524333, 0.3587768126950902, 0.12413940949603154, 0.03996503670590764, 0.013828195919046063, 0.0484889369857831, 0.0167775279547428]
Timestep: 114, Trans probs: [0.27915614080165235, 0.095273761888443, 0.3692553070246274, 0.12602388790904231, 0.04182031162866921, 0.01427293843785195, 0.055318045184189785, 0.0188796071255239]
Timestep: 115, Trans probs: [0.30047716943146163, 0.09515447131498884, 0.3538909849183851, 0.11206944486586255, 0.04826927300780384, 0.01528581077393336, 0.05684977863159257, 0.01800306705597226]
Timestep: 116, Trans probs: [0.302494496419641, 0.08906638526925999, 0.36512383791761993, 0.10750694906477652, 0.047537223840667726, 0.013996845375164485, 0.057379469108009167, 0.016894793004861144]
Timestep: 117, Trans probs: [0.28136640077318836, 0.10621379666275811, 0.34786176015403714, 0.13131531752980655, 0.04325320018061058, 0.016327772599615667, 0.05347523480335849, 0.02018651729662527]
Timestep: 118, Trans probs: [0.26581191659950376, 0.11782035497671751, 0.3364203105929868, 0.14911731920267587, 0.04001081861020664, 0.017734678384138336, 0.05063900895085192, 0.02244559268291919]
Timestep: 119, Trans probs: [0.2572253702803789, 0.12258148880284446, 0.33309414743144383, 0.1587369724034377, 0.03788036914558362, 0.018051998685843364, 0.04905320673144745, 0.023376446519020568]
Timestep: 120, Trans probs: [0.272598788345579, 0.09659659256453576, 0.37268582551251095, 0.13206287914960038, 0.03931909386892387, 0.013932895716499881, 0.05375544420383502, 0.019048480638515282]
Timestep: 121, Trans probs: [0.2758248299918224, 0.10326381857752384, 0.36104646216846414, 0.1351692535024003, 0.039293934703525886, 0.014710937171763201, 0.05143458661719206, 0.019256177267308116]
Timestep: 122, Trans probs: [0.2710832680473919, 0.10713826182957606, 0.3410307340211974, 0.13478308837234443, 0.04633130656793172, 0.018311184197150904, 0.05828614801951032, 0.023036008944897338]
Timestep: 123, Trans probs: [0.3882809804128137, 0.08713360823911961, 0.10883306203272883, 0.02442307985454609, 0.2496353197004577, 0.056020323545853574, 0.06997143204293661, 0.01570219417154386]
Timestep: 124, Trans probs: [0.2710832680473919, 0.10713826182957606, 0.3410307340211974, 0.13478308837234443, 0.04633130656793172, 0.018311184197150904, 0.05828614801951032, 0.023036008944897338]
Timestep: 125, Trans probs: [0.26988956764724586, 0.08812393409099978, 0.37625413407959246, 0.12285393171044476, 0.044989415535428665, 0.014689876025955296, 0.06271992553322547, 0.02047921537710751]
Timestep: 126, Trans probs: [0.29029479648161755, 0.09659870812558585, 0.35507728533693145, 0.11815577634874898, 0.047207622183089236, 0.015708842775815777, 0.057742524272371115, 0.01921444447584007]
Timestep: 127, Trans probs: [0.26836045092678573, 0.08574034368928425, 0.3855543412927602, 0.12318343339777606, 0.04266001161749459, 0.013629743299510017, 0.06128977881026109, 0.01958189696612811]
Timestep: 128, Trans probs: [0.2761911855802817, 0.11899451581966822, 0.3287110439757561, 0.1416222296895246, 0.04291352909043517, 0.01848891232897532, 0.05107386362951336, 0.02200471988584563]
Timestep: 129, Trans probs: [0.2932029103700492, 0.0983537359299841, 0.3568706502145456, 0.11971082295214687, 0.044534718925800625, 0.014938992179225296, 0.05420523991427608, 0.018182929513972306]
Timestep: 130, Trans probs: [0.2698507664443104, 0.08137784885312009, 0.39920000380923565, 0.12038519660405392, 0.04003265705657886, 0.012072493097074, 0.05922175823346471, 0.017859275902162342]
Timestep: 131, Trans probs: [0.31066391152063383, 0.0889535354208191, 0.36818186976606493, 0.10542286303301047, 0.045103404894697496, 0.012914623089825935, 0.05345408762048194, 0.015305704654466417]
Timestep: 132, Trans probs: [0.24001034794040804, 0.10719735640130022, 0.3653012827602412, 0.16315684776901604, 0.03407862342590652, 0.0152207534900105, 0.05186845050230002, 0.023166337710817296]
Timestep: 133, Trans probs: [0.2953880723937245, 0.11214823930089746, 0.3411077252031203, 0.129506348998664, 0.04098719673765049, 0.015561366140336569, 0.04733112386134974, 0.017969927364256833]
Timestep: 134, Trans probs: [0.29513991728275063, 0.10854689142463443, 0.3483848862163031, 0.12812938611037153, 0.040169733707475834, 0.014773669937450691, 0.047416588836443604, 0.017438926484570058]
Timestep: 135, Trans probs: [0.23773281779824273, 0.1063709767784181, 0.3719932767573458, 0.16644436628545178, 0.0316401630778692, 0.014157048585852688, 0.04950905831799026, 0.022152292398829324]
Timestep: 136, Trans probs: [0.3065062182489246, 0.10472216966605322, 0.35276031235839567, 0.1205255328694313, 0.04001869538628558, 0.013672951341734824, 0.046057817571507356, 0.01573630255766742]
Timestep: 137, Trans probs: [0.29746365320644247, 0.10987870525301496, 0.34978843026292916, 0.12920670951049412, 0.03814626265462082, 0.014090669248327496, 0.04485630829356139, 0.016569261570609447]
Timestep: 138, Trans probs: [0.3015596889353215, 0.1021722946264807, 0.3621430769992045, 0.12269872439097448, 0.037815266799635115, 0.012812297938336093, 0.045412359737852515, 0.01538629057219501]
Timestep: 139, Trans probs: [0.27906247206705986, 0.12115107732833094, 0.3421024562899597, 0.14851900661955436, 0.0341969622978139, 0.014846133889120322, 0.041922028114643795, 0.01819986339351711]
Timestep: 140, Trans probs: [0.24843775290019068, 0.09078214766637588, 0.39936745802011175, 0.14593368006227497, 0.03243487990870524, 0.011852095839057912, 0.052139561677372034, 0.019052423925911575]
Timestep: 141, Trans probs: [0.2665159928091797, 0.13054934371295976, 0.31874961591252354, 0.15613529502498458, 0.03913905297542929, 0.01917174885316326, 0.04680979168117035, 0.022929159030589587]
Timestep: 142, Trans probs: [0.22461492341787076, 0.10535057263920466, 0.3706885074457975, 0.1738630983905488, 0.032229594466977686, 0.015116565637576405, 0.053189432326012386, 0.024947305676011913]
Timestep: 143, Trans probs: [0.29527032697959954, 0.10918344842290334, 0.3447271867710647, 0.12747133584944206, 0.04154545237269454, 0.015362450411936185, 0.048504186201411795, 0.017935612990947914]
Timestep: 144, Trans probs: [0.2477801730522113, 0.07862045252014364, 0.4195431431769043, 0.13312070680223967, 0.03408785818265503, 0.010816050383490932, 0.057717802800574064, 0.018313813081780997]
Timestep: 145, Trans probs: [0.3060492001666167, 0.10563112009649449, 0.3489969926050864, 0.12045430348817637, 0.041287332180481605, 0.014250085089737246, 0.047081171118339066, 0.016249795255068124]
Timestep: 146, Trans probs: [0.2927823875645018, 0.11533664138546562, 0.34068264141927396, 0.1342061316136082, 0.03879156558408934, 0.01528127742167282, 0.04513800552659635, 0.01778134948479194]
Timestep: 147, Trans probs: [0.2299831353660246, 0.09356014261119125, 0.39928960614529424, 0.1624362257461377, 0.02980581784860692, 0.012125395908359366, 0.05174793904199809, 0.02105173733238796]
Timestep: 148, Trans probs: [0.24960922562470733, 0.08337298888712041, 0.41539087389282886, 0.13874638898543185, 0.03176124586923323, 0.01060870243184861, 0.05285594570683953, 0.017654628601990158]
Timestep: 149, Trans probs: [0.2639364225911794, 0.07808753717459141, 0.42170970393358737, 0.12476592604957303, 0.033122153052914646, 0.009799433259077658, 0.052921583237577785, 0.015657240701498754]
Timestep: 150, Trans probs: [0.2585473349149666, 0.08398507640951847, 0.3972200068409779, 0.12903073488226402, 0.03904975131762417, 0.012684703747814626, 0.05999420760081194, 0.019488184286021944]
Timestep: 151, Trans probs: [0.28653391226152886, 0.12109436247191313, 0.325826038944771, 0.1376999188380651, 0.042379042031182736, 0.017910142071603952, 0.0481904403227882, 0.02036614305814691]
Timestep: 152, Trans probs: [0.25401530248367443, 0.08526144391745238, 0.400021026354223, 0.1342689592745868, 0.036764203156851166, 0.012340079573864062, 0.05789593830018943, 0.019433046939158875]
Timestep: 153, Trans probs: [0.2724665546970849, 0.0822721272449823, 0.4131427477867395, 0.12474974315302968, 0.032773238595629445, 0.009895981761752125, 0.04969426747558765, 0.015005339285194381]
Timestep: 154, Trans probs: [0.24427199311496822, 0.10346538936252025, 0.3571168435230179, 0.1512626674546061, 0.041053521405760934, 0.01738888901172737, 0.06001876757533044, 0.02542192855206882]
Timestep: 155, Trans probs: [0.2992638969256423, 0.10741879395521145, 0.33272962792376554, 0.11943109647341711, 0.04918599696888161, 0.0176549878824666, 0.05468631077333657, 0.01962928909727888]
Timestep: 156, Trans probs: [0.299499121666086, 0.10420324899612625, 0.33965597927978947, 0.11817482597286288, 0.04813592018595532, 0.016747692777500198, 0.054589986836498294, 0.018993224285181676]
Timestep: 157, Trans probs: [0.2647696183406231, 0.08111450163220497, 0.39656892612609973, 0.1214923789486835, 0.041696057226825886, 0.012773953912003514, 0.06245188077758297, 0.019132683035976168]
Timestep: 158, Trans probs: [0.3140114578555992, 0.09671925980903355, 0.34836152629959116, 0.10729948900506607, 0.048424431022774495, 0.014915300088667887, 0.05372163428839098, 0.016546901630876663]
Timestep: 159, Trans probs: [0.29799206241352094, 0.10963455811608935, 0.33707769622085243, 0.12401459279368296, 0.04503265955309339, 0.016568010875553003, 0.05093929352987335, 0.018741126497334636]
Timestep: 160, Trans probs: [0.25157322320169584, 0.09213337506254891, 0.3858166529570184, 0.14129719347661732, 0.03731896431346508, 0.013667281804795747, 0.057232950788645195, 0.020960358395213766]
Timestep: 161, Trans probs: [0.18322020171732886, 0.16877171732331084, 0.2712392290425887, 0.24984968940048344, 0.02663459505656897, 0.024534228790137606, 0.03942986068834808, 0.03632047798123352]
Timestep: 162, Trans probs: [0.37063466342253815, 0.08317362217475134, 0.12647937902300438, 0.028383065918914357, 0.2382900717856111, 0.053474351847376554, 0.08131667995778318, 0.018248165870020868]
Timestep: 163, Trans probs: [0.21568471846482612, 0.19867612847552435, 0.23877471229509145, 0.21994527824826993, 0.031353939589388626, 0.028881412528496193, 0.03471051615552842, 0.03197329424287494]
Timestep: 164, Trans probs: [0.25222536584300215, 0.158914795441642, 0.2846029241862854, 0.17931430222330874, 0.03601329071826842, 0.022690202900672266, 0.040636229483634906, 0.025602889203186097]
Timestep: 165, Trans probs: [0.2757570261682845, 0.1322816088315475, 0.3170332915574491, 0.15208197754057365, 0.03861998894846197, 0.018526143620512754, 0.04440076246242678, 0.02129920087074362]
Timestep: 166, Trans probs: [0.29043807052812454, 0.11462639193319073, 0.34010341572155534, 0.1342276766865548, 0.03983204389296713, 0.015720402860661398, 0.04664338307486868, 0.018408615302077342]
Timestep: 167, Trans probs: [0.2981963055877523, 0.10380520163403348, 0.35554716595570923, 0.12376962611825684, 0.04015625764171479, 0.01397880638779319, 0.047879344352565974, 0.016667292322174124]
Timestep: 168, Trans probs: [0.2540251241647427, 0.09721496169801686, 0.38486653828636064, 0.14728773738967765, 0.033530621292192864, 0.012832108931545058, 0.05080132993045229, 0.01944157830701178]
Timestep: 169, Trans probs: [0.3042678600410931, 0.10423544588599555, 0.3552107146867642, 0.12168734227748375, 0.03938178044227634, 0.013491327817636255, 0.04597537963638007, 0.015750149212370886]
Timestep: 170, Trans probs: [0.29170786194516235, 0.11364625787015736, 0.3466403276533296, 0.13504735800398762, 0.037146832552278464, 0.014472007998500243, 0.044142074613079244, 0.017197279363505083]
Timestep: 171, Trans probs: [0.2568029517135125, 0.09191626262418964, 0.3979831084466126, 0.14244820657972743, 0.032015356584845917, 0.011459104750254846, 0.04961613971586319, 0.017758869584993953]
Timestep: 172, Trans probs: [0.17254587593066575, 0.23917761542105775, 0.20084269632042506, 0.2784017695094474, 0.021115270398862296, 0.02926931748284785, 0.02457808868260905, 0.03406936625408476]
Timestep: 173, Trans probs: [0.37063466342253815, 0.08317362217475134, 0.12647937902300438, 0.028383065918914357, 0.2382900717856111, 0.053474351847376554, 0.08131667995778318, 0.018248165870020868]
Timestep: 174, Trans probs: [0.17254587593066575, 0.23917761542105775, 0.20084269632042506, 0.2784017695094474, 0.021115270398862296, 0.02926931748284785, 0.02457808868260905, 0.03406936625408476]
Timestep: 175, Trans probs: [0.1978148001756443, 0.14303187000711165, 0.3202990412969065, 0.23159526384023457, 0.023766605455211944, 0.017184669797011127, 0.03848256518433895, 0.0278251842435411]
Timestep: 176, Trans probs: [0.2780123043979324, 0.1399077737096846, 0.3171140806882546, 0.15958547279829297, 0.0327480395289377, 0.016480224908651548, 0.03735397421366409, 0.018798129754582102]
Timestep: 177, Trans probs: [0.24037687087870427, 0.0972852512781789, 0.39756975901347763, 0.16090430732725616, 0.027860115824956195, 0.011275537279282192, 0.04607905699964205, 0.018649101398502527]
Timestep: 178, Trans probs: [0.31519498488477293, 0.10853862460191233, 0.3524561178648016, 0.1213696413334753, 0.03597396937234027, 0.012387776913939602, 0.04022667300305404, 0.013852212025703753]
Timestep: 179, Trans probs: [0.3125550395088653, 0.10804950672073188, 0.35565076423242287, 0.12294759252817816, 0.03503618653088458, 0.012111923320725256, 0.03986704720896169, 0.013781939949230158]
Timestep: 180, Trans probs: [0.256258919203527, 0.0796071945254989, 0.4327530740381786, 0.13443535254709976, 0.027510119944803048, 0.00854605754473814, 0.04645726677640912, 0.014432015419745422]
Timestep: 181, Trans probs: [0.3237497789644334, 0.09291610562718078, 0.3612822819577221, 0.1036879246033414, 0.04346497348649356, 0.012474436524626386, 0.04850389352129071, 0.013920605314911691]
Timestep: 182, Trans probs: [0.321040398050547, 0.09278207491567592, 0.3644520792493911, 0.10532824007639946, 0.042290728617564985, 0.012222204976881564, 0.04800935979158784, 0.013874914321952113]
Timestep: 183, Trans probs: [0.31312390647243166, 0.09784806687406361, 0.3615064958175385, 0.11296713871726438, 0.040510358224727164, 0.012659078910074744, 0.046769848431945524, 0.014615106551954504]
Timestep: 184, Trans probs: [0.2493392810744991, 0.08308969450336456, 0.4297625891891882, 0.1432138654239374, 0.026050365110749183, 0.008681010346326174, 0.0449005560258041, 0.014962638326131072]
Timestep: 185, Trans probs: [0.30882269234488174, 0.0980697348934772, 0.3497905375897796, 0.11107948392395749, 0.04706121665462695, 0.014944760069410912, 0.053304270318540535, 0.01692730420532568]
Timestep: 186, Trans probs: [0.2349235954657216, 0.0804933325862672, 0.4131235514669868, 0.14155109179871286, 0.03507510721099482, 0.012018002128038873, 0.061681130115369055, 0.02113418922790865]
Timestep: 187, Trans probs: [0.23399405608125323, 0.08915543743337583, 0.39757958619016087, 0.1514841125240197, 0.03428216143767311, 0.013062045892635927, 0.05824886232734672, 0.022193738113534683]
Timestep: 188, Trans probs: [0.313429827879486, 0.1007519080811684, 0.3484113251424925, 0.11199669808928223, 0.044943711926077316, 0.014447140412378802, 0.04995982142136102, 0.01605956704775385]
Timestep: 189, Trans probs: [0.31467621627633147, 0.09684436069734773, 0.35564543042315977, 0.10945299505577716, 0.044289554937760656, 0.013630498307984469, 0.050055825684830496, 0.015405118616808234]
Timestep: 190, Trans probs: [0.22629893310055776, 0.09532061063461417, 0.39215595277889237, 0.16518215252156135, 0.031163907513945516, 0.013126719835969946, 0.054004283961931174, 0.022747439652527873]
Timestep: 191, Trans probs: [0.2990040534907519, 0.11861062872304176, 0.33176543193703445, 0.1316065986772326, 0.0403927264344722, 0.016023216482510868, 0.044818490506054715, 0.017778853748901594]
Timestep: 192, Trans probs: [0.30753587444129554, 0.10733978672819869, 0.3468447551697465, 0.12105983445135156, 0.040836072219127995, 0.014253086053071958, 0.04605569186576706, 0.016074899071440656]
Timestep: 193, Trans probs: [0.25419799108288094, 0.07399936307808082, 0.44910528756714335, 0.13073866199096434, 0.02574300944403443, 0.007494025796413377, 0.04548156187212832, 0.013240099168354436]
Timestep: 194, Trans probs: [0.22059586722979863, 0.19014211302106382, 0.24433196825026357, 0.2106013920619133, 0.034230481862827435, 0.029504887071828176, 0.03791367949331102, 0.03267961100899413]
Timestep: 195, Trans probs: [0.2551903940011644, 0.15326352623918035, 0.28722369032976525, 0.1725022439487645, 0.03874685030702694, 0.023270777616690073, 0.043610627968184795, 0.026191889589223825]
Timestep: 196, Trans probs: [0.27749736825465876, 0.128639545723905, 0.3173061602330341, 0.14709372043599137, 0.04126844378318313, 0.019130825976444426, 0.047188668916015294, 0.02187526667676804]
Timestep: 197, Trans probs: [0.22420200751710345, 0.0874639653179978, 0.4037080625596106, 0.15749148891816334, 0.03265543646729104, 0.012739288083320746, 0.05880082490895103, 0.022938926227562075]
Timestep: 198, Trans probs: [0.3014164246278808, 0.11068061800175549, 0.3385849676153957, 0.12432896949143217, 0.043055166709934665, 0.015809929619818683, 0.048364425542357294, 0.01775949839142523]
Timestep: 199, Trans probs: [0.30705013826945593, 0.10256650700659943, 0.35032293214663607, 0.11702127762293443, 0.04307967254573824, 0.014390260694580536, 0.04915092136807947, 0.016418290345975795]
Timestep: 200, Trans probs: [0.2951832776267246, 0.11210952226479833, 0.3419842216573121, 0.1298843485320425, 0.040572236289417384, 0.015409185995193694, 0.0470049142346022, 0.017852293399908965]
Timestep: 201, Trans probs: [0.2844165890610132, 0.12052777963100482, 0.3345221779517836, 0.1417611239870648, 0.03833381760449792, 0.016244797590406767, 0.04508707525323764, 0.01910663892099135]
Timestep: 202, Trans probs: [0.24027354122954667, 0.08106692170123417, 0.4408154147026595, 0.1487286054283331, 0.023506933350402937, 0.007931105171221023, 0.04312675677987384, 0.014550721636728754]
Timestep: 203, Trans probs: [0.3057265498521456, 0.09529476164841857, 0.35335953994328656, 0.11014193288536867, 0.04790964735850154, 0.014933405122637078, 0.05537409478382726, 0.01726006840581472]
Timestep: 204, Trans probs: [0.2787815254571225, 0.12013141837984433, 0.3270445432806507, 0.14092872471829426, 0.04280799996249686, 0.018446651890101726, 0.05021897621636396, 0.021640160095125628]
Timestep: 205, Trans probs: [0.28589068586666583, 0.11080383525853674, 0.3403362962331683, 0.1319055455969211, 0.043121538796528865, 0.01671279309579736, 0.051333693356942885, 0.019895611795438854]
Timestep: 206, Trans probs: [0.2993280169549251, 0.09519953320980944, 0.36151801142846274, 0.11497869890378773, 0.044322591334832344, 0.014096542143465922, 0.05353129066811651, 0.017025315356600026]
Timestep: 207, Trans probs: [0.24527035244334364, 0.07328128239655293, 0.4583569249740725, 0.13694677290929216, 0.02312043509240939, 0.006907867649961484, 0.04320706284901417, 0.01290930168535397]
Timestep: 208, Trans probs: [0.20447834107589413, 0.09996142733465112, 0.36943680796212414, 0.18060314084876408, 0.03482323268270774, 0.017023710311099102, 0.06291612039461382, 0.030757219390145862]
Timestep: 209, Trans probs: [0.22509743074800545, 0.08666105005730254, 0.3935613510404241, 0.15151856611511336, 0.037609552603470875, 0.014479433683323028, 0.06575670937452072, 0.025315906377840033]
Timestep: 210, Trans probs: [0.285690880752364, 0.10725815233870553, 0.33917008125175285, 0.1273360778889006, 0.046718398212509726, 0.017539688558841804, 0.05546373365492015, 0.020822987342005276]
Timestep: 211, Trans probs: [0.23709955961539864, 0.09222724327925022, 0.42219147515025024, 0.1642244968833709, 0.021815461181757614, 0.008485801698335712, 0.038845714232238066, 0.015110247959398467]
Timestep: 212, Trans probs: [0.29333329894585525, 0.09587807155431975, 0.3424099896092524, 0.11191913636347717, 0.05440732544902514, 0.017783420638662895, 0.06351004747369868, 0.02075870996570867]
Timestep: 213, Trans probs: [0.22049731751209903, 0.0803270058425524, 0.3997620703237446, 0.14563301957976998, 0.04007023040449468, 0.014597554601260167, 0.07264740653351164, 0.026465395202567323]
Timestep: 214, Trans probs: [0.22576464793121834, 0.08228091094137534, 0.3963784883679779, 0.14446186947045356, 0.040189402532870545, 0.014647203097987532, 0.07056115636512197, 0.025716321292994778]
Timestep: 215, Trans probs: [0.2061798538843965, 0.19023578436269262, 0.2367091635702561, 0.21840423566733574, 0.03594912212025991, 0.03316914487451494, 0.04127215374273629, 0.03808054177780785]
Timestep: 216, Trans probs: [0.37063466342253815, 0.08317362217475134, 0.12647937902300438, 0.028383065918914357, 0.2382900717856111, 0.053474351847376554, 0.08131667995778318, 0.018248165870020868]
Timestep: 217, Trans probs: [0.16209957818131338, 0.14956427516664125, 0.2807894392733392, 0.2590757448633871, 0.028263370168794467, 0.026077738884267624, 0.048957905694201734, 0.04517194776805516]
Timestep: 218, Trans probs: [0.1953268732910219, 0.12320471635581548, 0.32824086672898517, 0.20704177669131044, 0.03344288215022275, 0.021094490174427764, 0.056199745779727216, 0.03544864882848914]
Timestep: 219, Trans probs: [0.21980738085028234, 0.10552020448367881, 0.35866848735427737, 0.17218153449202753, 0.036923674723800703, 0.01772549080050279, 0.06024983560387094, 0.02892339169155942]
Timestep: 220, Trans probs: [0.281341932470973, 0.11837483644448937, 0.3230005854489716, 0.13590274701742577, 0.04632560293634215, 0.019491533390059584, 0.05318509309400197, 0.022377669197736746]
Timestep: 221, Trans probs: [0.2878543994528506, 0.10988479306316601, 0.3352210362643981, 0.12796641034616874, 0.046499756140338, 0.017750696500317548, 0.054151322575005906, 0.02067158565775517]
Timestep: 222, Trans probs: [0.29017511257906164, 0.10567419218746152, 0.34270593483399786, 0.12480454474387186, 0.045924758924000275, 0.016724596942735294, 0.054238584760735835, 0.019752275028135893]
Timestep: 223, Trans probs: [0.24133712362701798, 0.08400388895558673, 0.40079973368392996, 0.13950914727005692, 0.03745586812284642, 0.013037524187076387, 0.06220469417601279, 0.021652019977472778]
Timestep: 224, Trans probs: [0.29132615129606515, 0.11011069817672617, 0.3384857034981952, 0.1279352950952536, 0.04435803009976801, 0.016765723373271573, 0.05153865850119061, 0.01947973995952972]
Timestep: 225, Trans probs: [0.3030628095635154, 0.09635245798100044, 0.3570379961400409, 0.11351273543015868, 0.04529886189481129, 0.014401822162188492, 0.0533665443861012, 0.01696677244218367]
Timestep: 226, Trans probs: [0.22850555214088275, 0.09568766464696737, 0.3861257973154927, 0.16169180774342048, 0.03353884732763392, 0.014044533910291333, 0.056673520814237835, 0.02373227610107367]
Timestep: 227, Trans probs: [0.3006321469502599, 0.10412086822373631, 0.3485192216575307, 0.12070606659921446, 0.04334910037607441, 0.015013517395468476, 0.05025408917803879, 0.017404989619676955]
Timestep: 228, Trans probs: [0.26893581997417637, 0.1337198063144773, 0.3160681578287696, 0.15715486635843087, 0.03811107496733961, 0.01894952321174071, 0.04479023009637694, 0.022270521248688634]
Timestep: 229, Trans probs: [0.2199174169992907, 0.10288485770250767, 0.37800888574848507, 0.17684543112218257, 0.03065600671905966, 0.014341924037002239, 0.0526936115360394, 0.024651866135432632]
Timestep: 230, Trans probs: [0.27916308547734714, 0.12858726651563604, 0.3229296359437862, 0.14874688425189547, 0.03827443469142236, 0.017629855774038576, 0.04427501307961507, 0.020393824266259276]
Timestep: 231, Trans probs: [0.30101450502773347, 0.10457583436827383, 0.352939236210521, 0.12261507167110096, 0.04060307837102313, 0.01410596741236423, 0.04760707284436183, 0.016539234094621585]
Timestep: 232, Trans probs: [0.3054476779185033, 0.09801338323258779, 0.36294065046539314, 0.11646197904388893, 0.04052609034240627, 0.0130041886411346, 0.048154124758534325, 0.01545190559755163]
Timestep: 233, Trans probs: [0.24310348956971806, 0.07886470917783496, 0.42494326654966885, 0.13785498181385775, 0.031662230088271126, 0.010271479739977532, 0.055345365481060164, 0.017954477579611397]
Timestep: 234, Trans probs: [0.285017422436391, 0.12351466936916775, 0.3334208556866907, 0.14449069954703386, 0.03651167124976441, 0.01582263625844438, 0.042712310589941155, 0.01850973486256676]
Timestep: 235, Trans probs: [0.29058641472393304, 0.1159443960019512, 0.3444358705734145, 0.13743040607380347, 0.03650427349879275, 0.014565257451311152, 0.04326899189059421, 0.017264389786199735]
Timestep: 236, Trans probs: [0.23762752275254118, 0.08290092462255719, 0.42231770544281766, 0.14733364157545567, 0.02931576696173112, 0.010227368273656483, 0.052100730139191136, 0.018176340232049525]
Timestep: 237, Trans probs: [0.25096064496986703, 0.07607924610430343, 0.43325769051632024, 0.13134297796903976, 0.03049878650086074, 0.009245771122241873, 0.052653011807886625, 0.015961871009480308]
Timestep: 238, Trans probs: [0.25564734420293134, 0.07792968806368543, 0.4290645850274127, 0.13079294594126084, 0.030492631485031126, 0.009295153318640035, 0.05117717266068386, 0.01560047930035462]
Timestep: 239, Trans probs: [0.26411766325585617, 0.07590150779470707, 0.43126622840640166, 0.12393626610755132, 0.03091280061177896, 0.008883647339853338, 0.050476165679257806, 0.014505720804593572]
Timestep: 240, Trans probs: [0.24700587910379823, 0.09919242055420219, 0.3926861907644429, 0.15769460193198828, 0.02849226847753414, 0.011441902061687994, 0.04529657518790874, 0.018190161918437486]
Timestep: 241, Trans probs: [0.3063692574478507, 0.10811776979689891, 0.3576051007657834, 0.12619890874453352, 0.03468864573969636, 0.012241629744097485, 0.04048982185258648, 0.01428886590855333]
Timestep: 242, Trans probs: [0.31245907785564137, 0.09983640185982705, 0.36947985508611336, 0.11805558521340263, 0.03478291050639233, 0.011113777378473078, 0.041130457215624965, 0.013141934884524972]
Timestep: 243, Trans probs: [0.27902213879783266, 0.13096779056679192, 0.33419891277354397, 0.1568667396944025, 0.030639267694268682, 0.014381501094471661, 0.03669819891611302, 0.017225450462575603]
Timestep: 244, Trans probs: [0.29056826140532327, 0.11735002508031625, 0.3524629483035132, 0.14234705340237733, 0.03130961171132598, 0.012644821226547611, 0.037978952004735334, 0.01533832686586109]
Timestep: 245, Trans probs: [0.2920427039597273, 0.11374297140495672, 0.35870955232159296, 0.1397079598264033, 0.03094078912338219, 0.012050625626973264, 0.03800388252964455, 0.014801515207319788]
Timestep: 246, Trans probs: [0.30091007571851985, 0.10266180150298831, 0.37419633221730125, 0.12766494936904008, 0.03142817895145169, 0.010722384291752554, 0.03908247094691224, 0.013333807002034102]
Timestep: 247, Trans probs: [0.23200010261318746, 0.1145682447657417, 0.3749571698488179, 0.1851645078085724, 0.02387577139777254, 0.011790534532786936, 0.03858787806741802, 0.01905579096570299]
Timestep: 248, Trans probs: [0.2546395700426146, 0.098178191736158, 0.4008936276327447, 0.15456753808115803, 0.025714363462760167, 0.009914365257519193, 0.04048359196148359, 0.015608751825561755]
Timestep: 249, Trans probs: [0.29196060842584187, 0.11695631799695366, 0.3576030418440586, 0.1432519794505598, 0.028955648838806535, 0.011599325305077119, 0.03546583958416322, 0.014207238554539191]
Timestep: 250, Trans probs: [0.2714388478659926, 0.13526162473801623, 0.3365523079581395, 0.16770853671697472, 0.02653082737414976, 0.01322066772860383, 0.03289511156935531, 0.016392076048767985]
Timestep: 251, Trans probs: [0.2825278830219826, 0.12193022196904638, 0.3545553983677905, 0.15301505097797619, 0.027251763326294125, 0.011761011040331275, 0.034199314060719334, 0.014759357235859754]
Timestep: 252, Trans probs: [0.3025014610119869, 0.09983152287315555, 0.3841767958362002, 0.12678601436353876, 0.028718131776231465, 0.009477556966839048, 0.036472021693003266, 0.012036495479044979]
Timestep: 253, Trans probs: [0.2678121096611204, 0.08393172909966126, 0.42856057373902984, 0.13430994596687418, 0.02500213186259316, 0.007835613412181055, 0.040009124267345784, 0.01253877199119444]
Timestep: 254, Trans probs: [0.31232249085843944, 0.09444470026812432, 0.3907587046693189, 0.1181634042371339, 0.02875661844990156, 0.008695852171135368, 0.03597851357187885, 0.0108797157740679]
Timestep: 255, Trans probs: [0.27268981501931877, 0.07798034576349623, 0.4434302320019835, 0.12680650654683334, 0.02342026431359677, 0.0066974276575652875, 0.038084492585064994, 0.010890916112141104]
Timestep: 256, Trans probs: [0.26976183476932697, 0.07527192828501472, 0.42755635478024023, 0.11930149905133984, 0.032698497475090856, 0.009123896117764065, 0.05182516051314449, 0.014460829008078597]
Timestep: 257, Trans probs: [0.3044575251802398, 0.09824297244729188, 0.37534135334079255, 0.12111591005267097, 0.03414548574692813, 0.011018134675597036, 0.042095240783237356, 0.013583377773242557]
Timestep: 258, Trans probs: [0.2656740625660976, 0.07702452328142279, 0.4278038677653099, 0.12402937891000851, 0.03132382270403286, 0.009081437938751276, 0.05043944590054274, 0.014623460933834456]
Timestep: 259, Trans probs: [0.2402957289219258, 0.10305923115054598, 0.3773525629243054, 0.16184084994828407, 0.03197912454594664, 0.013715366491776597, 0.050218972520353594, 0.02153816349686187]
Timestep: 260, Trans probs: [0.1991940241141476, 0.20001968428100203, 0.24202621293622315, 0.2430294127272046, 0.026069949702400282, 0.026178009766535715, 0.031675705262593876, 0.03180700120989277]
Timestep: 261, Trans probs: [0.25705521615851434, 0.08877087994359668, 0.41003601394423883, 0.14160093037734423, 0.029369076074353653, 0.010142251790148904, 0.046847440276516675, 0.016178191435286815]
Timestep: 262, Trans probs: [0.15765940917491483, 0.23747053460511197, 0.18883432834750963, 0.2844269754603093, 0.02389402035681949, 0.03598976945108432, 0.02861872506826339, 0.04310623753598688]
Timestep: 263, Trans probs: [0.19871396745276423, 0.19488387627756548, 0.24083556015210214, 0.23619360083018442, 0.029528398539957743, 0.0289592565711501, 0.03578756186052041, 0.035097778315755536]
Timestep: 264, Trans probs: [0.19846088037277826, 0.1450812977170917, 0.32149167638580234, 0.23502077350299388, 0.022037825154107085, 0.016110360219175838, 0.03569961666693732, 0.026097569981113535]
Timestep: 265, Trans probs: [0.2518209020485753, 0.1377603332691788, 0.3009151808035221, 0.1646176916054889, 0.042667166588271126, 0.023341363012503176, 0.05098543466342985, 0.027891928009030714]
Timestep: 266, Trans probs: [0.2267627607760571, 0.0974592638321204, 0.37297581960982007, 0.16029946311269658, 0.03768443787690145, 0.016196211233453432, 0.061982770255444485, 0.02663927330350659]
Timestep: 267, Trans probs: [0.26268723338423017, 0.08381540067504781, 0.42152656545613565, 0.13449613642702346, 0.02837078230008997, 0.009052242300898006, 0.045525769441441696, 0.01452587001513319]
Timestep: 268, Trans probs: [0.17231676759537803, 0.15604348723440886, 0.2699235144468707, 0.24443243143789567, 0.032161047651638436, 0.029123817134602905, 0.05037828373619266, 0.04562065076301295]
Timestep: 269, Trans probs: [0.2170569404282919, 0.1404954739316162, 0.33208847522782164, 0.2149524803136826, 0.022892795718843454, 0.014817928317759327, 0.03502506581439771, 0.02267084024758719]
Timestep: 270, Trans probs: [0.22079367956722637, 0.11112616581390183, 0.3301075031717748, 0.166144163210571, 0.04581012946392166, 0.023056384823796877, 0.06849049070132719, 0.034471483247480346]
Timestep: 271, Trans probs: [0.2759329466135711, 0.0925642017755933, 0.40334079157929076, 0.13530431532106418, 0.028245306581685017, 0.009475143471366812, 0.04128714767436283, 0.013850146983065912]
Timestep: 272, Trans probs: [0.20020809399713466, 0.16152332430166175, 0.286263219432068, 0.2309506369339165, 0.027574112436015156, 0.022246165059623926, 0.03942624916567304, 0.03180819867390711]
Timestep: 273, Trans probs: [0.20822263496090485, 0.13109130729874346, 0.29136295638694915, 0.1834341922450618, 0.04754422203258964, 0.02993254898500404, 0.06652795020644016, 0.041884187884306714]
Timestep: 274, Trans probs: [0.24758653747053172, 0.12752225124882746, 0.2917592542686632, 0.15027390950708425, 0.05540431585004156, 0.028536620602561312, 0.0652891794554765, 0.033627931596813966]
Timestep: 275, Trans probs: [0.2550988529526554, 0.11897044840254238, 0.3041441759023717, 0.141843714965047, 0.05597561279436909, 0.026105345738223002, 0.0667374879460289, 0.03112436129876247]
Timestep: 276, Trans probs: [0.2673707905359042, 0.10562504085850305, 0.32247885528867254, 0.12739552513420607, 0.05755382904100733, 0.022736685379263058, 0.06941630710454015, 0.02742296665790368]
Timestep: 277, Trans probs: [0.27586951008189237, 0.09608722291999137, 0.3365507858474391, 0.1172229231640042, 0.05822197552357587, 0.020279109276394522, 0.07102869617680153, 0.02473977700990105]
Timestep: 278, Trans probs: [0.27098234453108505, 0.0998876035544424, 0.3343426383640875, 0.12324302887720888, 0.05611103200929019, 0.020683253479385506, 0.06923074828281224, 0.02551935090168826]
Timestep: 279, Trans probs: [0.2623470539425468, 0.10742885394016582, 0.32732441166047466, 0.13403652102388264, 0.05330139422821659, 0.021826460824691703, 0.06650292901804349, 0.02723237536197832]
Timestep: 280, Trans probs: [0.273330090554522, 0.09117334874521488, 0.38830982207720016, 0.1295265616661948, 0.03644861762145556, 0.012157982748771213, 0.05178118587248664, 0.017272390714154807]
Timestep: 281, Trans probs: [0.2709109473714095, 0.08699052695822054, 0.3768101421974027, 0.12099515782215814, 0.045682254286309336, 0.014668744144759004, 0.06353946527647318, 0.02040276194326757]
Timestep: 282, Trans probs: [0.2750314328252541, 0.09151389471212407, 0.3384550140983403, 0.11261744232945699, 0.06134998917787646, 0.02041358106795497, 0.0754975939980071, 0.025121051790986056]
Timestep: 283, Trans probs: [0.2561452990277847, 0.10939196758301738, 0.3187193790882685, 0.13611547866635398, 0.05608532341799695, 0.02395235791760152, 0.06978648260809858, 0.029803711690878382]
Timestep: 284, Trans probs: [0.26022920859135906, 0.10432943385722547, 0.32736409323637805, 0.13124472343981672, 0.05590234605979772, 0.022412011884752954, 0.0703242381080644, 0.02819394482260552]
Timestep: 285, Trans probs: [0.25823383799086214, 0.08422150709029583, 0.36459178982059226, 0.11890955209566778, 0.05441432147814575, 0.017746923477733607, 0.07682577548296468, 0.02505629256373809]
Timestep: 286, Trans probs: [0.2800860670549949, 0.08961721919275725, 0.34758224150357286, 0.11121350751881351, 0.05797837856463175, 0.01855094441112294, 0.07195022227321472, 0.023021419480892022]
Timestep: 287, Trans probs: [0.2854270874121595, 0.0831681691693522, 0.3580678223857718, 0.1043343345450568, 0.05804821440106434, 0.016914175031731336, 0.07282139166405562, 0.021218805390808265]
Timestep: 288, Trans probs: [0.2688858093176743, 0.08431522899609178, 0.3852743352708018, 0.12081148457446482, 0.044031590459327946, 0.013807101393938587, 0.06309087782721699, 0.01978357216048363]
Timestep: 289, Trans probs: [0.257757739331587, 0.08247728147923347, 0.3617312085483199, 0.11574669604346188, 0.05746014621752493, 0.018386088680441625, 0.08063823103247299, 0.025802608666958098]
Timestep: 290, Trans probs: [0.25343942854902746, 0.11318669685042469, 0.31369809866675596, 0.14009837301018083, 0.05547384304072367, 0.02477476015206445, 0.0686635034936826, 0.03066529623714049]
Timestep: 291, Trans probs: [0.2546351882135718, 0.11104247952212318, 0.31857566500062234, 0.13892593559146163, 0.05469620290715243, 0.02385217076188707, 0.0684307590651618, 0.029841598938019718]
Timestep: 292, Trans probs: [0.27023843332865793, 0.09449728869361478, 0.3417037685766117, 0.11948736998341661, 0.056955712092563025, 0.019916339441679903, 0.07201781487655405, 0.02518327300690184]
Timestep: 293, Trans probs: [0.2696715458313049, 0.09410654174503286, 0.34458705097967385, 0.12024960066829579, 0.055777101248944964, 0.019464382461708844, 0.07127213504235219, 0.024871642022686588]
Timestep: 294, Trans probs: [0.25757653160135374, 0.09840118477664642, 0.36677951729968683, 0.14011967173295836, 0.040932479343576376, 0.015637311513640836, 0.058286346672110544, 0.022266957060026953]
Timestep: 295, Trans probs: [0.27147650717725547, 0.08936452771313663, 0.3423231178325732, 0.11268578658418553, 0.06127648341290521, 0.020170968225035803, 0.07726766883008974, 0.025434940224818556]
Timestep: 296, Trans probs: [0.27393682375776274, 0.0860014033528124, 0.34903625507634783, 0.10957857854159879, 0.06072300087713111, 0.019063750610780552, 0.07737013422442819, 0.024290053559138294]
Timestep: 297, Trans probs: [0.2435895339578818, 0.09231291744004413, 0.35188099049188815, 0.13335203814468966, 0.053060093150724276, 0.0201081381404128, 0.07664876987981355, 0.02904751879454558]
Timestep: 298, Trans probs: [0.2612971487075343, 0.10356100532243391, 0.3285967754361489, 0.13023415134149305, 0.05593074079093746, 0.02216726731764345, 0.07033624807069007, 0.02787666301311896]
Timestep: 299, Trans probs: [0.2424312236370023, 0.09276057504458378, 0.3552043148651455, 0.13591053170008952, 0.050960128146919484, 0.019498688000403403, 0.07466553660996227, 0.028569001995893916]
Timestep: 300, Trans probs: [0.2567398304678992, 0.08357958426506891, 0.3685612465848631, 0.1199821457762859, 0.05300965795225925, 0.017256867255886467, 0.07609768059874397, 0.024772987098993407]
Timestep: 301, Trans probs: [0.2789195911397955, 0.09198128893883609, 0.34624797731452645, 0.11418464768182068, 0.0565890698694098, 0.01866177834682589, 0.07024910261887286, 0.023166544089912686]
Timestep: 302, Trans probs: [0.2635622437124474, 0.10627526948786158, 0.33057286447987466, 0.13329572461942824, 0.05257103513181628, 0.021198032188499513, 0.065937204917549, 0.02658762546252342]
Timestep: 303, Trans probs: [0.2560962651758484, 0.0843722411414785, 0.3728158857733957, 0.12282612475526757, 0.0501984889457779, 0.016538152211485038, 0.07307718489356214, 0.024075657103184888]
Timestep: 304, Trans probs: [0.23931570217961964, 0.10618887917272658, 0.34148093162351084, 0.1515215134556564, 0.046091211103015964, 0.020451537455195054, 0.06576781031819051, 0.029182414692084838]
Timestep: 305, Trans probs: [0.2734661431968463, 0.10212349381220732, 0.33863735111352244, 0.12646110054702708, 0.051822328095293704, 0.019352586542182734, 0.06417238971368398, 0.023964606979236254]
Timestep: 306, Trans probs: [0.2670811373260539, 0.10740207269542962, 0.33412489536219553, 0.13436256360266244, 0.04975211340521369, 0.02000695426938621, 0.06224108468308326, 0.025029178655975384]
Timestep: 307, Trans probs: [0.2826054704884317, 0.09074738784139845, 0.35713992693262103, 0.1146811327006139, 0.0517700520898477, 0.01662387139020056, 0.06542390205225355, 0.021008256504633185]
Timestep: 308, Trans probs: [0.2679324298908248, 0.07840479426080417, 0.38763025070117124, 0.1134318457376482, 0.04824959124194598, 0.014119228777323236, 0.06980491744491521, 0.02042694194536702]
Timestep: 309, Trans probs: [0.2883295569071147, 0.08952327339474206, 0.35979533851069045, 0.11171264160761281, 0.05113696117309258, 0.01587748479476858, 0.06381184243836664, 0.019812901173612348]
Timestep: 310, Trans probs: [0.28662035143967446, 0.09001278655327738, 0.3612651578953883, 0.11345490082415821, 0.05004409352448304, 0.015716289112218312, 0.06307712365169961, 0.019809296999100664]
Timestep: 311, Trans probs: [0.252006353250134, 0.09398471548923293, 0.36959771516767115, 0.1378399221190494, 0.0432805892568488, 0.01614131475278242, 0.06347620484220179, 0.023673185122079585]
Timestep: 312, Trans probs: [0.26685199064000026, 0.08398445737856272, 0.38373173078994427, 0.12076919910560854, 0.04513249353016859, 0.014204233478573604, 0.06490028354542664, 0.020425611531715102]
Timestep: 313, Trans probs: [0.28920656295740754, 0.09268025902800227, 0.35999867504174726, 0.11536657436615813, 0.048158107958291986, 0.01543293441971552, 0.05994627120566346, 0.01921061502301381]
Timestep: 314, Trans probs: [0.2598565603976805, 0.12080808524403025, 0.3266910722886409, 0.15187964794542883, 0.04257112207186058, 0.019791440848446085, 0.053520317119963315, 0.02488175408394951]
Timestep: 315, Trans probs: [0.2734622090657378, 0.10594303341393313, 0.3471936957493533, 0.1345076288074541, 0.04410848373116586, 0.017088235269267088, 0.05600111084030009, 0.021695603122788582]
Timestep: 316, Trans probs: [0.2620477174890309, 0.08912594215717638, 0.38194021463185956, 0.12990298790983962, 0.04159376273036103, 0.01414659637842734, 0.060623808582670524, 0.020618970120634607]
Timestep: 317, Trans probs: [0.2926036788057831, 0.09110499285578293, 0.36693399449709824, 0.11424845744810683, 0.0457090530737702, 0.014231956927973292, 0.05732055556338711, 0.017847310828098442]
Timestep: 318, Trans probs: [0.28337037728025294, 0.09905523066955035, 0.3588366135957911, 0.12543528322742709, 0.04358380883392595, 0.01523519952557501, 0.0551909007556739, 0.019292586111803546]
Timestep: 319, Trans probs: [0.253178114927519, 0.09667548141585283, 0.3739620270602506, 0.14279654071856862, 0.03896885162696994, 0.014880166448584184, 0.05755975689606431, 0.021979060906190635]
Timestep: 320, Trans probs: [0.28876134046897645, 0.09018516777074755, 0.3612242242885593, 0.11281658139352568, 0.049768126213626994, 0.015543447765279723, 0.06225713163893545, 0.019443980460348814]
Timestep: 321, Trans probs: [0.2500993232996465, 0.09237429158509695, 0.3743075216446343, 0.13825064254760144, 0.04240363322161037, 0.015661799991307998, 0.06346278210794139, 0.023440005602161248]
Timestep: 322, Trans probs: [0.2903410615308656, 0.09298574985512474, 0.35884113639715165, 0.1149238484244057, 0.04841035671343943, 0.015504087833868774, 0.05983179686968025, 0.019161962375463998]
Timestep: 323, Trans probs: [0.29293434371021293, 0.08931708915657258, 0.36556281459976575, 0.11146185896261825, 0.04797394120362998, 0.014627485222134438, 0.059868326641794235, 0.018254140503271815]
Timestep: 324, Trans probs: [0.29599607495138486, 0.08511783099126914, 0.37293833178278873, 0.1072436582142751, 0.047667556033920186, 0.013707475610710248, 0.06005842756655658, 0.01727064484909524]
Timestep: 325, Trans probs: [0.26994743715845043, 0.11001052603731032, 0.34336225936664067, 0.13992895495470742, 0.04276347434786299, 0.017427216045137275, 0.05439341571459691, 0.022166716375294132]
Timestep: 326, Trans probs: [0.28552987190827284, 0.09332308976930195, 0.36661595225594484, 0.1198254080898089, 0.04445018764026877, 0.014528178168159397, 0.05707335544537259, 0.01865395672287087]
Timestep: 327, Trans probs: [0.291833671492077, 0.08591069099861122, 0.37822000898567065, 0.11134130669476934, 0.04464939190428097, 0.01314399428809131, 0.05786615821574363, 0.0170347774207558]
Timestep: 328, Trans probs: [0.28202276242031665, 0.09453224659209264, 0.36889733787018475, 0.1236520549314307, 0.04247537823075934, 0.014237478189857234, 0.05555953647104458, 0.01862320529431418]
Timestep: 329, Trans probs: [0.2896451269805489, 0.08570098600327362, 0.38235205620830365, 0.11313136374509505, 0.0429631689319758, 0.012712058986384405, 0.056714422070939303, 0.016780817073479462]
Timestep: 330, Trans probs: [0.28253703301056876, 0.09164851075899728, 0.376368456134444, 0.12208526483710365, 0.04123596738769905, 0.013375998751455105, 0.05493055978377895, 0.01781820933595311]
Timestep: 331, Trans probs: [0.2536316932110164, 0.09383948443023912, 0.3845616253926473, 0.14228136949934359, 0.03646047408868714, 0.013489765601643213, 0.05528212582828358, 0.020453461948139583]
Timestep: 332, Trans probs: [0.24894779927934446, 0.10328502936784394, 0.3701939480765307, 0.15358839447292524, 0.0352342645304405, 0.014618213365675961, 0.05239456436994049, 0.021737786537298784]
Timestep: 333, Trans probs: [0.2859353598994936, 0.0930405718116252, 0.37636515632122963, 0.12246554384322206, 0.039803076695076385, 0.0129515321815168, 0.052391180956681827, 0.017047578291154327]
Timestep: 334, Trans probs: [0.2920836603529851, 0.08565254277100005, 0.3879335965097758, 0.1137602114654609, 0.040044714465497955, 0.011742976701823895, 0.053185755358700605, 0.015596542374755579]
Timestep: 335, Trans probs: [0.27359325123752964, 0.07793706397824557, 0.41210770869193036, 0.1173949456463982, 0.036943653387046284, 0.010523943352376795, 0.05564744115280314, 0.015851992553669956]
Timestep: 336, Trans probs: [0.2793919413970544, 0.07680074090475966, 0.4128929139295741, 0.11349819735513235, 0.03716943603511039, 0.01021733201120398, 0.05492999073958775, 0.015099447627577148]
Timestep: 337, Trans probs: [0.26218124197714837, 0.12020418623951215, 0.3441202061754977, 0.15777135328203296, 0.03431097214993488, 0.015730806884837936, 0.04503410969174695, 0.02064712359928934]
Timestep: 338, Trans probs: [0.2842693916461517, 0.09687793413230394, 0.3764577571753208, 0.1282953806318434, 0.0366124718711009, 0.012477392018217874, 0.0484858709740928, 0.016523801550968487]
Timestep: 339, Trans probs: [0.2724888612308613, 0.08286921353278301, 0.40783866770412586, 0.12403174752991024, 0.03463479891171787, 0.010533122468622518, 0.051838486830431664, 0.015765101791547543]
Timestep: 340, Trans probs: [0.20598780193561167, 0.1788884101341848, 0.2696150059538059, 0.23414493144827728, 0.02581438398494887, 0.02241828917182359, 0.03378814292106181, 0.029343034450286076]
Timestep: 341, Trans probs: [0.22079114276328107, 0.1331091739528855, 0.33463403749236587, 0.20174206152320112, 0.027211768312161717, 0.016405259543008872, 0.041242523516300575, 0.02486403289679519]
Timestep: 342, Trans probs: [0.26528030858745216, 0.12346377935416042, 0.3432264331344503, 0.1597405884917297, 0.0322154899296618, 0.01499337120663345, 0.041681223001862985, 0.01939880629404915]
Timestep: 343, Trans probs: [0.28038950863217926, 0.10711418427390115, 0.3660031541455754, 0.13982024323672895, 0.033481537796809784, 0.012790591298641331, 0.043704732388372594, 0.016696048227791686]
Timestep: 344, Trans probs: [0.2889927036351876, 0.097198082120837, 0.38056207169516554, 0.12799597716971112, 0.033994812473320944, 0.011433612450767709, 0.044766307588398425, 0.015056432866611652]
Timestep: 345, Trans probs: [0.2887026653749369, 0.0962770118151456, 0.38350727241832056, 0.12789259894729846, 0.03337369819238385, 0.011129512541944768, 0.04433300242535443, 0.014784238284615663]
Timestep: 346, Trans probs: [0.271751515108038, 0.08239114609499339, 0.41701007526571876, 0.12643144977735496, 0.031007289327413024, 0.009400963611808952, 0.047581527010327106, 0.014426033804345763]
Timestep: 347, Trans probs: [0.2957480193044131, 0.0928328007732574, 0.38838692455214063, 0.1219113692618702, 0.033270660442162925, 0.01044337879146675, 0.04369222663719595, 0.013714620237493159]
Timestep: 348, Trans probs: [0.2630303926940108, 0.07760402090383892, 0.40860700543524164, 0.12055468672831259, 0.03937426392808193, 0.011616913048154062, 0.0611663158393511, 0.018046401423009013]
Timestep: 349, Trans probs: [0.2485592867710614, 0.10172293743980351, 0.3789379984024024, 0.15508045104971613, 0.03252077363584724, 0.013309133064500116, 0.049579144791383915, 0.020290274845285235]
Timestep: 350, Trans probs: [0.2901455831969695, 0.09526150744887761, 0.37673171436759273, 0.12368973747256308, 0.03739588705493769, 0.012277934869761411, 0.048555681893456756, 0.015941953695840973]
Timestep: 351, Trans probs: [0.29071476092028004, 0.09344369948683395, 0.3807515966659654, 0.1223840085221649, 0.03692719251175721, 0.011869412715879725, 0.04836385832193297, 0.015545470855185789]
Timestep: 352, Trans probs: [0.2898074988054323, 0.09324310184071463, 0.382834903969586, 0.12317387951021232, 0.036163413801658294, 0.011635271309110526, 0.0477717695609564, 0.015370161202329502]
Timestep: 353, Trans probs: [0.26236394355620346, 0.11943954162931293, 0.3495452239357316, 0.15912827334315383, 0.032269099995477356, 0.014690305611390665, 0.04299184419640863, 0.019571767732321353]
Timestep: 354, Trans probs: [0.2693962851995654, 0.11127323662095888, 0.36196005101614637, 0.14950639120438391, 0.032571459693597864, 0.013453532734836637, 0.043762916788668685, 0.01807612674184239]
Timestep: 355, Trans probs: [0.23287495213577888, 0.11042251177251135, 0.35936484471353364, 0.1704003304437401, 0.03385843183426958, 0.01605468107896172, 0.05224920064083024, 0.02477504738037458]
Timestep: 356, Trans probs: [0.2691362899580001, 0.10770541622967057, 0.3575635459678778, 0.14309304238769555, 0.037572328886770534, 0.015036037399858667, 0.04991707045200598, 0.019976268718120832]
Timestep: 357, Trans probs: [0.259252197172966, 0.08280102991600848, 0.4049058911166456, 0.12932050400772263, 0.0366033614877915, 0.011690531700894449, 0.057167950214866696, 0.018258534383104784]
Timestep: 358, Trans probs: [0.26162812345823533, 0.07922227358479665, 0.4011194387647666, 0.12146092514047023, 0.04138184015587129, 0.01253062330966914, 0.06344524540774815, 0.019211530178442574]
Timestep: 359, Trans probs: [0.28310184143521666, 0.0909324420552462, 0.3719510103976851, 0.11947083610940586, 0.04401103190709455, 0.01413636374950697, 0.05782352987709046, 0.01857294446875416]
Timestep: 360, Trans probs: [0.2804931421881317, 0.09257037458272611, 0.3716324946263075, 0.12264884255742729, 0.04289972848982835, 0.0141580785356138, 0.05683894084930239, 0.018758398170662886]
Timestep: 361, Trans probs: [0.24466117130875828, 0.09604372224623538, 0.37959407201982004, 0.14901272410479943, 0.036781232162117324, 0.0144387702664703, 0.05706642216923237, 0.022401885722566885]
Timestep: 362, Trans probs: [0.2618469178509001, 0.08337616561185683, 0.39892254299772184, 0.1270231946370294, 0.038722743860618046, 0.012329928996555132, 0.058993917436611414, 0.018784588608707256]
Timestep: 363, Trans probs: [0.2928684110721848, 0.08496241909097417, 0.3837715598974246, 0.11133382391030652, 0.04262965440496941, 0.012367050956430023, 0.055861432474022886, 0.016205648193687524]
Timestep: 364, Trans probs: [0.24528829150361958, 0.0989513507328079, 0.3781224192026778, 0.15253775014332419, 0.03507328619516534, 0.014148857339971085, 0.054066974596331675, 0.021811070286102442]
Timestep: 365, Trans probs: [0.28717267179757433, 0.09468681442251332, 0.3722194904339999, 0.1227285228589231, 0.04034810323807889, 0.013303610471324296, 0.05229728279243249, 0.01724350398515386]
Timestep: 366, Trans probs: [0.2597879441737024, 0.12100898813682773, 0.3395466573672363, 0.1581605242073071, 0.03592830810976503, 0.016735373243201283, 0.04695882621625438, 0.02187337854570581]
Timestep: 367, Trans probs: [0.2412872673164224, 0.10265370678597119, 0.37631071133975275, 0.16009833362500858, 0.032793793728021665, 0.01395185300574223, 0.05114507691422237, 0.02175925728485876]
Timestep: 368, Trans probs: [0.26785548112441404, 0.11675662655743091, 0.3463264386413877, 0.150961654746336, 0.03586990730339088, 0.0156354813203408, 0.04637835745840105, 0.020216052848298485]
Timestep: 369, Trans probs: [0.25558660947150197, 0.08720024335911618, 0.40323089640095183, 0.13757306131485, 0.03367240773516752, 0.011488247193644103, 0.05312389089203779, 0.018124643632730482]
Timestep: 370, Trans probs: [0.24719310937595995, 0.10006383605427714, 0.38304590439562386, 0.15505708340927404, 0.03200758640514227, 0.012956679442330548, 0.04959836830820312, 0.020077432609188883]
Timestep: 371, Trans probs: [0.29189181078001064, 0.09717765955986836, 0.37338679969492766, 0.12430926105100343, 0.0372727773187176, 0.012408985560266254, 0.04767918291913494, 0.015873523116071223]
Timestep: 372, Trans probs: [0.29417748575630986, 0.09386365112558094, 0.37944292934303603, 0.12106942395797962, 0.03689710795864383, 0.011772815516691033, 0.04759149631087554, 0.015185090030883093]
Timestep: 373, Trans probs: [0.25979633357790594, 0.08275510405394262, 0.4071992712394051, 0.12970859749258742, 0.035608276616105314, 0.011342602861112784, 0.05581165864999082, 0.01777815550895022]
Timestep: 374, Trans probs: [0.15886230112365296, 0.1851469208236058, 0.24463001058260375, 0.2851053577850485, 0.022955478218931034, 0.026753585200558507, 0.03534884513132439, 0.04119750113427494]
Timestep: 375, Trans probs: [0.20086516227996565, 0.14744299808829814, 0.30396857495104684, 0.22312499343685382, 0.02858967620358377, 0.020985956578944823, 0.04326466090621825, 0.03175797755508873]
Timestep: 376, Trans probs: [0.2512862453386648, 0.13417448064312995, 0.3207027053116925, 0.17123945191687798, 0.03511154311995444, 0.018747834989334643, 0.04481091613694037, 0.023926822543405238]
Timestep: 377, Trans probs: [0.24430866768326137, 0.10312747610792407, 0.3739310003707306, 0.1578436028178085, 0.03356403635557513, 0.014168037467392003, 0.05137203608015778, 0.0216851431171505]
Timestep: 378, Trans probs: [0.2631246013444628, 0.08928401625842268, 0.39588405108607455, 0.13433224363291996, 0.03499139070506282, 0.011873355363399563, 0.0526462878601047, 0.017864053749553]
Timestep: 379, Trans probs: [0.19754976928257525, 0.18461481043795866, 0.24949047722858228, 0.2331545985950854, 0.03088173355288103, 0.02885969144163183, 0.039001303163930336, 0.03644761629735523]
Timestep: 380, Trans probs: [0.2283323708745562, 0.1529347636443641, 0.290749584205304, 0.19474119578324867, 0.0351003212910572, 0.023509848033935746, 0.04469538761306087, 0.029936528554473135]
Timestep: 381, Trans probs: [0.25698662061040417, 0.08753321286763693, 0.3910217141559036, 0.13318742765587885, 0.03883247593195395, 0.013226880737430493, 0.0590861161089402, 0.020125551931851754]
Timestep: 382, Trans probs: [0.19379322173499725, 0.19147000503676367, 0.24421900420577797, 0.24129127709789855, 0.02875973829167419, 0.02841496305321197, 0.03624313886693098, 0.035808651712745616]
Timestep: 383, Trans probs: [0.21891299620529334, 0.16545581435297338, 0.27813795647580736, 0.2102184104593778, 0.03192541415663969, 0.02412942808059305, 0.040562550451981184, 0.030657429817334138]
Timestep: 384, Trans probs: [0.21393687060136118, 0.1306261117637967, 0.3291638650550317, 0.20098169943506827, 0.030643877318050985, 0.018710615576323822, 0.04714875500388712, 0.028788205246480045]
Timestep: 385, Trans probs: [0.2569447365403856, 0.13125835942615974, 0.3231175253275419, 0.1650622497560585, 0.03624302993489451, 0.018514489590020198, 0.04557695285225072, 0.023282656572689037]
Timestep: 386, Trans probs: [0.2693622906601399, 0.11794569113906941, 0.34149034653589755, 0.1495284096403661, 0.03731434687569904, 0.016338836519660498, 0.04730613633450504, 0.020713942294662484]
Timestep: 387, Trans probs: [0.24689582003607627, 0.09956928625879026, 0.38408506748317245, 0.1548955993923701, 0.03194205746832035, 0.012881740417043892, 0.049690866765093614, 0.02003956217913313]
Timestep: 388, Trans probs: [0.24620546782683575, 0.09537436724857552, 0.3765692500001498, 0.14587431490065506, 0.038746846929469475, 0.01500964231783307, 0.059262985574159384, 0.02295712520232192]
Timestep: 389, Trans probs: [0.2782251778117104, 0.10583792151505837, 0.3491496666691262, 0.13281786827698244, 0.043039644471752264, 0.016372445331745256, 0.054011206458963075, 0.02054606946466203]
Timestep: 390, Trans probs: [0.27950608122231074, 0.10362806699143576, 0.35359217103993035, 0.13109579951868422, 0.04257153719297667, 0.015783578263734898, 0.05385558051096244, 0.01996718525996491]
Timestep: 391, Trans probs: [0.2877235805165039, 0.09452563170463177, 0.36690825277026945, 0.1205401180831025, 0.04310817769002017, 0.014162300220474761, 0.054972019074565774, 0.01805991994043164]
Timestep: 392, Trans probs: [0.23751205181064808, 0.10482223200536787, 0.36726581007231396, 0.16208702530064012, 0.03496192030865165, 0.015429897110519456, 0.054061753439262644, 0.023859309952596382]
Timestep: 393, Trans probs: [0.28797808696647526, 0.09805971967008155, 0.36354006237411945, 0.12378940696762156, 0.04175499885804011, 0.014218038344426689, 0.05271100676160235, 0.017948680057633084]
Timestep: 394, Trans probs: [0.26055645439365077, 0.08583701795776891, 0.40728343303139064, 0.13417435939698277, 0.0329121306381841, 0.010842483849392934, 0.05144591634043926, 0.016948204392190906]
Timestep: 395, Trans probs: [0.23451057144743312, 0.10608581864121454, 0.3604809595902359, 0.16307118893048667, 0.03686704590619791, 0.01667758822854999, 0.056670656693625865, 0.02563617056225603]
Timestep: 396, Trans probs: [0.2814873929254973, 0.10007974048377156, 0.3518078386226328, 0.12508140000013634, 0.04641208117263665, 0.016501303986635765, 0.05800662613563349, 0.020623616673056032]
Timestep: 397, Trans probs: [0.29066721091837106, 0.09021973194656445, 0.3661753282950439, 0.11365657605426216, 0.04703564275926094, 0.014599318128340987, 0.0592543337603279, 0.018391858137828815]
Timestep: 398, Trans probs: [0.2948988889409778, 0.0852495463808039, 0.374443808686474, 0.10824443913727747, 0.0468794506932421, 0.013551939515716576, 0.059524537816148235, 0.017207388829359956]
Timestep: 399, Trans probs: [0.28460620148226934, 0.09476574147631227, 0.3642106091653159, 0.12127173705749614, 0.04447374301526706, 0.014808486994023956, 0.05691305723870967, 0.0189504235706056]
Timestep: 400, Trans probs: [0.2844684195320922, 0.09408984036456011, 0.36686929819227326, 0.12134448441885827, 0.04372446808003634, 0.014462161488585912, 0.05638996745135609, 0.018651360472237845]
Timestep: 401, Trans probs: [0.25208116062087477, 0.0881339511755608, 0.3916752046864321, 0.13693956058235163, 0.03805752737218576, 0.013305874389904852, 0.05913250235220462, 0.020674218820485576]
Timestep: 402, Trans probs: [0.2506409112754382, 0.09371245193786834, 0.38306540368820774, 0.14322481533248863, 0.03723913101731417, 0.013923386481120011, 0.05691418325745382, 0.02127971701010904]
Timestep: 403, Trans probs: [0.26593913855353324, 0.08258679052163688, 0.3998843875255541, 0.12418318087767315, 0.03882950723862386, 0.01205841455987527, 0.05838671887293695, 0.018131861850166478]
Timestep: 404, Trans probs: [0.2674019403300426, 0.11673927687781732, 0.34145304502867696, 0.14906766014927889, 0.03831839970791196, 0.01672860813012671, 0.0489298403921212, 0.021361229384024405]
Timestep: 405, Trans probs: [0.2722555520338613, 0.11098130507793715, 0.3503406579118392, 0.14281164570000487, 0.03840044901601184, 0.01565342530405307, 0.04941401000596089, 0.020142954950331804]
Timestep: 406, Trans probs: [0.2871002522340624, 0.0952796466692355, 0.37228156660143275, 0.12354867629421613, 0.03981495697310902, 0.013213346219758438, 0.05162787019787612, 0.01713368481030953]
Timestep: 407, Trans probs: [0.27596327496295525, 0.10555322573690401, 0.36056962546896604, 0.1379143187661681, 0.03763119712090939, 0.014393561045347383, 0.04916837812443182, 0.01880641877431801]
Timestep: 408, Trans probs: [0.28798921926354054, 0.0926321163491223, 0.37913256776616494, 0.12194849591546171, 0.038639379563054264, 0.012428407953935773, 0.05086804022766715, 0.01636177296105347]
Timestep: 409, Trans probs: [0.27693032100459786, 0.10274613812437619, 0.36731688010227714, 0.13628117990654007, 0.036596578056096715, 0.013577989763601214, 0.0485412389124473, 0.018009674130063383]
Timestep: 410, Trans probs: [0.24541289373623137, 0.0988761019414833, 0.37298205949893515, 0.15027332743567456, 0.03746934105762576, 0.015096282553417656, 0.05694644557169011, 0.022943548204942116]
Timestep: 411, Trans probs: [0.263877240336745, 0.11116852347058553, 0.34656440181421466, 0.14600369773454863, 0.04026409658935959, 0.016962812560128347, 0.05288103866507676, 0.022278188829341475]
Timestep: 412, Trans probs: [0.2593028976929929, 0.08396149175466373, 0.39828311396788624, 0.12896286422926515, 0.03857166799948083, 0.012489389102532772, 0.05924516917646397, 0.01918340607671411]
Timestep: 413, Trans probs: [0.17189251362125024, 0.16736245022621124, 0.2598226349532188, 0.25297525700168333, 0.029846747565054926, 0.02906016497482448, 0.045114591867702156, 0.04392563979005486]
Timestep: 414, Trans probs: [0.20755494833780394, 0.13587971468722868, 0.30880814620708524, 0.20216700751175506, 0.03536705966157611, 0.02315370466773813, 0.05262045650249353, 0.03444896242431933]
Timestep: 415, Trans probs: [0.23268923440132658, 0.11484536483565244, 0.3408558826681053, 0.16823175469253132, 0.038946528085456185, 0.019222325599051005, 0.057050998691801275, 0.028157911026075785]
Timestep: 416, Trans probs: [0.2660687911950317, 0.10727335068471218, 0.3460429699119987, 0.1395172605423642, 0.043708896893053864, 0.01762250959006141, 0.056846789225132255, 0.022919431957645547]
Timestep: 417, Trans probs: [0.25802245948523495, 0.11476795449011021, 0.3380895319081049, 0.15038165316702767, 0.04156416990785433, 0.018487672623230714, 0.05446196728893496, 0.02422459112950218]
Timestep: 418, Trans probs: [0.2730446928789535, 0.09913058885958394, 0.36043204378391913, 0.13085711488266513, 0.043175269521404186, 0.015675052485731533, 0.056993419174128084, 0.020691818413614397]
Timestep: 419, Trans probs: [0.2539157828546076, 0.11767255730716757, 0.33765486808103506, 0.1564798822964884, 0.03938329352376621, 0.018251456494825312, 0.052371540791453626, 0.024270618650656127]
Timestep: 420, Trans probs: [0.25855533130125835, 0.11242852115422314, 0.34634577392878335, 0.15060274709809665, 0.03934268379854689, 0.01710751712388811, 0.05270118469445311, 0.022916240900750305]
Timestep: 421, Trans probs: [0.2496878388505791, 0.12062398663375178, 0.3369042763967762, 0.16275817484750638, 0.037318162969942156, 0.01802837339617605, 0.0503534683536157, 0.024325718551652623]
Timestep: 422, Trans probs: [0.2704660502481043, 0.09915003431305552, 0.36758272427373895, 0.13475199453386144, 0.039718938633338835, 0.014560548818460424, 0.053980880981961556, 0.019788828197478986]
Timestep: 423, Trans probs: [0.25744904894876275, 0.09487912899817723, 0.3811020138958594, 0.14044964347522848, 0.037155584942429265, 0.013693154242170368, 0.0550014393405531, 0.02026998615681946]
Timestep: 424, Trans probs: [0.2841418113328157, 0.08912254623354404, 0.38242776680965007, 0.11995044364858591, 0.04035338991559433, 0.012657049103626363, 0.05431181252851229, 0.01703518042767151]
Timestep: 425, Trans probs: [0.27812851890911794, 0.09450318306058335, 0.377030410102992, 0.1281083076454041, 0.03872941189064747, 0.013159573552852957, 0.05250150579829591, 0.01783908904010628]
Timestep: 426, Trans probs: [0.28498657384197296, 0.08700339248309172, 0.38909239159737996, 0.11878579963245227, 0.03891033206940162, 0.01187891361702804, 0.05312430673006646, 0.01621829002860693]
Timestep: 427, Trans probs: [0.25960749653137677, 0.0902568743820912, 0.38831060616625085, 0.13500265620313107, 0.037706001473996095, 0.013109120052232736, 0.05639914287568868, 0.019608102315232676]
Timestep: 428, Trans probs: [0.26098344089975534, 0.10644884757082013, 0.35289001858089236, 0.14393532274566817, 0.040990683368045525, 0.016719110571252034, 0.055425750252672906, 0.022606826010893685]
Timestep: 429, Trans probs: [0.2763071980561239, 0.0906089723654497, 0.37627073114876264, 0.12338985202137462, 0.04254187897128328, 0.013950689533974226, 0.05793285161436695, 0.018997826288664546]
Timestep: 430, Trans probs: [0.2670774255650694, 0.07877772856424123, 0.40361613071527097, 0.11905147701032602, 0.040430261389122826, 0.01192539635558851, 0.061099531834857605, 0.018022048565523346]
Timestep: 431, Trans probs: [0.2784646294855026, 0.09221069837550107, 0.3755896514798821, 0.12437265059322035, 0.041375244086902074, 0.01370098658403828, 0.055806417982803995, 0.01847972141214935]
Timestep: 432, Trans probs: [0.277255389928, 0.09280659581629169, 0.37660474706320013, 0.12606212832243824, 0.040432499491670305, 0.013534101678385119, 0.05492074021770238, 0.018383797482312225]
Timestep: 433, Trans probs: [0.24863436143636714, 0.1208257229525257, 0.34010204317999987, 0.16527512531839458, 0.03557205594673079, 0.017286505983491858, 0.04865831431225033, 0.023645870870239824]
Timestep: 434, Trans probs: [0.27122678354911584, 0.09746183334701898, 0.37359704339944366, 0.134247260931522, 0.038204587459074485, 0.013728323904094267, 0.052624304769005245, 0.018909862640725344]
Timestep: 435, Trans probs: [0.2401527798859409, 0.10747343572400989, 0.3666460258389486, 0.16408183203284568, 0.03325948873824736, 0.014884322916524853, 0.05077792300845049, 0.02272419185503215]
Timestep: 436, Trans probs: [0.2612641015186411, 0.11093769622899449, 0.356464238476987, 0.1513614812551593, 0.03561763948287649, 0.015123925737892719, 0.048596093611067905, 0.02063482368838099]
Timestep: 437, Trans probs: [0.2609609007191756, 0.08597296447574979, 0.4024609382815389, 0.13258982420125123, 0.03491829323717633, 0.011503750852178841, 0.053851933453229583, 0.017741394779699833]
Timestep: 438, Trans probs: [0.27635341875506825, 0.09937846847796747, 0.37351272031794297, 0.1343175788070681, 0.036418475540418556, 0.01309631825729943, 0.04922234698674135, 0.01770067285749379]
Timestep: 439, Trans probs: [0.2560404972415326, 0.08653920404218123, 0.3988455171523753, 0.13480591532205422, 0.036166076317864275, 0.012223782923387749, 0.05633748398310409, 0.019041523017500676]
Timestep: 440, Trans probs: [0.26350249247926305, 0.07883784457538308, 0.4041854272296815, 0.12092905684403017, 0.04026259829112123, 0.012046248353898595, 0.061758639694668396, 0.018477692531954026]
Timestep: 441, Trans probs: [0.26484171410180274, 0.08145428649900296, 0.4001006204032284, 0.12305429555642483, 0.03976629660628242, 0.012230457455532718, 0.06007558136101074, 0.018476748016715176]
Timestep: 442, Trans probs: [0.24113020537906407, 0.10909868801578951, 0.35884662003501006, 0.16235915107846238, 0.03557465294225671, 0.016095652373853245, 0.05294170403570573, 0.02395332613985825]
Timestep: 443, Trans probs: [0.2653610872708213, 0.10815696093122784, 0.3553206663255874, 0.14482305533596654, 0.03837325984642725, 0.015640330723314198, 0.05138210880106196, 0.020942530765593652]
Timestep: 444, Trans probs: [0.26476113627512804, 0.08648450567296535, 0.39795984450219607, 0.12999400483648624, 0.036377727997449975, 0.011882823391782678, 0.054679003047353035, 0.017860954276638412]
Timestep: 445, Trans probs: [0.24717069114891232, 0.09838216232527094, 0.3660592720185026, 0.1457037748002968, 0.04113691059327303, 0.016373859686742858, 0.06092367778261973, 0.02424965164438176]
Timestep: 446, Trans probs: [0.2718497923222158, 0.0967938254723535, 0.3606551373248631, 0.12841352615989354, 0.045097741548625565, 0.016057334042326735, 0.05982984953684502, 0.02130279359287665]
Timestep: 447, Trans probs: [0.2637798007736907, 0.08087308204458071, 0.3945345326080291, 0.12096158815588831, 0.04288776458434564, 0.0131490951686411, 0.06414708065309775, 0.0196670560117268]
Timestep: 448, Trans probs: [0.286056706234543, 0.08661311669662294, 0.376034104180114, 0.11385674601370115, 0.04557991382858233, 0.013800824484849282, 0.059916798633221635, 0.01814178992836565]
Timestep: 449, Trans probs: [0.2742013107760728, 0.09791194940943734, 0.36295606190202345, 0.12960454299148672, 0.0429139876619276, 0.015323749463558465, 0.056804586083854865, 0.02028381171163884]
Timestep: 450, Trans probs: [0.28329330289092497, 0.08835653400613303, 0.37758152812110374, 0.11776415040197791, 0.043459601653965466, 0.013554643658166771, 0.057924217186160636, 0.018066022081567486]
Timestep: 451, Trans probs: [0.27079392381156325, 0.10024704869134267, 0.3633991012283454, 0.13452919062016452, 0.04083266060357062, 0.01511612099011367, 0.0547964738471211, 0.020285480207778827]
Timestep: 452, Trans probs: [0.264569046245953, 0.10583742160109216, 0.35746705617195934, 0.1430000677305298, 0.03922825424911563, 0.01569275522798236, 0.053002453477344454, 0.021202945296023217]
Timestep: 453, Trans probs: [0.2754856616511099, 0.09438725395975757, 0.3747397646853732, 0.12839382320729797, 0.04007402839190164, 0.013730215475995596, 0.05451220901868553, 0.018677043609878666]
Timestep: 454, Trans probs: [0.26111926507989763, 0.08737611351393733, 0.39439545243600904, 0.1319731878491809, 0.03734913623174085, 0.012497823038960956, 0.05641226616390927, 0.018876755686364138]
Timestep: 455, Trans probs: [0.2862109228117962, 0.08726266204488424, 0.3857948197277583, 0.11762473158548123, 0.04018109806990866, 0.012250788848378213, 0.054161662783698925, 0.01651331412809417]
Timestep: 456, Trans probs: [0.25658623050216994, 0.11629997349724391, 0.34819304861377454, 0.1578215722895702, 0.035353682662160685, 0.0160243686833557, 0.047975709849159526, 0.021745413902565323]
Timestep: 457, Trans probs: [0.26034088778008746, 0.08840742007915978, 0.3970536697370835, 0.13483279892657404, 0.03528778226632671, 0.01198314186097542, 0.05381845151255514, 0.018275847837238086]
Timestep: 458, Trans probs: [0.2901526828334637, 0.08612349197704312, 0.39019320646175576, 0.11581764868772072, 0.03871159033467266, 0.011490423962477486, 0.052058796811434355, 0.015452158931432076]
Timestep: 459, Trans probs: [0.2482275931327072, 0.09983370752935043, 0.3822416703755102, 0.15373231736327425, 0.032561642760504154, 0.013095842726434727, 0.05014114894266269, 0.020166077169556252]
Timestep: 460, Trans probs: [0.25274139850891547, 0.09910169315528566, 0.38351466583436694, 0.15037881786797447, 0.032604612413490004, 0.01278449954740883, 0.04947486683301541, 0.01939944583954321]
Timestep: 461, Trans probs: [0.27795175662314603, 0.10259869191753666, 0.37044638484451026, 0.13674068828483213, 0.03514952594994945, 0.01297453712039615, 0.046846312379350406, 0.0172921028802788]
Timestep: 462, Trans probs: [0.28454936261087943, 0.09533285911776297, 0.3817831931104193, 0.12790920713499332, 0.03532190572570597, 0.011833933597399968, 0.047391812200775714, 0.01587772650206348]
Timestep: 463, Trans probs: [0.26331130398606106, 0.11586734963761795, 0.35564429448923723, 0.15649750387620967, 0.03210579701104859, 0.014127815826207306, 0.043364046108759095, 0.01908188906485898]
Timestep: 464, Trans probs: [0.2659357965148826, 0.11259158001608438, 0.36157074850109827, 0.15308139180525357, 0.03180479370436153, 0.01346547558541739, 0.04324232847293824, 0.01830788539996405]
Timestep: 465, Trans probs: [0.2519079589846036, 0.0879759377586281, 0.3859252312524035, 0.13477991827253355, 0.04080778039991371, 0.014251644779314001, 0.06251788213129283, 0.02183364642131067]
Timestep: 466, Trans probs: [0.28605338594620466, 0.08750687416408008, 0.38546684297502476, 0.11791854311063522, 0.04013944845243824, 0.012279098368734746, 0.05408929673228852, 0.01654651025059387]
Timestep: 467, Trans probs: [0.267932994682826, 0.10512211169033539, 0.3634296972158804, 0.14258974437821034, 0.03685684970794488, 0.01446059256770153, 0.049993371460451214, 0.019614638296650368]
Timestep: 468, Trans probs: [0.2571535348470479, 0.08883204695954211, 0.3977184182734558, 0.13738928858106664, 0.03470379530900409, 0.01198820454246297, 0.05367353237664947, 0.01854117911077109]
Timestep: 469, Trans probs: [0.26618377342429494, 0.1103393388919412, 0.35787220091098626, 0.1483463155861856, 0.03535833667433315, 0.014656849449443229, 0.04753770526058792, 0.019705479802227803]
Timestep: 470, Trans probs: [0.28024032210264677, 0.09564812443436979, 0.3792422509486882, 0.12943822551068937, 0.0365697249351341, 0.012481521484425051, 0.049488898303131225, 0.01689093228091555]
Timestep: 471, Trans probs: [0.27347738865372095, 0.10181973070247137, 0.37250405263183267, 0.13868884192315242, 0.035017218575010105, 0.013037435317080995, 0.047697017641200413, 0.01775831455553126]
Timestep: 472, Trans probs: [0.2820681010384952, 0.09262864701158129, 0.3866964118042314, 0.1269876504921441, 0.035439996562683124, 0.011638178580315307, 0.048585853751940335, 0.015955160758609126]
Timestep: 473, Trans probs: [0.2655279746294288, 0.08203314323752525, 0.4145541998145634, 0.12807382762801628, 0.032754672410824914, 0.010119343309590464, 0.051138065698757264, 0.01579877327129355]
Timestep: 474, Trans probs: [0.2550707670887555, 0.1229428731009418, 0.34661922894568964, 0.16706878787010485, 0.03097868127195842, 0.01493157418202944, 0.0420973627781663, 0.02029072476235388]
Timestep: 475, Trans probs: [0.2764513953213041, 0.10078318692276565, 0.37809857925340234, 0.13783970865417158, 0.03306471803127448, 0.01205408152858643, 0.04522213713737701, 0.016486193151118402]
Timestep: 476, Trans probs: [0.2858740772881057, 0.09062946748477554, 0.39349577021664245, 0.12474832433409205, 0.033628388797428896, 0.010661067970883061, 0.04628831294015185, 0.014674590967920377]
Timestep: 477, Trans probs: [0.2842357710530739, 0.09152739303501564, 0.39373828489687085, 0.12678854115078886, 0.032889014653865, 0.010590664783696782, 0.04555958658469779, 0.014670743841991046]
Timestep: 478, Trans probs: [0.256875924005451, 0.1181373494028185, 0.3580970006625194, 0.16468896667198624, 0.029241408632222122, 0.01344813657406878, 0.04076388539287023, 0.018747328658063604]
Timestep: 479, Trans probs: [0.2593345968877748, 0.08973503953223005, 0.4086842468079014, 0.14141305280365965, 0.029081921219904706, 0.010062935611597799, 0.04583007131372744, 0.015858135823204247]
Timestep: 480, Trans probs: [0.24544678984727042, 0.09288836808815146, 0.3811895666205491, 0.14425968576588521, 0.038706046108421405, 0.014648150258527379, 0.0601121772700513, 0.02274921604114364]
Timestep: 481, Trans probs: [0.2558270077612733, 0.09310392435470331, 0.3916230688610288, 0.14252461027421476, 0.033872011671205175, 0.012327147317144611, 0.05185168397682365, 0.01887054578360653]
Timestep: 482, Trans probs: [0.25928771216137797, 0.09343144512075344, 0.3913215436257299, 0.14100836874629932, 0.03367650988192247, 0.01213495602496209, 0.05082517687039093, 0.01831428756856397]
Timestep: 483, Trans probs: [0.2584165829441288, 0.08996353457045544, 0.3845786800619087, 0.13388481878614558, 0.03969553101302333, 0.013819354144756315, 0.05907536872216008, 0.020566129757421586]
Timestep: 484, Trans probs: [0.1936840004228247, 0.1711452571599965, 0.267645643247672, 0.23650008437133388, 0.02920388901146086, 0.02580547223326281, 0.04035590778145116, 0.035659745771998416]
Timestep: 485, Trans probs: [0.21613484566855962, 0.1320399263682255, 0.32466473798377016, 0.1983424188965574, 0.0319589663061874, 0.019524198168141254, 0.04800683290995972, 0.029328073698598762]
Timestep: 486, Trans probs: [0.25090776442619606, 0.11757510798790052, 0.3437138316008835, 0.16106393104186334, 0.036415119892142286, 0.017064085934137645, 0.04988438845229693, 0.023375770664579867]
Timestep: 487, Trans probs: [0.24395626965345965, 0.10173471486588508, 0.36986048132817856, 0.15423932601335233, 0.03652068174255013, 0.015229865373264786, 0.05536876320875182, 0.02308989781455773]
Timestep: 488, Trans probs: [0.267899442888181, 0.09567957293209792, 0.3638320919261989, 0.12994166318225772, 0.04457338273525097, 0.01591926499835177, 0.06053475479440403, 0.021619826543257694]
Timestep: 489, Trans probs: [0.26512220333187786, 0.09812077133172963, 0.3623430752344805, 0.13410186541114674, 0.04327134112839509, 0.0160145673003541, 0.05913903330969228, 0.021887142952323763]
Timestep: 490, Trans probs: [0.2550129125354071, 0.08565467510270049, 0.3901873909277775, 0.1310575761313608, 0.04085574739492954, 0.013722778718919998, 0.06251211878621452, 0.020996800402690148]
Timestep: 491, Trans probs: [0.26090161132951784, 0.08351563850833806, 0.3936792021456641, 0.12601827089953446, 0.0410277557098945, 0.013133147002102436, 0.061907529245953365, 0.019816845158995216]
Timestep: 492, Trans probs: [0.28513423319531894, 0.08273118596352304, 0.3863619934742729, 0.11210223891096885, 0.0439947914053238, 0.01276500975835827, 0.059613730415183155, 0.017296816877051206]
Timestep: 493, Trans probs: [0.2860513601456328, 0.08141948352220385, 0.39005016938231474, 0.1110209135963832, 0.043295273988755344, 0.012323237495959111, 0.05903600298970845, 0.01680355887904254]
Timestep: 494, Trans probs: [0.2840907019254646, 0.0829677199275881, 0.38980584286918324, 0.11384146604626656, 0.042185664344366165, 0.01232017929682507, 0.05788369114264953, 0.01690473444765665]
Timestep: 495, Trans probs: [0.27401690165167186, 0.09251247974379337, 0.37832671530762385, 0.12772913778480746, 0.040011907021084404, 0.013508658464082848, 0.05524321041963931, 0.018650989607296782]
Timestep: 496, Trans probs: [0.2793107741756839, 0.08679797022028254, 0.3880264899183637, 0.12058221461743734, 0.04000465107024783, 0.012431752847758413, 0.05557560169674456, 0.017270545453481723]
Timestep: 497, Trans probs: [0.2598198888510544, 0.10586369819059041, 0.36317493732955036, 0.14797574629816904, 0.036495957303899346, 0.014870289669824076, 0.05101386604866066, 0.020785616308251695]
Timestep: 498, Trans probs: [0.26356222862512607, 0.08471408218284644, 0.40133498309666493, 0.12899695422313245, 0.03641472832554219, 0.01170440963459785, 0.0554499195625935, 0.017822694349496616]
Timestep: 499, Trans probs: [0.26135894191465103, 0.10759621959647657, 0.36221612455994884, 0.14911709312116803, 0.03554256001642626, 0.014632157080729178, 0.04925826624402791, 0.0202786374665723]
