Timestep: 0, Trans probs: [0.125, 0.125, 0.125, 0.125, 0.125, 0.125, 0.125, 0.125]
Timestep: 1, Trans probs: [0.14814814814814795, 0.07407407407407408, 0.29629629629629634, 0.14814814814814817, 0.07407407407407408, 0.03703703703703704, 0.14814814814814817, 0.07407407407407408]
Timestep: 2, Trans probs: [0.1406846759524108, 0.04690413698878284, 0.42153741925406824, 0.140540174150019, 0.04697836291612608, 0.015662541458830254, 0.14076257936680744, 0.04693010991295542]
Timestep: 3, Trans probs: [0.13085644511479202, 0.032827505764433905, 0.5081883992342753, 0.12748747370178876, 0.03284510857378734, 0.00823973928142099, 0.1275558352066386, 0.03199949312286319]
Timestep: 4, Trans probs: [0.2305531073579895, 0.04642876511387117, 0.461106214715979, 0.09285753022774235, 0.04690561259417632, 0.00944584826729633, 0.09381122518835264, 0.01889169653459266]
Timestep: 5, Trans probs: [0.3668502823787527, 0.06257366698389212, 0.3635348790763695, 0.06200815851320101, 0.06223094295194676, 0.010614734368252027, 0.061668531843972536, 0.010518803883613374]
Timestep: 6, Trans probs: [0.4581901165792135, 0.06730633340384472, 0.302035227276015, 0.0443677918208237, 0.06731784945124522, 0.00988872840170051, 0.04437538310633614, 0.006518569960821143]
Timestep: 7, Trans probs: [0.5257268678308666, 0.06765619306957155, 0.25962477678882095, 0.033411311269942276, 0.06736373546685605, 0.00866909068474581, 0.033266884107338836, 0.004281140781857969]
Timestep: 8, Trans probs: [0.42875821475513437, 0.049181391791543634, 0.16930649032772382, 0.019420569792264874, 0.21437910737756719, 0.024590695895771817, 0.08465324516386191, 0.009710284896132437]
Timestep: 9, Trans probs: [0.5401295420585945, 0.05637238954730159, 0.17804306650376645, 0.018582048045166246, 0.14088309605178728, 0.014703725963575793, 0.04643933813359868, 0.004846793696209431]
Timestep: 10, Trans probs: [0.25791849906973985, 0.024781658162928332, 0.48293261038052887, 0.0464017544664172, 0.059701616894311166, 0.00573632782055263, 0.111786699266236, 0.010740833939285864]
Timestep: 11, Trans probs: [0.22581410264225657, 0.020053301920955505, 0.5341177277749187, 0.0474320422465982, 0.047100346777517677, 0.004182721377714871, 0.1114063732240558, 0.00989338403598264]
Timestep: 12, Trans probs: [0.3741560018021156, 0.18707800090105775, 0.18669276683506175, 0.09334638341753088, 0.07059372126647338, 0.03529686063323669, 0.035224176763016014, 0.017612088381508007]
Timestep: 13, Trans probs: [0.2982051502747189, 0.29959032528082635, 0.12729844739977889, 0.12788975384600226, 0.05139726110199455, 0.05163600346239735, 0.021940571894407138, 0.02204248673987455]
Timestep: 14, Trans probs: [0.2857942413061912, 0.051655696608662496, 0.44512859318162046, 0.08045448171433271, 0.04535675415270752, 0.0081979774013564, 0.07064378930451863, 0.012768466330610562]
Timestep: 15, Trans probs: [0.2844637806986934, 0.19013231764323923, 0.1640832357106092, 0.10967134661373541, 0.09565718136875269, 0.06393615928252393, 0.05517658451768452, 0.03687939416476162]
Timestep: 16, Trans probs: [0.31211614762495754, 0.08569942089387197, 0.1568205985459752, 0.043059080992404915, 0.2100833321926948, 0.05768371820993613, 0.10555491649403194, 0.028982785046127533]
Timestep: 17, Trans probs: [0.29916099639462246, 0.07542173995266248, 0.34493279566843116, 0.086961308223925, 0.07178703517653597, 0.018098292104614257, 0.08277049159017864, 0.020867340889030094]
Timestep: 18, Trans probs: [0.3305639015789216, 0.07683258203588973, 0.20910297344734, 0.04860156019638913, 0.16644917312883153, 0.03868758714470118, 0.10528983008382145, 0.024472392384105184]
Timestep: 19, Trans probs: [0.3237498254164936, 0.07002530764778175, 0.29660062611821936, 0.06415308507343179, 0.10532565377974212, 0.022781359957930167, 0.0964931944509731, 0.02087094755542803]
Timestep: 20, Trans probs: [0.30141419186691376, 0.06093416065070847, 0.33823187546419997, 0.06837725625681905, 0.09056351567220904, 0.018308400738807743, 0.10162583110209931, 0.020544768248242654]
Timestep: 21, Trans probs: [0.2824045400214367, 0.053362939741724374, 0.375118387522601, 0.07088207543640025, 0.07883378223323051, 0.014896369479771025, 0.10471503493319398, 0.01978687063164223]
Timestep: 22, Trans probs: [0.2656457985396827, 0.047307213953933364, 0.40776293367395533, 0.07261597379608371, 0.06920244323010863, 0.012323834241002049, 0.1062248732110067, 0.018916929354227525]
Timestep: 23, Trans probs: [0.390321732383625, 0.06541671634950244, 0.29773296953723205, 0.04989912577291393, 0.09553343778377964, 0.016011108997774404, 0.07287181768682473, 0.012213091488347927]
Timestep: 24, Trans probs: [0.30891559180676037, 0.04919090773079919, 0.3924091722494584, 0.06248620625441654, 0.0710535080813662, 0.011314374064247497, 0.09025782133091709, 0.014372418482034464]
Timestep: 25, Trans probs: [0.2919701702195925, 0.044115522069268796, 0.4215005753171164, 0.06368704692889192, 0.06353897034581192, 0.009600483660509184, 0.09172756427711175, 0.013859667181697769]
Timestep: 26, Trans probs: [0.3830019309154439, 0.05508725038380262, 0.3421366018711177, 0.049209581287721016, 0.07876030798508775, 0.011328112095700628, 0.07035678402960759, 0.010119431431518751]
Timestep: 27, Trans probs: [0.3506420022277439, 0.048046384718994334, 0.276966994380206, 0.037951137290768065, 0.14072402804192505, 0.01928257524070771, 0.11115585365193274, 0.015231024447722081]
Timestep: 28, Trans probs: [0.31377455107364977, 0.04111727688476789, 0.3855942576756363, 0.05052859068326499, 0.082898937381042, 0.010863145370094947, 0.10187363542443242, 0.013349605507111669]
Timestep: 29, Trans probs: [0.2988839163884913, 0.03738653829337532, 0.41202450278830327, 0.051538972178353626, 0.07479855107051221, 0.009356337830677505, 0.10311306204263855, 0.012898119407648165]
Timestep: 30, Trans probs: [0.35144312075767625, 0.042075321243029665, 0.3183468331634097, 0.03811298181957391, 0.11716129208374752, 0.014026733518198858, 0.10612791686968771, 0.012705800544676404]
Timestep: 31, Trans probs: [0.3120115804679412, 0.035935090775617295, 0.3735055032278577, 0.0430174871828668, 0.09612963967251556, 0.01107147152255832, 0.1150756949057688, 0.01325353224487426]
Timestep: 32, Trans probs: [0.29904812071066234, 0.033198534072981394, 0.397553245249327, 0.04413398394502447, 0.08735196707663634, 0.009697293025765082, 0.11612531758334832, 0.012891538336255195]
Timestep: 33, Trans probs: [0.2562545943531297, 0.12832510552608084, 0.2619625908287046, 0.13118350988725788, 0.07323761762829721, 0.03667534248255797, 0.07486896423637303, 0.03749227505759879]
Timestep: 34, Trans probs: [0.33510841055481244, 0.05234345366753661, 0.30683292847514376, 0.047926863872866814, 0.11639138413083605, 0.018180167464213415, 0.1065706145155029, 0.016646177319087945]
Timestep: 35, Trans probs: [0.3575484706587488, 0.053653319720917324, 0.2964395901318588, 0.044483390120446976, 0.11783604613933397, 0.017682344009231053, 0.09769659804709961, 0.014660241172363473]
Timestep: 36, Trans probs: [0.30943807602824414, 0.12375677567181594, 0.2343873427570491, 0.09374095835332666, 0.09700966549380056, 0.03879808058727188, 0.0734810596313516, 0.02938804147714022]
Timestep: 37, Trans probs: [0.3803201892760847, 0.0735124718629275, 0.26513438605944656, 0.05124809211992899, 0.11346417026358128, 0.021931603578102334, 0.07909980582372104, 0.0152892810162076]
Timestep: 38, Trans probs: [0.30202565487278243, 0.05620563005164127, 0.35441566791913554, 0.06595517829092679, 0.08588190766202178, 0.01598224075439563, 0.10077916619045445, 0.018754554258642257]
Timestep: 39, Trans probs: [0.37517603058008797, 0.067229571661589, 0.29149500455935595, 0.05223437186996702, 0.10206520757769197, 0.018289548445805166, 0.07930010374652639, 0.014210161558976447]
Timestep: 40, Trans probs: [0.39709457834919665, 0.06854805393498299, 0.2856613546022073, 0.04931200527546065, 0.09889173998170483, 0.01707108758364626, 0.07114060463777223, 0.012280575635029135]
Timestep: 41, Trans probs: [0.31709543297665704, 0.05265012393705281, 0.33284359253848067, 0.055264928398054095, 0.1013168211028368, 0.016822516609267132, 0.10634859797217337, 0.017657986465478115]
Timestep: 42, Trans probs: [0.3064603516774272, 0.0490256654857853, 0.3540125948572229, 0.056632784496355476, 0.09354982029926803, 0.014965531988538325, 0.10806557667671737, 0.01728767451868541]
Timestep: 43, Trans probs: [0.34198835382236026, 0.11407049562274925, 0.27159349407478106, 0.09059023247650397, 0.0759663748299742, 0.025338646566952564, 0.060329461344710344, 0.020122941261968355]
Timestep: 44, Trans probs: [0.3016697159928997, 0.0603933601846318, 0.3151934040841911, 0.06310076143382183, 0.10579535492614008, 0.021179908479993802, 0.11053810272506817, 0.022129392173253472]
Timestep: 45, Trans probs: [0.2932125246612317, 0.0566153353250086, 0.33437332935214226, 0.06456292474846682, 0.09838279774389877, 0.018996375038613032, 0.11219365090428356, 0.021663062226355195]
Timestep: 46, Trans probs: [0.28514906088737607, 0.053199018262518445, 0.3524765855916408, 0.0657600212872733, 0.09174075218044804, 0.017115672537993974, 0.11340197645239651, 0.021156912800352874]
Timestep: 47, Trans probs: [0.3464530278356886, 0.06229031021712016, 0.3011730035183099, 0.054149215942412496, 0.10698061333397388, 0.019234513935180463, 0.092998675281616, 0.016720639935698525]
Timestep: 48, Trans probs: [0.3087247522912904, 0.05359889330543055, 0.3482201423749756, 0.06045584009521839, 0.09169665007091178, 0.01591980859046545, 0.1034274715778986, 0.017956441693809187]
Timestep: 49, Trans probs: [0.3004690344368379, 0.05046480285710561, 0.3652641493034467, 0.061347364196498104, 0.08596377508360153, 0.014437910284423826, 0.10450156780939461, 0.017551396028691723]
Timestep: 50, Trans probs: [0.2926877845306231, 0.04753455371063168, 0.38154237622644416, 0.061965164021802244, 0.08076714243314957, 0.013117151698693813, 0.10528655131399715, 0.017099276064658414]
Timestep: 51, Trans probs: [0.31581770697248973, 0.09036976318938933, 0.2982894698146849, 0.08535413991651106, 0.08403704046951294, 0.024046806998787272, 0.07937289041437379, 0.022712182224251063]
Timestep: 52, Trans probs: [0.3709431680806452, 0.0731865038030872, 0.325807105884592, 0.06428122970231269, 0.07371657884252547, 0.014544165096029356, 0.06474680564321666, 0.012774442947591445]
Timestep: 53, Trans probs: [0.2928259952313228, 0.0560032846562562, 0.35058701824105987, 0.06705014206075495, 0.08922073229267097, 0.01706356043929395, 0.10681985550859807, 0.020429411570043094]
Timestep: 54, Trans probs: [0.3477856281361527, 0.08689539181182851, 0.32990286442884537, 0.08242732403297108, 0.06281770825781904, 0.015695212597017873, 0.05958768912382139, 0.01488818161154383]
Timestep: 55, Trans probs: [0.287868901595791, 0.06512330968142185, 0.31849234602275667, 0.07205111620680117, 0.09929329095658783, 0.0224626824933421, 0.10985609423517603, 0.02485225880812349]
Timestep: 56, Trans probs: [0.2821940419076655, 0.06181318759568966, 0.3336983832620226, 0.07309495489526649, 0.09366348146492592, 0.020516515201803052, 0.11075837081551503, 0.024261064857111766]
Timestep: 57, Trans probs: [0.2766188473750733, 0.058703505487888365, 0.3482803262666918, 0.07391136301207313, 0.08854777923027148, 0.01879143483284204, 0.11148715907522416, 0.023659584719935678]
Timestep: 58, Trans probs: [0.2713688589126456, 0.055788031603219254, 0.36250217084405056, 0.07452322511992214, 0.08374125514494517, 0.017215533894488974, 0.11186392904802663, 0.022996995432701707]
Timestep: 59, Trans probs: [0.2662086891910687, 0.05302706481046651, 0.37617836713571945, 0.07493231988413433, 0.07936140111545266, 0.01580828249140308, 0.11214525857864238, 0.02233861679311295]
Timestep: 60, Trans probs: [0.26122298182916737, 0.050477050507842874, 0.38947628194696726, 0.07525989412486211, 0.07521545187615258, 0.014534150620046465, 0.11214417022788153, 0.02167001886707982]
Timestep: 61, Trans probs: [0.3476022498475622, 0.07734370645199057, 0.3541645537332304, 0.07880386071049857, 0.05756901397729455, 0.012809470939106575, 0.05865584631017779, 0.013051298030139262]
Timestep: 62, Trans probs: [0.2583974589416331, 0.05839517990574167, 0.3573308663402028, 0.08075311696669574, 0.08390676847531389, 0.018962070526909174, 0.1160324037004681, 0.02622213514303552]
Timestep: 63, Trans probs: [0.2542212614954718, 0.0556888917492049, 0.3701871890000848, 0.08109201478230953, 0.07975774011375676, 0.01747147397990286, 0.11614014280326755, 0.025441286076001816]
Timestep: 64, Trans probs: [0.34228752144357544, 0.07285825781889246, 0.37281106289419463, 0.07935540397010402, 0.052365641788189504, 0.011146387733227982, 0.05703535580805501, 0.012140368543761104]
Timestep: 65, Trans probs: [0.2607262835036646, 0.053821747576844416, 0.3529186226640451, 0.07285301953044128, 0.09145439319005946, 0.018878937707865105, 0.12379250011730474, 0.025554495709775315]
Timestep: 66, Trans probs: [0.2566360135350087, 0.051507445207215286, 0.3655331558846473, 0.07336335512233398, 0.08690117848587608, 0.017441268774591148, 0.123775543363886, 0.024842039626441485]
Timestep: 67, Trans probs: [0.2525684118260922, 0.04932461484772336, 0.37776202912836326, 0.07377393893453642, 0.08265682318673324, 0.01614222435317543, 0.1236283232038717, 0.024143634519504357]
Timestep: 68, Trans probs: [0.24863765383945238, 0.04728080846451489, 0.3897570365849105, 0.07411599775779425, 0.07860693225661582, 0.01494785383716656, 0.12322190343363028, 0.023431813825915297]
Timestep: 69, Trans probs: [0.2448275463985089, 0.045230555300071966, 0.401514282719891, 0.07417757615709769, 0.07489502494120931, 0.013836447806366076, 0.12282695579365227, 0.022691610883202967]
Timestep: 70, Trans probs: [0.24100455641911891, 0.04333598379022632, 0.4128014486232958, 0.07422746338044722, 0.07143270140547825, 0.012844596949513544, 0.1223525524055921, 0.022000697026327766]
Timestep: 71, Trans probs: [0.3452941147647675, 0.06040948966514653, 0.4004566049518167, 0.0700602127396723, 0.048778091323263995, 0.008533767236912536, 0.056570639382751184, 0.009897079935669203]
Timestep: 72, Trans probs: [0.3082828329357573, 0.05255934072498258, 0.3338306522435461, 0.056915005057605925, 0.10189255872966245, 0.017371728618857718, 0.11033653419999342, 0.01881134748959453]
Timestep: 73, Trans probs: [0.2503225260514558, 0.041619373315423536, 0.39938448795493625, 0.06640286179106766, 0.0800362747266884, 0.013307070878395952, 0.127696244935497, 0.021231160346535258]
Timestep: 74, Trans probs: [0.35388117956030696, 0.05732961029837601, 0.4067187630142029, 0.06588942710548469, 0.046518888300837405, 0.00753617285076955, 0.05346456889857904, 0.008661389971443414]
Timestep: 75, Trans probs: [0.3071753099522171, 0.048537615420322096, 0.33095025757962426, 0.05229436027314538, 0.10851204958334834, 0.01714628734961408, 0.11691073337140419, 0.018473386470324538]
Timestep: 76, Trans probs: [0.32059138625621514, 0.049416285407281754, 0.3249429496224559, 0.050087039852013335, 0.10971086956068644, 0.016910946066901175, 0.11120003558736542, 0.017140487647080704]
Timestep: 77, Trans probs: [0.2619382913051952, 0.039383558261785044, 0.39094466577311243, 0.058780226231490526, 0.0868260089793425, 0.013054667060082414, 0.1295884037866481, 0.01948417860234378]
Timestep: 78, Trans probs: [0.3183476110542224, 0.046769539347236315, 0.341552589054148, 0.05017866224916512, 0.10227507948348195, 0.0150255826902678, 0.109730109416, 0.016120826705478396]
Timestep: 79, Trans probs: [0.27780955946055746, 0.03990405011666961, 0.3888497001455181, 0.055853650078091406, 0.08657052926822512, 0.01243483033936537, 0.12117266379441308, 0.017405016797159976]
Timestep: 80, Trans probs: [0.2736475157181058, 0.03831000654945731, 0.4000985076442894, 0.05601284706735842, 0.08263240125282038, 0.01156834121035464, 0.12081637334641465, 0.01691400721119933]
Timestep: 81, Trans probs: [0.26947652819931006, 0.03679574762303295, 0.4109775575620711, 0.056117045101604465, 0.07896938498338364, 0.010782896674568903, 0.12043588797702572, 0.01644495187900322]
Timestep: 82, Trans probs: [0.26525754964639126, 0.03544134063813772, 0.4213838907793277, 0.056301545544858916, 0.07552211481842659, 0.010090589318044012, 0.11997322083573228, 0.016029748419081637]
Timestep: 83, Trans probs: [0.3249221881940313, 0.04248740784102075, 0.3679493543494667, 0.04811371722558537, 0.08979832679875102, 0.0117421902005087, 0.10168968930965057, 0.013297126080985742]
Timestep: 84, Trans probs: [0.28081380256490823, 0.03581480521529231, 0.4182770627906841, 0.053346777804521545, 0.07543476113275925, 0.009620899157217885, 0.1123613940295339, 0.01433049730508278]
Timestep: 85, Trans probs: [0.2762870047795003, 0.034443548151131445, 0.4287190045908178, 0.05344660958525334, 0.07216594056349238, 0.008996626716678524, 0.11198105473122906, 0.013960210881897236]
Timestep: 86, Trans probs: [0.2718707370727989, 0.033133705082921405, 0.4390037365107357, 0.053502706810083484, 0.06902835537074432, 0.008412693450714786, 0.11146365460006548, 0.013584411101935754]
Timestep: 87, Trans probs: [0.3267511339854535, 0.039017171837752745, 0.3895050292870782, 0.04651057970020519, 0.08077903461699928, 0.00964577975934294, 0.09629297949330745, 0.011498291319860701]
Timestep: 88, Trans probs: [0.3751285728560471, 0.04385922431751961, 0.4219515465845608, 0.04933366550001058, 0.04623495154040815, 0.005405690895474856, 0.05200592735500275, 0.006080420950976158]
Timestep: 89, Trans probs: [0.2792389832775712, 0.03194894438663396, 0.4237259645121515, 0.04848032719670384, 0.07720860897175928, 0.008833772151920867, 0.11715875742421092, 0.013404642079048509]
Timestep: 90, Trans probs: [0.2749126652663215, 0.03077335011376343, 0.4338283171282355, 0.04856215219956799, 0.07392741637654304, 0.008275334513807976, 0.11666180095851351, 0.013058963443247109]
Timestep: 91, Trans probs: [0.3275263880204234, 0.035864889633131225, 0.3869378092065487, 0.042370576325022995, 0.08565202397031464, 0.009379092796511068, 0.10118881324186221, 0.011080406806185682]
Timestep: 92, Trans probs: [0.339942903086143, 0.03640900355721477, 0.38007962125731, 0.04070777814966049, 0.08651066720697753, 0.00926557713510408, 0.09672489505807698, 0.01035955454951312]
Timestep: 93, Trans probs: [0.39331116844657266, 0.041301587079471194, 0.4173618270768737, 0.04382714559758113, 0.045749346916199245, 0.00480413674229292, 0.04854688233729214, 0.00509790580371704]
Timestep: 94, Trans probs: [0.28449710520661836, 0.02927356784811741, 0.42244582150867066, 0.04346791651572864, 0.08039040718170228, 0.008271838257412957, 0.11937060511960769, 0.012282738362141946]
Timestep: 95, Trans probs: [0.2800113707189782, 0.02824107184495142, 0.4323220960148275, 0.043602655643466805, 0.07706528591180267, 0.007772563916238966, 0.11898454641261602, 0.012000409537118487]
Timestep: 96, Trans probs: [0.275623168819641, 0.027287294782954146, 0.44201923779937186, 0.043760868482942424, 0.0738461659790008, 0.0073109314731757665, 0.11842772920807428, 0.011724603454839545]
Timestep: 97, Trans probs: [0.2713192377911679, 0.02637329846403205, 0.45146195967092906, 0.04388388049623881, 0.07080700207022414, 0.006882719464141681, 0.1178193930267908, 0.011452509016475645]
Timestep: 98, Trans probs: [0.3445358188024738, 0.03282383235557009, 0.3831851908944805, 0.03650594736644328, 0.0877274991394516, 0.008357774627716306, 0.09756860294319206, 0.0092953338706725]
Timestep: 99, Trans probs: [0.285161234361012, 0.02670331091257928, 0.4472644617337986, 0.04188311924160324, 0.07083991096043868, 0.006633651210112232, 0.11110968402135217, 0.010404627559103674]
Timestep: 100, Trans probs: [0.38149041002312006, 0.03513676029776316, 0.4438237511725251, 0.04087790505260145, 0.04176290085237128, 0.003846526670225044, 0.04858671890342496, 0.004475027027969009]
Timestep: 101, Trans probs: [0.3412706433221545, 0.030915837855300464, 0.3775497929100441, 0.03420237986567962, 0.09405760793988513, 0.008520714608850555, 0.1040565049886095, 0.009426518509476126]
Timestep: 102, Trans probs: [0.2917991755179899, 0.025954023806815402, 0.4319548465501175, 0.03842014409715106, 0.0784441164118792, 0.006977197455216912, 0.11612204252223397, 0.010328453638595986]
Timestep: 103, Trans probs: [0.2873243946916815, 0.025090031683947474, 0.44130980410078186, 0.0385365015010535, 0.07533954041782033, 0.0065788756230237356, 0.11571616763870211, 0.010104684342989657]
Timestep: 104, Trans probs: [0.28294746721945496, 0.024296757722091413, 0.45049126934258055, 0.038683778775954754, 0.07232704306742693, 0.006210738196152737, 0.11515459657382052, 0.0098883491025182]
Timestep: 105, Trans probs: [0.27857167153832696, 0.023541040850895027, 0.45950602001126784, 0.038831119936146005, 0.06944722149430162, 0.005868722649185739, 0.11455370236846575, 0.009680501151411223]
Timestep: 106, Trans probs: [0.3446001000603237, 0.028542304690514917, 0.39819762108722795, 0.032981644016122726, 0.08383557807177762, 0.00694387672206493, 0.09687497985290941, 0.008023895499058771]
Timestep: 107, Trans probs: [0.32046324344704047, 0.06429251166209832, 0.35281033217358587, 0.07078210328208091, 0.07597884325216746, 0.015243154295384856, 0.08364803600445361, 0.016781775883188643]
Timestep: 108, Trans probs: [0.35866197250210785, 0.037201532869559184, 0.37702908481588737, 0.039106626759756714, 0.08304039003278195, 0.008613206964079244, 0.08729289597778625, 0.009054290078041495]
Timestep: 109, Trans probs: [0.41016932497285474, 0.041754299707493184, 0.4125017374339019, 0.04199173396454422, 0.04234787350814024, 0.004310916723357894, 0.04258868310031482, 0.004335430589393005]
Timestep: 110, Trans probs: [0.2824104276184006, 0.02818966561290472, 0.4398280506235095, 0.043902789917537086, 0.07312202820225727, 0.007298900190556261, 0.11388077767897761, 0.011367360155856916]
Timestep: 111, Trans probs: [0.2782455513298792, 0.02727952844362591, 0.4488294264135689, 0.04400377668453475, 0.07027660632728187, 0.006890002992190584, 0.11336105377933124, 0.011114054029587622]
Timestep: 112, Trans probs: [0.3759934717430087, 0.0682914376178334, 0.3944254258680303, 0.07163922086382558, 0.03702751478529419, 0.006725282235303439, 0.0388426778271477, 0.007054969059556767]
Timestep: 113, Trans probs: [0.27657928249947183, 0.032649572769970506, 0.4221420098455149, 0.049832930887508044, 0.07746313756398496, 0.009144352114986747, 0.11823172106270345, 0.01395699325585951]
Timestep: 114, Trans probs: [0.27289103815789123, 0.03163828376448441, 0.4311471933233874, 0.04998609459184211, 0.07444767281156324, 0.008631271345213345, 0.11762169032312418, 0.013636755682494006]
Timestep: 115, Trans probs: [0.2692874548760695, 0.0306212751956935, 0.43997820559926165, 0.05003089995396466, 0.07161819724534016, 0.008143864436159096, 0.11701416215902213, 0.013305940534489191]
Timestep: 116, Trans probs: [0.2656450685945092, 0.029724108861365117, 0.4485205845765703, 0.05018679530944871, 0.06888825333572689, 0.007708187290109433, 0.11631234044763193, 0.013014661584638326]
Timestep: 117, Trans probs: [0.3437416555774812, 0.03774136247278415, 0.37549551361576305, 0.0412278001700681, 0.08690095131186762, 0.009541352493869304, 0.09492860937010576, 0.010422754988060876]
Timestep: 118, Trans probs: [0.3538066525159649, 0.03811503820137951, 0.37040068989497194, 0.03990268793639243, 0.08722500603844838, 0.009396613697423346, 0.0913159834135016, 0.009837328301917948]
Timestep: 119, Trans probs: [0.2805696166159363, 0.029716329762288638, 0.44844182754750356, 0.04749639461084851, 0.06743485604234933, 0.007142314423767485, 0.1077829112388511, 0.011415749758454996]
Timestep: 120, Trans probs: [0.27662266204930375, 0.028839899414073628, 0.45690372731392076, 0.047635495371309074, 0.06488604504578223, 0.006764836252511656, 0.10717370591565198, 0.011173628637446958]
Timestep: 121, Trans probs: [0.35329520444257656, 0.03619094507535418, 0.38464268909739496, 0.03940212677588989, 0.08097862098296434, 0.008295308816592578, 0.08816376260592228, 0.009031342203304956]
Timestep: 122, Trans probs: [0.36307222933071465, 0.03659507002317825, 0.37933519236357405, 0.038234259757047286, 0.08119588352108131, 0.00818396121489435, 0.08483286136033352, 0.008550542429176503]
Timestep: 123, Trans probs: [0.39093683951887204, 0.06520925582760799, 0.39254923423727445, 0.06547820735393839, 0.03670279751157178, 0.0061221196637965885, 0.03685417592075697, 0.006147369966181705]
Timestep: 124, Trans probs: [0.3635786174670841, 0.04353329215938165, 0.35138020829197764, 0.04207270871198552, 0.09057400749569833, 0.010844930204712135, 0.08753516321008321, 0.010481072459077447]
Timestep: 125, Trans probs: [0.37264377345590366, 0.04386417452314086, 0.3471149963515729, 0.04085916326565576, 0.09056574971091085, 0.010660561464093752, 0.08436134485472711, 0.00993023637399515]
Timestep: 126, Trans probs: [0.3814043555354607, 0.044114514136687266, 0.34285903088137226, 0.039656231884066556, 0.09061079855819476, 0.010480350567366199, 0.08145352859810617, 0.009421189838746173]
Timestep: 127, Trans probs: [0.2838832397196533, 0.03229832792046611, 0.4447550890294243, 0.05060124621641753, 0.06592573249238771, 0.007500586961522748, 0.10328473443144257, 0.011751043228685702]
Timestep: 128, Trans probs: [0.279887714344086, 0.03136344034607562, 0.452983400753576, 0.050760062479310586, 0.06353506194044767, 0.007119562677923428, 0.1028281233862639, 0.011522634072316629]
Timestep: 129, Trans probs: [0.2759758869289929, 0.03039940094671545, 0.46122163204475924, 0.05080466077615901, 0.06123739984653016, 0.0067454453777984445, 0.10234232350401382, 0.011273250575031061]
Timestep: 130, Trans probs: [0.2721225793676836, 0.029527175690216182, 0.46944525906450146, 0.05093804664627812, 0.058913473018364, 0.00639251793208832, 0.10163306061466733, 0.011027887666200971]
Timestep: 131, Trans probs: [0.26828747162529837, 0.02868619476209778, 0.4774527951336767, 0.051050851491274474, 0.05672142613139312, 0.006064844799989738, 0.10094322812145923, 0.010793187934810725]
Timestep: 132, Trans probs: [0.42938565273936796, 0.045209728423325796, 0.4010577893119712, 0.04222710661424775, 0.03841571902687003, 0.0040447653835462, 0.03588131845918513, 0.00377792004148605]
Timestep: 133, Trans probs: [0.2732368664202881, 0.028265087895539106, 0.4598962400642909, 0.04757413528615977, 0.06452112158531573, 0.006674411094740566, 0.10859816104088675, 0.011233976612779155]
Timestep: 134, Trans probs: [0.26945882356696294, 0.027417887335629793, 0.46809916398626483, 0.047629875207587956, 0.06213964658289974, 0.006322813283798086, 0.10794790918631328, 0.010983880850543462]
Timestep: 135, Trans probs: [0.4254320704292614, 0.04253568194334937, 0.4123076738157234, 0.04122347442808485, 0.03624191544817895, 0.003623550492951905, 0.03512386792558322, 0.0035117655168670115]
Timestep: 136, Trans probs: [0.37447665178049666, 0.03679912380852181, 0.3505990004953626, 0.03445271144417124, 0.09577793272807814, 0.009411919242032657, 0.08967087086556019, 0.008811789635776645]
Timestep: 137, Trans probs: [0.2758708763784112, 0.026663331121520847, 0.45366335988053463, 0.043847239480270785, 0.06894840625763199, 0.0066639661659198225, 0.11338408045052065, 0.010958740265190158]
Timestep: 138, Trans probs: [0.3725410839005648, 0.03544372725867915, 0.36144194554795106, 0.034387750214597224, 0.09092540083259945, 0.008650683769570266, 0.08821645503515482, 0.008392953440883082]
Timestep: 139, Trans probs: [0.3808710352724021, 0.035750056446692595, 0.3573702386856636, 0.033544179058517726, 0.09077514103697897, 0.00852051249764234, 0.08517406369824986, 0.007994773303852915]
Timestep: 140, Trans probs: [0.38904091854744455, 0.03595697570860192, 0.35341159254339566, 0.03266394726721136, 0.09062085091383147, 0.00837560158753352, 0.08232157007718227, 0.0076085433547994]
Timestep: 141, Trans probs: [0.2917804955970316, 0.02658781789155868, 0.45476806252976093, 0.04143968021130904, 0.06641870921088322, 0.006052250139194428, 0.10351996846724196, 0.009433015953020154]
Timestep: 142, Trans probs: [0.38678921661753657, 0.03473400466173651, 0.3636915512891221, 0.032659814429112526, 0.08613074295410766, 0.007734614872278128, 0.0809873237744338, 0.0072727314016727135]
Timestep: 143, Trans probs: [0.3947566780085002, 0.03487843630549225, 0.3597116003622569, 0.03178205421343501, 0.08599213139234822, 0.007597771601160743, 0.07835805934367751, 0.006923268773129126]
Timestep: 144, Trans probs: [0.4513752448132257, 0.039265100041395835, 0.3989467159667375, 0.03470434609257794, 0.036972089627863955, 0.0032161994142550616, 0.03267767541298716, 0.002842628630956782]
Timestep: 145, Trans probs: [0.4389236768224967, 0.03765737352095542, 0.37661018237862626, 0.03231119909569703, 0.05675387419389777, 0.0048691878614359144, 0.048696591319910165, 0.004177914806980819]
Timestep: 146, Trans probs: [0.4012121808759531, 0.06161984222765656, 0.3344664914702265, 0.0513687605142909, 0.07154338853644186, 0.010987932381371291, 0.05964142489251408, 0.009159979101545807]
Timestep: 147, Trans probs: [0.2940772491756867, 0.030306636000071607, 0.43571987763633585, 0.04490386035143834, 0.0712326444375154, 0.007341002516657071, 0.10554192548055465, 0.01087680440174052]
Timestep: 148, Trans probs: [0.3799514579577369, 0.054242779791670935, 0.32758734780466814, 0.04676715405967111, 0.08996635817693924, 0.012843812684601219, 0.07756738406858957, 0.011073705456122969]
Timestep: 149, Trans probs: [0.39439776971531537, 0.047373557099782596, 0.33056629426422435, 0.0397063635220188, 0.0912874606345383, 0.01096510188682368, 0.07651300258754673, 0.009190450289750214]
Timestep: 150, Trans probs: [0.302276862568431, 0.035738068815956286, 0.4268178184503682, 0.05046249467473679, 0.06848068152872662, 0.008096442738759636, 0.09669537670773116, 0.011432254515290239]
Timestep: 151, Trans probs: [0.29818168129537537, 0.034756374926924107, 0.43510535644586257, 0.05071634459785943, 0.06600534505659737, 0.0076936534464556155, 0.09631470002925484, 0.011226544201670673]
Timestep: 152, Trans probs: [0.2941914850040904, 0.03372377791313781, 0.44334098488424817, 0.05082109332233153, 0.0636720276940221, 0.007298856121558061, 0.09595253739941656, 0.010999237661195337]
Timestep: 153, Trans probs: [0.2901538620249667, 0.03277685372805333, 0.45138496862615557, 0.05099011603170864, 0.061417472964453636, 0.006937944970483789, 0.09554559747604596, 0.010793184178132176]
Timestep: 154, Trans probs: [0.28602658366193845, 0.03186974512717984, 0.4591136704965135, 0.05115550965857643, 0.059347113470874, 0.006612592983965572, 0.0952606249046767, 0.010614159696275525]
Timestep: 155, Trans probs: [0.4013069449559838, 0.04400108210800886, 0.34762357818314066, 0.03811499850318785, 0.08158648502132225, 0.00894550585642315, 0.07067255179849426, 0.007748853573438981]
Timestep: 156, Trans probs: [0.2976777077678612, 0.03216218806117829, 0.4550489447397525, 0.04916515196083745, 0.05922689365371439, 0.006399090164506533, 0.0905379702747297, 0.009782053377419928]
Timestep: 157, Trans probs: [0.2935504892197545, 0.031216299655261112, 0.46283711282774165, 0.049218320310107665, 0.057241449017327334, 0.006087083111241481, 0.0902518236902781, 0.00959742216828819]
Timestep: 158, Trans probs: [0.28945805712516726, 0.030318539908439367, 0.47057397541728024, 0.04928906106556364, 0.05528276449720334, 0.00579045101837514, 0.08987357449945511, 0.00941357646851598]
Timestep: 159, Trans probs: [0.408868655263823, 0.04219537256239512, 0.365736620002281, 0.037744133090245345, 0.0695950418922665, 0.007182229998151466, 0.06225337908128668, 0.006424568109550872]
Timestep: 160, Trans probs: [0.2936275868158654, 0.029827732277525637, 0.45474312411265444, 0.04619442031372843, 0.06254675652113563, 0.006353721489765721, 0.09686660498072086, 0.009840053488603805]
Timestep: 161, Trans probs: [0.4065533333469531, 0.0407127702239046, 0.37518539655949956, 0.03757154495756125, 0.06617043338117216, 0.006626391739764193, 0.06106500242968696, 0.006115127361458278]
Timestep: 162, Trans probs: [0.2973788278608417, 0.029356057879107528, 0.43929240126274477, 0.043365202728406396, 0.07003108961891906, 0.006913191281902498, 0.10345096099490139, 0.010212268373176667]
Timestep: 163, Trans probs: [0.379471880645844, 0.03697686380002084, 0.3609795466471283, 0.03517491601287194, 0.08751111588619749, 0.008527342283186913, 0.08324654487025383, 0.008111789854496591]
Timestep: 164, Trans probs: [0.3865761333704763, 0.03716424711693602, 0.3575738146489934, 0.03437605289880934, 0.0873490291549276, 0.008397468505452494, 0.08079579380261603, 0.007767460501788839]
Timestep: 165, Trans probs: [0.3102857440449811, 0.029398728834270835, 0.43761548322288246, 0.04146287469489051, 0.06868327161359902, 0.006507552848854222, 0.09686833402232098, 0.009178010718200926]
Timestep: 166, Trans probs: [0.3059975136837359, 0.028628799085093096, 0.44548159560006295, 0.0416787801410779, 0.06635886293092808, 0.00620846402147008, 0.09660749129886463, 0.009038493238767384]
Timestep: 167, Trans probs: [0.3018994228438895, 0.027821048512758437, 0.45347582988056856, 0.04178932488053951, 0.0640456473321541, 0.005902022086276866, 0.09620141966685643, 0.008865284796956389]
Timestep: 168, Trans probs: [0.3887615226292084, 0.035285206381338, 0.3703643653527349, 0.033615423098928544, 0.08074218821897829, 0.007328412430632444, 0.0769212680685859, 0.0069816138195934645]
Timestep: 169, Trans probs: [0.3132357287926845, 0.028042609913326324, 0.44936050556624496, 0.04022925933966317, 0.06376241017907021, 0.005708366675401213, 0.09147203285086555, 0.008189086682744026]
Timestep: 170, Trans probs: [0.4013268030454164, 0.03543155153858221, 0.3934792277304967, 0.034738720242208476, 0.06264752996136247, 0.005530901922689907, 0.06142251532009056, 0.005422750239153258]
Timestep: 171, Trans probs: [0.31659481361925534, 0.027545979093382036, 0.4343504743069506, 0.03779155112391944, 0.07125460153724013, 0.0061996522994611294, 0.0977573499086868, 0.008505578111104412]
Timestep: 172, Trans probs: [0.3123199113710717, 0.02680645979727024, 0.44219631342544846, 0.03795376876966655, 0.06889440290449884, 0.005913215822868753, 0.09754373599261561, 0.00837219191655991]
Timestep: 173, Trans probs: [0.3081206504501594, 0.02608449620714158, 0.4498830201273342, 0.03808563922938706, 0.06664274896286493, 0.00564175925896446, 0.09730422524163515, 0.008237460522513217]
Timestep: 174, Trans probs: [0.30406005509741196, 0.025441126895267074, 0.4574418549036163, 0.03827479500416728, 0.06440029966390827, 0.005388462471066169, 0.09688675654935669, 0.008106649415206307]
Timestep: 175, Trans probs: [0.3000496421220995, 0.024771832034242738, 0.46483177925592134, 0.03837609896305152, 0.062316306936791, 0.005144778968955836, 0.09653935803829178, 0.007970203680646378]
Timestep: 176, Trans probs: [0.38252044929502754, 0.0311810020260027, 0.38566504668965096, 0.031437332629800294, 0.0779016566070789, 0.006350122501871353, 0.07854206510512117, 0.006402325145446949]
Timestep: 177, Trans probs: [0.3895662624593351, 0.03129367424556577, 0.38215268750255654, 0.030698145263595128, 0.07770161595189765, 0.0062417341856099776, 0.07622292847396865, 0.006122951917471095]
Timestep: 178, Trans probs: [0.3964092503880834, 0.03145075519581833, 0.3786309412954056, 0.03004024006146664, 0.07746339964157888, 0.00614587680882327, 0.07398929236267615, 0.005870244246147672]
Timestep: 179, Trans probs: [0.40308538450061093, 0.031618839401138535, 0.3751279599439687, 0.02942580201720784, 0.07720243079632447, 0.006055916077807569, 0.07184778084479698, 0.005635886418145211]
Timestep: 180, Trans probs: [0.31486958001831883, 0.024387569180885582, 0.466406269103181, 0.03612452861750191, 0.059178992630446896, 0.0045835859302323706, 0.08765995483096702, 0.0067895196884663715]
Timestep: 181, Trans probs: [0.3807563704689325, 0.050769180856786396, 0.3641217668044966, 0.04855116096947471, 0.07027070420075485, 0.00936973447380037, 0.0672006956486701, 0.00896038657708438]
Timestep: 182, Trans probs: [0.4009788505577392, 0.03713822578506596, 0.37385153138381516, 0.03462572293604181, 0.0726586828331087, 0.006729568316503828, 0.06774312362785616, 0.006274294559869024]
Timestep: 183, Trans probs: [0.4074320331439368, 0.03727272166656597, 0.37057682485025945, 0.033901131293336155, 0.07236109958031163, 0.006619742447179637, 0.06581550870761321, 0.006020938310797182]
Timestep: 184, Trans probs: [0.32291491741292155, 0.029170256374249765, 0.45811886388022804, 0.0413837948903984, 0.056276641070278244, 0.005083704590217115, 0.07983957841484224, 0.0072122433668645744]
Timestep: 185, Trans probs: [0.3185496553858767, 0.028391327959482536, 0.4654080712748196, 0.04148035624319644, 0.05453383334492918, 0.004860428888262718, 0.07967513311399177, 0.007101193789441026]
Timestep: 186, Trans probs: [0.4068911167160174, 0.03581535525366165, 0.38007438232626, 0.033454893622884445, 0.06831809722419899, 0.006013493098810043, 0.06381549642509227, 0.005617165333075166]
Timestep: 187, Trans probs: [0.41324343840203265, 0.03584741266114091, 0.3767542977956303, 0.032682108243904044, 0.06809647827878998, 0.0059071296257469956, 0.06208360126778652, 0.005385533724968458]
Timestep: 188, Trans probs: [0.3302402175682412, 0.028273878990669597, 0.4625479479137772, 0.0396015506621153, 0.05346396073677539, 0.004577375727779528, 0.07488380884750373, 0.006411259553137987]
Timestep: 189, Trans probs: [0.32589323429376316, 0.027508519087459733, 0.469917517026379, 0.03966555186291334, 0.051741720439666856, 0.004367498169813404, 0.07460830185190075, 0.006297657268103791]
Timestep: 190, Trans probs: [0.41255558432426565, 0.03438458686984772, 0.386055713128213, 0.03217594600349537, 0.06429256290320264, 0.005358485736779526, 0.06016282935811056, 0.005014291676085555]
Timestep: 191, Trans probs: [0.4187805683383276, 0.0344804708019502, 0.38266590289828073, 0.03150695492902241, 0.06400039030569331, 0.005269498529994013, 0.05848114500476229, 0.004815069191969412]
Timestep: 192, Trans probs: [0.3374079590544562, 0.027433022842846363, 0.4668310249354315, 0.037955791578515044, 0.05058327083823767, 0.0041126831396034085, 0.0699860199983897, 0.00569022761252013]
Timestep: 193, Trans probs: [0.4153890830757534, 0.033337443038875175, 0.38936737995082993, 0.031249046687006076, 0.0624304952167627, 0.005010418335423707, 0.058519588843288554, 0.00469654485206042]
Timestep: 194, Trans probs: [0.40557209994701854, 0.03215279082239487, 0.3713873621570153, 0.029442706170063074, 0.07808385551236563, 0.006190302225481407, 0.07150234725114298, 0.005668535914518203]
Timestep: 195, Trans probs: [0.3405006257163816, 0.026697059592017233, 0.45256420188970026, 0.03548343983698523, 0.05763148322691975, 0.00451861472750121, 0.07659882020902785, 0.006005754801466866]
Timestep: 196, Trans probs: [0.3360115356003596, 0.02603584241072446, 0.45981764887205506, 0.03562895488785072, 0.055841401846958745, 0.004326869123358155, 0.07641660891525869, 0.005921138343434621]
Timestep: 197, Trans probs: [0.38665588647723614, 0.04842472784724725, 0.36299697631307803, 0.045461689326613534, 0.07171741712714062, 0.008981879049948863, 0.0673291328972654, 0.008432290961470131]
Timestep: 198, Trans probs: [0.35530797326840435, 0.06975736514059486, 0.3260190703974223, 0.06400709538631856, 0.08060378809917179, 0.015824885173352392, 0.0739594212448246, 0.014520401289911269]
Timestep: 199, Trans probs: [0.3331934069889522, 0.03078134194787807, 0.4385949559616049, 0.04051863282071582, 0.062012400139583056, 0.005728879544631683, 0.0816292439699915, 0.007541138626642708]
Timestep: 200, Trans probs: [0.328968173832007, 0.030045016767902034, 0.44567174533041265, 0.04070367934215529, 0.060164312564178285, 0.005494871308563532, 0.08150798867483937, 0.007444212179942043]
Timestep: 201, Trans probs: [0.38812445771081155, 0.03499380632622187, 0.3649203039990585, 0.032901689622878254, 0.08465593536870991, 0.007632689328908708, 0.07959475126170006, 0.007176366381711141]
Timestep: 202, Trans probs: [0.39785220347059363, 0.03536422952428384, 0.3657812628756721, 0.032513512362572036, 0.08061663679433782, 0.007165840033562893, 0.0741181146118795, 0.006588200327098146]
Timestep: 203, Trans probs: [0.33280183087719956, 0.029175074582494846, 0.43395523099889166, 0.03804268803595645, 0.06625317786230878, 0.005808085251109663, 0.0863904895831467, 0.007573422808892447]
Timestep: 204, Trans probs: [0.328821157766961, 0.028502146858134216, 0.44110841327776235, 0.03823518188726661, 0.06419206870279057, 0.0055641546356668525, 0.08611265090968587, 0.007464225961732568]
Timestep: 205, Trans probs: [0.32492155484726815, 0.027771103636923485, 0.4481223006031586, 0.038301093499065325, 0.06229729747448082, 0.005324561201479197, 0.08591860973565205, 0.00734347900197252]
Timestep: 206, Trans probs: [0.32115111095136006, 0.027061301741621174, 0.455134577442589, 0.038351211355717695, 0.06040026979574981, 0.005089535332374011, 0.08559911622124361, 0.0072128771593444885]
Timestep: 207, Trans probs: [0.3594191460082424, 0.06632407426344188, 0.3384153301775871, 0.06244821329042602, 0.07539358693163138, 0.013912474931221693, 0.07098771976425414, 0.01309945463319537]
Timestep: 208, Trans probs: [0.3185427177152378, 0.031539722259454284, 0.43471080251893474, 0.04304181892140559, 0.06624736011831923, 0.0065593191190818035, 0.09040684806218009, 0.008951411285386427]
Timestep: 209, Trans probs: [0.31491342414120316, 0.03079996027687413, 0.44147005590288046, 0.043177772501502794, 0.06433529229485074, 0.006292283196520704, 0.09019020120654112, 0.008821010479626929]
Timestep: 210, Trans probs: [0.31133482393107165, 0.030061728462485976, 0.44820784790517265, 0.043277852597252614, 0.06246930366144372, 0.0060318830389711545, 0.08993286327786235, 0.008683697125739865]
Timestep: 211, Trans probs: [0.3867280202508551, 0.0368594738347272, 0.37272331576147055, 0.035524670014836626, 0.07818124319516187, 0.007451540454837627, 0.0753500410318153, 0.007181695456295748]
Timestep: 212, Trans probs: [0.31360284195945215, 0.029485149760803357, 0.43477756464988593, 0.0408780785475049, 0.0694265076256546, 0.006527526861432777, 0.09625259681649082, 0.009049733778775524]
Timestep: 213, Trans probs: [0.38539003182467346, 0.03580251620147368, 0.3800037700194748, 0.03530213552314379, 0.07532813230399679, 0.006997940928756357, 0.07427533641313017, 0.006900136785350943]
Timestep: 214, Trans probs: [0.3753863363384333, 0.0343807072409001, 0.36208201071650953, 0.03316219692241961, 0.09092557640855375, 0.008327648932842952, 0.08770302044740685, 0.008032502992933935]
Timestep: 215, Trans probs: [0.3171471338796174, 0.02870209335990049, 0.4239625050611069, 0.0383689779961251, 0.07527392967579274, 0.00681235655732357, 0.10062624057405592, 0.009106762896077933]
Timestep: 216, Trans probs: [0.37481411398397035, 0.0335186277727352, 0.36969615296832753, 0.03306094215248121, 0.08729759909938864, 0.007806791741548481, 0.08610557966287138, 0.007700192618677147]
Timestep: 217, Trans probs: [0.3805982358651457, 0.033629327127086356, 0.3673932023126501, 0.03246254191576874, 0.08691931730093035, 0.007680114829044293, 0.08390361099133653, 0.007413649658037871]
Timestep: 218, Trans probs: [0.3862485594165218, 0.03374113413992075, 0.36505892205903107, 0.03189009190552274, 0.08655136530316081, 0.007560782184142726, 0.08180314812834426, 0.007145996863356084]
Timestep: 219, Trans probs: [0.3296005184849873, 0.02843934563160143, 0.4251551235824197, 0.03668420657280425, 0.07241055922961022, 0.006247893452273894, 0.09340313055162655, 0.008059222494676659]
Timestep: 220, Trans probs: [0.326054937007871, 0.02775301446954371, 0.43205900738229097, 0.036775826778197046, 0.07029563300902632, 0.005983395736768575, 0.09314952167234486, 0.007928663943957564]
Timestep: 221, Trans probs: [0.3644308647031904, 0.06331373750958304, 0.35205980062229975, 0.061164473054253064, 0.06891557076126603, 0.011972922109809698, 0.0665761450302618, 0.011566486209336228]
Timestep: 222, Trans probs: [0.3227260671544485, 0.03216050006601822, 0.41306223794608143, 0.04116273670690835, 0.07613867577974912, 0.007587418980535265, 0.09745110486158251, 0.00971125850467661]
Timestep: 223, Trans probs: [0.319529876789119, 0.03141796048858421, 0.4198781588722557, 0.041284763534566706, 0.07392615488966864, 0.00726883206270387, 0.09714264631368043, 0.009551607049421467]
Timestep: 224, Trans probs: [0.31630900268120815, 0.030739000339434722, 0.42654452359963135, 0.04145172013623514, 0.07177913356411644, 0.006975516954272224, 0.0967945776787064, 0.009406525046395598]
Timestep: 225, Trans probs: [0.3130800915367954, 0.030052251587815056, 0.4330876499627322, 0.0415716596745851, 0.06975591624028328, 0.006695802132615555, 0.09649424109725267, 0.009262387767920745]
Timestep: 226, Trans probs: [0.3098921403469537, 0.029380535771277503, 0.43954509991530827, 0.04167279143218324, 0.06779914902902064, 0.006427963358732201, 0.09616501954766887, 0.009117300598855474]
Timestep: 227, Trans probs: [0.30668538028635717, 0.028737244226709063, 0.4458903235113939, 0.04178112146431277, 0.0659152636191939, 0.006176437321935655, 0.09583429830290034, 0.008979931267197247]
Timestep: 228, Trans probs: [0.30359291010990164, 0.02811646710964354, 0.4522693926174307, 0.041885752528354955, 0.0640132793900316, 0.005928423242488445, 0.09536206553275252, 0.008831709469396662]
Timestep: 229, Trans probs: [0.3005929657916607, 0.027446656574882815, 0.45859149353723855, 0.04187324609586181, 0.06222101513435632, 0.00568130005848807, 0.09492580168906668, 0.008667521118445033]
Timestep: 230, Trans probs: [0.3836164516545188, 0.03461036859269784, 0.37863057197177047, 0.034160536128958335, 0.07800590156852669, 0.007037792550471324, 0.07699205547801741, 0.006946322055039098]
Timestep: 231, Trans probs: [0.39472946371535156, 0.03515010328553243, 0.3816025019358816, 0.03398116581116557, 0.0721500497776714, 0.006424860404062167, 0.06975065719900811, 0.006211197871327157]
Timestep: 232, Trans probs: [0.3868433629468768, 0.03399053388736158, 0.3664554474886268, 0.03219912114087617, 0.0852113141472852, 0.007487211462143278, 0.08072039809359598, 0.007092610833233996]
Timestep: 233, Trans probs: [0.30443618710207454, 0.02639707540622707, 0.4478214924391123, 0.03882973905622089, 0.06796988216915614, 0.005893537565460322, 0.09998277262517552, 0.008669313636573361]
Timestep: 234, Trans probs: [0.3014240089024189, 0.025802691000768277, 0.4541092256594543, 0.03887294868433098, 0.06607263538731038, 0.005655992038302149, 0.09954148444334554, 0.008521013884069593]
Timestep: 235, Trans probs: [0.29844405629290544, 0.025266546464915524, 0.46028058206947126, 0.03896777459137195, 0.0642035008874982, 0.005435527041597782, 0.09901897570508923, 0.008383036947150797]
Timestep: 236, Trans probs: [0.36050699958226046, 0.05910566545891839, 0.3487738810475363, 0.057182003006575347, 0.0761702454234105, 0.012488226439810145, 0.07369119641907076, 0.012081782622418092]
Timestep: 237, Trans probs: [0.30305708245300184, 0.029916013631584068, 0.45069132621708696, 0.04448959829486251, 0.06288581574690538, 0.006207718050639708, 0.09352063799271695, 0.009231807613202499]
Timestep: 238, Trans probs: [0.3000718889283974, 0.029239730810677805, 0.45698854530020205, 0.04453006943056108, 0.06109923421913285, 0.005953657197566734, 0.09304986969779253, 0.009067004415669608]
Timestep: 239, Trans probs: [0.38253770001161, 0.036791092933265365, 0.37780456737035495, 0.03633587734833188, 0.07643268872639036, 0.007351019661556559, 0.07548698833173957, 0.007260065616751127]
Timestep: 240, Trans probs: [0.3826074625192525, 0.0363319332824441, 0.37039960813912276, 0.03517269047013657, 0.08143381805056797, 0.00773285503859991, 0.07883550962805703, 0.007486122871819106]
Timestep: 241, Trans probs: [0.3036765035365915, 0.028452930289214178, 0.4463395077453975, 0.04181972181351762, 0.06653037252036215, 0.0062335545535850715, 0.09778541762378473, 0.009161991917547182]
Timestep: 242, Trans probs: [0.30072064064604304, 0.027811766904256748, 0.4525465895705236, 0.0418531971580427, 0.06470514137669575, 0.005984172904159845, 0.09737306689289782, 0.009005424547380524]
Timestep: 243, Trans probs: [0.3804546158161772, 0.03478770318554547, 0.37584570201055223, 0.03436627703164303, 0.08044869126907506, 0.007356002732495083, 0.07947411751330902, 0.007266890441203046]
Timestep: 244, Trans probs: [0.3857863068951946, 0.03484427513166766, 0.373714817554433, 0.03375397646548725, 0.08008327114612498, 0.007233132652418354, 0.07757741664394224, 0.007006803510731882]
Timestep: 245, Trans probs: [0.3109652786818153, 0.027726828092326364, 0.4516887463443658, 0.04027425915271812, 0.06339620310279198, 0.005652642740657568, 0.09208536600574324, 0.008210675879581748]
Timestep: 246, Trans probs: [0.3078615704042244, 0.027131134464651124, 0.45783183178883785, 0.04034766981195796, 0.06164375876259897, 0.005432523148954999, 0.09167261427132202, 0.008078897347452771]
Timestep: 247, Trans probs: [0.36401335488709863, 0.05634932288823271, 0.35969192385274756, 0.05568036470462596, 0.07154740247169476, 0.011075548821395066, 0.07069801834521325, 0.010944064028992076]
Timestep: 248, Trans probs: [0.3122210248640653, 0.0317821238412993, 0.4485774869108571, 0.04566234848414441, 0.06024976318452498, 0.006133044485947801, 0.08656267580972596, 0.00881153241943506]
Timestep: 249, Trans probs: [0.309152207940529, 0.031083554521881815, 0.4546590529820123, 0.04571346766817256, 0.058619814000301085, 0.005893899955233203, 0.0862100558715259, 0.008667947060344282]
Timestep: 250, Trans probs: [0.305987772586753, 0.030435265703460015, 0.4605527010561464, 0.04580916325052146, 0.05707968584055164, 0.005677466750194, 0.08591259469967596, 0.008545350112697634]
Timestep: 251, Trans probs: [0.36713424919935655, 0.05378538651164357, 0.36990761897041535, 0.05419168683748191, 0.06733441317103159, 0.009864531696066525, 0.06784306423381797, 0.009939049380186667]
Timestep: 252, Trans probs: [0.3100988603534103, 0.03525723837806234, 0.45069939968590456, 0.05124306536781758, 0.05588648838609948, 0.00635411313958366, 0.08122573148918483, 0.009235103199937256]
Timestep: 253, Trans probs: [0.3069824639197159, 0.03449068347957405, 0.4567990911008828, 0.051323168964589765, 0.05434536485912338, 0.006105914826549176, 0.0808675289012137, 0.00908578394835124]
Timestep: 254, Trans probs: [0.3782799396407937, 0.04191820176609882, 0.38848772213731353, 0.04304935317391571, 0.06584862545290948, 0.007296860548239506, 0.06762553291185741, 0.007493764368871904]
Timestep: 255, Trans probs: [0.3157713233813642, 0.034599969828725104, 0.453852669539297, 0.04972993907296893, 0.05400428477207555, 0.005917404416990092, 0.07761942581709869, 0.00850498317148034]
Timestep: 256, Trans probs: [0.31255828215008175, 0.033787291759240716, 0.4599109168964209, 0.04971598968853374, 0.05259163712021596, 0.005685112470075643, 0.07738546514479568, 0.008365304770635658]
Timestep: 257, Trans probs: [0.3788095878223003, 0.04045100970180891, 0.3963987473930169, 0.042329260113927514, 0.06269929190063012, 0.006695315394600549, 0.06561059057327207, 0.007006197100443609]
Timestep: 258, Trans probs: [0.37029722692962946, 0.03907490043825085, 0.3800855441378434, 0.040107793726543446, 0.07607770362024721, 0.00802795289389744, 0.07808871704770931, 0.00824016120587867]
Timestep: 259, Trans probs: [0.36366625151051546, 0.037903518479241394, 0.36627045214989407, 0.0381749441797246, 0.08752408175725375, 0.009122294511754489, 0.08815083848468323, 0.009187618926933074]
Timestep: 260, Trans probs: [0.31619356055567016, 0.032565428007607394, 0.44955778652941203, 0.04630088515007984, 0.058169391392062376, 0.005990985788247971, 0.08270409679445209, 0.008517865782468177]
Timestep: 261, Trans probs: [0.37949122168270377, 0.0385657278066679, 0.3893383536088088, 0.03956644083463891, 0.06857059976457626, 0.006968474986943664, 0.07034988661906505, 0.00714929469659579]
Timestep: 262, Trans probs: [0.3249308888318976, 0.03257794411911669, 0.4468601687990771, 0.04480271377254881, 0.057713613913830564, 0.0057864332189414, 0.07937046351072352, 0.00795777383386429]
Timestep: 263, Trans probs: [0.32160678123913516, 0.03188243882393837, 0.4528364455743471, 0.04489187142648773, 0.05621295018750872, 0.005572662176341743, 0.07915029795106114, 0.007846552621180008]
Timestep: 264, Trans probs: [0.31840535780444945, 0.03120534892026427, 0.45881846393205494, 0.04496654942236461, 0.054698643437699375, 0.005360746017932367, 0.07882011701783526, 0.007724773447399691]
Timestep: 265, Trans probs: [0.31524332785567044, 0.03048497565480052, 0.46472473799527886, 0.04494027651698893, 0.05329278437906457, 0.005153572148293428, 0.07856304343081495, 0.00759728201908826]
Timestep: 266, Trans probs: [0.3827366604558987, 0.036566910359085054, 0.3998604258148855, 0.03820292607847346, 0.06367274760345241, 0.0060833358663858, 0.06652148748748854, 0.006355506334330567]
Timestep: 267, Trans probs: [0.32376225234818723, 0.030530922398068074, 0.46158645053616065, 0.04352780473667876, 0.05296506119271821, 0.0049946285008690295, 0.07551205991761205, 0.007120820369706045]
Timestep: 268, Trans probs: [0.3204661746114772, 0.02986143769186677, 0.46741853163864466, 0.04355464153267725, 0.051606137426259066, 0.004808724225389614, 0.07527054925084821, 0.007013803622837309]
Timestep: 269, Trans probs: [0.3831035534914547, 0.03530447079858189, 0.40745924104511194, 0.03754894139192672, 0.06060314381930498, 0.005584813562212587, 0.0644559695688455, 0.005939866322561654]
Timestep: 270, Trans probs: [0.32895610064813546, 0.029919654677626636, 0.464335695667329, 0.042232880440549334, 0.051144720051917614, 0.004651782896022528, 0.07219297382911316, 0.006566191789306297]
Timestep: 271, Trans probs: [0.38215858687291954, 0.03433902300910839, 0.41366989077903876, 0.037170484677243196, 0.05845233220709348, 0.005252259270214672, 0.06327208313633706, 0.0056853400480450095]
Timestep: 272, Trans probs: [0.3372057021385871, 0.02994403190571058, 0.46102471151001834, 0.040939220728549136, 0.05078233121128642, 0.004509495943850218, 0.06942916281667012, 0.00616534374532821]
Timestep: 273, Trans probs: [0.35490666486543204, 0.031118697815034665, 0.39088531142421884, 0.03427335435122944, 0.08261016536727755, 0.007243371362127218, 0.09098476701934616, 0.007977667795334034]
Timestep: 274, Trans probs: [0.3486479342018432, 0.030239500446646337, 0.3768420392698738, 0.032684877485088554, 0.09356615485071779, 0.008115332126881997, 0.10113256710183845, 0.00877159451710976]
Timestep: 275, Trans probs: [0.38246186069199256, 0.03282388696207969, 0.4058211985798172, 0.03482864703136269, 0.06437299896487036, 0.0055246607795348636, 0.06830466062376704, 0.005862086366575808]
Timestep: 276, Trans probs: [0.3873036812669259, 0.03287818083926657, 0.4035518228990147, 0.03425748437992583, 0.06410385658044088, 0.005441771640929988, 0.06679313786347696, 0.005670064530019204]
Timestep: 277, Trans probs: [0.3920115867451891, 0.03292751734854654, 0.40121150176111786, 0.033700276041235544, 0.06389489076024742, 0.005366933517092919, 0.06539440655218352, 0.005492887274387063]
Timestep: 278, Trans probs: [0.34220529934160276, 0.028442353088703, 0.4533479786514524, 0.03767996376930102, 0.0549340665478919, 0.004565838461179839, 0.07277575208948116, 0.006048748050387932]
Timestep: 279, Trans probs: [0.39104042961632235, 0.032074487897594726, 0.40715664013726455, 0.033396395199651006, 0.06172666487359025, 0.005063034447331771, 0.06427064715909071, 0.005271700669154512]
Timestep: 280, Trans probs: [0.35046865835750085, 0.028405969069781878, 0.45024494331894765, 0.03649297484597738, 0.054410707291859234, 0.004410063015737366, 0.06990110309828991, 0.0056655810019057605]
Timestep: 281, Trans probs: [0.34688827883626744, 0.027766556497988235, 0.4562188010910865, 0.03651788166045033, 0.05303294658890121, 0.004245004508816406, 0.06974760690180624, 0.005582923914683734]
Timestep: 282, Trans probs: [0.3911637206384624, 0.030992897452872203, 0.4142300823901043, 0.03282050401928033, 0.05885983946669169, 0.004663614932658254, 0.06233071950527564, 0.004938621594655109]
Timestep: 283, Trans probs: [0.3607196567938604, 0.02828603500043431, 0.3753078088165773, 0.0294299731555486, 0.09373404105161176, 0.0073502076085451735, 0.09752481434275492, 0.007647463230667436]
Timestep: 284, Trans probs: [0.3927651793006612, 0.03046582094333377, 0.4016045754367752, 0.031151470980869043, 0.0660795904098743, 0.00512562995788124, 0.06756674789462146, 0.005240985075983914]
Timestep: 285, Trans probs: [0.3501823352540125, 0.02683634446844982, 0.44679566831202094, 0.03424034068747406, 0.05792957166371194, 0.004439452775221934, 0.07391201405902648, 0.005664272780082252]
Timestep: 286, Trans probs: [0.34400701782808346, 0.047829734335994786, 0.3576795463868897, 0.04973072290534954, 0.0864068699850537, 0.012013759667703421, 0.08984110340565825, 0.012491245485267172]
Timestep: 287, Trans probs: [0.3832424231067364, 0.0347056644874048, 0.3917107790611404, 0.03547254180263252, 0.0702283854223506, 0.006359741602201054, 0.07178019422534918, 0.006500270292185017]
Timestep: 288, Trans probs: [0.3474251018302303, 0.03109866506170585, 0.4302702524703082, 0.03851428810727755, 0.06260876514295213, 0.005604226657344697, 0.07753811985086753, 0.006940580879313767]
Timestep: 289, Trans probs: [0.38278935708053097, 0.03379825322872835, 0.3977517672567962, 0.03511935403442062, 0.06783801637563763, 0.0059897340759034285, 0.07048965808871419, 0.006223859859268836]
Timestep: 290, Trans probs: [0.36597969477778636, 0.03196357611624887, 0.3739190152920479, 0.03265697271499454, 0.08892513283030774, 0.007766456151603971, 0.09085421562202317, 0.00793493649498745]
Timestep: 291, Trans probs: [0.384110035924999, 0.0330980442347934, 0.38597320962943066, 0.033258590432285684, 0.0751101005219597, 0.006472097047839216, 0.07547443144576055, 0.006503490762931883]
Timestep: 292, Trans probs: [0.35090346128655225, 0.029875425085327287, 0.42207607164478983, 0.0359349606085416, 0.06744141088559803, 0.0057418664699808025, 0.08112033340568899, 0.006906470613521164]
Timestep: 293, Trans probs: [0.3838380847759462, 0.032255311885396015, 0.3920334576718774, 0.03294399891062877, 0.07253022628317156, 0.0060949790098281924, 0.07407882782687673, 0.006225113636275105]
Timestep: 294, Trans probs: [0.3883309100963702, 0.03229952518663634, 0.3901817878787892, 0.03245347243110315, 0.07217745888611915, 0.006003379052728684, 0.07252147387841174, 0.006031992589841599]
Timestep: 295, Trans probs: [0.3593559694177347, 0.047658194830790215, 0.35529533756630066, 0.047119669245072764, 0.084606247742267, 0.01122057620285651, 0.08365021847421499, 0.011093786520763333]
Timestep: 296, Trans probs: [0.34904942335082245, 0.0338402745882361, 0.4081258176731861, 0.039567719677129354, 0.07119674647370346, 0.006902510903269987, 0.08324675082200582, 0.00807075651164661]
Timestep: 297, Trans probs: [0.37919853689190813, 0.036355630983459813, 0.3809778707766509, 0.036526224484796324, 0.07598995792484808, 0.007285531456446312, 0.07634652973059426, 0.00731971775129615]
Timestep: 298, Trans probs: [0.357021967437264, 0.03381466744378511, 0.40610555620918315, 0.038463527689511036, 0.07034159904484873, 0.006662272902251027, 0.08001220319803232, 0.007578206075124631]
Timestep: 299, Trans probs: [0.3790666019010364, 0.03545470267002673, 0.38690746481935623, 0.03618807105978018, 0.07348709997689737, 0.006873365436830644, 0.07500715548770748, 0.0070155386483650595]
Timestep: 300, Trans probs: [0.3647973580294594, 0.03372567095450105, 0.4039132077526183, 0.03734194790342137, 0.06959992056362811, 0.006434542267706816, 0.07706285847583422, 0.007124494052830787]
Timestep: 301, Trans probs: [0.3616328585630599, 0.032986914668222685, 0.4100277560141701, 0.03740133198345342, 0.06783492556918665, 0.0061876703078567255, 0.07691281821303785, 0.007015724681012611]
Timestep: 302, Trans probs: [0.3547451568750597, 0.044896634494006424, 0.3677587378983051, 0.046543636515980646, 0.0810895991043603, 0.010262719650140854, 0.08406431503109173, 0.010639200431055358]
Timestep: 303, Trans probs: [0.35534580538057803, 0.037294175148036755, 0.3625736169773896, 0.038052746847904745, 0.09260690042846048, 0.009719259133499181, 0.0944905450887506, 0.009916950995380838]
Timestep: 304, Trans probs: [0.3572474189924168, 0.03705621978291257, 0.3945338822014494, 0.04092383450074129, 0.07329494916453859, 0.0076026686291502605, 0.08094485586824383, 0.008396170860547192]
Timestep: 305, Trans probs: [0.3496895398630077, 0.042355784040577146, 0.3623247620778376, 0.043886212270273964, 0.08837720715656652, 0.01070459786100359, 0.09157051300033506, 0.011091383730398367]
Timestep: 306, Trans probs: [0.3447298250901411, 0.04059190295322214, 0.35162469220002024, 0.04140377287636091, 0.09816827930733096, 0.011559305220214165, 0.10013172195419959, 0.011790500398510874]
Timestep: 307, Trans probs: [0.3390954990168107, 0.03947294877778093, 0.3405740007174557, 0.039645056110572535, 0.10779575439867432, 0.012548135567055058, 0.1082657582962868, 0.012602847115364035]
Timestep: 308, Trans probs: [0.3478576764716769, 0.04579080824407085, 0.3744048119885031, 0.04928538339391474, 0.07774028547709304, 0.010233468300104449, 0.08367311960227354, 0.011014446522363516]
Timestep: 309, Trans probs: [0.3349007237972557, 0.04355683952420433, 0.3414970845962853, 0.04441475534328457, 0.10323916297538122, 0.013427178070400768, 0.10527260966326506, 0.013691646029923009]
Timestep: 310, Trans probs: [0.3559699444296812, 0.045679856638022265, 0.35749759630197203, 0.045875892622551394, 0.0862159511275993, 0.011063665202772348, 0.08658594854233169, 0.011111145135069703]
Timestep: 311, Trans probs: [0.34978408116893955, 0.0443558181088136, 0.3671160565644372, 0.046553670982906574, 0.08321902940759872, 0.010552933453288432, 0.08734257375332628, 0.011075836560689651]
Timestep: 312, Trans probs: [0.34292596681045834, 0.038317716764473875, 0.3495793909116577, 0.03906115425506377, 0.10249940236609663, 0.01145303490698551, 0.104488088146891, 0.011675245838373314]
Timestep: 313, Trans probs: [0.34807499261815017, 0.04908225775328296, 0.3495406238510435, 0.049288927268386705, 0.08921239954239125, 0.012579892500154819, 0.08958804410722253, 0.012632862359368158]
Timestep: 314, Trans probs: [0.3525203139161392, 0.049035404297742294, 0.34880362317597813, 0.048518414422552204, 0.08874909351359543, 0.012344955764825931, 0.08781339443175999, 0.01221480047740683]
Timestep: 315, Trans probs: [0.3482018400082286, 0.047824078288163166, 0.3565738858194785, 0.04897394405079047, 0.08619591915569987, 0.011838651931663988, 0.08826838432101099, 0.01212329642496416]
Timestep: 316, Trans probs: [0.349250830217237, 0.03759488528760203, 0.3507007239975147, 0.03775095818888857, 0.1012225381408548, 0.010896036260123797, 0.10164275740957647, 0.0109412704982025]
Timestep: 317, Trans probs: [0.34498339006148737, 0.05189078812293736, 0.34139811492206695, 0.051351507803995236, 0.09191249588280585, 0.013825047776517491, 0.0909572858756459, 0.013681369554543929]
Timestep: 318, Trans probs: [0.3359984807815799, 0.06516862977143753, 0.3277586554280703, 0.06357047335538742, 0.08797637752550523, 0.017063469936695552, 0.08581889757393418, 0.016645015627389816]
Timestep: 319, Trans probs: [0.3521283199220587, 0.05333602996690217, 0.3386552622538248, 0.05129529831629884, 0.09056934049622922, 0.013718320241492284, 0.08710399596571915, 0.013193432837474805]
Timestep: 320, Trans probs: [0.34735343242042915, 0.05189405477498715, 0.3472624431409102, 0.05188046112018319, 0.08771371785770689, 0.013104291059707118, 0.08769074123721925, 0.013100858388857082]
Timestep: 321, Trans probs: [0.345093412060448, 0.05087836787472769, 0.3531938184096427, 0.052072640033411825, 0.08560671622966515, 0.01262130730017353, 0.08761616979628095, 0.01291756829565018]
Timestep: 322, Trans probs: [0.3430867130015944, 0.06382833058171734, 0.3347941862783914, 0.06228557734474237, 0.08364081051771907, 0.015560653040570964, 0.08161918266072507, 0.01518454657453938]
Timestep: 323, Trans probs: [0.34741390800569644, 0.056041835369269814, 0.3473249543260162, 0.05602748612372363, 0.08318894775459976, 0.013419328377980839, 0.08316764761997365, 0.013415892422739694]
Timestep: 324, Trans probs: [0.34530369325999255, 0.0549616345052715, 0.3532211684984899, 0.0562218509140638, 0.08115071401334804, 0.012916675872578085, 0.08301142034614505, 0.013212842590111082]
Timestep: 325, Trans probs: [0.3431427995167952, 0.05395841945018572, 0.3589665566367498, 0.05644666902196373, 0.07917929184598999, 0.012450762327552451, 0.08283058187703615, 0.013024919323726947]
Timestep: 326, Trans probs: [0.34098206897274114, 0.05290844393045145, 0.36461787370737136, 0.05657589088248827, 0.07735757808988752, 0.012003179801491341, 0.08271976213664647, 0.012835202478922475]
Timestep: 327, Trans probs: [0.3388820700891049, 0.05190143109928448, 0.37025334122291303, 0.05670609328403854, 0.07552942195386532, 0.01156769695273811, 0.08252139404041291, 0.012638551357642601]
Timestep: 328, Trans probs: [0.3580946287939833, 0.054112646662976764, 0.35448816406459865, 0.05356766403572838, 0.07846606403861106, 0.011857218893943961, 0.0776758117710416, 0.01173780173911642]
Timestep: 329, Trans probs: [0.3462663107379335, 0.051661052402997475, 0.36971469546508123, 0.0551594240163758, 0.07457190850582918, 0.011125723622668142, 0.07962175235796684, 0.011879132891147863]
Timestep: 330, Trans probs: [0.35897608979445306, 0.05291772187426819, 0.36042263808398334, 0.053130961814863896, 0.07591059682406619, 0.011190204485055678, 0.07621649002173274, 0.011235297101576787]
Timestep: 331, Trans probs: [0.3632129932250294, 0.05290734384705723, 0.35960557723286724, 0.052381870359443174, 0.07539294666747728, 0.01098209763247036, 0.07464414712952686, 0.010873023906128428]
Timestep: 332, Trans probs: [0.35529061447189075, 0.05105518196880628, 0.37089781089765916, 0.05329793261034782, 0.07249125721370159, 0.010416977475451698, 0.07567565118416114, 0.010874574177981662]
Timestep: 333, Trans probs: [0.3529870998840782, 0.050128091094533256, 0.3763746866048921, 0.053449388326095755, 0.07079781977462425, 0.010054077217332308, 0.07548861484947926, 0.010720222248964743]
Timestep: 334, Trans probs: [0.3508029017522225, 0.04916856899911433, 0.38189139235440295, 0.05352593488068644, 0.06912480448202189, 0.009688539352861975, 0.07525071114865135, 0.010547147030038628]
Timestep: 335, Trans probs: [0.3485858741849457, 0.0482585298956844, 0.38728823294948034, 0.053616517914673555, 0.06751227658898255, 0.009346457958782754, 0.07500794564231604, 0.010384164865134705]
Timestep: 336, Trans probs: [0.3463514120712617, 0.04736275095882263, 0.39259307854827896, 0.05368619142113923, 0.06597492104599599, 0.009021917180423035, 0.07478328789113764, 0.010226440882940979]
Timestep: 337, Trans probs: [0.37023764201182063, 0.05002337622853653, 0.3717094842999118, 0.050222239099762096, 0.06937389072455045, 0.009373212883742304, 0.06964967960842236, 0.009410475143253811]
Timestep: 338, Trans probs: [0.374472743063183, 0.049896167100379044, 0.3708043714469117, 0.04940737936738007, 0.06891029939201507, 0.009181869380600002, 0.06823524735941419, 0.009091922890116927]
Timestep: 339, Trans probs: [0.37850734001445596, 0.049813233791764146, 0.3697268939787943, 0.04865768840351969, 0.06852825112132603, 0.009018619808844299, 0.06693856303003011, 0.008809409851265451]
Timestep: 340, Trans probs: [0.3563117409038835, 0.04633701226898947, 0.3949530922831535, 0.05136217581933842, 0.06339007445527685, 0.008243642632474105, 0.07026461115948611, 0.009137650477398004]
Timestep: 341, Trans probs: [0.3790068803285603, 0.04860000017988241, 0.37534562268556276, 0.04813051761546558, 0.06631616226731267, 0.008503712374103935, 0.06567553918483729, 0.008421565364275114]
Timestep: 342, Trans probs: [0.3633362968742141, 0.04599176887562287, 0.39399877734700006, 0.04987308138744686, 0.06251500297655942, 0.007913262707007153, 0.06779073533392568, 0.008581074498223915]
Timestep: 343, Trans probs: [0.3462443248542656, 0.043271843620553856, 0.3475870872145408, 0.04343965518800077, 0.09734989658972056, 0.012166291833030113, 0.09772742704302799, 0.012213473656860416]
Timestep: 344, Trans probs: [0.3404440281206244, 0.04203916126377858, 0.3371985412519477, 0.04163839774736455, 0.10673189095482158, 0.013179608996542575, 0.10571440519519422, 0.013053966469726341]
Timestep: 345, Trans probs: [0.36314040183310314, 0.044315051393821525, 0.3854107483854463, 0.04703276483755694, 0.06922160400197894, 0.008447308323242668, 0.07346676400690079, 0.0089653572179497]
Timestep: 346, Trans probs: [0.36090294508952925, 0.04350879872186293, 0.3907367429451693, 0.04710542414061031, 0.06759366432970661, 0.008148781206162829, 0.07318124887389536, 0.008822394693063559]
Timestep: 347, Trans probs: [0.3586935527981321, 0.042671196949762145, 0.39600748035204514, 0.04711016703774214, 0.06605603821039657, 0.007858212655924617, 0.07292767056914269, 0.008675681426854645]
Timestep: 348, Trans probs: [0.37811012230937485, 0.044447055806127136, 0.3795579074175949, 0.044617243753245044, 0.06844200429722393, 0.008045395785497808, 0.06870406899412504, 0.008076201636811275]
Timestep: 349, Trans probs: [0.36554258595284683, 0.04237781147616845, 0.3951110910303019, 0.0458057254373783, 0.06509662256485818, 0.007546733280331676, 0.0703622465681924, 0.008157183689922173]
Timestep: 350, Trans probs: [0.3223139444036771, 0.0578331046707191, 0.3278549300159404, 0.05882732911076266, 0.09800638106717857, 0.017585380319623114, 0.09969123509485012, 0.017887695317249076]
Timestep: 351, Trans probs: [0.3303274161948978, 0.04312171746552651, 0.33157378133604914, 0.04328442090108968, 0.11110540204506238, 0.014503960376858705, 0.11152461611363026, 0.0145586855668856]
Timestep: 352, Trans probs: [0.3595298967671276, 0.04628464397515611, 0.3806089836917267, 0.04899829322212922, 0.0708274259274425, 0.009118079531649536, 0.07498000817775027, 0.009652668707018003]
Timestep: 353, Trans probs: [0.35745047912024375, 0.04543741847705512, 0.3857874662196314, 0.04903948258501974, 0.06924660122340917, 0.008802301246443085, 0.07473614497887886, 0.009500106149318805]
Timestep: 354, Trans probs: [0.3555258868248556, 0.04458647676543142, 0.3910636000154935, 0.04904325890757547, 0.06760878719672597, 0.00847881330500931, 0.07436683710983329, 0.009326339875075428]
Timestep: 355, Trans probs: [0.3717194467349367, 0.046035218900381196, 0.3780261342910089, 0.046816264241781154, 0.0694397532462946, 0.00859969600503869, 0.07061788592550149, 0.008745600655057325]
Timestep: 356, Trans probs: [0.37568273196772006, 0.04593032592894055, 0.3770815038093507, 0.04610133737322445, 0.06901963031550849, 0.008438221526132526, 0.06927660969515533, 0.008469639383967976]
Timestep: 357, Trans probs: [0.32291520359833514, 0.055911767251589486, 0.3199490920836901, 0.05539819423055769, 0.10525534257298738, 0.018224636531042324, 0.10428852812726068, 0.01805723560453722]
Timestep: 358, Trans probs: [0.35182309156424924, 0.04836359699224952, 0.37911005488082256, 0.05211461768596668, 0.07134058891386516, 0.00980688185098798, 0.07687367664844291, 0.010567491463415903]
Timestep: 359, Trans probs: [0.33388101688135313, 0.045275016872936606, 0.3351091129230376, 0.0454415494584912, 0.10560572001277937, 0.014320373168014737, 0.105994163680342, 0.014373047003045415]
Timestep: 360, Trans probs: [0.35091894226284465, 0.04692957375948809, 0.3705793106020135, 0.04955882112972737, 0.07808432230920481, 0.010442479792170124, 0.08245902641669493, 0.01102752372785661]
Timestep: 361, Trans probs: [0.3492488070109807, 0.04607912586622073, 0.3757967198844414, 0.049581799588290745, 0.07629775231114296, 0.01006655903034868, 0.08209747457256628, 0.010831761736008444]
Timestep: 362, Trans probs: [0.36136455038310483, 0.0470041003410923, 0.36734238018739557, 0.0477816600426318, 0.07745482755742387, 0.010074852341081676, 0.07873611476771632, 0.010241514379553614]
Timestep: 363, Trans probs: [0.36540189447475824, 0.046886948154703345, 0.36672629500982584, 0.04705689007389628, 0.07693470840756046, 0.009871962184508304, 0.0772135585463281, 0.009907743148419626]
Timestep: 364, Trans probs: [0.35790020910366693, 0.04533935193090844, 0.3775495117933832, 0.04782855598048737, 0.07402423549006959, 0.009377504619810295, 0.07808828622969324, 0.009892344851980971]
Timestep: 365, Trans probs: [0.3664589293308104, 0.04579861059052896, 0.37244645550215993, 0.046546908305699915, 0.07439343869283219, 0.00929740240033211, 0.07560894369352468, 0.009449311484111872]
Timestep: 366, Trans probs: [0.32716768792237116, 0.05470068486827215, 0.32833827190648973, 0.05489640023990233, 0.10044489326830436, 0.016793848097249854, 0.10080427834111838, 0.016853935356291847]
Timestep: 367, Trans probs: [0.360525928487805, 0.050559272189760585, 0.35732635265288853, 0.0501105715201365, 0.07993367247119636, 0.011209702227381104, 0.07922428147702375, 0.01111021897380826]
Timestep: 368, Trans probs: [0.3351995640754578, 0.054044349147741484, 0.32815224915303104, 0.05290810796773809, 0.09995259200148984, 0.016115393214336755, 0.09785116506470311, 0.015776579375501917]
Timestep: 369, Trans probs: [0.34284702607138584, 0.053325301503355856, 0.3546891951105607, 0.05516719361980142, 0.08250633806559227, 0.01283276510722725, 0.08535616299588814, 0.013276017526188484]
Timestep: 370, Trans probs: [0.3376346994280546, 0.05174376938722176, 0.3346770738749638, 0.05129050230652144, 0.097828538705139, 0.014992586232465297, 0.09697157647232943, 0.014861253593304773]
Timestep: 371, Trans probs: [0.3421250139934551, 0.05171223382501765, 0.3472326376380635, 0.052484251705608026, 0.0890050097462483, 0.013453117098546954, 0.09033377576356512, 0.013653960229495396]
Timestep: 372, Trans probs: [0.34086937814664503, 0.05078290273241525, 0.3524201038736121, 0.05250373604478464, 0.08704876959471416, 0.01296857237027323, 0.08999851083555377, 0.013408026402001795]
Timestep: 373, Trans probs: [0.33951026427817393, 0.04993489038407075, 0.3574518770394113, 0.05257372802996818, 0.08515850583687666, 0.012525042985892009, 0.0896587554487675, 0.013186935996839698]
Timestep: 374, Trans probs: [0.33815936912366956, 0.04909038167452954, 0.362452874300413, 0.05261705445141881, 0.08331772752852926, 0.012095181793215825, 0.08930330660703939, 0.012964104521184608]
Timestep: 375, Trans probs: [0.3368797242731839, 0.04825296014202106, 0.36749433574251467, 0.052638043364765394, 0.08146665573685283, 0.0116688747019585, 0.08887009926100797, 0.012729306777695624]
Timestep: 376, Trans probs: [0.3355276612855385, 0.047442915584939675, 0.37240986485930655, 0.052657982694556425, 0.07970959865612028, 0.011270771971117742, 0.08847151602875833, 0.012509688919662636]
Timestep: 377, Trans probs: [0.33420402386082215, 0.04663923241879328, 0.3773209710138589, 0.0526563392633738, 0.07797597951528926, 0.010881795466385957, 0.0880359606882482, 0.012285697773228648]
Timestep: 378, Trans probs: [0.33293345244035205, 0.04581688687845083, 0.38225704538166133, 0.05260459013165754, 0.07627076620336758, 0.010496058721820785, 0.08757016612236686, 0.012051034120323037]
Timestep: 379, Trans probs: [0.3588074992635504, 0.04871298016140175, 0.36006684056621185, 0.04888395280834722, 0.08065376681783133, 0.010949841770317914, 0.08093684512577466, 0.010988273486564842]
Timestep: 380, Trans probs: [0.3398059143303665, 0.04544633782638784, 0.3828012151101046, 0.051196617270563245, 0.07497086841752063, 0.010026757244512843, 0.0844568570404132, 0.011295432760131207]
Timestep: 381, Trans probs: [0.33844966818933764, 0.044648135976763294, 0.38766836133118543, 0.051141044998516176, 0.0733360709638366, 0.009674463224951963, 0.08400089327643706, 0.011081362038971854]
Timestep: 382, Trans probs: [0.33713388875913963, 0.04381154025424903, 0.3925650586530495, 0.05101498378846511, 0.07174843256473092, 0.009323919802481628, 0.08354522810419897, 0.010856948073685167]
Timestep: 383, Trans probs: [0.33568075510457945, 0.0430630092664973, 0.3972599825749264, 0.05096273781171327, 0.07023745475240986, 0.00901045448350443, 0.0831222214164665, 0.010663384589902887]
Timestep: 384, Trans probs: [0.33496039534363503, 0.052044631686956146, 0.3402461120289389, 0.052865902445864914, 0.0944115802989693, 0.014669244459788983, 0.0959014067746045, 0.01490072696124222]
Timestep: 385, Trans probs: [0.35513476732480037, 0.05114187085498265, 0.3563627933494816, 0.05131871512408619, 0.08117116411032717, 0.011689210896893953, 0.08145184713872239, 0.011729631200705677]
Timestep: 386, Trans probs: [0.342721569089959, 0.05135946754464215, 0.33978419268198823, 0.050919279059592426, 0.09398629839724869, 0.014084570909826549, 0.0931807665589181, 0.013963855757824965]
Timestep: 387, Trans probs: [0.34907079458197043, 0.05575395520859689, 0.34197886127860166, 0.054621224146945396, 0.0864919422376829, 0.013814584171096957, 0.08473471964802735, 0.013533918727078598]
Timestep: 388, Trans probs: [0.3464495688129995, 0.054572045266076875, 0.33543516218435887, 0.05283707789643468, 0.09248653462564049, 0.014568294517974461, 0.08954618084332558, 0.014105135853189456]
Timestep: 389, Trans probs: [0.3161390605757678, 0.049064050356363145, 0.36708812807559915, 0.05697122768797403, 0.08441091350231475, 0.013100378368814688, 0.09801460208770908, 0.01521163934545729]
Timestep: 390, Trans probs: [0.31520980284791994, 0.04821036832708805, 0.3719529805686451, 0.05688906255946709, 0.08265064935751672, 0.012641162210051422, 0.09752918563035477, 0.014916788498956971]
Timestep: 391, Trans probs: [0.3490655211694981, 0.052577253235643766, 0.34206174743884243, 0.051522324682952286, 0.0898853551672382, 0.013538790840671038, 0.08808186369898381, 0.013267143766170402]
Timestep: 392, Trans probs: [0.3221315085095877, 0.04779677054534364, 0.3730336697132677, 0.05534945898172477, 0.08138459483350452, 0.012075567594056064, 0.09424472076430247, 0.013983709058213015]
Timestep: 393, Trans probs: [0.35105166530489995, 0.05129732813319217, 0.3481271237459178, 0.05086998030147073, 0.08702579761212707, 0.012716620763740749, 0.08630080301169082, 0.012610681126960876]
Timestep: 394, Trans probs: [0.3290264967230719, 0.04739910609635231, 0.3739821786833532, 0.05387536001538756, 0.08006637087328408, 0.011534251634958264, 0.0910060317837024, 0.013110204189890218]
Timestep: 395, Trans probs: [0.3527236919318747, 0.05010812488137809, 0.35392518758853225, 0.05027881002611129, 0.08433707492135196, 0.011980972015640643, 0.0846243553947962, 0.012021783240314787]
Timestep: 396, Trans probs: [0.33562918864096786, 0.047070539926205315, 0.3745681521388997, 0.05253156089233811, 0.07883045580938024, 0.01105562997247455, 0.08797619266771534, 0.012338279952018916]
Timestep: 397, Trans probs: [0.3344691130618358, 0.04623164216203893, 0.37934977893866073, 0.05243522510522029, 0.07719239515127134, 0.010669837814305168, 0.0875504400640031, 0.012101567702664724]
Timestep: 398, Trans probs: [0.333285058483564, 0.04544286853997832, 0.38409156986083137, 0.052370252647735836, 0.07555847601237148, 0.010302273699679312, 0.08707673185209688, 0.011872768903742868]
Timestep: 399, Trans probs: [0.3320357826622786, 0.044657321140411974, 0.3887502545823865, 0.052285162831261375, 0.07401069125597076, 0.009954105490502154, 0.08665233257959248, 0.011654349457596165]
Timestep: 400, Trans probs: [0.3593961995819149, 0.047711897970457065, 0.364839031141551, 0.048434464943468564, 0.07868798266848302, 0.010446279078485495, 0.07987966314793811, 0.01060448146770188]
Timestep: 401, Trans probs: [0.36328229341977963, 0.04751992032130336, 0.3645041583602187, 0.047679748988058566, 0.0781374147751952, 0.010220932292836438, 0.07840022243023287, 0.010255309412375228]
Timestep: 402, Trans probs: [0.34014374475019066, 0.043911890506327246, 0.3910045634778497, 0.05047792247810841, 0.07188295154654509, 0.009279948099300585, 0.0826314242868067, 0.01066755485487167]
Timestep: 403, Trans probs: [0.33876892309738205, 0.04314083471917944, 0.3955858805178328, 0.05037624151774733, 0.07043560642219338, 0.00896968596535501, 0.08224878224240577, 0.010474045517904323]
Timestep: 404, Trans probs: [0.3374699177204699, 0.04234545950677686, 0.40022487661643485, 0.05021990232742454, 0.06899294239890882, 0.008657180077977562, 0.08182267636038588, 0.010267044991621368]
Timestep: 405, Trans probs: [0.33614677115035957, 0.04163619767634908, 0.4048287648568291, 0.05014336571185342, 0.0675094434971565, 0.00836193227395491, 0.08130307048197427, 0.010070454351523232]
Timestep: 406, Trans probs: [0.35088867010564617, 0.04291118466696141, 0.3561416081332688, 0.04355358156646677, 0.09131783458522996, 0.011167520632951856, 0.09268489760766524, 0.011334702701809857]
Timestep: 407, Trans probs: [0.33533295933074997, 0.040425845054029116, 0.39653837743181014, 0.04780442410441128, 0.07355900833484215, 0.008867858021493558, 0.08698509645102015, 0.01048643127164345]
Timestep: 408, Trans probs: [0.36282349684420984, 0.04313428460760065, 0.3724695479997864, 0.04428105574977607, 0.07818756293173029, 0.009295331260533168, 0.08026626301132621, 0.009542457595037442]
Timestep: 409, Trans probs: [0.3417363837737184, 0.04004521759973926, 0.3968513418180703, 0.04650367678841027, 0.07242095150734948, 0.008486403261679893, 0.08410094197187837, 0.009855083279153964]
Timestep: 410, Trans probs: [0.3403725828728607, 0.039391102728472904, 0.4013821896035194, 0.04645170574727943, 0.07090530230566978, 0.008205825579551294, 0.08361462387403831, 0.00967666728860811]
Timestep: 411, Trans probs: [0.33905967739613446, 0.03865946099625513, 0.4059505614012023, 0.04628633524169266, 0.06946759764406657, 0.007920670196611685, 0.08317240929199075, 0.00948328783204623]
Timestep: 412, Trans probs: [0.35178101725573513, 0.0395603288342624, 0.36522268512302214, 0.0410719419538647, 0.08924851136374974, 0.010036642923661859, 0.09265872620922336, 0.010420146336480592]
Timestep: 413, Trans probs: [0.3466565141466548, 0.038448693918795296, 0.3557639521303936, 0.03945882666152818, 0.09758811117141236, 0.010823784534323337, 0.10015196799848423, 0.011108149438408182]
Timestep: 414, Trans probs: [0.3657481987343523, 0.04007977448079631, 0.37108381567458526, 0.04066446724051589, 0.08160848021998884, 0.008942899771635895, 0.08279900307433295, 0.009073360803792618]
Timestep: 415, Trans probs: [0.34018940657022134, 0.03679010316664846, 0.399998965680813, 0.04325826416029839, 0.07455598357805666, 0.00806292692997618, 0.08766385942821082, 0.009480490485775052]
Timestep: 416, Trans probs: [0.3670232842738776, 0.03910792063885095, 0.3765590044094732, 0.040123992921662535, 0.07903523449376498, 0.008421546563102147, 0.0810886679114152, 0.00864034878785338]
Timestep: 417, Trans probs: [0.34650227025511804, 0.03648298183899102, 0.4002008277378279, 0.04213686542243568, 0.0733361363316789, 0.007721510534290334, 0.08470127033056166, 0.008918137549096494]
Timestep: 418, Trans probs: [0.3365286470169202, 0.048675824864441726, 0.3491068187317255, 0.050495143632492814, 0.092276001278833, 0.013346888941712117, 0.09572493021706505, 0.0138457453168095]
Timestep: 419, Trans probs: [0.3401483880249968, 0.04098277989369392, 0.38598903498105364, 0.046505890425814246, 0.07791636040839967, 0.009387752995908681, 0.0884168845776333, 0.010652908692499812]
Timestep: 420, Trans probs: [0.3389467427487021, 0.04027845748832679, 0.39056811458445834, 0.04641284076669676, 0.07632425273214713, 0.009069929818677592, 0.08794838753993756, 0.010451274321053574]
Timestep: 421, Trans probs: [0.3447892334130293, 0.04041010818189526, 0.3616078637340541, 0.04238129116813939, 0.09210161705350225, 0.01079452589634973, 0.09659428358446626, 0.011321076968563618]
Timestep: 422, Trans probs: [0.35416665293230787, 0.040908863135291774, 0.36725035102049974, 0.042420126858066974, 0.08593078849217207, 0.00992564047582949, 0.08910526153700365, 0.01029231554882827]
Timestep: 423, Trans probs: [0.33984007051286175, 0.03875144135894869, 0.3848420086665926, 0.0438829432585675, 0.08111018351085285, 0.009248869667402638, 0.09185086943551347, 0.01047361358926049]
Timestep: 424, Trans probs: [0.35542633275405444, 0.04001151804349294, 0.3725760043726663, 0.04194211330944047, 0.08339546322729424, 0.009388103171222538, 0.08741937669973744, 0.00984108842209174]
Timestep: 425, Trans probs: [0.34172323154517387, 0.04783488982697046, 0.354203304607078, 0.049581867687531304, 0.08901492969365526, 0.01246043277654254, 0.09226584366035823, 0.012915500202690413]
Timestep: 426, Trans probs: [0.3351635417383896, 0.04278461614913087, 0.37306747503490956, 0.04762316519961109, 0.0845049523624602, 0.010787306789920851, 0.09406169012981688, 0.012007252595760937]
Timestep: 427, Trans probs: [0.3340499362956529, 0.042097725375484646, 0.37754445409523457, 0.04757900247426357, 0.08285007256668059, 0.010440952753734986, 0.0936374536268548, 0.011800402812093902]
Timestep: 428, Trans probs: [0.3329287615329876, 0.0414309608194837, 0.3819870837166894, 0.04753597083695305, 0.08122212103016836, 0.010107599291155995, 0.09319051019424728, 0.01159699257831468]
Timestep: 429, Trans probs: [0.33180823036227614, 0.040766806579422096, 0.3863969403980872, 0.047473714907224344, 0.07963699595885985, 0.009784404706527033, 0.09273878332493819, 0.011394123762665182]
Timestep: 430, Trans probs: [0.3308036853674915, 0.04004828528835901, 0.3909217438659995, 0.04732639391963338, 0.07805015350381578, 0.00944903262141288, 0.09223446855746256, 0.011166236875825445]
Timestep: 431, Trans probs: [0.32971008625655535, 0.03936720738408156, 0.39532555226507654, 0.047201658817728746, 0.07653468485755456, 0.009138200305216697, 0.09176582039775191, 0.010956789716034525]
Timestep: 432, Trans probs: [0.3286320342719887, 0.03869173700007989, 0.39972200542926317, 0.0470615676328539, 0.07503959031058899, 0.008834841981619102, 0.09127222059159919, 0.010746002782007066]
Timestep: 433, Trans probs: [0.351173261908085, 0.04764104412544975, 0.36793361118787227, 0.04991479508034245, 0.0788368960410999, 0.010695210741843398, 0.08259952280432128, 0.011205658110986056]
Timestep: 434, Trans probs: [0.3346173205457726, 0.057055741479267105, 0.3466934330435686, 0.05911484455147204, 0.08497534441261262, 0.014489182075243174, 0.08804204704770614, 0.015012086844357623]
Timestep: 435, Trans probs: [0.35088261990228087, 0.04683466252569715, 0.35955207405692535, 0.047991832862967924, 0.08485503210903474, 0.011326171679693402, 0.08695159309249136, 0.011606013770909206]
Timestep: 436, Trans probs: [0.32513372850832706, 0.04280422064528115, 0.38869805667199825, 0.05117253586243696, 0.07735487086809052, 0.010183855657842574, 0.09247791091526232, 0.012174820870761067]
Timestep: 437, Trans probs: [0.3241112417463144, 0.04209080091337317, 0.3930441123243213, 0.05104278825035421, 0.0758834076346663, 0.00985462085847382, 0.09202249953815803, 0.011950528734338875]
Timestep: 438, Trans probs: [0.32311113672799485, 0.041400034784121596, 0.3974239975275124, 0.050921696752082676, 0.07438951846212771, 0.009531484067968719, 0.09149848594124307, 0.011723645736949076]
Timestep: 439, Trans probs: [0.32210151227685907, 0.04068877785182467, 0.40181610646434945, 0.05075855179208251, 0.07293817260878929, 0.009213757120289951, 0.0909891180675278, 0.011494003818277223]
Timestep: 440, Trans probs: [0.3210971267788014, 0.03996216700224003, 0.40620621509284727, 0.050554424973322055, 0.07152857661814026, 0.008902094369146359, 0.09048773706109568, 0.011261658104406998]
Timestep: 441, Trans probs: [0.3588663672456354, 0.04405730836908306, 0.37167828505764033, 0.04563020197339368, 0.0786516716569979, 0.009655908907073463, 0.08145962148183207, 0.010000635308344033]
Timestep: 442, Trans probs: [0.32717445075169765, 0.03959441097890063, 0.4067222911497824, 0.04922123201571846, 0.07050334863261179, 0.008532263307035928, 0.08764524070783956, 0.010606762456413676]
Timestep: 443, Trans probs: [0.32607925535640964, 0.03895426241613943, 0.4110227244388052, 0.04910182663808349, 0.06909261251501461, 0.008253980327527185, 0.08709120058396802, 0.010404137724052366]
Timestep: 444, Trans probs: [0.324926158797829, 0.03830438774784853, 0.41526449376667257, 0.048954052348397545, 0.06775800954538055, 0.007987750448444408, 0.08659658439506293, 0.010208562950364531]
Timestep: 445, Trans probs: [0.3237694976214678, 0.03767265778076303, 0.41951562453215346, 0.04881333378464303, 0.06642183619146232, 0.007728606685909576, 0.08606430901348162, 0.010014134390119124]
Timestep: 446, Trans probs: [0.33588770097649884, 0.055615867001978465, 0.3515773658591741, 0.058213742163479354, 0.0832935453694146, 0.013791641456120909, 0.08718427375850638, 0.014435863414827546]
Timestep: 447, Trans probs: [0.34059580651148263, 0.04504355282699261, 0.35261473707445057, 0.046633047833645754, 0.09334658763796819, 0.012345019730442754, 0.09664059811508462, 0.012780650269932848]
Timestep: 448, Trans probs: [0.3182447469469861, 0.041490795100491695, 0.405107819187447, 0.052815468851441415, 0.0709698438296721, 0.009252612264300271, 0.09034065428486543, 0.011778059534796059]
Timestep: 449, Trans probs: [0.35527675959053073, 0.04559883309330388, 0.37169114597379266, 0.047705576202203004, 0.07784374582508978, 0.009991039034826997, 0.08144025836637202, 0.010452641913880824]
Timestep: 450, Trans probs: [0.32449717830364627, 0.041011137845259844, 0.4059347840870697, 0.05130351972060131, 0.06991000664567941, 0.008835481819278339, 0.08745500839666492, 0.01105288318180016]
Timestep: 451, Trans probs: [0.3234750252271832, 0.040304833107833345, 0.41024091020464226, 0.051115820790773876, 0.06855100950443743, 0.008541422929048017, 0.08693848470928024, 0.010832493526801648]
Timestep: 452, Trans probs: [0.3582933997596285, 0.04401517986096219, 0.37876331464558183, 0.04652984238627881, 0.07463633430410349, 0.009168831133261019, 0.07890043576851653, 0.009692662141667667]
Timestep: 453, Trans probs: [0.3619189463130365, 0.04380236285196207, 0.3784566805595214, 0.045803893425570945, 0.07413749499074122, 0.008972720244690308, 0.07752517668673212, 0.009382724927745494]
Timestep: 454, Trans probs: [0.330972074951867, 0.039493813429585384, 0.41250714443874015, 0.049223126160126626, 0.0667371326433753, 0.007963523405490523, 0.08317784519661298, 0.00992533977420211]
Timestep: 455, Trans probs: [0.3432944014355989, 0.04041573527967994, 0.3626951751985616, 0.04269977059556597, 0.09174829318740366, 0.010801442477121765, 0.09693331185308297, 0.011411869972985276]
Timestep: 456, Trans probs: [0.33850878553046126, 0.03931419066527349, 0.35380852407652824, 0.041091092370753105, 0.09956406073203465, 0.011563305398098292, 0.1040641037527727, 0.012085937474078217]
Timestep: 457, Trans probs: [0.36178359455555154, 0.04149925670813732, 0.3741204948482929, 0.0429143905061751, 0.0792450196092977, 0.009089990428249383, 0.0819472922394794, 0.009399961104816544]
Timestep: 458, Trans probs: [0.33216590758330844, 0.037572319527997416, 0.40696774223392296, 0.046033387833354575, 0.07156572952033464, 0.008095022383107959, 0.08768191647395232, 0.009917974444021675]
Timestep: 459, Trans probs: [0.33108428115776056, 0.03692034299472409, 0.4112604523755669, 0.045861062653820936, 0.07016864907426025, 0.00782474656374182, 0.08716085904154457, 0.009719606138580928]
Timestep: 460, Trans probs: [0.3299443134197657, 0.03632458258122257, 0.4154716114784911, 0.04574054544199326, 0.06878906211176708, 0.007573199069458612, 0.08662038206219846, 0.009536303835103118]
Timestep: 461, Trans probs: [0.3428354000432386, 0.0372259472604835, 0.35817386139417057, 0.038891436743876254, 0.0983222954934378, 0.010676087084667373, 0.10272123658636699, 0.011153735393758857]
Timestep: 462, Trans probs: [0.32929383352838476, 0.03526885460851148, 0.40765214898271224, 0.04366138357121475, 0.07431375445789484, 0.007959338239967959, 0.09199735500398651, 0.009853331607327329]
Timestep: 463, Trans probs: [0.3438690682537077, 0.036329254912054076, 0.3629193752776743, 0.03834189147614292, 0.09616528885117563, 0.010159719541241412, 0.10149283484700124, 0.010722566841002734]
Timestep: 464, Trans probs: [0.3286344096316213, 0.03427250491078816, 0.39997778964279984, 0.04171273718751829, 0.07981134564065068, 0.008323336373911519, 0.09713762370029479, 0.010130252912415394]
Timestep: 465, Trans probs: [0.3542447906635641, 0.036459058311987445, 0.3776471837692699, 0.03886764479616049, 0.08460133681046152, 0.008707213636838271, 0.09019033569904915, 0.009282436312669163]
Timestep: 466, Trans probs: [0.3576843997313921, 0.03636852029073295, 0.3772804943785491, 0.03836100575090245, 0.08406793402488202, 0.008547832577210347, 0.08867367918228805, 0.009016134064043028]
Timestep: 467, Trans probs: [0.36116964514289024, 0.03624764810563529, 0.3769672890181195, 0.03783312862369183, 0.08350133444826308, 0.008380347097647508, 0.08715370214433056, 0.008746905419421937]
Timestep: 468, Trans probs: [0.3646657613190562, 0.03610376472460069, 0.37666729244832237, 0.037291977335125674, 0.08292583380659656, 0.008210079231225723, 0.08565500962022458, 0.008480281514848089]
Timestep: 469, Trans probs: [0.36805422856195946, 0.03598631629592418, 0.37626079795965844, 0.03678870947370105, 0.08239089377171746, 0.008055728023442028, 0.08422797791586069, 0.008235347997736757]
Timestep: 470, Trans probs: [0.3561319410775046, 0.0344063372365998, 0.36036724897712774, 0.034815515451433264, 0.09712299509472509, 0.009383169935691056, 0.09827803271116352, 0.00949475951575484]
Timestep: 471, Trans probs: [0.33476132730443786, 0.031904201997851336, 0.4006083623505244, 0.03817970915988215, 0.08085706085183406, 0.007706027524569659, 0.09676151959713096, 0.009221791213769608]
Timestep: 472, Trans probs: [0.3336630438419904, 0.03142167769150467, 0.40489319408797636, 0.038129555187241745, 0.07923134941003249, 0.007461365500831421, 0.09614560175780355, 0.009054212522619436]
Timestep: 473, Trans probs: [0.332558928914934, 0.03090650466799553, 0.4091613403087041, 0.038025582159151555, 0.07767725486061783, 0.007218968523202246, 0.09556961773352624, 0.00888180283186838]
Timestep: 474, Trans probs: [0.3577043355408543, 0.032830580249166096, 0.36560307112392254, 0.03355553671924849, 0.09526168841125057, 0.008743244616612756, 0.09736523263253992, 0.00893631070640529]
Timestep: 475, Trans probs: [0.33168420691391726, 0.03004754828509692, 0.4012248515400882, 0.036347293143687454, 0.08328212436828403, 0.007544596942147804, 0.10074298772470687, 0.009126391082071264]
Timestep: 476, Trans probs: [0.33054674621848323, 0.029602259904358677, 0.40541184884171577, 0.03630683724772353, 0.08167430898644011, 0.007314378827760199, 0.10017261699855369, 0.008971002974964849]
Timestep: 477, Trans probs: [0.32947347149093903, 0.029131944629312782, 0.4096623018182135, 0.03622221673653997, 0.08006983948166921, 0.007079750972673074, 0.09955762022308241, 0.008802854647569856]
Timestep: 478, Trans probs: [0.36520663430754674, 0.031947062629760464, 0.37699565082730885, 0.03297832661491296, 0.0872702734980189, 0.007634113488775481, 0.09008739290195046, 0.007880545731726264]
Timestep: 479, Trans probs: [0.3613539804999863, 0.031182812715997262, 0.3692517739139955, 0.031864347792926344, 0.09395081799002845, 0.008107426291096065, 0.09600421768009347, 0.008284623115876542]
Timestep: 480, Trans probs: [0.3298927154012184, 0.028165322174147887, 0.4032871584161524, 0.034431535512001184, 0.0846616468228789, 0.007228175850019092, 0.10349714734532937, 0.00883629847825276]
Timestep: 481, Trans probs: [0.328880365442988, 0.027711419538382614, 0.40761919476469877, 0.03434594370754674, 0.08296299322534481, 0.006990451705229771, 0.10282556226253803, 0.008664069353271357]
Timestep: 482, Trans probs: [0.32781959956487944, 0.027269104292004704, 0.4118900994985281, 0.03426236288183447, 0.08132013685726584, 0.006764474411976103, 0.10217497460747195, 0.008499247886039406]
Timestep: 483, Trans probs: [0.32673529085536696, 0.026853517029088593, 0.4161090046455275, 0.03419890827511522, 0.07970409669200766, 0.006550670765327268, 0.10150599971572508, 0.008342512021841837]
Timestep: 484, Trans probs: [0.3630060712616659, 0.02951518551863188, 0.37460572609595966, 0.030458326671054883, 0.09212526944431863, 0.00749049295278317, 0.09506908061352663, 0.0077298474420593654]
Timestep: 485, Trans probs: [0.3581512861796163, 0.028735719798798243, 0.3658958454103706, 0.029357092644876882, 0.09976073955398063, 0.008004150115787664, 0.10191793676698238, 0.008177229529587335]
Timestep: 486, Trans probs: [0.35314360068671136, 0.027980485735482803, 0.35720070228889583, 0.028301940444803837, 0.10750248332805494, 0.008517701284804306, 0.10873752906157794, 0.00861555716966902]
Timestep: 487, Trans probs: [0.32643358228688546, 0.025548435989592742, 0.40868240897797387, 0.03198566854763767, 0.08539199373422691, 0.006683233601943805, 0.10690752300131207, 0.008367153860427634]
Timestep: 488, Trans probs: [0.3652045987944417, 0.0282872780628515, 0.3730266620207657, 0.028893143592033328, 0.09393449463743478, 0.007275787813937548, 0.09594641222722496, 0.007431622851310585]
Timestep: 489, Trans probs: [0.33228687546019037, 0.02543425466009378, 0.40899442112890017, 0.03130568502636017, 0.08410163696964278, 0.006437396749583397, 0.10351627725517225, 0.007923452750057096]
Timestep: 490, Trans probs: [0.366425352316405, 0.027707479650301146, 0.3779132005456302, 0.02857614039941371, 0.09125039626268776, 0.0068999551519763735, 0.09411119914244385, 0.007116276531142081]
Timestep: 491, Trans probs: [0.3381867524740744, 0.025276534800798632, 0.4093029496930611, 0.030591855465359526, 0.08277963307603513, 0.006187061618873285, 0.10018709409715244, 0.007488118774645668]
Timestep: 492, Trans probs: [0.3255286824740018, 0.0521291775461268, 0.33897314227733993, 0.05428213263067899, 0.09673508204772027, 0.015490863135869717, 0.10073027814619943, 0.016130641742063186]
Timestep: 493, Trans probs: [0.3320529248452334, 0.029418642259058127, 0.3951969302756415, 0.0350129640299837, 0.08737451034299958, 0.0077410535189206195, 0.10398986332671178, 0.009213111401451332]
Timestep: 494, Trans probs: [0.35618502914301, 0.03115875370378498, 0.3744424684716292, 0.032755898470568076, 0.09210462954608868, 0.008057232146757829, 0.09682575634321607, 0.008470232174945337]
Timestep: 495, Trans probs: [0.3380672863883834, 0.029253982945129237, 0.39577055089543145, 0.03424722063399622, 0.0859271113053525, 0.007435532362522548, 0.10059364377274739, 0.0087046716964374]
Timestep: 496, Trans probs: [0.33702365111916965, 0.028833885585167397, 0.4000791734688854, 0.03422856845358655, 0.08416889512271114, 0.007201026645278559, 0.0999164951203277, 0.008548304484873571]
Timestep: 497, Trans probs: [0.35913367865636825, 0.030383349731043025, 0.38112390002201635, 0.032243761678246774, 0.08817050224307221, 0.00745938174229618, 0.09356929655693194, 0.007916129370025407]
Timestep: 498, Trans probs: [0.3625286619755411, 0.03029801726741434, 0.3809144127028126, 0.03183459037579615, 0.08749567457193347, 0.007312374819024267, 0.0919330441681134, 0.007683224119364633]
Timestep: 499, Trans probs: [0.3443254462713407, 0.028449193772116587, 0.40212682582202164, 0.03322491588310205, 0.0817532637520935, 0.006754698112417281, 0.09547705756057624, 0.007888598826332064]
