Timestep: 0, Trans probs: [0.14814814814814795, 0.07407407407407408, 0.29629629629629634, 0.14814814814814817, 0.07407407407407408, 0.03703703703703704, 0.14814814814814817, 0.07407407407407408]
Timestep: 1, Trans probs: [0.1874662464359042, 0.06253375356409578, 0.1874662464359042, 0.06253375356409578, 0.1874662464359042, 0.06253375356409578, 0.1874662464359042, 0.06253375356409578]
Timestep: 2, Trans probs: [0.2664722268684685, 0.0667996856518791, 0.13323611343423425, 0.03339984282593955, 0.26657044661155216, 0.06682430753476687, 0.13328522330577608, 0.033412153767383435]
Timestep: 3, Trans probs: [0.3691331840317043, 0.07423395964578307, 0.13035898898186626, 0.02621564342130181, 0.24614849620601012, 0.04950131368481285, 0.08692707806531494, 0.017481335963206685]
Timestep: 4, Trans probs: [0.3061990666895424, 0.05207413470022259, 0.26353512800139317, 0.04481843756793411, 0.15312702380980953, 0.02604174255110016, 0.1317912241094651, 0.02241324257053295]
Timestep: 5, Trans probs: [0.2920747602213135, 0.04302137623814967, 0.28900178954596195, 0.04256874066124146, 0.14603738011065676, 0.021510688119074833, 0.14450089477298098, 0.02128437033062073]
Timestep: 6, Trans probs: [0.32354350845240837, 0.041728850981982125, 0.1822996351984965, 0.023511997961741644, 0.2429992639731332, 0.03134070012274028, 0.13691721829838988, 0.01765882501110802]
Timestep: 7, Trans probs: [0.2374903534821118, 0.027329287109685674, 0.32282719779278557, 0.03714945489758121, 0.1426181011224016, 0.0164118288404749, 0.19386472446065464, 0.02230905229430469]
Timestep: 8, Trans probs: [0.2417072179586857, 0.025069863814369937, 0.3622108986150516, 0.03756850116868259, 0.1209135420917775, 0.012541148167416659, 0.18119526220883297, 0.018793565975182995]
Timestep: 9, Trans probs: [0.4000734459482304, 0.03787769120160596, 0.23924582060627722, 0.02265103921786407, 0.17158418210540297, 0.016245048829633093, 0.10260815574392317, 0.009714616347063273]
Timestep: 10, Trans probs: [0.2615452584894262, 0.022738851659185575, 0.407459133095914, 0.03542466354832776, 0.0981313114556937, 0.008531576321436422, 0.1528779352615126, 0.013291270168503743]
Timestep: 11, Trans probs: [0.2286022715984552, 0.018444104224698523, 0.46526075971576164, 0.03753820066553491, 0.07626362615532548, 0.006153107138992109, 0.1552148733938711, 0.01252305710736118]
Timestep: 12, Trans probs: [0.23812029145326655, 0.01788819589987205, 0.47723907135824967, 0.03585140076651068, 0.07148913984139278, 0.005370444200246418, 0.14327804867819177, 0.010763407802270012]
Timestep: 13, Trans probs: [0.4197348238246501, 0.02979262066868964, 0.31381263516992386, 0.022274303369608495, 0.1145410663445951, 0.008130082011058828, 0.08563605358555315, 0.006078415025920777]
Timestep: 14, Trans probs: [0.45996386391814126, 0.030560845313111873, 0.29077818558108015, 0.019319837593920697, 0.11454376033545689, 0.007610498162562272, 0.07241183365201444, 0.0048111754437123325]
Timestep: 15, Trans probs: [0.26926401768039776, 0.016999698302121155, 0.49547941609043633, 0.03128156766362385, 0.06192397423133578, 0.003909504465800994, 0.11394784516124787, 0.007193976405036193]
Timestep: 16, Trans probs: [0.5226371130066292, 0.03141151952032138, 0.25497568337990006, 0.015324540596858503, 0.11136281176220887, 0.006693124250941072, 0.054329875023276845, 0.0032653324598642406]
Timestep: 17, Trans probs: [0.33881748559227537, 0.019457010201149302, 0.4505926044122289, 0.02587583366686507, 0.06707691835366972, 0.003851974411496446, 0.08920544134282883, 0.005122732019486475]
Timestep: 18, Trans probs: [0.24193883516493953, 0.013166341752809197, 0.5582946258148161, 0.030382463556226234, 0.044792522948403475, 0.0024376147165756576, 0.1033625908867913, 0.005625005159438377]
Timestep: 19, Trans probs: [0.5019690708835588, 0.026260578675469968, 0.3075216204133759, 0.01608803445411237, 0.08730764865158759, 0.004567511245961112, 0.05348733845405793, 0.002798197221876453]
Timestep: 20, Trans probs: [0.3280426953606416, 0.016371547647574997, 0.4907062753752934, 0.02448955968807267, 0.0535753239354565, 0.0026737707650503185, 0.08014123780896996, 0.003999589418940642]
Timestep: 21, Trans probs: [0.2746138695364161, 0.013131531598320902, 0.5521649084230095, 0.02640351324818721, 0.04237734347108244, 0.002026406844573534, 0.08520793948398049, 0.004074487394429756]
Timestep: 22, Trans probs: [0.2676883097919951, 0.012283896922305094, 0.5663490792280519, 0.02598908303722957, 0.0391844723178103, 0.001798128649252255, 0.08290272307547959, 0.0038043069778762855]
Timestep: 23, Trans probs: [0.43820761529549274, 0.01928645322810564, 0.27855132776317126, 0.012259638963390657, 0.1473926341388824, 0.006487064681817457, 0.09369169432213495, 0.0041235716070049154]
Timestep: 24, Trans probs: [0.45960922437664264, 0.019520822034986295, 0.33631735131932194, 0.014284289379280116, 0.09431589565506096, 0.004005846089468409, 0.06901530807402931, 0.0029312630712103383]
Timestep: 25, Trans probs: [0.3270031554101599, 0.01333024643694819, 0.4775173583426721, 0.019465940800002888, 0.06353384811982225, 0.0025899500922630984, 0.09277743904785407, 0.0037820617502775608]
Timestep: 26, Trans probs: [0.2643371444797668, 0.010485708507141875, 0.5473452726905914, 0.021712056372141554, 0.04890299328213299, 0.0019398807295597986, 0.10126016245682815, 0.004016781481837501]
Timestep: 27, Trans probs: [0.26890130486052094, 0.010294527607796124, 0.49996895704735766, 0.0191406443119894, 0.06793882357404331, 0.0026009471961727995, 0.12631884692027698, 0.004835948481842724]
Timestep: 28, Trans probs: [0.443704668249134, 0.01639367618369621, 0.3345846599253212, 0.012361989772368232, 0.10608458944543221, 0.003919535970426803, 0.0799952734844514, 0.0029556069691698025]
Timestep: 29, Trans probs: [0.33191484682332556, 0.011979571298121449, 0.45473926635446804, 0.016412587491901123, 0.0753195130394135, 0.0027184547037623894, 0.10319134690576214, 0.0037244133832457643]
Timestep: 30, Trans probs: [0.26845700669686523, 0.009433139185719605, 0.5257628649077097, 0.018474445291559727, 0.05808239386797442, 0.0020409201172948465, 0.11375216529627204, 0.003997064636604426]
Timestep: 31, Trans probs: [0.24410021309362065, 0.00834276624800873, 0.5573383126899939, 0.019048501453167034, 0.0504116577542027, 0.0017229508794268278, 0.11510169498236728, 0.003933902899212934]
Timestep: 32, Trans probs: [0.48342091689816175, 0.01602838677685441, 0.3245850164685266, 0.010761996438447833, 0.09566754731247541, 0.00317196959568136, 0.06423439974250204, 0.00212976676735068]
Timestep: 33, Trans probs: [0.48246121782720774, 0.015577206291126263, 0.3316133288941687, 0.010706786457023826, 0.09165232438985564, 0.0029591749788960807, 0.06299601142799724, 0.0020339497337245292]
Timestep: 34, Trans probs: [0.31467533242273166, 0.009906268200090435, 0.50523339335046, 0.015905210807715325, 0.05740438217296977, 0.0018071426231211296, 0.09216677575309384, 0.0029014946698179256]
Timestep: 35, Trans probs: [0.492375111023203, 0.015072518394496776, 0.33320255515794883, 0.010199950260026127, 0.08631094761895225, 0.002642138720069871, 0.05840877745622589, 0.0017880013690772174]
Timestep: 36, Trans probs: [0.5581422069349579, 0.016663244639552117, 0.2728040288357717, 0.008144519827857476, 0.09408051919853147, 0.002808758570383296, 0.04598388072685472, 0.0013728412660912747]
Timestep: 37, Trans probs: [0.34023566123031906, 0.009941651843275084, 0.4955448874256156, 0.014479771831340887, 0.05529430983975001, 0.0016156941790086167, 0.08053480474601787, 0.0023532189046728295]
Timestep: 38, Trans probs: [0.4848845544827663, 0.01387423710042793, 0.3558473660586189, 0.010182033398705676, 0.07581291977315532, 0.002169271869941286, 0.05563763078258569, 0.001591986533798938]
Timestep: 39, Trans probs: [0.561637756588083, 0.015637491626583237, 0.2837772014198264, 0.007901113411562112, 0.08470029929064765, 0.002358282016103866, 0.0427962928242914, 0.001191562822902389]
Timestep: 40, Trans probs: [0.5933487546280706, 0.01619496499237279, 0.256666819979229, 0.007005509208278052, 0.08614946970949879, 0.002351378738346489, 0.0372659591189237, 0.0010171436252806674]
Timestep: 41, Trans probs: [0.3872162385996128, 0.010378569538184603, 0.4671270165963666, 0.012520420740730146, 0.05418548435320026, 0.0014523353136059955, 0.06536787749470394, 0.0017520573635957935]
Timestep: 42, Trans probs: [0.39172147571521804, 0.010227235437426247, 0.46662263883765503, 0.01218278772975739, 0.05303541947148936, 0.0013846719035948691, 0.06317633553397467, 0.0016494353708846091]
Timestep: 43, Trans probs: [0.5277622577846296, 0.013450564441754556, 0.3345171844233615, 0.008525514812006243, 0.06908135243359378, 0.0017606093822093549, 0.04378657088751893, 0.0011159458349262426]
Timestep: 44, Trans probs: [0.3828429836716643, 0.00957792195790538, 0.4829689226133782, 0.012082861241233596, 0.04854266707346571, 0.001214434890249889, 0.06123815929028052, 0.0015320492618224695]
Timestep: 45, Trans probs: [0.2813804485940727, 0.006882408687405647, 0.5300072013367694, 0.012963680259569302, 0.0571289687136779, 0.0013973426815619366, 0.10760792007575933, 0.002632029651184014]
Timestep: 46, Trans probs: [0.5070523845949267, 0.012159112054651795, 0.33282857904950436, 0.007981226616035814, 0.08252880744063826, 0.001979040130556052, 0.05417181053800061, 0.0012990395756862926]
Timestep: 47, Trans probs: [0.33734757112387054, 0.007926015730236666, 0.5067703371927961, 0.011906620969067413, 0.05312335695180362, 0.0012481387117749987, 0.07980298012993112, 0.0018749791905196286]
Timestep: 48, Trans probs: [0.27308524381141963, 0.006300064909308392, 0.5751217952915066, 0.013268035249815829, 0.04161061627469588, 9.599551399706419E-4, 0.08763260878209468, 0.002021680541188357]
Timestep: 49, Trans probs: [0.2569795267672642, 0.005838135702541145, 0.5947583276678962, 0.01351189283762014, 0.03803034742535454, 8.639845044351963E-4, 0.088018162846949, 0.0019996222479397637]
Timestep: 50, Trans probs: [0.4726934144016405, 0.010571180012119343, 0.3827416522188375, 0.008559524589237151, 0.06779585462297744, 0.0015161670576734833, 0.054894560874797, 0.0012276462227177342]
Timestep: 51, Trans probs: [0.3244752166352747, 0.007157443627808542, 0.5341866010791585, 0.011783366765580802, 0.04525386830931775, 9.982334389756929E-4, 0.07450186904416498, 0.0016434010997190425]
Timestep: 52, Trans probs: [0.267900600070358, 0.005791598169798453, 0.5942915684386808, 0.01284766797533182, 0.03624453999896845, 7.835511061493832E-4, 0.0804023003967461, 0.0017381738439670752]
Timestep: 53, Trans probs: [0.24974966882512373, 0.0053127571493630215, 0.6158351984145153, 0.013100249015733569, 0.03277326062855001, 6.971635859672918E-4, 0.08081262952947472, 0.0017190728512723966]
Timestep: 54, Trans probs: [0.25234840909341977, 0.005294357109736873, 0.5838627892581757, 0.012249643738690918, 0.043226258363800556, 9.069018866332059E-4, 0.10001332629023992, 0.0020983142593030634]
Timestep: 55, Trans probs: [0.48075510327728066, 0.009913274886189791, 0.36279152426094985, 0.007480840207127862, 0.0776516249347058, 0.0016011934103028502, 0.05859813276938501, 0.0012083062540582529]
Timestep: 56, Trans probs: [0.3526319883696812, 0.00715980615625513, 0.4943807546188984, 0.01003785954535593, 0.055407517778057955, 0.0011249889402383643, 0.07767987974465757, 0.001577204846855511]
Timestep: 57, Trans probs: [0.28342021390538596, 0.0056897457982780075, 0.5667526956575953, 0.01137773034726814, 0.043386768998015385, 8.710024003077125E-4, 0.08676010770956277, 0.0017417351835865337]
Timestep: 58, Trans probs: [0.27917685478006243, 0.005495943588444301, 0.5744397902701023, 0.011308561681337929, 0.041560818790304495, 8.181764055656301E-4, 0.08551635861133439, 0.0016834958728485236]
Timestep: 59, Trans probs: [0.5306504192142333, 0.010301449132161872, 0.3260171447733466, 0.006328929388331295, 0.07698918851257382, 0.0014945813297633733, 0.04730005764332206, 9.182300062676312E-4]
Timestep: 60, Trans probs: [0.3383178686281496, 0.006470129199906169, 0.5215195542676383, 0.009973753115883574, 0.04776576298197919, 9.134919745110569E-4, 0.07363128504156921, 0.0014081547903628294]
Timestep: 61, Trans probs: [0.27227312447801266, 0.005121645179052486, 0.590683399718399, 0.0111111619713255, 0.03741344105495393, 7.037726194174668E-4, 0.08116665425525219, 0.0015268007235866654]
Timestep: 62, Trans probs: [0.28354607876505095, 0.005263212817857364, 0.572741271436741, 0.01063128509578011, 0.041553645997307126, 7.713232473334814E-4, 0.08393516900316726, 0.0015580136367625377]
Timestep: 63, Trans probs: [0.505721939059995, 0.009229150723435919, 0.3362370289363852, 0.006136143163221648, 0.08416214744564174, 0.0015359134812850544, 0.05595650142967487, 0.0010211757603605992]
Timestep: 64, Trans probs: [0.2663694860991129, 0.0048067497050247945, 0.6045798838450179, 0.010909898956123877, 0.0340474471201285, 6.144005411364197E-4, 0.07727762637739774, 0.0013945073560578905]
Timestep: 65, Trans probs: [0.5621015379393868, 0.010025718882035668, 0.25953240605372846, 0.004629055016308451, 0.11003659559494736, 0.00196262756763734, 0.050805878442192226, 9.061805037637561E-4]
Timestep: 66, Trans probs: [0.27417718950817194, 0.004816256757528197, 0.6069813493506587, 0.010662367758411067, 0.03160668908573078, 5.552100456106924E-4, 0.0699717975232648, 0.0012291399706239035]
Timestep: 67, Trans probs: [0.574360918806187, 0.009952298528824626, 0.22806415351448026, 0.003951805328638153, 0.1292289265246095, 0.0022392276584654743, 0.051313529128476885, 8.891405103181594E-4]
Timestep: 68, Trans probs: [0.38280582247335593, 0.006540081660028123, 0.4239224325602681, 0.0072425422072959385, 0.08373987767155117, 0.0014306617246158228, 0.09273425470766983, 0.001584326995214971]
Timestep: 69, Trans probs: [0.2834692512324844, 0.0047743965707626535, 0.5274636396561312, 0.008883928614574307, 0.06030017743319983, 0.0010156197157247689, 0.1122031787311584, 0.001889808045964608]
Timestep: 70, Trans probs: [0.13649059714656758, 0.13649059714656758, 0.3164105294827069, 0.3164105294827069, 0.01419416506897549, 0.01419416506897549, 0.032904708301750005, 0.032904708301750005]
Timestep: 71, Trans probs: [0.4962241095963323, 0.016782723917146736, 0.2834878606237104, 0.009587801976370295, 0.11937554923365548, 0.004037383203480296, 0.06819805488806008, 0.0023065165612444704]
Timestep: 72, Trans probs: [0.5089160546915492, 0.01700940589860346, 0.27500286562085274, 0.009191369227797841, 0.11928254059861174, 0.003986757994671935, 0.06445668235606294, 0.0021543236118501496]
Timestep: 73, Trans probs: [0.2627912500912316, 0.008681942191828154, 0.5252282577719346, 0.01735218113201062, 0.06002685429833408, 0.0019831317777684893, 0.11997279244152331, 0.003963590295369037]
Timestep: 74, Trans probs: [0.5875218064187437, 0.01920208558033303, 0.29632441637400053, 0.009684826572548245, 0.05617324958877637, 0.001835920869906079, 0.028331723551996115, 9.25971043696073E-4]
Timestep: 75, Trans probs: [0.5399465216019717, 0.017392053614226556, 0.23072811447031885, 0.007431913303694359, 0.13880579747484223, 0.004471031435641928, 0.05931402212556145, 0.0019105459737430001]
Timestep: 76, Trans probs: [0.35333317889976096, 0.011235705304633905, 0.4219801998833767, 0.01341862427141381, 0.08835112311348281, 0.0028094932542922692, 0.10551634213192629, 0.003355333141113208]
Timestep: 77, Trans probs: [0.3568184343899716, 0.011193546583504271, 0.5335969607409946, 0.01673916440747236, 0.03172533459188709, 9.952372871056133E-4, 0.04744301438815424, 0.0014883076109102318]
Timestep: 78, Trans probs: [0.4809802119678139, 0.014881236440529418, 0.2782498722922175, 0.008608882519692286, 0.13351805955881083, 0.004130967894180879, 0.07724098018283937, 0.0023897891439159623]
Timestep: 79, Trans probs: [0.2918956087348436, 0.008916093118757825, 0.4718967784072958, 0.014414316258328246, 0.07894310922079124, 0.00241135560739535, 0.12762438969264217, 0.0038983489599458345]
Timestep: 80, Trans probs: [0.19575546938334107, 0.09787773469167053, 0.41998488836567055, 0.20999244418283528, 0.01619043380976532, 0.00809521690488266, 0.03473587510788973, 0.017367937553944866]
Timestep: 81, Trans probs: [0.41985390482277357, 0.019547930321796796, 0.31566301050815515, 0.014696918293963966, 0.12557966240212556, 0.005846849254641877, 0.094415828546803, 0.00439589584974013]
Timestep: 82, Trans probs: [0.4927143578005497, 0.022696381793109108, 0.24778542968354728, 0.011413981804735435, 0.1433660719644721, 0.006604011135395382, 0.07209861693971413, 0.003321148878477131]
Timestep: 83, Trans probs: [0.4841615122180302, 0.02201703855095822, 0.2610766122567717, 0.011872347742962235, 0.13725347509301292, 0.006241543319979973, 0.07401181505236251, 0.0033656557659222613]
Timestep: 84, Trans probs: [0.3616561770283661, 0.01624510303285371, 0.526842640930294, 0.023665054069689207, 0.02788785662827194, 0.0012526845470033163, 0.040625635532202733, 0.0018248482313189753]
Timestep: 85, Trans probs: [0.4900424209430705, 0.021706310194947103, 0.23986268752759543, 0.01062465957467081, 0.15285868926729104, 0.006770838571165886, 0.07482024913075337, 0.003314144790505854]
Timestep: 86, Trans probs: [0.2925792401043649, 0.012808833769663007, 0.44229725888103166, 0.019363342606822986, 0.08885579720448675, 0.00389002013764605, 0.13432489442933318, 0.005880612866651552]
Timestep: 87, Trans probs: [0.24309090537349556, 0.010517818073253674, 0.49669326613854414, 0.02149043545429556, 0.07187837585652723, 0.0031099628326215875, 0.14686483319505114, 0.0063544030762111535]
Timestep: 88, Trans probs: [0.2911006471813473, 0.012447543462338069, 0.603446977866614, 0.025803558174612478, 0.020971656150256177, 8.967537651845181E-4, 0.04347390721136392, 0.0018589561882835252]
Timestep: 89, Trans probs: [0.46820752792113746, 0.019807723174257188, 0.2565705277579527, 0.010854327804312015, 0.15157360865719052, 0.006412387460183084, 0.0830600074715225, 0.0035138897534444723]
Timestep: 90, Trans probs: [0.31615146926792304, 0.013186780077841395, 0.4138082567085256, 0.017260076280037433, 0.09961488075154712, 0.004154968907760589, 0.13038516076321688, 0.005438407243147939]
Timestep: 91, Trans probs: [0.24787725181391362, 0.010208950201662492, 0.4869916592143204, 0.020056998216505653, 0.07608818872719594, 0.003133730602410363, 0.1494865422450581, 0.006156678978933446]
Timestep: 92, Trans probs: [0.23065583859528535, 0.009395335608902258, 0.5089973649329341, 0.020733058814881276, 0.06898218757855815, 0.002809860818108291, 0.152225722611789, 0.006200631039541578]
Timestep: 93, Trans probs: [0.4132255506797392, 0.016633148760050592, 0.33112811433496153, 0.013328563965390108, 0.12044013975992143, 0.004847954725966757, 0.09651173869413253, 0.0038847890798378603]
Timestep: 94, Trans probs: [0.31647934446285103, 0.012586720387248675, 0.4325833432051053, 0.017204299997351062, 0.08986056403443947, 0.003573850278480686, 0.12282692027908061, 0.004884957355443285]
Timestep: 95, Trans probs: [0.23687339569681723, 0.00931489288527429, 0.5167649241028397, 0.020321445980560696, 0.06554082526162851, 0.0025773505088176178, 0.14298439675898994, 0.005622768805072047]
Timestep: 96, Trans probs: [0.42678058428207705, 0.016564221783077537, 0.33124612045739804, 0.01285633509610147, 0.11519931086010567, 0.004471119363488388, 0.08941204498786363, 0.0034702631698882483]
Timestep: 97, Trans probs: [0.3120276004109559, 0.011946268889289758, 0.45035767945267086, 0.01724236550873166, 0.08215870965966342, 0.003145523139295228, 0.11858183628762278, 0.004540016651770333]
Timestep: 98, Trans probs: [0.25401549185759237, 0.009608182672859122, 0.5126955523433094, 0.019392803511522068, 0.06521493593246926, 0.002466766939511135, 0.1316274348246272, 0.004978831918109545]
Timestep: 99, Trans probs: [0.24266784897636265, 0.009076747067616594, 0.5281637895463938, 0.019755435869271084, 0.06079448414934469, 0.0022739565956410557, 0.1323184973505233, 0.004949240444846826]
Timestep: 100, Trans probs: [0.538870720705037, 0.019916697992753748, 0.3638072522487705, 0.013446340452738228, 0.03682063698395188, 0.0013608932134050794, 0.02485867992540901, 9.187784779346123E-4]
Timestep: 101, Trans probs: [0.4604832785767095, 0.016819088494517864, 0.29512692521193007, 0.010779470402479596, 0.12746121402281652, 0.004655503333138537, 0.08169077560124069, 0.002983744357167111]
Timestep: 102, Trans probs: [0.2684370367629869, 0.009713332303857352, 0.4913746765188636, 0.017780279414059748, 0.07251967753723215, 0.0026241078167975147, 0.13274745363313128, 0.0048034360130713915]
Timestep: 103, Trans probs: [0.23703839470585927, 0.008500038189719217, 0.5269747031196633, 0.01889696016162888, 0.062475594123623655, 0.0022403329917719526, 0.13889335399176722, 0.004980622715966398]
Timestep: 104, Trans probs: [0.2404448387855247, 0.008508242250788523, 0.5276684725943455, 0.018671771935769816, 0.06188994896624428, 0.0021900020035923776, 0.13582065227480428, 0.00480607118893049]
Timestep: 105, Trans probs: [0.22540057420443776, 0.007883662550079409, 0.5468796389179025, 0.019127788577981062, 0.056599832262737224, 0.0019796488075749215, 0.13732571862299256, 0.004803136056294545]
Timestep: 106, Trans probs: [0.29607065395182935, 0.010217108580573914, 0.480185685150935, 0.01657073816178555, 0.0726147299542188, 0.0025058632815801317, 0.1177710569747645, 0.0040641639443127625]
Timestep: 107, Trans probs: [0.45257466417494857, 0.015455074571994524, 0.3274238181954696, 0.011181270025539954, 0.10849045357619617, 0.003704865037963023, 0.0784894987712898, 0.0026803556465985305]
Timestep: 108, Trans probs: [0.31650641129517076, 0.010718400867809499, 0.4672114927860539, 0.015821986193696482, 0.07411768321275787, 0.002509974558862198, 0.10940894774918834, 0.0037051033364609675]
Timestep: 109, Trans probs: [0.2533298510169094, 0.008497150012929024, 0.5340664319124203, 0.017913572248249056, 0.05795998723854562, 0.0019440847745988692, 0.12219043059443191, 0.004098492201915739]
Timestep: 110, Trans probs: [0.2634233495327583, 0.008758089959835725, 0.5277299666099365, 0.017545546096308238, 0.05882401630612569, 0.00195573409692684, 0.1178452715606126, 0.003918025837496109]
Timestep: 111, Trans probs: [0.4556928328933993, 0.015007344556603644, 0.3389689546002471, 0.011163273873275202, 0.09946657553747948, 0.003275735458638635, 0.07398861402653041, 0.0024366690538261105]
Timestep: 112, Trans probs: [0.1870142018999162, 0.06269128704025442, 0.4303238100559649, 0.1442540364443119, 0.039866767129970934, 0.013364220022442627, 0.09173431189554318, 0.030751365511595945]
Timestep: 113, Trans probs: [0.3472814914742587, 0.23459888637049442, 0.21312340045215525, 0.1439711405100163, 0.02257023141895728, 0.015246856760301013, 0.013851139744246326, 0.009356853269570628]
Timestep: 114, Trans probs: [0.513273557768207, 0.023778983254808008, 0.25840719253794836, 0.01197151150937866, 0.1224134569490541, 0.0056711815734510505, 0.06162896424396606, 0.0028551521631867013]
Timestep: 115, Trans probs: [0.2822944208070553, 0.012924700085372684, 0.4932297919748661, 0.022582263993106092, 0.06577409845733496, 0.0030114321548277015, 0.11492166514200865, 0.005261627385428539]
Timestep: 116, Trans probs: [0.5442528353446509, 0.024684455236414393, 0.23494725033684624, 0.010655975508489424, 0.12391875878602325, 0.005620305224994521, 0.05349420297184901, 0.0024262165907322744]
Timestep: 117, Trans probs: [0.3317592707889772, 0.01489087443587335, 0.45117778904401773, 0.020250924077967452, 0.07377531478800801, 0.0033113737752155617, 0.10033113267014634, 0.004503320419794395]
Timestep: 118, Trans probs: [0.29731055202120443, 0.013193486835767822, 0.6043783646507351, 0.026819962976872936, 0.01840549861492049, 8.167644976972675E-4, 0.03741503649246075, 0.0016603339103411544]
Timestep: 119, Trans probs: [0.48901348522330074, 0.021495023586716892, 0.2786433292234885, 0.01224801588284465, 0.12118563427185138, 0.005326822563707438, 0.06905242822117531, 0.0030352610269151624]
Timestep: 120, Trans probs: [0.16146143941737076, 0.08153139072916829, 0.3735639700592729, 0.1886344511429221, 0.0390641365211595, 0.01972578338021169, 0.09038042754009906, 0.04563840120979577]
Timestep: 121, Trans probs: [0.5232983765535485, 0.02994570201674636, 0.24180964512165884, 0.01383753495525588, 0.12363453434069598, 0.007074974986028497, 0.057129974433708215, 0.0032692575923577325]
Timestep: 122, Trans probs: [0.3475919638096697, 0.01965331588125727, 0.42140709118277797, 0.023826922195911027, 0.08022443320450855, 0.0045359970635752925, 0.09726100876431866, 0.0054992678979815645]
Timestep: 123, Trans probs: [0.2595227506864193, 0.014536803003278524, 0.5131265630241575, 0.028742064973889387, 0.05854783016984843, 0.0032794746171478186, 0.11576035930613504, 0.006484154219124052]
Timestep: 124, Trans probs: [0.24572481814108887, 0.013635030211353046, 0.5303781710315508, 0.029430166802708137, 0.05424388460475295, 0.003009940188224235, 0.11708126400889836, 0.006496725011423615]
Timestep: 125, Trans probs: [0.49472855637979896, 0.027141847262020156, 0.2848795001147416, 0.015629087467227302, 0.10685363584472493, 0.005862214796557213, 0.06152951951598895, 0.0033756386189407604]
Timestep: 126, Trans probs: [0.49260648349248576, 0.026714122894977103, 0.290586844933811, 0.01575856783733114, 0.1040106377915856, 0.005640512363235576, 0.06135551213440597, 0.003327318552167984]
Timestep: 127, Trans probs: [0.2872274292190819, 0.015430206641608813, 0.49925664112247947, 0.02682067364060647, 0.05935796458250695, 0.003188782010908767, 0.10317558494291859, 0.005542717839889128]
Timestep: 128, Trans probs: [0.28689594870887924, 0.015235952738457558, 0.502978951031573, 0.026711299203922248, 0.058004638668445956, 0.0030804057615345425, 0.10169231194695295, 0.0054004919402345876]
Timestep: 129, Trans probs: [0.5141461251869264, 0.027048161739772925, 0.2790140032660308, 0.014678348271626791, 0.10168134347710402, 0.005349244678808383, 0.05517987457495771, 0.002902898804773083]
Timestep: 130, Trans probs: [0.4942788694547949, 0.0256810304835232, 0.3020115600897226, 0.01569148219828948, 0.09579005270750908, 0.004976921765466685, 0.05852911189827301, 0.0030409714024211536]
Timestep: 131, Trans probs: [0.28728813215778587, 0.014792637073206282, 0.5121644773118239, 0.026371654052528434, 0.05447055952961865, 0.002804721560351754, 0.09710768572593691, 0.005000132588748246]
Timestep: 132, Trans probs: [0.2442634220402055, 0.012445860299091427, 0.5581346482572513, 0.0284384203016238, 0.04539451018147901, 0.002312969037056138, 0.10372510448486093, 0.0052850653984318294]
Timestep: 133, Trans probs: [0.23702014373861752, 0.011945845948276248, 0.5685041627354838, 0.028652683446522432, 0.0431048377544265, 0.002172489406671152, 0.10338901711431399, 0.00521081985568833]
Timestep: 134, Trans probs: [0.24825433470146296, 0.012360985953495374, 0.5601619604555593, 0.027891372503929118, 0.044267762873553405, 0.002204163708684814, 0.09988593700106448, 0.004973482802250565]
Timestep: 135, Trans probs: [0.25212610643749844, 0.01241773810212533, 0.5591808182815103, 0.027540824912049598, 0.04405188981708902, 0.002169647714715727, 0.09770099631024609, 0.004811978424765403]
Timestep: 136, Trans probs: [0.3379327654489664, 0.016445801319356055, 0.47625069947244236, 0.023177167716549672, 0.0578627591674025, 0.0028159431057020643, 0.08154633804233026, 0.00396852572725073]
Timestep: 137, Trans probs: [0.4973374184810264, 0.023926399400710768, 0.31968741370789033, 0.015379837630389467, 0.08343961549255423, 0.004014195377082311, 0.05363480383009452, 0.002580316080252006]
Timestep: 138, Trans probs: [0.47811970956289596, 0.022756468702318566, 0.3414447057955167, 0.01625131866684928, 0.0787579858061915, 0.003748545820658075, 0.05624427680931025, 0.0026769888362597164]
Timestep: 139, Trans probs: [0.33979337387419034, 0.01597699916876935, 0.48255052909296514, 0.02268940478239597, 0.05485158117908826, 0.0025791075820932713, 0.07789633805323964, 0.003662666267258011]
Timestep: 140, Trans probs: [0.5527529849069686, 0.025702869633272504, 0.2722346911853818, 0.012658842137903137, 0.08748953182757167, 0.004068240411616402, 0.04308920318728132, 0.0020036367100047113]
Timestep: 141, Trans probs: [0.2964605201889891, 0.01364297250721107, 0.6068517852828874, 0.027927031286622866, 0.017293391046131076, 7.958336524823353E-4, 0.03539940233272761, 0.0016290637029484766]
Timestep: 142, Trans probs: [0.4727087985534361, 0.02151989528668892, 0.338723919142677, 0.015420282620830669, 0.08448580420092848, 0.003846185358045878, 0.06053909467823112, 0.0027560201591619194]
Timestep: 143, Trans probs: [0.5589220591242489, 0.025158453517488435, 0.2551148316517423, 0.011483344643417364, 0.09810869337143227, 0.004416113054679074, 0.04478081046262908, 0.0020156941743626295]
Timestep: 144, Trans probs: [0.32101997899770734, 0.014300012041466725, 0.4956277991437127, 0.022078013704845956, 0.055310933308383936, 0.0024638560341451584, 0.08539542065204231, 0.0038039861176959408]
Timestep: 145, Trans probs: [0.5714189864102329, 0.025250373135172983, 0.24768462543141423, 0.01094490970851081, 0.09667375866511416, 0.004271906493707785, 0.041903759366556, 0.0018516807892911323]
Timestep: 146, Trans probs: [0.26065352430019867, 0.01138842650627744, 0.5609341382322389, 0.02450823262517098, 0.04332115805249955, 0.0018927801800197811, 0.0932284208496426, 0.004073319253952053]
Timestep: 147, Trans probs: [0.550658991962746, 0.023801394214638626, 0.2736060527760351, 0.011826203906017766, 0.08972210274183984, 0.0038781009087186825, 0.044580240650317876, 0.001926912839686197]
Timestep: 148, Trans probs: [0.3450954543982553, 0.014779278454049966, 0.4817106213058404, 0.02063004689229085, 0.05514728538327224, 0.0023617728842169877, 0.07697879750873024, 0.0032967431733438766]
Timestep: 149, Trans probs: [0.2798186982619935, 0.011877979197085367, 0.6288829726167839, 0.026695352785714697, 0.01557461140700724, 6.611241902137301E-4, 0.03500340749144406, 0.0014858540497575709]
Timestep: 150, Trans probs: [0.5278995706160932, 0.02220944562716244, 0.33449561733253336, 0.014072680940052578, 0.059518807581755116, 0.002504036362897235, 0.03771319658722321, 0.0015866449522830659]
Timestep: 151, Trans probs: [0.5530065659437445, 0.023031840188064062, 0.2678770705928726, 0.011156652126567008, 0.09373017974656887, 0.0039037122769733953, 0.04540301602713418, 0.0018909630980754803]
Timestep: 152, Trans probs: [0.5909773055273624, 0.024362438650679295, 0.22268935935168718, 0.009180142459993946, 0.10658036198483956, 0.0043936670764468545, 0.0401611234609007, 0.0016556014880900517]
Timestep: 153, Trans probs: [0.4918201834803674, 0.02006986653749745, 0.3244101599630291, 0.01323831114004311, 0.08710610562001093, 0.003554567244523347, 0.05745617322570145, 0.0023446327888273708]
Timestep: 154, Trans probs: [0.3434906690675089, 0.013895633947368926, 0.4753725190997855, 0.019230806274830748, 0.05967230102263787, 0.002413994109530871, 0.08258323911569476, 0.0033408373626422944]
Timestep: 155, Trans probs: [0.2735306383161619, 0.010952376496499458, 0.5478243633175256, 0.021935307568995394, 0.04667185553636899, 0.0018687768828064874, 0.09347391466438207, 0.003742767217260151]
Timestep: 156, Trans probs: [0.26144287055529875, 0.010370127839527978, 0.5625098891719673, 0.02231194696310601, 0.04375470023782931, 0.0017355295789201585, 0.09414084051807466, 0.0037340951352756767]
Timestep: 157, Trans probs: [0.2542050783696077, 0.010003319025366083, 0.5722660567790203, 0.02251945543363788, 0.0417284265439749, 0.0016420709052043935, 0.09393896560631636, 0.0036966273368723717]
Timestep: 158, Trans probs: [0.23991314738807604, 0.009361755150106043, 0.5888803459860766, 0.022978955809011162, 0.03868819742069042, 0.0015096689589320484, 0.09496236171593044, 0.003705567571177342]
Timestep: 159, Trans probs: [0.3459897766857603, 0.013372779816779706, 0.4850832823759847, 0.0187488543452151, 0.05483494964985432, 0.0021194143796847134, 0.07687948938801094, 0.00297145335871028]
Timestep: 160, Trans probs: [0.4882268916437196, 0.01869799588389992, 0.3451131626942734, 0.013217060768226154, 0.07603084626786262, 0.00291181103478287, 0.05374395853019109, 0.0020582731770443395]
Timestep: 161, Trans probs: [0.32519014580260275, 0.012366038464784443, 0.5105282695568306, 0.01941390998524248, 0.049669518917212746, 0.0018887878042603199, 0.07797805028789999, 0.002965279181166839]
Timestep: 162, Trans probs: [0.2749359149257111, 0.010344603516281112, 0.563213091716639, 0.02119117879001645, 0.041196916669605274, 0.0015500549251831655, 0.0843929132101587, 0.0031753262464051125]
Timestep: 163, Trans probs: [0.27183200653673556, 0.010130283710129431, 0.5684443762696814, 0.021184049952047243, 0.04004833064504602, 0.0014924693994655127, 0.0837474903128769, 0.0031209931740179683]
Timestep: 164, Trans probs: [0.272805287776477, 0.010076832861694694, 0.5579941578629126, 0.020611088268911074, 0.04386248739858493, 0.0016201847039558801, 0.08971604589204156, 0.003313915235422306]
Timestep: 165, Trans probs: [0.4938086623875429, 0.018110012040402076, 0.3327354192174726, 0.01220278805795342, 0.08249372011288841, 0.0030253869125720207, 0.05558546180996118, 0.002038549461207469]
Timestep: 166, Trans probs: [0.3359275042285318, 0.012222020759884626, 0.4930397335757378, 0.017938221144021587, 0.05508257537297041, 0.0020040644818959544, 0.08084452134672268, 0.0029413590902350934]
Timestep: 167, Trans probs: [0.24843873767642746, 0.008952617646474856, 0.5828202839825014, 0.021002228589250743, 0.040036340278096424, 0.0014427301065294662, 0.09392251558165203, 0.0033845461390677096]
Timestep: 168, Trans probs: [0.47527093903226897, 0.016995433832968424, 0.35826573310379906, 0.012811390433388421, 0.07522945972296055, 0.002690165124791546, 0.056708995491136574, 0.0020278832586864285]
Timestep: 169, Trans probs: [0.24410759410314542, 0.008637226513111402, 0.5916783541983259, 0.02093527645828391, 0.03798082110107943, 0.0013438703380336885, 0.09205952728653016, 0.00325733000149001]
Timestep: 170, Trans probs: [0.5537276846469079, 0.01939190913688584, 0.28444267943083695, 0.009961370448169695, 0.08455772543021223, 0.0029612673771404734, 0.04343619915497554, 0.0015211643748715114]
Timestep: 171, Trans probs: [0.36483250467353207, 0.012676301392202228, 0.4755883564089281, 0.01652457296768666, 0.054697608023057016, 0.0019004977787087831, 0.07130270786168995, 0.0024774508941952343]
Timestep: 172, Trans probs: [0.2830045081123169, 0.009731946890478092, 0.5596869873825373, 0.019246492124206125, 0.041664838515492124, 0.0014327686803921557, 0.08239892750846535, 0.002833530786112021]
Timestep: 173, Trans probs: [0.2690082257735196, 0.009169468908834695, 0.5756152804392439, 0.019620539120173516, 0.03898818301464898, 0.0013289591087291283, 0.08342567902993427, 0.0028436646049159815]
Timestep: 174, Trans probs: [0.24636119117958216, 0.008321142650398539, 0.6003218550511824, 0.020276585642872016, 0.03510413783275651, 0.0011856840646329375, 0.0855401820507163, 0.002889221527859144]
Timestep: 175, Trans probs: [0.49590811678147584, 0.016592150858679034, 0.3528538945064865, 0.011805826221844035, 0.0694484012510706, 0.0023236126037428874, 0.04941467586320575, 0.0016533219134953704]
Timestep: 176, Trans probs: [0.5350465572338685, 0.017746695052835153, 0.3155645753142703, 0.010466805573952942, 0.07377406184790163, 0.0024469754280681036, 0.04351113035209365, 0.0014431991970097792]
Timestep: 177, Trans probs: [0.3395176417380801, 0.011185110589686341, 0.5129496877658075, 0.016898677062064823, 0.04605638698474063, 0.0015172872288713713, 0.06958286232934266, 0.0022923463014067127]
Timestep: 178, Trans probs: [0.272864534577119, 0.008923751965728829, 0.5814309412089973, 0.019015096676416657, 0.036423516252178365, 0.0011911933709445445, 0.0776127222596598, 0.002538243688955693]
Timestep: 179, Trans probs: [0.2645276392691284, 0.008568279359384022, 0.5917403795630036, 0.01916698343633336, 0.03471066082180967, 0.0011243083690302324, 0.07764670514706934, 0.0025150440342415086]
Timestep: 180, Trans probs: [0.2610769124868756, 0.008401554894838906, 0.5970528927706739, 0.01921339043714694, 0.03367720523508396, 0.001083745344588973, 0.0770158977847164, 0.002478401046075358]
Timestep: 181, Trans probs: [0.31150017190751106, 0.009951323000806806, 0.5483411582038193, 0.017517550460751888, 0.039561013519195824, 0.0012638337287521407, 0.06964019262009828, 0.0022247565590646484]
Timestep: 182, Trans probs: [0.5665232094899515, 0.017964478427692287, 0.2950385727273337, 0.009355687439300436, 0.07082037782321719, 0.0022457176128611355, 0.036882413364466286, 0.0011695431151774137]
Timestep: 183, Trans probs: [0.36443445793371376, 0.011465146433856009, 0.49892085041796175, 0.015696102507371402, 0.0448049379530562, 0.0014095680674769153, 0.061339199024173376, 0.001929737662390587]
Timestep: 184, Trans probs: [0.28602796822432963, 0.00890983325631549, 0.5790340494649132, 0.01803703624680252, 0.03462799421189211, 0.0010786695313188363, 0.07010079412106225, 0.0021836549433659133]
Timestep: 185, Trans probs: [0.2685045127577888, 0.008305840669077186, 0.598420418641229, 0.01851136354955855, 0.03192276045366032, 9.87489406870422E-4, 0.07114678065800556, 0.0022008338638101134]
Timestep: 186, Trans probs: [0.484063644055625, 0.014841634324896923, 0.38446371240603144, 0.011787850421724618, 0.056694826160877516, 0.0017382918306846679, 0.04502941629204609, 0.0013806245081138685]
Timestep: 187, Trans probs: [0.2669691259671185, 0.008130009341353618, 0.5745012414399422, 0.01749528318155131, 0.040919770615158585, 0.001246129552030152, 0.08805684527259425, 0.002681594630251351]
Timestep: 188, Trans probs: [0.4881186605958972, 0.014740677445511361, 0.31579731943929845, 0.009536751613488593, 0.1012589596990506, 0.0030579155928387074, 0.06551134103976707, 0.0019783745741479932]
Timestep: 189, Trans probs: [0.5658182338496237, 0.01695572248621876, 0.2887653532136185, 0.008653353497311137, 0.07701629273124251, 0.00230792648300442, 0.0393052673867192, 0.0011778503522616348]
Timestep: 190, Trans probs: [0.37024463201348623, 0.011006155144714286, 0.4863368335115369, 0.01445719445845223, 0.049512534134219854, 0.0014718447890132707, 0.06503745628671605, 0.0019333496618611258]
Timestep: 191, Trans probs: [0.287421939847595, 0.008476967698700905, 0.5709401075114849, 0.0168388010039665, 0.037834544612473514, 0.0011158584927269605, 0.07515521946636274, 0.0022165613666895075]
Timestep: 192, Trans probs: [0.3028375925787726, 0.008873024668082496, 0.5080903387438587, 0.014886850971502072, 0.05997780984207679, 0.0017573266969089358, 0.10062867512674721, 0.0029483813720512122]
Timestep: 193, Trans probs: [0.524722358115553, 0.01523107952492826, 0.3200815564776894, 0.00929098515771821, 0.0788744175756833, 0.002289482252847085, 0.04811353271578388, 0.0013965881797969085]
Timestep: 194, Trans probs: [0.30091982418346985, 0.008675024171140635, 0.5460205589407892, 0.015740875695391506, 0.0444266546995545, 0.0012807474695538015, 0.08061239201087078, 0.00232392282922975]
Timestep: 195, Trans probs: [0.27178405148017154, 0.007784557090331702, 0.5772402550531314, 0.016533566615944618, 0.03941581934897678, 0.0011289650526336962, 0.08371498434223418, 0.0023978010165761764]
Timestep: 196, Trans probs: [0.24758090823133494, 0.007047864292696428, 0.6032276554898717, 0.017172029474589207, 0.035359499149176986, 0.0010065758028008284, 0.08615295873752896, 0.0024525088220010405]
Timestep: 197, Trans probs: [0.26749239031185196, 0.00756218044030201, 0.5853579722246903, 0.01654844312756612, 0.03752960559254109, 0.0010609858808068996, 0.08212664966816774, 0.00232177275407388]
Timestep: 198, Trans probs: [0.4953526806412522, 0.01389088132094426, 0.35933935945485324, 0.010076740454235079, 0.06840676130956835, 0.001918290220356268, 0.049623718114414996, 0.0013915684843755854]
Timestep: 199, Trans probs: [0.5457623704302945, 0.015196333189234964, 0.31079263786382105, 0.008653781817196728, 0.07413676007940552, 0.0020642810292119834, 0.0422182995313315, 0.0011755360595037162]
Timestep: 200, Trans probs: [0.3631679926266267, 0.010027019366618102, 0.49533488746469695, 0.013676129533464742, 0.04849094042535352, 0.0013388283346060929, 0.06613813718805343, 0.001826065060580547]
Timestep: 201, Trans probs: [0.3126298188362092, 0.008571720402297575, 0.5477445622028057, 0.015018123532039565, 0.041038135141943835, 0.0011251883188172155, 0.0719010600160323, 0.0019713915498545008]
Timestep: 202, Trans probs: [0.5077118447889521, 0.013834356153145546, 0.35430290602269543, 0.009654201764880872, 0.06564777993939104, 0.0017887996462292138, 0.04581181125709828, 0.0012483004276073787]
Timestep: 203, Trans probs: [0.3457961195220799, 0.009353786194991368, 0.5178591681192531, 0.014008092237698713, 0.044045399614002584, 0.0011914282075569354, 0.065961740794292, 0.0017842653101254686]
Timestep: 204, Trans probs: [0.27935480422529924, 0.007492806721481198, 0.586125665810236, 0.01572096223866497, 0.03498818571126181, 9.384471256787237E-4, 0.07341013412093049, 0.001968994046447581]
Timestep: 205, Trans probs: [0.2874625486865836, 0.0076522664476423715, 0.5797210249997342, 0.015432200712291797, 0.0354318331148047, 9.431970493606713E-4, 0.07145479891131562, 0.0019021300782671763]
Timestep: 206, Trans probs: [0.2807971036998792, 0.007418621888838033, 0.5880449294846221, 0.015536068314143054, 0.03406961013292545, 9.001145387398363E-4, 0.07134853324412452, 0.001885018696728024]
Timestep: 207, Trans probs: [0.5564207398040583, 0.014569346187384143, 0.3141284862112715, 0.008225154699558092, 0.06643105066351872, 0.0017394336793579745, 0.0375037878525232, 9.820009023280432E-4]
Timestep: 208, Trans probs: [0.6049452029252819, 0.01572343121734754, 0.2673173765898562, 0.006947978699041827, 0.07102108069922339, 0.0018459441813176145, 0.03138328708664505, 8.156986012865071E-4]
Timestep: 209, Trans probs: [0.5626608180845213, 0.014545257418647449, 0.3111159552205162, 0.008042610237436205, 0.06505338701978965, 0.00168168500408287, 0.035970421242219004, 9.298657727872324E-4]
Timestep: 210, Trans probs: [0.35706032883454836, 0.009167778117511141, 0.5182627806253517, 0.013306765819787274, 0.04064657926825079, 0.0010436298571265296, 0.05899733880610864, 0.0015147986713154552]
Timestep: 211, Trans probs: [0.6207256835102195, 0.015829742042297985, 0.25602546115776725, 0.006529159520948215, 0.06965219193683274, 0.001776269711937153, 0.028728849208288516, 7.326429117086738E-4]
Timestep: 212, Trans probs: [0.4176309433181583, 0.01055687248729087, 0.46058180419865824, 0.011642584091733403, 0.046191005583042156, 0.0011676159628536671, 0.05094147603181883, 0.0012876983264446561]
Timestep: 213, Trans probs: [0.3019059387949005, 0.0075652386787866165, 0.5778760547366447, 0.01448057066478654, 0.03286522021394107, 8.235453603258051E-4, 0.0629070891122334, 0.0015763424383812858]
Timestep: 214, Trans probs: [0.2513140291269493, 0.006243457219524301, 0.6298398916021293, 0.01564726980037118, 0.026982320619878403, 6.703285330267077E-4, 0.06762273460592784, 0.001679968492193029]
Timestep: 215, Trans probs: [0.28077270137141563, 0.00693903820182528, 0.60180910800685, 0.014873156721677884, 0.029681260105456735, 7.335449519988298E-4, 0.06361890803962156, 0.0015722826011542092]
Timestep: 216, Trans probs: [0.2874518793265001, 0.007043379661351667, 0.5966566407114142, 0.014619766125181004, 0.029903907095519506, 7.327298451658251E-4, 0.0620707883126858, 0.0015209089221819244]
Timestep: 217, Trans probs: [0.5323237260210323, 0.012964830987218425, 0.3532618887217098, 0.008603750796036425, 0.05448249508183955, 0.0013269300351833287, 0.03615579801175623, 8.80580345223814E-4]
Timestep: 218, Trans probs: [0.2848104588735773, 0.0068801685071464705, 0.602255191224427, 0.014548683416738787, 0.028686715011042394, 6.929852013618252E-4, 0.06066042343706498, 0.001465374328641213]
Timestep: 219, Trans probs: [0.6040572548666653, 0.014497150567415486, 0.28417376511634296, 0.00682006519582376, 0.060071629261245436, 0.0014416968709737045, 0.02826020369146839, 6.782344300648791E-4]
Timestep: 220, Trans probs: [0.3092386627187092, 0.007381081263351627, 0.5801431435530893, 0.013847180845031351, 0.030356377416078197, 7.245629851040268E-4, 0.05694968431895928, 0.0013593068996770978]
Timestep: 221, Trans probs: [0.2689571193550711, 0.006365823989491745, 0.5528565788449789, 0.01308531144592415, 0.050748529332027954, 0.001201143908099185, 0.10431647384979337, 0.0024690192746135327]
Timestep: 222, Trans probs: [0.5261817602380278, 0.012381399783800423, 0.3501592730274841, 0.008239475928236246, 0.06044489020449219, 0.0014223076645058757, 0.040224387106570475, 9.46506046882928E-4]
Timestep: 223, Trans probs: [0.2860915115154534, 0.006698419747833646, 0.5917408524025514, 0.013854757837228112, 0.03235919622501267, 7.576438667106021E-4, 0.06693053651197237, 0.0015670818932377862]
Timestep: 224, Trans probs: [0.5952311859304551, 0.01382821996289599, 0.28413499537209885, 0.006600933062705619, 0.06628723189385222, 0.0015399637065837133, 0.031642364803092675, 7.351052683158412E-4]
Timestep: 225, Trans probs: [0.3680028043080401, 0.00849037937306783, 0.5126625564631586, 0.011827897895842002, 0.04044279755499609, 9.330762975998193E-4, 0.05634062496901819, 0.001299863138277317]
Timestep: 226, Trans probs: [0.29000069705529297, 0.006642543780775641, 0.592098886989433, 0.01356218388201303, 0.03139940409960187, 7.19211776177573E-4, 0.06410864666287663, 0.0014684257538292768]
Timestep: 227, Trans probs: [0.28709478730865556, 0.006539888901843055, 0.5964159460664231, 0.013586084453594088, 0.030615621277339918, 6.974099519245048E-4, 0.06360144988945779, 0.0014488121507619301]
Timestep: 228, Trans probs: [0.2831167958555204, 0.006413902167562103, 0.6016565423313867, 0.013630297663288408, 0.029782527996847344, 6.747117220553042E-4, 0.06329138037297938, 0.0014338418903603685]
Timestep: 229, Trans probs: [0.5489584202413103, 0.012365505147536092, 0.3372345637038399, 0.007596341689364827, 0.05685242090107507, 0.0012806232264241527, 0.03492541629956831, 7.867087908813058E-4]
Timestep: 230, Trans probs: [0.5822392503900842, 0.013044877145174622, 0.30512184651196067, 0.006836153693504311, 0.0595290632573608, 0.0013337289030915275, 0.031196140916374356, 6.989391824495061E-4]
Timestep: 231, Trans probs: [0.3180004884726855, 0.007084763183202036, 0.5705695326594163, 0.01271177298455452, 0.03207898761233207, 7.14690821645596E-4, 0.05755743665069139, 0.0012823276154726036]
Timestep: 232, Trans probs: [0.6125554151861695, 0.013537300560921105, 0.27734469580274634, 0.0061292389439050726, 0.060903110204635916, 0.0013459414242293233, 0.027574900416172596, 6.093974612202973E-4]
Timestep: 233, Trans probs: [0.3870867124286741, 0.008512521465121029, 0.5039472195629524, 0.011082430334283707, 0.03798953907039625, 8.354375296372135E-4, 0.049458485585531446, 0.0010876540234038474]
Timestep: 234, Trans probs: [0.2828811362182475, 0.006172496478174116, 0.6093649735465363, 0.0132964085319452, 0.027392503717461027, 5.977073444513863E-4, 0.05900723012610446, 0.0012875440370798928]
Timestep: 235, Trans probs: [0.5946593599662877, 0.01288075457448747, 0.2988321355425379, 0.006472921568259888, 0.05677571186565859, 0.0012298032446253328, 0.02853130441724557, 6.18008820897673E-4]
Timestep: 236, Trans probs: [0.33252670498776277, 0.0071642424531281204, 0.5621992627022125, 0.012112506347773614, 0.03128698942271966, 6.740739149388541E-4, 0.05289657077699135, 0.0011396493944730362]
Timestep: 237, Trans probs: [0.29763032170230486, 0.006362685895786346, 0.5983718863402088, 0.012791883366843244, 0.027592994218203475, 5.898779201343648E-4, 0.05547442849803239, 0.0011859220584866422]
Timestep: 238, Trans probs: [0.2698326748636024, 0.005735794765926072, 0.6272264062945702, 0.013332862449270037, 0.024703407345527076, 5.251168140575954E-4, 0.05742310274468504, 0.00122063472236152]
Timestep: 239, Trans probs: [0.2633386748254622, 0.005557877374287083, 0.6349606228809066, 0.013401120370230562, 0.023754585744087366, 5.013508734717008E-4, 0.057276913732252216, 0.0012088541993023564]
Timestep: 240, Trans probs: [0.2603266460447849, 0.005454321258769228, 0.6391154065936508, 0.013390641342150547, 0.023164943975062732, 4.853481128460687E-4, 0.05687113790416365, 0.0011915547685722218]
Timestep: 241, Trans probs: [0.2747899127263735, 0.005711037558376732, 0.625873945604541, 0.013007717694922184, 0.024095348606886835, 5.007805399797849E-4, 0.054880656839561476, 0.001140600429358625]
Timestep: 242, Trans probs: [0.5362668840998719, 0.011063520761797362, 0.3655665830023811, 0.007541866933765281, 0.0463539834401764, 9.563116302495645E-4, 0.03159894417723992, 6.519059545184645E-4]
Timestep: 243, Trans probs: [0.37148307192744834, 0.007608565997911867, 0.5315349769713444, 0.010886684368957964, 0.03163978286311903, 6.480332329131217E-4, 0.04527164903710835, 9.272356011969625E-4]
Timestep: 244, Trans probs: [0.2955439881035601, 0.006024416062492874, 0.6084569914510357, 0.012402884917927225, 0.024853807952890106, 5.066240081765367E-4, 0.0511682653744875, 0.0010430221294298327]
Timestep: 245, Trans probs: [0.26811288330954297, 0.005424698660466847, 0.6368982535184936, 0.012886292743816363, 0.022265604448396176, 4.504975409415558E-4, 0.05289161942413972, 0.0010701503542028432]
Timestep: 246, Trans probs: [0.2531067653219781, 0.005087279152676889, 0.5774788073337168, 0.011606943393726947, 0.04562190347816177, 9.169701891399277E-4, 0.10408920668457185, 0.002092124446027667]
Timestep: 247, Trans probs: [0.42995988667450064, 0.1733373805759918, 0.21887624808779463, 0.0882394769597685, 0.04230917177687333, 0.01705684934207572, 0.02153799241563819, 0.008682994167357322]
Timestep: 248, Trans probs: [0.5995500688572902, 0.016869266770982726, 0.28708515696794557, 0.008077584092538025, 0.05815271423724389, 0.0016362163910589038, 0.027845516099648845, 7.834765832917961E-4]
Timestep: 249, Trans probs: [0.5860643527074164, 0.016384859507151097, 0.3017952595451675, 0.008437423134043477, 0.05606995058740782, 0.0015675723300752045, 0.028873357016237652, 8.072251725008946E-4]
Timestep: 250, Trans probs: [0.35095230050555914, 0.009756203000650342, 0.5381530051154226, 0.014960238060137515, 0.033096669416553315, 9.200618574323751E-4, 0.05075069198911758, 0.0014108300551272982]
Timestep: 251, Trans probs: [0.6260078933493728, 0.01727644575966544, 0.26437655919362135, 0.007296213567847906, 0.05818580844019334, 0.0016058007801161393, 0.024573114800538642, 6.781641086442432E-4]
Timestep: 252, Trans probs: [0.3525188236913403, 0.00966973257163598, 0.5389478596692809, 0.014783555721894246, 0.03236067954155823, 8.876664052336296E-4, 0.049474574985071164, 0.001357107413985568]
Timestep: 253, Trans probs: [0.29188144829409324, 0.007954706817135572, 0.600669863226289, 0.0163701827703681, 0.02646190922942535, 7.211720065526079E-4, 0.0544566004124047, 0.0014841172437314843]
Timestep: 254, Trans probs: [0.2895690154914981, 0.007848181906219132, 0.6040395057821689, 0.01637126787158052, 0.02592476397979753, 7.026382406415381E-4, 0.05407892690209478, 0.0014656998259996107]
Timestep: 255, Trans probs: [0.5171049564996548, 0.013939010438348663, 0.3776557880368123, 0.010180037737757466, 0.045650869235873005, 0.001230558583514464, 0.03334006912743758, 8.987103406016739E-4]
Timestep: 256, Trans probs: [0.3733812195268404, 0.010016583769271278, 0.522401379029782, 0.014014302007116612, 0.03255022840968606, 8.732150213331682E-4, 0.04554134841196008, 0.0012217238240103184]
Timestep: 257, Trans probs: [0.2984561201296507, 0.007963690640523177, 0.5982678677583965, 0.01596355342595626, 0.025723232235993296, 6.86371798014379E-4, 0.05156330282319739, 0.001375861188268406]
Timestep: 258, Trans probs: [0.2809754139013918, 0.0074519639781007625, 0.6168363409249005, 0.016359588652724716, 0.023894712133767478, 6.337299467433598E-4, 0.05245699826682929, 0.0013912521955422583]
Timestep: 259, Trans probs: [0.5395122940974093, 0.01421152504810019, 0.35946694220708647, 0.009468873108232887, 0.04522369515249652, 0.0011912567766459677, 0.03013170151936936, 7.937120906592002E-4]
Timestep: 260, Trans probs: [0.4858873599398071, 0.012710175928249603, 0.41424047484342175, 0.01083598740356982, 0.040150355673453396, 0.0010502806334674083, 0.03422995486312714, 8.954107149037309E-4]
Timestep: 261, Trans probs: [0.3729688618385279, 0.00969155996526326, 0.5281809897212151, 0.013724732164400939, 0.030429926213807114, 7.907187028587044E-4, 0.04309343269441774, 0.001119778699509234]
Timestep: 262, Trans probs: [0.3044364848497058, 0.007859830815579212, 0.5976016242640224, 0.015428662120275733, 0.02456787336866167, 6.342844494199968E-4, 0.04822615474972766, 0.0012450853826075753]
Timestep: 263, Trans probs: [0.3552739178570551, 0.009127687413111613, 0.5478240272550635, 0.014074679358218637, 0.028266833775291576, 7.262306909989887E-4, 0.04358679300167538, 0.0011198306485852634]
Timestep: 264, Trans probs: [0.5354915890530165, 0.0136919297921551, 0.36844139979040874, 0.009420640550815778, 0.042140851711793936, 0.0010774951368328154, 0.028994730655827722, 7.413633091494477E-4]
Timestep: 265, Trans probs: [0.5077341089526162, 0.012882417199154107, 0.3971144108047552, 0.010075733391905237, 0.039507170054292155, 0.001002390499324946, 0.030899768760931617, 7.840003370206101E-4]
Timestep: 266, Trans probs: [0.3574556341068616, 0.009022297017899483, 0.5484219324814554, 0.013842348794812647, 0.02742579944265921, 6.922361404185898E-4, 0.04207769718827679, 0.0010620548276163812]
Timestep: 267, Trans probs: [0.3678465565179523, 0.009221864875478677, 0.5389013814235718, 0.013510186877213393, 0.0279086620951648, 6.996664944570245E-4, 0.04088665855441813, 0.0010250231617440105]
Timestep: 268, Trans probs: [0.5283884817216773, 0.01316729000646935, 0.3793255158390804, 0.009452683483243773, 0.03956721823524943, 9.860037742594452E-4, 0.028404963368049353, 7.078435719710733E-4]
Timestep: 269, Trans probs: [0.5222114639187414, 0.012948075496091633, 0.3864445905963662, 0.009581776885075381, 0.03859112131294302, 9.568551951907546E-4, 0.02855802889604038, 7.080876995512214E-4]
Timestep: 270, Trans probs: [0.33040541162574766, 0.008148642131854277, 0.5791737619620425, 0.01428390562723054, 0.024102374122129004, 5.944261635513404E-4, 0.042249497742313034, 0.001041980625131703]
Timestep: 271, Trans probs: [0.606518267683322, 0.014860867844347179, 0.30395362307819485, 0.007447450248496078, 0.04370807923740367, 0.0010709322767116578, 0.021904087230121497, 5.366924014032285E-4]
Timestep: 272, Trans probs: [0.30969826237781956, 0.007537847465635032, 0.6016281484014162, 0.014643224598237543, 0.02205940220414671, 5.369110169404039E-4, 0.042853186198158685, 0.00104301773764589]
Timestep: 273, Trans probs: [0.28288418312458424, 0.006841565921273122, 0.6292756684960327, 0.01521905863069327, 0.01991819633463627, 4.8172241993558074E-4, 0.04430801388493815, 0.001071591187906698]
Timestep: 274, Trans probs: [0.5248105227995242, 0.012615938480228277, 0.3082190583311578, 0.007409288704039878, 0.09040261202376929, 0.002173191546655574, 0.05309308167071004, 0.0012763064439149632]
Timestep: 275, Trans probs: [0.5304263118469988, 0.012690354046635644, 0.3699263829603304, 0.008850422134247445, 0.04493985413573106, 0.001075177922076938, 0.031341653533942984, 7.49843420036547E-4]
Timestep: 276, Trans probs: [0.33236802215242495, 0.00791384710447058, 0.5690298044989759, 0.013548881271816497, 0.027781753825868078, 6.61497308459873E-4, 0.047563679098233155, 0.0011325147397510367]
Timestep: 277, Trans probs: [0.5525209962301166, 0.01306248369301687, 0.34990225765544075, 0.008272251309831488, 0.04560210838842839, 0.0010781070787451907, 0.028879048557122443, 6.827470872982767E-4]
Timestep: 278, Trans probs: [0.6102189876945409, 0.014320298903171543, 0.29320989341603426, 0.006880895874689682, 0.04974114512745096, 0.0011672990850420647, 0.023900593320298386, 5.608865787721867E-4]
Timestep: 279, Trans probs: [0.31971725413237634, 0.007447967603983889, 0.5846728022206326, 0.013620234859350924, 0.02575187004108237, 5.99902230264282E-4, 0.047092916709172025, 0.001097052203137592]
Timestep: 280, Trans probs: [0.6486965464393177, 0.015015467334644976, 0.2566780969619492, 0.0059413628785389555, 0.0515890045936943, 0.0011941377174819435, 0.020412884261453993, 4.7249981291895674E-4]
Timestep: 281, Trans probs: [0.28322844423902555, 0.006509181058682562, 0.6230797976792536, 0.014319674805256456, 0.022258678341366675, 5.115509066902119E-4, 0.048967302118292484, 0.0011253708514325042]
Timestep: 282, Trans probs: [0.4253724574692997, 0.14264371222746053, 0.2695455041372481, 0.09038895360810796, 0.03302742382808493, 0.011075362914129762, 0.020928467393162675, 0.007018118422506344]
Timestep: 283, Trans probs: [0.6150220239657929, 0.01871021140204893, 0.2862614953344059, 0.008708652512046097, 0.04721599230500134, 0.0014364057922472472, 0.021976644793584237, 6.685738948733466E-4]
Timestep: 284, Trans probs: [0.6080147855879133, 0.018380704408989777, 0.2942443482942989, 0.008895208666321708, 0.046091573906563474, 0.001393379923980734, 0.022305683097626428, 6.743161143057257E-4]
Timestep: 285, Trans probs: [0.6315320451406126, 0.01899850717189933, 0.27169670634120635, 0.008173507367873215, 0.047242165075328725, 0.0014211956763015038, 0.020324448696085583, 6.114245306926712E-4]
Timestep: 286, Trans probs: [0.28312683149190737, 0.008468095382772009, 0.5501744787330574, 0.016455275321412135, 0.04677143149603511, 0.001398895827040443, 0.0908866454208368, 0.0027183463269387195]
Timestep: 287, Trans probs: [0.5685547304284094, 0.016915068965315843, 0.32362122808944144, 0.00962805355193925, 0.05030117685048136, 0.0014965100630177184, 0.028631418851147346, 8.518132002473651E-4]
Timestep: 288, Trans probs: [0.6219885334391873, 0.018388254388042046, 0.27122861324348385, 0.008018509135626498, 0.054362447147680376, 0.0016071526299379487, 0.023705663946663635, 7.008260693785072E-4]
Timestep: 289, Trans probs: [0.30661281870620805, 0.008998047315984165, 0.5877315542463438, 0.017247929674045426, 0.026448264027639803, 7.761669331065262E-4, 0.05069742155489234, 0.0014877975417799463]
Timestep: 290, Trans probs: [0.25921585168490896, 0.00757004395034369, 0.6361013765755494, 0.018576469557133053, 0.022092939898765557, 6.451940532913538E-4, 0.05421485372464124, 0.0015832705553665853]
Timestep: 291, Trans probs: [0.318906425244376, 0.009268691351409866, 0.5772599966235168, 0.016777475505923928, 0.026899334884316235, 7.818018480182264E-4, 0.04869111668915512, 0.001415157853283859]
Timestep: 292, Trans probs: [0.5056081448586308, 0.014623772416497986, 0.3915391666720662, 0.011324540009454376, 0.0421229154311483, 0.0012183267517510774, 0.03261967073398538, 9.434631264658102E-4]
Timestep: 293, Trans probs: [0.2756253587548312, 0.007913655327047521, 0.6225402223120967, 0.01787414905819191, 0.022685533433679753, 6.51338807558859E-4, 0.05123859825841933, 0.0014711440481747062]
Timestep: 294, Trans probs: [0.5947136722035843, 0.016977029775999245, 0.30432591742481757, 0.008687458189057381, 0.048425778150442626, 0.0013823894018440616, 0.024780360787803185, 7.07394066451737E-4]
Timestep: 295, Trans probs: [0.40716022226395987, 0.011543244183234817, 0.4927976871877523, 0.013971119291839315, 0.032788368498596794, 9.295705308457609E-4, 0.03968470218658316, 0.0011250858571879466]
Timestep: 296, Trans probs: [0.3111657986870258, 0.008780436416188, 0.5895952224834491, 0.01663712202352654, 0.02480158982458221, 6.998480661885137E-4, 0.04699391428064907, 0.0013260682183907156]
Timestep: 297, Trans probs: [0.20569175939954443, 0.0593337072388623, 0.4642860283655419, 0.13392763697754742, 0.03258724323023152, 0.009400094370277624, 0.0735557018857393, 0.021217828532255522]
Timestep: 298, Trans probs: [0.4944843968527647, 0.017622486823548788, 0.388658985379652, 0.013851069704725438, 0.046162048557258785, 0.0016451279304785286, 0.03628283333003235, 0.0012930514215393832]
Timestep: 299, Trans probs: [0.2794895108715729, 0.009906724124402137, 0.6047190704916927, 0.021434740020990953, 0.025779995959476304, 9.137921029748027E-4, 0.05577903494581464, 0.001977131483075546]
Timestep: 300, Trans probs: [0.5747230880083044, 0.02027466077756571, 0.3104355332040306, 0.010951317704716105, 0.05244053761332826, 0.0018499589337674963, 0.02832565211868494, 9.992516396024346E-4]
Timestep: 301, Trans probs: [0.5814009498202414, 0.020389833359128924, 0.30491052254520007, 0.010693265544309412, 0.05235138317654746, 0.0018359721968458085, 0.027455214177514488, 9.62859180212548E-4]
Timestep: 302, Trans probs: [0.358803337074577, 0.012520460162409118, 0.5284805733610863, 0.018441355700098475, 0.03194537734750031, 0.0011147355197796565, 0.047052269564968385, 0.0016418912695805663]
Timestep: 303, Trans probs: [0.32842709076870397, 0.011400543105147258, 0.559920225645928, 0.019436261037356725, 0.02887574271544901, 0.0010023507766978277, 0.04922892426165425, 0.0017088616890628913]
Timestep: 304, Trans probs: [0.542816369200723, 0.01875004963107396, 0.34655640510817143, 0.01197080663818738, 0.04714138201165689, 0.0016283651388359916, 0.030097006665157643, 0.0010396156061936942]
Timestep: 305, Trans probs: [0.28191217661347395, 0.009672940193872548, 0.608432601684281, 0.02087647379688613, 0.02421656105713089, 8.309160307327222E-4, 0.0522650189319001, 0.0017933116917225164]
Timestep: 306, Trans probs: [0.6123641061824084, 0.02087463466022498, 0.2789824052583831, 0.00951011943320017, 0.05199884762006957, 0.001772567882184672, 0.023689767955455483, 8.075510080735103E-4]
Timestep: 307, Trans probs: [0.3968855769221842, 0.013438428905771804, 0.4955605005435939, 0.016779532798112968, 0.03326620105255428, 0.00112638378365035, 0.04153694717916106, 0.0014064288149715175]
Timestep: 308, Trans probs: [0.28752653600135536, 0.009686532156129147, 0.6058674242562672, 0.02041117445723967, 0.023820654575429628, 8.024982310636405E-4, 0.050194179752667316, 0.001691000569848086]
Timestep: 309, Trans probs: [0.5672052478520977, 0.018986302747792512, 0.3271933819101734, 0.01095228337457223, 0.046429298182332615, 0.0015541476652331005, 0.026782825352057598, 8.965129157408897E-4]
Timestep: 310, Trans probs: [0.263141298110393, 0.00874509468129482, 0.6321488469631165, 0.021008490719858854, 0.02132233257155175, 7.08614795561472E-4, 0.051223004699231516, 0.0017023174589921844]
Timestep: 311, Trans probs: [0.5192361048546676, 0.017137850368805496, 0.3770261704795412, 0.012444084751407366, 0.04158838266879684, 0.0013726616323376738, 0.030198032277518407, 9.967129669253712E-4]
Timestep: 312, Trans probs: [0.6292745482268527, 0.020661755010420432, 0.2679666028214753, 0.008798481225838489, 0.04977326249321982, 0.00163426752059503, 0.021195155753926172, 6.959269476722149E-4]
Timestep: 313, Trans probs: [0.41680206293014227, 0.013604012176819561, 0.48143256772352777, 0.015713488718327395, 0.03255495836651569, 0.0010625620394497932, 0.03760302213559591, 0.001227325909621518]
Timestep: 314, Trans probs: [0.318821507361566, 0.010351432524316521, 0.5803320624349038, 0.018842104586061333, 0.02460769599303367, 7.989577201324318E-4, 0.04479194357240494, 0.0014542958075815095]
Timestep: 315, Trans probs: [0.5578159545802397, 0.018018228538119376, 0.3421672209833917, 0.011052475525859308, 0.042596967438693525, 0.0013759410931850717, 0.026129202385015662, 8.440094554955274E-4]
Timestep: 316, Trans probs: [0.37866522731816316, 0.012145626564684016, 0.5221378106444662, 0.016747486713536937, 0.028634756459079407, 9.184552307213396E-4, 0.03948418805648292, 0.001266449012866082]
Timestep: 317, Trans probs: [0.3002774810103472, 0.009577271640017468, 0.6013573203234386, 0.019180134288032433, 0.022465421033157972, 7.165287220938881E-4, 0.04499087093371536, 0.0014349720491970905]
Timestep: 318, Trans probs: [0.27377428365247003, 0.008669002151517974, 0.6287849392604623, 0.01991033605702163, 0.020246708586036007, 6.411075501755582E-4, 0.046501173370452405, 0.0014724493718638754]
Timestep: 319, Trans probs: [0.4976112959097368, 0.015684710733205282, 0.40579578758178414, 0.01279068541508356, 0.03637373630384556, 0.0011465003646444387, 0.029662326985013934, 9.349567066863468E-4]
Timestep: 320, Trans probs: [0.2669054425028766, 0.00835326228310634, 0.637301629457033, 0.019945444403024006, 0.019318459391235318, 6.046042249542671E-4, 0.04612751816966451, 0.0014436395681058777]
Timestep: 321, Trans probs: [0.5938809770660299, 0.018460134513769016, 0.3111992170240937, 0.00967328409006379, 0.0425016999414804, 0.001321118419821592, 0.022271290468546354, 6.922784761951993E-4]
Timestep: 322, Trans probs: [0.3134885157136162, 0.009678623966570217, 0.5923530047386983, 0.01828826799375104, 0.022221156149021058, 6.860545241321991E-4, 0.04198804088142457, 0.0012963360327863992]
Timestep: 323, Trans probs: [0.2936045441130062, 0.009013874357386173, 0.6131233188663316, 0.018823334558873785, 0.020557147718127586, 6.311194781989121E-4, 0.04292871785564944, 0.001317943052426221]
Timestep: 324, Trans probs: [0.2614062817472127, 0.007980718706992154, 0.5810687967431877, 0.017739996855554625, 0.039685112081021816, 0.001211584183276683, 0.08821433123721699, 0.002693178445537362]
Timestep: 325, Trans probs: [0.5491936471881678, 0.01667881365097774, 0.3470240573762873, 0.01053899588063189, 0.04553510084548795, 0.0013828846445489897, 0.028772684333374213, 8.738160805242003E-4]
Timestep: 326, Trans probs: [0.3847696842838797, 0.011630985426331718, 0.5122698165779923, 0.015485114899468896, 0.03157761025114808, 9.545417418034192E-4, 0.04204140105641028, 0.0012708457629653257]
Timestep: 327, Trans probs: [0.30248745992006676, 0.009100453077893497, 0.5954507847867759, 0.017914368842195535, 0.02454260337077836, 7.383737839715402E-4, 0.0483124571236848, 0.0014534990946336026]
Timestep: 328, Trans probs: [0.2988705289591479, 0.0089365988249025, 0.6000103098402753, 0.017941051091661556, 0.023968021917848893, 7.16673528340974E-4, 0.04811802725170251, 0.0014387885861204086]
Timestep: 329, Trans probs: [0.2785788982137322, 0.008287891659231522, 0.6211576210448018, 0.018479817026828698, 0.02209851891122398, 6.57444378379249E-4, 0.04927388084139107, 0.0014659279244116216]
Timestep: 330, Trans probs: [0.5641015442164281, 0.016675133837902926, 0.3366124690972477, 0.009950438943577885, 0.04419939825896874, 0.0013065571067472591, 0.02637480562339289, 7.7965291573464E-4]
Timestep: 331, Trans probs: [0.6059530300765996, 0.01779708440293425, 0.2955491977440585, 0.008680398902874698, 0.04702787328931358, 0.0013812275682730877, 0.022937504282318482, 6.736837336278093E-4]
Timestep: 332, Trans probs: [0.5502681051476338, 0.016064508459758108, 0.3520455975637404, 0.010277607274304918, 0.042274464680635275, 0.0012341592927898432, 0.027045978207638585, 7.895793734991691E-4]
Timestep: 333, Trans probs: [0.3854191437204063, 0.01118969896263474, 0.5177663346284112, 0.015032074851169298, 0.029274353477491837, 8.499090096482658E-4, 0.039326730250983426, 0.0011417550992549375]
Timestep: 334, Trans probs: [0.5241379266438492, 0.015130250608018628, 0.3242109568174312, 0.00935897361582545, 0.07636051863362422, 0.0022042934211667373, 0.047233591676537595, 0.0013634885835469113]
Timestep: 335, Trans probs: [0.6166718377308464, 0.017699426741742238, 0.2758835948400023, 0.007918281940824336, 0.05495730281340454, 0.0015773588082907558, 0.0245865261476237, 7.056709772657552E-4]
Timestep: 336, Trans probs: [0.4091942440926156, 0.011678927085673401, 0.4843267143572113, 0.013823303881423579, 0.03605485169160471, 0.0010290515814189054, 0.042674910775331164, 0.001217996534721308]
Timestep: 337, Trans probs: [0.3108477882933113, 0.008826230475232327, 0.5835605867734587, 0.01656965379552353, 0.02710214522536408, 7.695399135559106E-4, 0.05087938330643503, 0.0014446722171191553]
Timestep: 338, Trans probs: [0.28870377758465227, 0.00814706484017155, 0.606604717537773, 0.01711805784974566, 0.024909139403703234, 7.029224748378575E-4, 0.0523373874720497, 0.0014769328370666881]
Timestep: 339, Trans probs: [0.32411472085944154, 0.009086996865397634, 0.5721532932151032, 0.01604109547442397, 0.027650083227631565, 7.752076763166636E-4, 0.04881014393425768, 0.001368458747427752]
Timestep: 340, Trans probs: [0.5793148250766449, 0.016162694451234635, 0.31797726852782227, 0.008871461960210363, 0.04878702615728709, 0.0013611420989619904, 0.026778471127572347, 7.471106002662682E-4]
Timestep: 341, Trans probs: [0.32467658477500855, 0.008999517685726046, 0.5735938539999468, 0.01589910783702942, 0.027021275705186542, 7.489867147894927E-4, 0.047737466754720244, 0.0013232065275929098]
Timestep: 342, Trans probs: [0.2692499808048286, 0.0074194260266409, 0.6299381264220868, 0.017358513142243535, 0.02215681044590724, 6.105508925138058E-4, 0.05183814542182439, 0.001428446843954547]
Timestep: 343, Trans probs: [0.27419860824864495, 0.0075177460456922855, 0.6258133380183839, 0.017158021980049367, 0.022332430295930565, 6.12291727592167E-4, 0.050970108268695996, 0.0013974554150108114]
Timestep: 344, Trans probs: [0.3002093345718194, 0.0081810904586555, 0.6006629018830622, 0.016368836573561786, 0.02419324234572013, 6.59296968233214E-4, 0.048406166897065395, 0.0013191303018824957]
Timestep: 345, Trans probs: [0.298454379979406, 0.008076582913897755, 0.6033739494394328, 0.016328122680155634, 0.02376947589424232, 6.432344631463901E-4, 0.0480538518061085, 0.0013004028236106666]
Timestep: 346, Trans probs: [0.5232567588036696, 0.014098594458347345, 0.3304319331603701, 0.008903135493876632, 0.07359789561349475, 0.00198301668499187, 0.04647640859853074, 0.001252257186718898]
Timestep: 347, Trans probs: [0.5949181211839077, 0.015952864246034808, 0.2962503462451073, 0.007944020173875386, 0.05521918319752519, 0.0014807149117831808, 0.02749740100214877, 7.373490396175991E-4]
Timestep: 348, Trans probs: [0.5745205275831715, 0.015306776954229486, 0.31769957563901663, 0.008464373872273504, 0.052691277162544826, 0.0014038377886224438, 0.029137333812663285, 7.762971874783011E-4]
Timestep: 349, Trans probs: [0.3848002543933569, 0.010184328054132144, 0.5083483722237278, 0.01345421820646254, 0.03492666345336369, 9.243876384803775E-4, 0.046140594531867626, 0.0012211814986090822]
Timestep: 350, Trans probs: [0.391046089383819, 0.0102774756809564, 0.5031384416279404, 0.013223487559058625, 0.03507603179306028, 9.218684792518147E-4, 0.04513048577639783, 0.0011861196995155783]
Timestep: 351, Trans probs: [0.5351150733099593, 0.013966018599883188, 0.36011110729168827, 0.009398573640154353, 0.047424060688269876, 0.001237725017831299, 0.031914501867954095, 8.329395842596201E-4]
Timestep: 352, Trans probs: [0.2891486446239116, 0.007496908509724044, 0.5690549843330333, 0.014754186934184245, 0.03925966145982988, 0.0010179058264993988, 0.07726443285252793, 0.002003275460289732]
Timestep: 353, Trans probs: [0.5985097741665737, 0.01544506633347261, 0.28625181725568666, 0.007386977617446035, 0.060937087115658685, 0.001572534640692442, 0.02914464003435082, 7.521028361191798E-4]
Timestep: 354, Trans probs: [0.2657244169338174, 0.006815547314895136, 0.6200536026762804, 0.01590371225789133, 0.02676343418315436, 6.864534847386707E-4, 0.0624510309468006, 0.0016018022024220353]
Timestep: 355, Trans probs: [0.6214995443606185, 0.015872702538480905, 0.2652251326684759, 0.006773680970123348, 0.06193934140415865, 0.0015818913311498185, 0.02643263408699123, 6.750726400016134E-4]
Timestep: 356, Trans probs: [0.377674715783787, 0.009580459397425928, 0.5101010834099784, 0.012939713764132438, 0.037217503069583886, 9.440949105945681E-4, 0.0502673010508794, 0.0012751286136184856]
Timestep: 357, Trans probs: [0.2734125033954859, 0.006890413699919017, 0.6154760342564, 0.015510938401663977, 0.02661551893827683, 6.707518275324951E-4, 0.05991391703879623, 0.0015099224419257077]
Timestep: 358, Trans probs: [0.5335840500689542, 0.013369167735882285, 0.3562658768782093, 0.008926388009425048, 0.05139286446218056, 0.001287669347188255, 0.034314226447615157, 8.597570505451415E-4]
Timestep: 359, Trans probs: [0.3692069560505694, 0.009200102946875857, 0.5216713209017269, 0.012999294238842107, 0.03514742310903184, 8.758229107585034E-4, 0.04966158502460383, 0.0012374948175916934]
Timestep: 360, Trans probs: [0.2944707036168807, 0.007305295248393454, 0.5973731194741756, 0.014819766304801597, 0.02771827739148152, 6.876412411643169E-4, 0.05623022469950933, 0.001394972023593431]
Timestep: 361, Trans probs: [0.28638238462595045, 0.0070697445463961195, 0.6065448592063637, 0.014973397250391585, 0.026613958342072388, 6.570023051265224E-4, 0.05636715273741586, 0.0013915009862834728]
Timestep: 362, Trans probs: [0.5725105339359353, 0.014056960836664842, 0.3214704172833213, 0.007893124751489067, 0.052548024982966124, 0.0012902217259679245, 0.029506244020618883, 7.244724630365121E-4]
Timestep: 363, Trans probs: [0.3768831002871221, 0.009215850899329837, 0.5181050945282174, 0.012669125513236484, 0.03416949904064339, 8.355402728948614E-4, 0.04697316360682489, 0.0011486258517310246]
Timestep: 364, Trans probs: [0.2970092742654663, 0.007220863214461562, 0.5988978340114037, 0.014560351186099224, 0.026640124910625864, 6.47672361314429E-4, 0.053717895329109415, 0.0013059847215193955]
Timestep: 365, Trans probs: [0.2638575999152741, 0.006376727438043001, 0.6331051408120574, 0.015300445861247387, 0.02336876145489779, 5.647600160479676E-4, 0.05607146815652516, 0.0013550963459073384]
Timestep: 366, Trans probs: [0.26976659551440185, 0.006480972837672845, 0.6282170146775838, 0.015092518777299778, 0.02359919436890405, 5.669558063858352E-4, 0.05495645377056135, 0.001320294247190501]
Timestep: 367, Trans probs: [0.5266709030432826, 0.012574789722102055, 0.3723088640011962, 0.008889243072737177, 0.04552144931459476, 0.0010868697125068123, 0.03217956219732912, 7.683189362512841E-4]
Timestep: 368, Trans probs: [0.5983586015273035, 0.014224076695945359, 0.3015024753432194, 0.0071672644503692935, 0.051146995229097623, 0.0012158574825344747, 0.025772079867455704, 6.126494040747767E-4]
Timestep: 369, Trans probs: [0.3409546014387382, 0.00805661694319452, 0.5599291468123466, 0.013230895351348849, 0.028775638513657335, 6.799564980853549E-4, 0.04725649295813262, 0.0011166514844963946]
Timestep: 370, Trans probs: [0.6470040545402107, 0.015194139472316284, 0.2548241388574086, 0.00598424921689842, 0.05397042072018583, 0.0012674327062522728, 0.021256382996806496, 4.991814899212165E-4]
Timestep: 371, Trans probs: [0.2793542027946025, 0.006528425078334147, 0.5844635233981693, 0.01365873964076215, 0.03665559043905628, 8.566303047870382E-4, 0.07669065052872374, 0.0017922378155649271]
Timestep: 372, Trans probs: [0.6293960851898156, 0.014627694321213252, 0.26184637547846296, 0.006085529970307104, 0.060764736843505925, 0.0014122235853877409, 0.02527983010027166, 5.875245110357785E-4]
Timestep: 373, Trans probs: [0.3461694806705153, 0.008000804954548909, 0.5460146077597071, 0.01261970399747037, 0.033067742348810734, 7.642746446268279E-4, 0.05215789194677787, 0.001205493677542876]
Timestep: 374, Trans probs: [0.29056371292416827, 0.0066825338840792595, 0.6025209079877464, 0.01385708608612502, 0.027470441515105744, 6.317793587777448E-4, 0.056963463186559135, 0.0013100750574385324]
Timestep: 375, Trans probs: [0.296449941232904, 0.006772982652748235, 0.5976499790195919, 0.01365449061477417, 0.027706495559948526, 6.330094484604633E-4, 0.05585693969525988, 0.001276161776312771]
Timestep: 376, Trans probs: [0.2908679503506096, 0.006614215919842792, 0.6041288481500072, 0.01373763812841366, 0.02689943756290382, 6.116819950390342E-4, 0.05586977255889362, 0.0012704553342903415]
Timestep: 377, Trans probs: [0.5545037019511894, 0.012554428147728426, 0.3414663199240043, 0.007731083423375447, 0.05068085815241328, 0.0011474570681868905, 0.031209541186108063, 7.066101469942124E-4]
Timestep: 378, Trans probs: [0.26312926833417816, 0.0059305955480567375, 0.6337359448501099, 0.014283593752095746, 0.023791654348569048, 5.362333132068412E-4, 0.05730121412791229, 0.001291495725871334]
Timestep: 379, Trans probs: [0.5831872731876632, 0.013067810385368197, 0.31461618147780157, 0.007049784507895999, 0.052147621319896094, 0.0011685015410771854, 0.02813244775239921, 6.30379827898493E-4]
Timestep: 380, Trans probs: [0.6104904520921633, 0.013603308533146181, 0.2883110043339009, 0.006424315944687718, 0.053931761766798605, 0.0012017393434011346, 0.02546988302142191, 5.675349644800632E-4]
Timestep: 381, Trans probs: [0.621309176637076, 0.01376459274460763, 0.27839949727921615, 0.006167711413975011, 0.05429053178140931, 0.0012027619870417392, 0.02432678821319652, 5.389399434777148E-4]
Timestep: 382, Trans probs: [0.6269053095708199, 0.013824925682249588, 0.2738187640155607, 0.006038430373978072, 0.05407868975904057, 0.0011925786167355941, 0.023620409276065728, 5.208927055498769E-4]
Timestep: 383, Trans probs: [0.30930443925993556, 0.006781975958907899, 0.5923331404554915, 0.012987815913167557, 0.026382520490594447, 5.784773737186479E-4, 0.05052381806325199, 0.0011078124849325291]
Timestep: 384, Trans probs: [0.3326466186939083, 0.007262439732508755, 0.5356897037277197, 0.011695336642600536, 0.042253450116434915, 9.224898667722218E-4, 0.06804439577116167, 0.0014855654488938436]
Timestep: 385, Trans probs: [0.5118937752091322, 0.011102730825039207, 0.3785080763074501, 0.008209658897743216, 0.05080355545125738, 0.0011019047865933125, 0.03756552037691441, 8.147781458702243E-4]
Timestep: 386, Trans probs: [0.36281827349005585, 0.00782747314838687, 0.528654063975637, 0.011405228989019783, 0.03557446368879864, 7.674865893984997E-4, 0.05183472326774242, 0.0011182868509610454]
Timestep: 387, Trans probs: [0.29253749364221915, 0.006278561808688551, 0.6000819949586221, 0.012879210280774387, 0.028305662087218294, 6.075079359495948E-4, 0.05806338860172419, 0.0012461806848037308]
Timestep: 388, Trans probs: [0.5374457464357099, 0.011483558498650693, 0.356230828912336, 0.007611554449853635, 0.05136058194495222, 0.001097417276443464, 0.034042920240804075, 7.273922412500428E-4]
Timestep: 389, Trans probs: [0.27311536111751966, 0.005803769922343231, 0.5988101747050762, 0.012724866396844635, 0.03359931287923768, 7.13993825546893E-4, 0.07366707728507986, 0.001565443868351696]
Timestep: 390, Trans probs: [0.6001976790168961, 0.012681382458981783, 0.2826803884991092, 0.00597266241695987, 0.06555528836709472, 0.0013850964658071673, 0.030875151690248032, 6.523510849032973E-4]
Timestep: 391, Trans probs: [0.39939652746852855, 0.008404505317991844, 0.4845972111769689, 0.01019738419919482, 0.04310121460622166, 9.06979311177015E-4, 0.052295718565457186, 0.0011004593544600182]
Timestep: 392, Trans probs: [0.28817490455368694, 0.006025259999426928, 0.597069981924028, 0.012483744497172865, 0.030689453798355883, 6.416656532319436E-4, 0.0635855216227856, 0.0013294679513118088]
Timestep: 393, Trans probs: [0.5421471170697054, 0.011292276655801495, 0.3442685222737817, 0.0071707019644626545, 0.05699082950891896, 0.001187050882307993, 0.03618971316169508, 7.537884833267837E-4]
Timestep: 394, Trans probs: [0.2781074872412079, 0.005769477187290719, 0.6094524102896887, 0.012643391275748057, 0.028863646638405432, 5.987906060143846E-4, 0.0632525905290318, 0.0013122062326131317]
Timestep: 395, Trans probs: [0.6062605170672724, 0.012510407397827187, 0.2823912870206012, 0.005827247440282271, 0.062171195231985665, 0.0012829253412781395, 0.02895884416504294, 5.975763357102759E-4]
Timestep: 396, Trans probs: [0.41207330327893116, 0.008460320720388635, 0.477624317573058, 0.00980615555138155, 0.041769865833474626, 8.575815482023412E-4, 0.048414453217628634, 9.94002276935013E-4]
Timestep: 397, Trans probs: [0.29734773884327864, 0.006073793130101554, 0.5934166229782369, 0.01212146365045329, 0.02978201781255939, 6.083443442151948E-4, 0.059435946964175757, 0.0012140722769792512]
Timestep: 398, Trans probs: [0.24418635411659007, 0.004958403545554315, 0.6477037132784323, 0.013152153403523376, 0.02415011465516698, 4.903878210759837E-4, 0.06405812067116165, 0.0013007525084951278]
Timestep: 399, Trans probs: [0.2489773913592559, 0.005036957593387476, 0.6440093163825732, 0.013028683442525304, 0.024308102820393977, 4.917670733619213E-4, 0.06287576793400786, 0.0012720133944944879]
Timestep: 400, Trans probs: [0.27241539600087783, 0.005480974582176201, 0.6216534013576225, 0.012507613526195595, 0.02626690222033707, 5.284878370887348E-4, 0.059941212384148825, 0.0012060120915533216]
Timestep: 401, Trans probs: [0.533945350802939, 0.010679949967223483, 0.3611583037777696, 0.007223871523169085, 0.050874998205197274, 0.0010175993378292764, 0.03441162663717491, 6.882997486973905E-4]
Timestep: 402, Trans probs: [0.6040480997271501, 0.012006756971200884, 0.292141725913619, 0.005806946012704001, 0.05683348421605156, 0.00112968790584218, 0.027486937176131397, 5.46362077300717E-4]
Timestep: 403, Trans probs: [0.6322592994178664, 0.012489294895746343, 0.26479413633731397, 0.005230594565277381, 0.05890569412677337, 0.0011635899790881225, 0.02467007194043681, 4.873187374975381E-4]
Timestep: 404, Trans probs: [0.6511533411894406, 0.012817024365809136, 0.2468150998809382, 0.0048582030512890504, 0.05998939216780562, 0.001180805583674571, 0.022738557699247233, 4.475760617955881E-4]
Timestep: 405, Trans probs: [0.6545342566612884, 0.012810484438939293, 0.2442881656859078, 0.004781185573233931, 0.05969991118759982, 0.0011684411862197919, 0.022281464487468927, 4.3609077934206314E-4]
Timestep: 406, Trans probs: [0.539519513738821, 0.010504697060383261, 0.36029450987219297, 0.0070151024797943645, 0.04861917702206624, 9.466380973000256E-4, 0.03246819087999614, 6.321708494461755E-4]
Timestep: 407, Trans probs: [0.3563859534408322, 0.00690340800330485, 0.5443244435754602, 0.010543888399342175, 0.03176736270005812, 6.1535272024653E-4, 0.048519735019353874, 9.398561414021819E-4]
Timestep: 408, Trans probs: [0.28516351177330895, 0.005495370133842177, 0.6165527896531316, 0.011881554428640716, 0.025102632846002622, 4.83751437779987E-4, 0.05427446945296698, 0.00104592027432691]
Timestep: 409, Trans probs: [0.2608697180611452, 0.005009823170378773, 0.6416514227275788, 0.012322473412317136, 0.02272950270885971, 4.3650443665271376E-4, 0.055906901956369465, 0.0010736535266982017]
Timestep: 410, Trans probs: [0.3527876822968572, 0.08936996275153883, 0.3817800643201013, 0.09671445982872266, 0.03040555191284118, 0.007702488432133121, 0.032904305188311, 0.008335485269494677]
Timestep: 411, Trans probs: [0.5390342008653322, 0.013718673093100948, 0.35960047419227287, 0.009152000636784003, 0.04591541616574581, 0.0011685688650188597, 0.030631090567967072, 7.795756137783395E-4]
Timestep: 412, Trans probs: [0.349091833899195, 0.008842949968807932, 0.5503985588052616, 0.01394231100755102, 0.029419549878490558, 7.45235443563727E-4, 0.0463845793038416, 0.0011749816932885321]
Timestep: 413, Trans probs: [0.3166719404762484, 0.007972595701083877, 0.5552912852791306, 0.013980123743226902, 0.03758053949882108, 9.461351302616783E-4, 0.06589831119359525, 0.0016590689776322335]
Timestep: 414, Trans probs: [0.5902123408416639, 0.01477773107581384, 0.29889551132500997, 0.0074837430200630365, 0.057398154523673126, 0.0014371344567097074, 0.029067590692868392, 7.277940641981164E-4]
Timestep: 415, Trans probs: [0.23034979041926149, 0.05190703905002913, 0.5015089670178821, 0.11301006824254616, 0.02651460511025815, 0.005974803104223649, 0.05772660871768133, 0.013008118338118001]
Timestep: 416, Trans probs: [0.6276504378356408, 0.019632032134817005, 0.2458075018026688, 0.007688516542758727, 0.06913622611890077, 0.002162484929551915, 0.027075904041353658, 8.468965943082347E-4]
Timestep: 417, Trans probs: [0.3697579246691933, 0.011517266839346903, 0.5048943024220978, 0.015726511911444897, 0.04022052326057375, 0.0012527939711491495, 0.05492002112697666, 0.0017106557992174363]
Timestep: 418, Trans probs: [0.2842647486479923, 0.008812336215326963, 0.588607102977164, 0.01824708731854566, 0.03160909249366513, 9.798962123878255E-4, 0.06545073368725228, 0.0020290024476658495]
Timestep: 419, Trans probs: [0.5036626590419857, 0.015542860863619206, 0.3430683020674296, 0.010586972827992877, 0.07336252302819525, 0.0022639428743837955, 0.04997066143147927, 0.001542077864914261]
Timestep: 420, Trans probs: [0.475097309838951, 0.09660117295943885, 0.22896048544409028, 0.0465543605430205, 0.08567917194753563, 0.017421080559540614, 0.041290793265500246, 0.008395625441922898]
Timestep: 421, Trans probs: [0.5687583331926409, 0.021148675940172466, 0.29077200071341847, 0.010812048732621983, 0.06922712691877239, 0.0025741373585790135, 0.03539167520380807, 0.0013160019399867998]
Timestep: 422, Trans probs: [0.36833235189276137, 0.013638395997819422, 0.4923229578751336, 0.01822944800752594, 0.0443542549875147, 0.0016423235444821941, 0.05928509374098854, 0.002195173953774375]
Timestep: 423, Trans probs: [0.2873354393137774, 0.010574975507062236, 0.5746763854731377, 0.02115015368580778, 0.034163451421668746, 0.0012573376360523816, 0.06832755759324236, 0.002514699369251373]
Timestep: 424, Trans probs: [0.3349347711044045, 0.0621234504219631, 0.3833110694859676, 0.07109625000379072, 0.05842791354951401, 0.01083716563282864, 0.06686694832145887, 0.012402431480072425]
Timestep: 425, Trans probs: [0.47672978110423525, 0.02057191001431027, 0.36990977214687026, 0.015962398087220792, 0.06306176160978193, 0.0027212499336110698, 0.048931622887545774, 0.0021115042164245737]
Timestep: 426, Trans probs: [0.3326684100437981, 0.014288251844167798, 0.5152640035365517, 0.02213081142208582, 0.04350375538302758, 0.0018685050768659744, 0.06738216942384878, 0.0028940932696542433]
Timestep: 427, Trans probs: [0.3089757221515339, 0.013191582894597159, 0.540442305978394, 0.023073947135447546, 0.039879937756433476, 0.0017026564452444477, 0.06975566032593127, 0.002978187312417989]
Timestep: 428, Trans probs: [0.48439511516688194, 0.020571660166368057, 0.3662798516057147, 0.01555545131875362, 0.061831745418022305, 0.002625917591664239, 0.04675464683088936, 0.0019856119017060084]
Timestep: 429, Trans probs: [0.5155841443341133, 0.02176478152733934, 0.33645930902151394, 0.01420323614324981, 0.06502113066113721, 0.002744790969722229, 0.04243141480290926, 0.0017911925400149063]
Timestep: 430, Trans probs: [0.27235033433034084, 0.04646330440224255, 0.4582222871290489, 0.07817328979278933, 0.04611014217649077, 0.007866447372810514, 0.07757910362000763, 0.013235091176269465]
Timestep: 431, Trans probs: [0.4896800332744791, 0.023791444445476703, 0.34708742319627106, 0.01686348346996838, 0.06840925415239338, 0.0033237111156845436, 0.0484887888684321, 0.002355861477294739]
Timestep: 432, Trans probs: [0.572220807065724, 0.027669236572726925, 0.265951608241338, 0.012859857374046123, 0.07899101064429156, 0.003819541221933684, 0.03671272707677875, 0.0017752118031609337]
Timestep: 433, Trans probs: [0.3222685517898979, 0.015484189167160264, 0.497111833616476, 0.02388496682719974, 0.05300798258150378, 0.0025468995503993503, 0.08176688439206119, 0.003928692075301924]
Timestep: 434, Trans probs: [0.575653280882114, 0.027502170489067293, 0.25286282472330124, 0.012080668601820256, 0.08746615313989321, 0.00417874636619821, 0.03842058976323891, 0.001835566034366957]
Timestep: 435, Trans probs: [0.3562077092278188, 0.01691497488378723, 0.4738811613625421, 0.022502848014501427, 0.05345872795466705, 0.0025385555035645694, 0.07111885406140832, 0.0033771689917105885]
Timestep: 436, Trans probs: [0.26510945062839275, 0.012513532346413416, 0.5666060379044644, 0.026744587815276135, 0.039273423871961394, 0.0018537598671465863, 0.08393725324498653, 0.003961954321358859]
Timestep: 437, Trans probs: [0.47982876297495913, 0.022540218658645812, 0.34409055859608706, 0.016163842244563686, 0.07641486863014549, 0.0035896302610459833, 0.05479795473070787, 0.002574163903844983]
Timestep: 438, Trans probs: [0.539297909336227, 0.025193877725751688, 0.2825232223179766, 0.01319837402396977, 0.08763712764516371, 0.004094062001549153, 0.04591066137726685, 0.0021447655720951875]
Timestep: 439, Trans probs: [0.30574663349591374, 0.014221409209361935, 0.5177948542555069, 0.024084557938290112, 0.04901061705687518, 0.00227966546286918, 0.08300155270974163, 0.003860709871441432]
Timestep: 440, Trans probs: [0.26799867017587936, 0.01240713065330903, 0.5571994926387855, 0.025795825406857285, 0.04240012861781508, 0.0019629348725241783, 0.08815465441735672, 0.004081163217472903]
Timestep: 441, Trans probs: [0.3234507750623917, 0.014884361892804924, 0.504311060236374, 0.023207080971298966, 0.050112256019127915, 0.002306035450710279, 0.07813295534372476, 0.003595475023567458]
Timestep: 442, Trans probs: [0.49202080508701806, 0.022504229115041702, 0.3234218778437496, 0.014792789175907985, 0.08496746505227709, 0.0038862732654619497, 0.0558519819054613, 0.0025545785550823825]
Timestep: 443, Trans probs: [0.26371070513100525, 0.011991102243010318, 0.5536094073318031, 0.02517299023833789, 0.04490904887397329, 0.0020420445063716415, 0.09427782584178537, 0.00428687583371318]
Timestep: 444, Trans probs: [0.5627352665759788, 0.025446089211770134, 0.2564230068481322, 0.011595084039978033, 0.09451260804104339, 0.004273725850670034, 0.04306679992957423, 0.0019474195028532817]
Timestep: 445, Trans probs: [0.3596779155018209, 0.016183860519045575, 0.46123375036779446, 0.02075340842713177, 0.05960093524251801, 0.0026817693864351175, 0.07642938780097412, 0.0034389727542800657]
Timestep: 446, Trans probs: [0.27615925669421953, 0.0123495506973088, 0.5464663812801664, 0.02443740021891345, 0.04517564142579268, 0.0020202070383214072, 0.08939395907810628, 0.003997603567171428]
Timestep: 447, Trans probs: [0.24756108066041474, 0.011001287762266408, 0.5767728241744748, 0.025631023241906116, 0.03997758938966607, 0.0017765513211696448, 0.09314059816855622, 0.004139045281545969]
Timestep: 448, Trans probs: [0.27209166967126847, 0.012030977036988088, 0.5538168646072271, 0.024487916108700578, 0.043403479275844516, 0.001919155640170685, 0.0883436778297341, 0.00390625983006652]
Timestep: 449, Trans probs: [0.25197782331182883, 0.011080296348874946, 0.5756176269580998, 0.02531180643797746, 0.03966737738618275, 0.001744305475159378, 0.09061607620298077, 0.003984687878896078]
Timestep: 450, Trans probs: [0.551620388472565, 0.024113669801801872, 0.2777225109508753, 0.012140430385723105, 0.08565121565786274, 0.003744178380018936, 0.043122537120796854, 0.0018850692303563328]
Timestep: 451, Trans probs: [0.3551986410063279, 0.015434268589192673, 0.4756636571018253, 0.020668774579282317, 0.0545047509231453, 0.002368367634379223, 0.0729899446689198, 0.0031715954969274507]
Timestep: 452, Trans probs: [0.27704672936139124, 0.011967733973690144, 0.5553430722320921, 0.023989448162500728, 0.042003989478485416, 0.0018144685305288694, 0.0841974370776936, 0.0036371211836178276]
Timestep: 453, Trans probs: [0.2429020587434319, 0.010429928656257024, 0.591109019209769, 0.02538152591345487, 0.036352673872998044, 0.001560941051389095, 0.08846525842507506, 0.0037985941276252075]
Timestep: 454, Trans probs: [0.2652962503278744, 0.011320848338657291, 0.5702968687365808, 0.0243359804407293, 0.039204485637075896, 0.0016729525409570846, 0.08427633399122901, 0.0035962799868961724]
Timestep: 455, Trans probs: [0.27113039576530545, 0.011508978536502845, 0.565978269724969, 0.024024719692550288, 0.03957007791982323, 0.0016796758481524199, 0.08260159902296568, 0.003506283489731015]
Timestep: 456, Trans probs: [0.2668610584031904, 0.011269756566541837, 0.5718693491312675, 0.02415050135504918, 0.038419334266839335, 0.001622479305248465, 0.08233063232492727, 0.003476888646936049]
Timestep: 457, Trans probs: [0.27384748149309635, 0.01149623759429216, 0.5664933522565394, 0.023781639829659706, 0.038899925567289405, 0.001633035966895, 0.0804701548358011, 0.003378172456426879]
Timestep: 458, Trans probs: [0.2548985048028967, 0.010656576211086009, 0.5868820970393429, 0.024535859081864096, 0.035758669373831, 0.0014949675192638743, 0.08233129058829997, 0.0034420353834155415]
Timestep: 459, Trans probs: [0.259949379304147, 0.010809429835630668, 0.5834591259607858, 0.02426187937403123, 0.03595881917804438, 0.0014952693248111945, 0.08070994923844772, 0.0033561477841020375]
Timestep: 460, Trans probs: [0.2512991065531224, 0.010397113451208927, 0.5936420472082544, 0.02456102530124757, 0.03430074412430225, 0.0014191404538315396, 0.08102839776078898, 0.003352425147243879]
Timestep: 461, Trans probs: [0.2785587045422454, 0.011468834224970824, 0.5679289618262802, 0.023382802290989168, 0.03750425058816393, 0.001544127057290304, 0.0764641339627509, 0.0031481855073093043]
Timestep: 462, Trans probs: [0.2525695708743638, 0.010346869922894738, 0.595342248840713, 0.024389037788810405, 0.03358034264854289, 0.0013756662615685455, 0.07915362345517778, 0.0032426402079287187]
Timestep: 463, Trans probs: [0.25067175253186397, 0.010209044007012886, 0.598698695613892, 0.02438304782540863, 0.032905595144036764, 0.0013401377120053394, 0.07859097282462814, 0.0032007543411521552]
Timestep: 464, Trans probs: [0.24568712796309614, 0.009953379603797795, 0.5896432395686569, 0.023887873340769736, 0.036981015099899255, 0.0014981903385608566, 0.08875355305271575, 0.0035956210325034967]
Timestep: 465, Trans probs: [0.5434777657581105, 0.02191426169096156, 0.29553703283579513, 0.011916726469756713, 0.07917261991751404, 0.003192420409713046, 0.043053170978612554, 0.00173600193953647]
Timestep: 466, Trans probs: [0.2704265150437472, 0.01083607997042406, 0.5702109152308333, 0.022848540116158503, 0.038872003656587495, 0.001557614053360326, 0.08196400703641557, 0.003284324892473354]
Timestep: 467, Trans probs: [0.5527467743466118, 0.022044905264575525, 0.28933964201727913, 0.011539578869721925, 0.07847983605250283, 0.003129969510906561, 0.04108088680544123, 0.0016384071329610536]
Timestep: 468, Trans probs: [0.5803721684652863, 0.023043175223987033, 0.2585023002037825, 0.01026361035738699, 0.08505392919151462, 0.0033769927304256758, 0.03788368486985995, 0.0015041389577569026]
Timestep: 469, Trans probs: [0.5583171911575335, 0.022074533403509962, 0.273453601457522, 0.010811704807386023, 0.08739223032743239, 0.003455280865650112, 0.04280312428298259, 0.0016923336979833166]
Timestep: 470, Trans probs: [0.5891395522726192, 0.02315554796763096, 0.24428938426499963, 0.009601552863851285, 0.09101404851969402, 0.0035772172452119607, 0.03773938752978576, 0.0014833093362073056]
Timestep: 471, Trans probs: [0.3537585554708553, 0.01381879778157585, 0.48144729439656353, 0.018806676759796533, 0.05387659841328546, 0.002104570496228463, 0.07332329391395725, 0.0028642127677375798]
Timestep: 472, Trans probs: [0.6065129952622295, 0.023571283847523588, 0.23025940389380203, 0.008948711421089616, 0.09119585293683934, 0.0035441999628744373, 0.03462201617913322, 0.0013455364965083128]
Timestep: 473, Trans probs: [0.35160379868570996, 0.013586307597890068, 0.4867423814024145, 0.018808191889229154, 0.05219472242763229, 0.0020168540742137456, 0.07225571392012464, 0.0027920300027858003]
Timestep: 474, Trans probs: [0.27746895855871884, 0.0106702339522651, 0.5624315087861427, 0.021628638432372886, 0.040656664701638125, 0.0015634762401483973, 0.0824113421160066, 0.0031691772127074103]
Timestep: 475, Trans probs: [0.27832653511332783, 0.01063584783629357, 0.5647269070330136, 0.02158022572234515, 0.03966298710732386, 0.0015156639500240364, 0.08047653819169297, 0.003075295045978989]
Timestep: 476, Trans probs: [0.5395789615759345, 0.02053089374513432, 0.29004089713715037, 0.011036010046563412, 0.0869738200838253, 0.0033093400334478253, 0.04675120158666113, 0.0017788757912830823]
Timestep: 477, Trans probs: [0.3228657028120665, 0.012226714692067925, 0.5084998580077323, 0.01925655971094752, 0.05132000577580288, 0.001943455322602848, 0.08082684355340722, 0.0030608601253728027]
Timestep: 478, Trans probs: [0.2744461658821356, 0.010330852215587188, 0.5586561729679036, 0.02102924026541339, 0.0430299394236349, 0.0016197564414951705, 0.08759073461340477, 0.0032971381904253584]
Timestep: 479, Trans probs: [0.23820337721620846, 0.008920526534864736, 0.5966032696506441, 0.022342316720703033, 0.0368361893923994, 0.0013794859197984628, 0.09225977939443104, 0.0034550551709507304]
Timestep: 480, Trans probs: [0.23821757222560833, 0.008881053638117203, 0.5981686698991757, 0.022300487711228233, 0.036363361694826804, 0.001355672306861403, 0.0913090646287718, 0.0034041178954104835]
Timestep: 481, Trans probs: [0.2508739387721976, 0.009295294065538818, 0.5871833849817123, 0.021756114885889365, 0.03778262321088594, 0.001399908635514109, 0.0884321771286163, 0.003276558319645599]
Timestep: 482, Trans probs: [0.4827874134821636, 0.01779287336035441, 0.3568937954824464, 0.01315313102368191, 0.07174086920870765, 0.0026439715803391432, 0.053033427111188254, 0.001954518751118643]
Timestep: 483, Trans probs: [0.35400659311579225, 0.012991247770756949, 0.48731751669818624, 0.01788345958965052, 0.05187172974486897, 0.0019035761099311405, 0.07140545689735442, 0.002620420073459515]
Timestep: 484, Trans probs: [0.22288805019244443, 0.03503770110694672, 0.536069567723438, 0.08426941359219023, 0.030894257026927587, 0.004856535568847519, 0.07430398801219926, 0.01168048677700642]
Timestep: 485, Trans probs: [0.4876942036330793, 0.02102579453443485, 0.33784837253243055, 0.014565542119923341, 0.07864535909076753, 0.003390610651123119, 0.05448128433372711, 0.0023488331045142087]
Timestep: 486, Trans probs: [0.4907973431506315, 0.021030476024774356, 0.33646391760962163, 0.014417348527331147, 0.07810514264262972, 0.0033467751052052358, 0.05354463027509093, 0.0022943666647154254]
Timestep: 487, Trans probs: [0.3631603493247247, 0.015465091430062973, 0.46576247969538936, 0.01983437714655719, 0.05705601206124773, 0.002429715812320092, 0.07317580156696786, 0.0031161729627300393]
Timestep: 488, Trans probs: [0.28455872505955826, 0.01205118269824088, 0.5460979240479383, 0.02312747870392779, 0.04409352740177371, 0.0018673795871746604, 0.08462008597002141, 0.0035836965313649732]
Timestep: 489, Trans probs: [0.30061680432292065, 0.012664118747534803, 0.5317144133044412, 0.022399594344133706, 0.04595751110883223, 0.0019360573649043525, 0.08128710938566089, 0.003424391421572207]
Timestep: 490, Trans probs: [0.5093820535682426, 0.021324084701591698, 0.3246306496320022, 0.013589900588356981, 0.07683777408294976, 0.003216633156486097, 0.0489689346966426, 0.002049969573727873]
Timestep: 491, Trans probs: [0.3422153526094941, 0.014249102388457004, 0.4935416950273002, 0.020550001897318496, 0.05088433642691386, 0.0021187130097671506, 0.07338519870303953, 0.003055599937709698]
Timestep: 492, Trans probs: [0.2763270730946606, 0.011434659388841377, 0.5611259883460881, 0.02321989112071724, 0.04052267034090723, 0.0016768640426189656, 0.08228771502846874, 0.0034051386376978397]
Timestep: 493, Trans probs: [0.26252165197654465, 0.010818091896708855, 0.5765330763913433, 0.0237579938833048, 0.037973302786006725, 0.0015648182771502385, 0.0833945120759505, 0.003436552712990829]
Timestep: 494, Trans probs: [0.5410106373321425, 0.022155240108792693, 0.2995203878803045, 0.012265832967148962, 0.07732108435923472, 0.0031664205308395018, 0.04280736750908943, 0.0017530293124476061]
Timestep: 495, Trans probs: [0.5390392326868538, 0.02194829384520954, 0.30306475160293866, 0.012340018720253271, 0.07602691362807826, 0.003095620762399699, 0.04274471373629487, 0.0017404550179719127]
Timestep: 496, Trans probs: [0.3583666285148313, 0.014525792833666095, 0.4853078259533998, 0.019671142286799788, 0.04985561538667503, 0.0020208141134765456, 0.06751555080658071, 0.00273663010457086]
Timestep: 497, Trans probs: [0.28128882645527065, 0.011351460618297263, 0.5639580491714852, 0.022758627373205827, 0.03859131106915575, 0.001557359221588705, 0.07737200506608753, 0.0031223610249092137]
Timestep: 498, Trans probs: [0.2644884420910582, 0.01060692985967975, 0.5823478798652657, 0.023354227000730296, 0.035794481568501776, 0.0014354863764896963, 0.07881191437891591, 0.0031606388593587204]
Timestep: 499, Trans probs: [0.2687099468493513, 0.010724247830967822, 0.579617250413976, 0.023132597484485803, 0.035886298242392034, 0.0014322266838272288, 0.07740806679721687, 0.00308936569778295]
