Timestep: 0, Trans probs: [0.14814814814814795, 0.07407407407407408, 0.29629629629629634, 0.14814814814814817, 0.07407407407407408, 0.03703703703703704, 0.14814814814814817, 0.07407407407407408]
Timestep: 1, Trans probs: [0.28125, 0.09375, 0.28125, 0.09375, 0.09375, 0.03125, 0.09375, 0.03125]
Timestep: 2, Trans probs: [0.32000000000000023, 0.07999999999999997, 0.3199999999999999, 0.07999999999999997, 0.07999999999999997, 0.019999999999999993, 0.07999999999999997, 0.019999999999999993]
Timestep: 3, Trans probs: [0.2314814814814815, 0.046296296296296294, 0.462962962962963, 0.09259259259259259, 0.046296296296296294, 0.009259259259259259, 0.09259259259259259, 0.018518518518518517]
Timestep: 4, Trans probs: [0.4408163265306122, 0.07346938775510203, 0.29387755102040813, 0.04897959183673469, 0.07346938775510203, 0.012244897959183673, 0.04897959183673469, 0.008163265306122448]
Timestep: 5, Trans probs: [0.0625, 0.0625, 0.1875, 0.1875, 0.0625, 0.0625, 0.1875, 0.1875]
Timestep: 6, Trans probs: [0.375, 0.125, 0.1875, 0.0625, 0.125, 0.041666666666666664, 0.0625, 0.020833333333333332]
Timestep: 7, Trans probs: [0.12098765432098767, 0.0345679012345679, 0.48395061728395067, 0.1382716049382716, 0.0345679012345679, 0.009876543209876543, 0.1382716049382716, 0.03950617283950617]
Timestep: 8, Trans probs: [0.45714285714285713, 0.11428571428571428, 0.18285714285714286, 0.045714285714285714, 0.11428571428571428, 0.02857142857142857, 0.045714285714285714, 0.011428571428571429]
Timestep: 9, Trans probs: [0.4183884297520662, 0.09297520661157024, 0.2510330578512397, 0.05578512396694215, 0.09297520661157024, 0.02066115702479339, 0.05578512396694215, 0.012396694214876033]
Timestep: 10, Trans probs: [0.11574074074074084, 0.023148148148148143, 0.5787037037037037, 0.11574074074074073, 0.023148148148148143, 0.0046296296296296285, 0.11574074074074073, 0.023148148148148143]
Timestep: 11, Trans probs: [0.47731755424063116, 0.08678500986193294, 0.23865877712031558, 0.04339250493096647, 0.08678500986193294, 0.015779092702169626, 0.04339250493096647, 0.007889546351084813]
Timestep: 12, Trans probs: [0.06349206349206328, 0.03174603174603175, 0.380952380952381, 0.1904761904761905, 0.03174603174603175, 0.015873015873015876, 0.1904761904761905, 0.09523809523809525]
Timestep: 13, Trans probs: [0.43214285714285716, 0.11785714285714285, 0.18520408163265306, 0.050510204081632655, 0.11785714285714285, 0.03214285714285715, 0.050510204081632655, 0.013775510204081633]
Timestep: 14, Trans probs: [0.08000000000000002, 0.020000000000000004, 0.56, 0.14, 0.020000000000000004, 0.005000000000000001, 0.14, 0.035]
Timestep: 15, Trans probs: [0.13541666666666669, 0.03125000000000001, 0.47395833333333337, 0.10937500000000001, 0.045138888888888895, 0.010416666666666668, 0.15798611111111113, 0.03645833333333334]
Timestep: 16, Trans probs: [0.135, 0.045000000000000005, 0.315, 0.10500000000000001, 0.09000000000000002, 0.030000000000000002, 0.21000000000000005, 0.07]
Timestep: 17, Trans probs: [0.41711229946524053, 0.12834224598930483, 0.15641711229946526, 0.04812834224598931, 0.13903743315508024, 0.04278074866310161, 0.05213903743315509, 0.016042780748663103]
Timestep: 18, Trans probs: [0.1622103386809269, 0.04634581105169339, 0.4325609031491385, 0.1235888294711824, 0.0499108734402852, 0.014260249554367199, 0.13309566250742721, 0.0380273321449792]
Timestep: 19, Trans probs: [0.2046783625730992, 0.05458089668615985, 0.40935672514619886, 0.1091617933723197, 0.058479532163742694, 0.015594541910331385, 0.11695906432748539, 0.03118908382066277]
Timestep: 20, Trans probs: [0.242914979757085, 0.06072874493927125, 0.388663967611336, 0.097165991902834, 0.06477732793522266, 0.016194331983805665, 0.10364372469635626, 0.025910931174089064]
Timestep: 21, Trans probs: [0.27755102040816326, 0.0653061224489796, 0.37006802721088433, 0.0870748299319728, 0.06938775510204082, 0.0163265306122449, 0.09251700680272108, 0.0217687074829932]
Timestep: 22, Trans probs: [0.2545454545454545, 0.05656565656565657, 0.2909090909090909, 0.06464646464646465, 0.12727272727272726, 0.028282828282828285, 0.14545454545454545, 0.03232323232323232]
Timestep: 23, Trans probs: [0.47204968944099385, 0.09937888198757765, 0.1573498964803313, 0.033126293995859216, 0.1475155279503106, 0.031055900621118016, 0.04917184265010353, 0.010351966873706006]
Timestep: 24, Trans probs: [0.4458041958041958, 0.08916083916083915, 0.19813519813519814, 0.03962703962703963, 0.13111888111888112, 0.02622377622377622, 0.05827505827505828, 0.011655011655011654]
Timestep: 25, Trans probs: [0.2876086956521741, 0.054782608695652164, 0.3697826086956521, 0.07043478260869564, 0.07989130434782607, 0.015217391304347823, 0.1027173913043478, 0.019565217391304346]
Timestep: 26, Trans probs: [0.47847985347985345, 0.08699633699633699, 0.19139194139194138, 0.03479853479853479, 0.12591575091575094, 0.022893772893772896, 0.05036630036630037, 0.009157509157509158]
Timestep: 27, Trans probs: [0.26352941176470585, 0.06588235294117646, 0.3764705882352941, 0.09411764705882353, 0.06588235294117646, 0.016470588235294115, 0.09411764705882353, 0.023529411764705882]
Timestep: 28, Trans probs: [0.2924976258309591, 0.0664767331433998, 0.365622032288699, 0.08309591642924977, 0.06964229186451408, 0.015827793605571384, 0.0870528648306426, 0.01978474200696423]
Timestep: 29, Trans probs: [0.27792696025778735, 0.06041890440386681, 0.3088077336197637, 0.06713211600429646, 0.11117078410311491, 0.024167561761546722, 0.12352309344790546, 0.02685284640171858]
Timestep: 30, Trans probs: [0.3218390804597701, 0.06704980842911878, 0.3218390804597701, 0.06704980842911878, 0.09195402298850575, 0.019157088122605363, 0.09195402298850575, 0.019157088122605363]
Timestep: 31, Trans probs: [0.3273809523809524, 0.06547619047619048, 0.2976190476190476, 0.05952380952380952, 0.10912698412698414, 0.021825396825396824, 0.0992063492063492, 0.01984126984126984]
Timestep: 32, Trans probs: [0.44000000000000006, 0.11000000000000001, 0.16000000000000003, 0.04000000000000001, 0.14666666666666667, 0.03666666666666667, 0.05333333333333334, 0.013333333333333334]
Timestep: 33, Trans probs: [0.3333333333333333, 0.05555555555555555, 0.3333333333333333, 0.05555555555555555, 0.09523809523809523, 0.015873015873015872, 0.09523809523809523, 0.015873015873015872]
Timestep: 34, Trans probs: [0.4204671857619577, 0.12263626251390435, 0.14015572858731923, 0.04087875417130145, 0.16017797552836482, 0.046718576195773076, 0.053392658509454946, 0.01557285873192436]
Timestep: 35, Trans probs: [0.40441176470588236, 0.11323529411764706, 0.1685049019607843, 0.04718137254901961, 0.14705882352941177, 0.0411764705882353, 0.06127450980392157, 0.01715686274509804]
Timestep: 36, Trans probs: [0.38970348647768005, 0.10492016943629846, 0.19485174323884003, 0.05246008471814923, 0.1355490387748452, 0.036493971977842946, 0.0677745193874226, 0.018246985988921473]
Timestep: 37, Trans probs: [0.3347826086956522, 0.04782608695652173, 0.36521739130434777, 0.05217391304347825, 0.08369565217391305, 0.011956521739130432, 0.09130434782608694, 0.013043478260869563]
Timestep: 38, Trans probs: [0.2748161764705882, 0.08455882352941177, 0.2748161764705882, 0.08455882352941177, 0.10753676470588235, 0.03308823529411765, 0.10753676470588235, 0.03308823529411765]
Timestep: 39, Trans probs: [0.2917402597402598, 0.08644155844155844, 0.2692987012987013, 0.07979220779220779, 0.1094025974025974, 0.03241558441558441, 0.10098701298701297, 0.02992207792207792]
Timestep: 40, Trans probs: [0.39129686962504306, 0.11179910560715511, 0.1805985552115583, 0.051599587203302356, 0.14086687306501547, 0.040247678018575844, 0.06501547987616098, 0.01857585139318885]
Timestep: 41, Trans probs: [0.3784555984555983, 0.10440154440154442, 0.20378378378378378, 0.05621621621621622, 0.13100386100386102, 0.03613899613899615, 0.07054054054054054, 0.019459459459459462]
Timestep: 42, Trans probs: [0.29605263157894735, 0.07894736842105263, 0.29605263157894735, 0.07894736842105263, 0.09868421052631579, 0.02631578947368421, 0.09868421052631579, 0.02631578947368421]
Timestep: 43, Trans probs: [0.31190164523497854, 0.08049074715741382, 0.2896229562896229, 0.0747414080747414, 0.10025410025410025, 0.02587202587202587, 0.09309309309309309, 0.024024024024024024]
Timestep: 44, Trans probs: [0.35064935064935077, 0.08766233766233766, 0.3038961038961039, 0.07597402597402597, 0.07792207792207792, 0.01948051948051948, 0.06753246753246753, 0.016883116883116882]
Timestep: 45, Trans probs: [0.3953786906290114, 0.09584937954642705, 0.1976893453145058, 0.04792468977321353, 0.141206675224647, 0.03423192126658109, 0.0706033376123235, 0.017115960633290545]
Timestep: 46, Trans probs: [0.31135531135531136, 0.07326007326007326, 0.2905982905982906, 0.06837606837606838, 0.10736390046734874, 0.025262094227611467, 0.10020630710285883, 0.02357795461243737]
Timestep: 47, Trans probs: [0.41622621564482015, 0.09513742071881609, 0.1942389006342495, 0.04439746300211417, 0.13874207188160678, 0.031712473572938694, 0.0647463002114165, 0.014799154334038058]
Timestep: 48, Trans probs: [0.4034512677142582, 0.08965583726983516, 0.21517400944760437, 0.04781644654391208, 0.13014557023040585, 0.028921237828979082, 0.06941097078954979, 0.015424660175455511]
Timestep: 49, Trans probs: [0.3915343915343914, 0.08465608465608468, 0.23492063492063495, 0.05079365079365081, 0.12235449735449738, 0.02645502645502646, 0.07341269841269842, 0.015873015873015876]
Timestep: 50, Trans probs: [0.38038422649140546, 0.0800808897876643, 0.25358948432760364, 0.05338725985844287, 0.11526794742163801, 0.024266936299292212, 0.07684529828109202, 0.016177957532861477]
Timestep: 51, Trans probs: [0.3205996131528046, 0.06576402321083172, 0.3205996131528046, 0.06576402321083172, 0.09429400386847195, 0.01934235976789168, 0.09429400386847195, 0.01934235976789168]
Timestep: 52, Trans probs: [0.39886039886039887, 0.07977207977207977, 0.2492877492877493, 0.04985754985754986, 0.11396011396011396, 0.022792022792022793, 0.07122507122507123, 0.014245014245014245]
Timestep: 53, Trans probs: [0.3168560551850474, 0.061825571743423874, 0.3379797921973839, 0.0659472765263188, 0.08801557088473538, 0.017173769928728856, 0.0938832756103844, 0.018318687923977443]
Timestep: 54, Trans probs: [0.41635933806146574, 0.07930654058313634, 0.24491725768321512, 0.04665090622537431, 0.11252955082742318, 0.021434200157604413, 0.06619385342789598, 0.012608353033884948]
Timestep: 55, Trans probs: [0.3128829656862745, 0.058210784313725485, 0.3546006944444444, 0.06597222222222221, 0.08233762254901962, 0.015318627450980393, 0.09331597222222222, 0.017361111111111112]
Timestep: 56, Trans probs: [0.32653061224489777, 0.0593692022263451, 0.34693877551020413, 0.06307977736549167, 0.08372579801151231, 0.015222872365729513, 0.08895866038723182, 0.01617430188858761]
Timestep: 57, Trans probs: [0.43665768194070087, 0.07762803234501349, 0.24258760107816715, 0.0431266846361186, 0.10916442048517522, 0.019407008086253372, 0.06064690026954179, 0.01078167115902965]
Timestep: 58, Trans probs: [0.4250619788145143, 0.07392382240252424, 0.2597600981644254, 0.045175669245987024, 0.10367365336939373, 0.01803020058598152, 0.0633561215035184, 0.011018455913655372]
Timestep: 59, Trans probs: [0.41412587412587415, 0.07048951048951048, 0.2760839160839161, 0.04699300699300699, 0.09860139860139859, 0.016783216783216783, 0.06573426573426573, 0.011188811188811189]
Timestep: 60, Trans probs: [0.3361344537815127, 0.056022408963585436, 0.3781512605042017, 0.06302521008403363, 0.06722689075630253, 0.011204481792717087, 0.07563025210084034, 0.012605042016806725]
Timestep: 61, Trans probs: [0.33211233211233215, 0.04151404151404152, 0.3516483516483517, 0.04395604395604396, 0.09963369963369965, 0.012454212454212457, 0.10549450549450551, 0.013186813186813189]
Timestep: 62, Trans probs: [0.3336643495531281, 0.06256206554121152, 0.3336643495531281, 0.06256206554121152, 0.08738828202581926, 0.01638530287984111, 0.08738828202581926, 0.01638530287984111]
Timestep: 63, Trans probs: [0.41232027355497863, 0.07573229514275122, 0.260412804350513, 0.0478309232480534, 0.10547727928150621, 0.019373377827215425, 0.06661722901989867, 0.012235817575083427]
Timestep: 64, Trans probs: [0.4025423728813559, 0.07245762711864408, 0.2754237288135593, 0.04957627118644069, 0.10063559322033898, 0.01811440677966102, 0.06885593220338983, 0.012394067796610172]
Timestep: 65, Trans probs: [0.39326298701298706, 0.06939935064935064, 0.28977272727272724, 0.051136363636363626, 0.09613095238095236, 0.016964285714285713, 0.07083333333333332, 0.012499999999999997]
Timestep: 66, Trans probs: [0.33467807755987206, 0.057925051885362504, 0.35327130409097623, 0.061143110323438186, 0.08003171419909988, 0.013851642842151903, 0.08447792054349432, 0.014621178555604785]
Timestep: 67, Trans probs: [0.33582949308755744, 0.05702764976958526, 0.33582949308755766, 0.05702764976958526, 0.09158986175115208, 0.015552995391705071, 0.09158986175115208, 0.015552995391705071]
Timestep: 68, Trans probs: [0.3223443223443223, 0.05372405372405372, 0.3062271062271062, 0.05103785103785104, 0.11721611721611722, 0.019536019536019536, 0.11135531135531136, 0.01855921855921856]
Timestep: 69, Trans probs: [0.4009254563894524, 0.0656059837728195, 0.2806478194726167, 0.04592418864097364, 0.10458924949290062, 0.017114604462474647, 0.07321247464503043, 0.011980223123732252]
Timestep: 70, Trans probs: [0.3921773142112123, 0.06302849692680203, 0.2941329856584094, 0.04727137269510152, 0.1001303780964798, 0.016092382194077114, 0.07509778357235986, 0.012069286645557835]
Timestep: 71, Trans probs: [0.3838383838383837, 0.060606060606060615, 0.3070707070707071, 0.048484848484848485, 0.09595959595959598, 0.015151515151515154, 0.07676767676767678, 0.012121212121212121]
Timestep: 72, Trans probs: [0.3758786924923455, 0.05832600400743293, 0.3194968886184937, 0.04957710340631799, 0.09205192469200298, 0.014283919348759085, 0.07824413598820253, 0.012141331446445223]
Timestep: 73, Trans probs: [0.3682712473784081, 0.056176969939079203, 0.3314441226405673, 0.050559272945171284, 0.08838509937081795, 0.013482472785379007, 0.07954658943373616, 0.012134225506841107]
Timestep: 74, Trans probs: [0.35196687370600416, 0.052795031055900624, 0.35196687370600416, 0.052795031055900624, 0.08281573498964803, 0.012422360248447204, 0.08281573498964803, 0.012422360248447204]
Timestep: 75, Trans probs: [0.38125, 0.056249999999999994, 0.32678571428571435, 0.04821428571428571, 0.08798076923076922, 0.012980769230769228, 0.07541208791208792, 0.011126373626373627]
Timestep: 76, Trans probs: [0.3194778426657506, 0.046375815870834766, 0.33545173479903817, 0.0486946066643765, 0.10649261422191686, 0.015458605290278255, 0.1118172449330127, 0.01623153555479217]
Timestep: 77, Trans probs: [0.38500000000000006, 0.05499999999999999, 0.315, 0.045, 0.09624999999999999, 0.013749999999999998, 0.07875, 0.01125]
Timestep: 78, Trans probs: [0.3777703530459962, 0.05312395589709323, 0.32625621399426946, 0.04587978009294415, 0.0926606526339236, 0.013030404276645507, 0.08002510909293402, 0.011253530966193847]
Timestep: 79, Trans probs: [0.31985767279884925, 0.04428798546445606, 0.35184344007873425, 0.04871678401090167, 0.09841774547656901, 0.013627072450601864, 0.10825952002422592, 0.014989779695662052]
Timestep: 80, Trans probs: [0.3812082444918266, 0.05198294243070362, 0.314911158493248, 0.04294243070362473, 0.10069651741293534, 0.01373134328358209, 0.08318407960199005, 0.011343283582089553]
Timestep: 81, Trans probs: [0.3255813953488373, 0.03617571059431525, 0.37441860465116283, 0.041602067183462536, 0.09302325581395349, 0.010335917312661501, 0.10697674418604651, 0.011886304909560724]
Timestep: 82, Trans probs: [0.30540166204986136, 0.04627297909846387, 0.3344875346260388, 0.050679929488793754, 0.10907202216066483, 0.016526063963737098, 0.11945983379501385, 0.01809997481742634]
Timestep: 83, Trans probs: [0.2977777777777776, 0.044444444444444446, 0.3113131313131313, 0.046464646464646465, 0.12761904761904763, 0.019047619047619046, 0.13341991341991344, 0.01991341991341991]
Timestep: 84, Trans probs: [0.33974358974358976, 0.04996229260935143, 0.33974358974358976, 0.04996229260935143, 0.09615384615384616, 0.014140271493212668, 0.09615384615384616, 0.014140271493212668]
Timestep: 85, Trans probs: [0.31857181331999546, 0.046169828017390634, 0.30529798776499556, 0.044246085183332694, 0.12742872532799812, 0.01846793120695625, 0.1221191951059982, 0.017698434073333075]
Timestep: 86, Trans probs: [0.35005283816425126, 0.05000754830917875, 0.32204861111111116, 0.046006944444444454, 0.10567632850241548, 0.015096618357487926, 0.09722222222222225, 0.013888888888888892]
Timestep: 87, Trans probs: [0.35879494655004845, 0.050534499514091356, 0.31739552964042766, 0.04470359572400389, 0.106309613792607, 0.014973185041212254, 0.09404311989346005, 0.013245509844149302]
Timestep: 88, Trans probs: [0.379634585733345, 0.05272702579629792, 0.3005440470388982, 0.04174222875540252, 0.11043915221333674, 0.015338771140741213, 0.08743099550222493, 0.012143193819753461]
Timestep: 89, Trans probs: [0.37312887915297555, 0.05111354508944871, 0.3109407326274796, 0.04259462090787393, 0.10660825118656445, 0.014603870025556773, 0.08884020932213704, 0.012169891687963978]
Timestep: 90, Trans probs: [0.36686236138290934, 0.04957599478147423, 0.32100456621004564, 0.04337899543378995, 0.10297890845836051, 0.013916068710589258, 0.09010654490106544, 0.0121765601217656]
Timestep: 91, Trans probs: [0.35961844197138315, 0.04794912559618442, 0.3319554848966614, 0.044260731319554845, 0.09920508744038156, 0.013227344992050876, 0.09157392686804453, 0.012209856915739269]
Timestep: 92, Trans probs: [0.3778227165487024, 0.04971351533535558, 0.31737108190091, 0.04175935288169869, 0.1024603977081227, 0.013481631277384564, 0.08606673407482307, 0.011324570273003034]
Timestep: 93, Trans probs: [0.3716646715835809, 0.04826813916669886, 0.32706491099355145, 0.042475962466694994, 0.09911057908895499, 0.01287150377778636, 0.08721730959828038, 0.011326923324451996]
Timestep: 94, Trans probs: [0.3286339329120077, 0.04213255550153946, 0.3159941662615459, 0.04051207259763409, 0.12323772484200289, 0.015799708313077296, 0.11849781234807971, 0.015192027224112784]
Timestep: 95, Trans probs: [0.37465343645118926, 0.04742448562673282, 0.3170144462279294, 0.040128410914927776, 0.10615180699450362, 0.013436937594240965, 0.08982075976457998, 0.0113697164258962]
Timestep: 96, Trans probs: [0.3688586545729403, 0.04610733182161754, 0.3262980405837549, 0.04078725507296936, 0.10279667422524567, 0.01284958427815571, 0.09093551950694809, 0.011366939938368511]
Timestep: 97, Trans probs: [0.3492836277646404, 0.043121435526498816, 0.3492836277646404, 0.043121435526498816, 0.09577131729030464, 0.011823619418556128, 0.09577131729030464, 0.011823619418556128]
Timestep: 98, Trans probs: [0.37902717391304347, 0.04622282608695652, 0.32287499999999997, 0.039375, 0.10227717391304347, 0.012472826086956521, 0.087125, 0.010624999999999999]
Timestep: 99, Trans probs: [0.32962935341934524, 0.03296293534193453, 0.3423074054739354, 0.03423074054739355, 0.11633977179506302, 0.011633977179506302, 0.12081437840256545, 0.012081437840256545]
Timestep: 100, Trans probs: [0.3428912783751495, 0.04599761051373956, 0.3428912783751494, 0.04599761051373956, 0.0979689366786141, 0.013142174432497015, 0.0979689366786141, 0.013142174432497015]
Timestep: 101, Trans probs: [0.37835912777150305, 0.05014398078899438, 0.3107949978123061, 0.041189698505245384, 0.10641350468573522, 0.01410299459690467, 0.08741109313471107, 0.011584602704600263]
Timestep: 102, Trans probs: [0.37285986049461, 0.048826886493341784, 0.31959416613823716, 0.04185161699429296, 0.1032534998292766, 0.013521291644310032, 0.08850299985366568, 0.011589678552265744]
Timestep: 103, Trans probs: [0.3675314465408805, 0.04756289308176102, 0.32815307726864335, 0.04246686882300091, 0.10023584905660379, 0.012971698113207548, 0.0894962938005391, 0.011581873315363882]
Timestep: 104, Trans probs: [0.354705882352941, 0.03224598930481284, 0.367843137254902, 0.03344028520499109, 0.09529411764705883, 0.008663101604278077, 0.09882352941176471, 0.008983957219251338]
Timestep: 105, Trans probs: [0.37210190290986267, 0.05253203335198061, 0.3207775025085023, 0.04528623564825914, 0.09849756253496365, 0.013905538240230164, 0.0849116918404859, 0.011987532965715657]
Timestep: 106, Trans probs: [0.3669758812615956, 0.05120593692022264, 0.3290128590621202, 0.04590877103192375, 0.09573283858998144, 0.013358070500927645, 0.08582944149446613, 0.011976201138762717]
Timestep: 107, Trans probs: [0.317775974025974, 0.04383116883116883, 0.3413149350649351, 0.04707792207792209, 0.10592532467532467, 0.014610389610389612, 0.11377164502164504, 0.015692640692640696]
Timestep: 108, Trans probs: [0.3389473684210526, 0.0462200956937799, 0.35105263157894734, 0.04787081339712919, 0.09333333333333332, 0.012727272727272726, 0.09666666666666668, 0.013181818181818183]
Timestep: 109, Trans probs: [0.37128712871287145, 0.05006118589387027, 0.3217821782178218, 0.04338636110802091, 0.10077793493635075, 0.013588036171193358, 0.08734087694483733, 0.011776298015034244]
Timestep: 110, Trans probs: [0.32373225152129814, 0.04316430020283976, 0.34685598377281945, 0.0462474645030426, 0.10223123732251521, 0.013630831643002028, 0.10953346855983774, 0.01460446247464503]
Timestep: 111, Trans probs: [0.3737201688147015, 0.04928178050303752, 0.3134427222316849, 0.04133310622835405, 0.10677719108991462, 0.014080508715153576, 0.08955506349476709, 0.011809458922386868]
Timestep: 112, Trans probs: [0.32293651589609873, 0.042122154247317224, 0.35753685688496645, 0.046635242202386934, 0.09688095476882962, 0.012636646274195168, 0.10726105706548994, 0.01399057266071608]
Timestep: 113, Trans probs: [0.32930402930402947, 0.042490842490842486, 0.352014652014652, 0.04542124542124542, 0.09879120879120876, 0.012747252747252745, 0.10560439560439558, 0.013626373626373624]
Timestep: 114, Trans probs: [0.3775847925094058, 0.04820231393737092, 0.30678764391389207, 0.03916438007411388, 0.1116800090520777, 0.014257022432180131, 0.09074000735481315, 0.011583830726146358]
Timestep: 115, Trans probs: [0.3267815575006054, 0.0412776704211291, 0.36058654620756464, 0.04554777425779764, 0.09531128760434324, 0.012039320539495989, 0.10517107597720635, 0.013284767491857644]
Timestep: 116, Trans probs: [0.38610409905036663, 0.04826301238129583, 0.3042032295548343, 0.03802540369435429, 0.11107104219257123, 0.013883880274071404, 0.08751051809111672, 0.01093881476138959]
Timestep: 117, Trans probs: [0.3242348250027258, 0.040111524742605265, 0.36895686983068804, 0.04564414884503357, 0.09201258547374652, 0.011383000264793384, 0.10470397657357364, 0.012953069266833853]
Timestep: 118, Trans probs: [0.32996632996632996, 0.0404040404040404, 0.362962962962963, 0.04444444444444444, 0.09427609427609426, 0.011544011544011542, 0.10370370370370369, 0.012698412698412697]
Timestep: 119, Trans probs: [0.33300781249999983, 0.04036458333333334, 0.35449218750000006, 0.042968750000000014, 0.09900232263513514, 0.012000281531531534, 0.10538956925675677, 0.012774493243243245]
Timestep: 120, Trans probs: [0.39120029455081007, 0.0469440353460972, 0.2991531664212077, 0.035898379970544916, 0.11475208640157093, 0.01377025036818851, 0.08775159548355425, 0.010530191458026509]
Timestep: 121, Trans probs: [0.38634876553261666, 0.04590282362763762, 0.30680637262884264, 0.03645224229253576, 0.11183780054891534, 0.01328765947115826, 0.08881237102413866, 0.010551964874155089]
Timestep: 122, Trans probs: [0.3816261082814563, 0.04489718920958309, 0.3142803244670817, 0.036974155819656664, 0.10903603093755894, 0.012827768345595169, 0.08979437841916618, 0.010564044519901904]
Timestep: 123, Trans probs: [0.3356235069278548, 0.03910176779741997, 0.36810320114667944, 0.04288580984233158, 0.09153368370759675, 0.010664118490205446, 0.10039178213091257, 0.01169612995699952]
Timestep: 124, Trans probs: [0.33471264367816095, 0.038620689655172416, 0.355632183908046, 0.04103448275862069, 0.0999791013584117, 0.011536050156739813, 0.10622779519331244, 0.012257053291536051]
Timestep: 125, Trans probs: [0.38503850385038496, 0.044004400440044, 0.308030803080308, 0.035203520352035195, 0.11353699472511353, 0.012975656540012972, 0.09082959578009082, 0.010380525232010378]
Timestep: 126, Trans probs: [0.38048614572947825, 0.04307390329012962, 0.3152599493187106, 0.03568980558325025, 0.11077444749086077, 0.012540503489531406, 0.0917845422067132, 0.010390702891326022]
Timestep: 127, Trans probs: [0.3335529255898854, 0.03740780473905255, 0.36482351236393695, 0.04091478643333873, 0.095896466107092, 0.010754743862477609, 0.10488675980463187, 0.011763001099584882]
Timestep: 128, Trans probs: [0.3882248520710059, 0.04313609467455621, 0.31273668639053254, 0.03474852071005917, 0.11023668639053251, 0.01224852071005917, 0.08880177514792897, 0.009866863905325443]
Timestep: 129, Trans probs: [0.3837286680261887, 0.04224535794783729, 0.31977389002182394, 0.03520446495653108, 0.10763121176344319, 0.011849307717076317, 0.08969267646953598, 0.009874423097563596]
Timestep: 130, Trans probs: [0.37934361597518135, 0.041382939924565224, 0.32665700264529496, 0.035635309379486724, 0.10511931527023094, 0.011467561665843376, 0.09051941037158777, 0.009874844767809575]
Timestep: 131, Trans probs: [0.37506536692634657, 0.04054760723528071, 0.33339143726786363, 0.03604231754247174, 0.10269646951554727, 0.011102321028707814, 0.09128575068048646, 0.009868729803295834]
Timestep: 132, Trans probs: [0.3708898239052515, 0.039738195418419824, 0.3399823385798141, 0.036426679133551514, 0.10035842293906812, 0.010752688172043012, 0.0919952210274791, 0.009856630824372763]
Timestep: 133, Trans probs: [0.366813106159895, 0.038953604193971175, 0.34643460026212325, 0.03678951507208389, 0.09810117955439059, 0.010417824377457406, 0.09265111402359111, 0.009839056356487552]
Timestep: 134, Trans probs: [0.36283153466252055, 0.03819279312237059, 0.352752880921895, 0.03713188220230473, 0.09592098042802268, 0.010096945308212913, 0.09325650874946649, 0.009816474605206998]
Timestep: 135, Trans probs: [0.3378274059144833, 0.03525155539977217, 0.3800558316537937, 0.039657999824743696, 0.08829579927310359, 0.009213474706758637, 0.09933277418224153, 0.010365159045103465]
Timestep: 136, Trans probs: [0.34375, 0.03556034482758621, 0.375, 0.03879310344827586, 0.08967391304347827, 0.009276611694152925, 0.09782608695652173, 0.010119940029985007]
Timestep: 137, Trans probs: [0.36620985603543743, 0.03755998523440384, 0.34641472868217055, 0.03552971576227391, 0.09987541528239202, 0.010243632336655593, 0.09447674418604651, 0.009689922480620157]
Timestep: 138, Trans probs: [0.3370281046387241, 0.03427404453953126, 0.3778799961100846, 0.038428474180686574, 0.0908839832733638, 0.00924243897695225, 0.10190022367013518, 0.010362734610522222]
Timestep: 139, Trans probs: [0.34342656986515313, 0.03463125074270452, 0.3737289142650196, 0.03768694933764903, 0.0915804186307075, 0.009235000198054538, 0.09966104380400521, 0.01004985315670641]
Timestep: 140, Trans probs: [0.37446532026639234, 0.03744653202663924, 0.344902268666414, 0.0344902268666414, 0.09876008446586172, 0.009876008446586171, 0.09096323569224106, 0.009096323569224105]
Timestep: 141, Trans probs: [0.3705232325921981, 0.036746105711622956, 0.35102200982418774, 0.034812100147853325, 0.09665823458926907, 0.009585940620423377, 0.0915709590845707, 0.00908141742987478]
Timestep: 142, Trans probs: [0.3666692180125014, 0.03606582472254115, 0.3570200280648042, 0.035116724071947956, 0.09462431432580688, 0.00930730960581707, 0.09213420079091722, 0.009062380405663989]
Timestep: 143, Trans probs: [0.36290018832391713, 0.03540489642184558, 0.36290018832391713, 0.03540489642184558, 0.09265536723163842, 0.00903954802259887, 0.09265536723163842, 0.00903954802259887]
Timestep: 144, Trans probs: [0.35921320399817686, 0.03476256812885583, 0.36866618305076043, 0.0356773725532994, 0.09074859890480257, 0.008782122474658312, 0.09313671992861315, 0.00901323096083353]
Timestep: 145, Trans probs: [0.3446877534468778, 0.03309002433090024, 0.38523925385239244, 0.03698296836982968, 0.08617193836171937, 0.00827250608272506, 0.09630981346309811, 0.00924574209245742]
Timestep: 146, Trans probs: [0.3465604526503872, 0.03300575739527497, 0.37626563430613463, 0.035834822314869966, 0.09120011911852294, 0.008685725630335518, 0.09901727218582491, 0.009430216398649991]
Timestep: 147, Trans probs: [0.3584577847747957, 0.033870026907854706, 0.37837210615117317, 0.03575169506940219, 0.08602986834595096, 0.008128806457885131, 0.09080930547628156, 0.008580406816656526]
Timestep: 148, Trans probs: [0.35412829594647777, 0.03319952774498229, 0.36369933097205825, 0.03409681227863046, 0.09691932310114125, 0.009086186540731995, 0.09953876426603697, 0.009331759149940968]
Timestep: 149, Trans probs: [0.3716755319148936, 0.034574468085106384, 0.3716755319148936, 0.034574468085106384, 0.08577127659574468, 0.007978723404255319, 0.08577127659574468, 0.007978723404255319]
Timestep: 150, Trans probs: [0.36835891381345925, 0.030696576151121605, 0.35891381345926804, 0.029909484454939, 0.09917355371900825, 0.008264462809917356, 0.09663064208518754, 0.008052553507098962]
Timestep: 151, Trans probs: [0.36276930181340244, 0.03655814669437389, 0.3446308367227323, 0.0347302393596552, 0.1031028541995986, 0.010390210113137842, 0.09794771148961867, 0.009870699607480951]
Timestep: 152, Trans probs: [0.37467000609219514, 0.03746700060921952, 0.3472551275976443, 0.03472551275976443, 0.09713666824612469, 0.009713666824612468, 0.09002910715494483, 0.009002910715494482]
Timestep: 153, Trans probs: [0.3513154923215897, 0.03486336946702801, 0.35131549232158993, 0.03486336946702801, 0.10354561878952125, 0.010275519421860887, 0.10354561878952125, 0.010275519421860887]
Timestep: 154, Trans probs: [0.3479308936793344, 0.03426592134720716, 0.3568521986454711, 0.03514453471508427, 0.1014798439898058, 0.009994227059602089, 0.1040818912715957, 0.010250489291899577]
Timestep: 155, Trans probs: [0.3622883561643834, 0.03541164383561644, 0.3446157534246576, 0.03368424657534247, 0.10457808219178084, 0.01022191780821918, 0.09947671232876715, 0.009723287671232879]
Timestep: 156, Trans probs: [0.3676268861454047, 0.035665294924554176, 0.34136782284930434, 0.033117773858514596, 0.10503625318440132, 0.010190084264158336, 0.0975336636712298, 0.009462221102432741]
Timestep: 157, Trans probs: [0.35552777186635437, 0.03423600766120452, 0.3555277718663546, 0.03423600766120452, 0.10055330921472656, 0.00968291125771441, 0.10055330921472656, 0.00968291125771441]
Timestep: 158, Trans probs: [0.3804878048780488, 0.029268292682926828, 0.3623693379790941, 0.027874564459930314, 0.0951219512195122, 0.007317073170731707, 0.09059233449477352, 0.006968641114982578]
Timestep: 159, Trans probs: [0.3630471971779737, 0.037649338966604676, 0.33771832295625454, 0.03502264089916714, 0.10634715876930541, 0.011028594242742785, 0.09892758955284224, 0.010259157435109566]
Timestep: 160, Trans probs: [0.35575972182346005, 0.03662232430535619, 0.3470826554375219, 0.035729096883274324, 0.10317031932880341, 0.010620474048553295, 0.10065397007688137, 0.010361438096149554]
Timestep: 161, Trans probs: [0.3608367901414257, 0.03687383256919682, 0.3440536836232201, 0.035158770589234174, 0.10360660310991439, 0.010587536084224827, 0.09878769133736023, 0.010095092545423673]
Timestep: 162, Trans probs: [0.36207606149986776, 0.03673235406520396, 0.3448343442855883, 0.0349831943478133, 0.10294319395584475, 0.01044351243030309, 0.09804113710080453, 0.009946202314574371]
Timestep: 163, Trans probs: [0.35872187502237124, 0.03613026079362012, 0.350180877998029, 0.03527001648901012, 0.10099936287037635, 0.010172597699174595, 0.0985946161353674, 0.00993039299205139]
Timestep: 164, Trans probs: [0.3596156165815609, 0.03596156165815609, 0.3512524627075711, 0.03512524627075711, 0.1002774315467814, 0.01002774315467814, 0.09794539825499579, 0.00979453982549958]
Timestep: 165, Trans probs: [0.36469191924846883, 0.036210545173606834, 0.3481150138280839, 0.034564611302079246, 0.1007244348400533, 0.01000100771461522, 0.09614605143823268, 0.009546416454859982]
Timestep: 166, Trans probs: [0.36586849364627144, 0.03607154162709718, 0.34885135440691, 0.034393795504906614, 0.10009609731831953, 0.009868629313073756, 0.09544046488490933, 0.009409623298512186]
Timestep: 167, Trans probs: [0.3624221047962343, 0.03548188438564532, 0.35418523877813807, 0.0346754779223352, 0.0982265517672037, 0.009616585487698264, 0.09599413013613088, 0.009398026726614212]
Timestep: 168, Trans probs: [0.3754315304948215, 0.036500287686996556, 0.35874568469505186, 0.034878052678685594, 0.09062140391254317, 0.00881041426927503, 0.08659378596087458, 0.008418840301751695]
Timestep: 169, Trans probs: [0.3694323961442894, 0.035669334800138265, 0.3453389790044443, 0.033343073834911856, 0.10191238514325221, 0.00983981649658987, 0.09526592524260531, 0.00919808933376879]
Timestep: 170, Trans probs: [0.3721786293592863, 0.035688361719383624, 0.34050385239253855, 0.03265105433901055, 0.10434914841849148, 0.010006082725060829, 0.0954683698296837, 0.009154501216545013]
Timestep: 171, Trans probs: [0.3769085356987058, 0.03589605101892437, 0.3376472298967573, 0.032156879037786405, 0.10469681547186273, 0.009971125283034546, 0.09379089719354368, 0.008932466399385114]
Timestep: 172, Trans probs: [0.3708447620988177, 0.03507990992826654, 0.34555989195571646, 0.03268809788770291, 0.10206736571527092, 0.009655021081174277, 0.09510822714377516, 0.00899672418927603]
Timestep: 173, Trans probs: [0.37652145835380674, 0.03537785514733753, 0.34514467015765604, 0.03242970055172607, 0.10040572222768174, 0.009434094705956674, 0.09203857870870828, 0.008647920147126951]
Timestep: 174, Trans probs: [0.37261465845555486, 0.03477736812251843, 0.33949335548172754, 0.0316860465116279, 0.10597297625800177, 0.009890811117413498, 0.09655315614617938, 0.009011627906976743]
Timestep: 175, Trans probs: [0.37544677544677546, 0.03480963480963482, 0.351981351981352, 0.032634032634032646, 0.09688949043787755, 0.008983131563776727, 0.09083389728551021, 0.008421685841040681]
Timestep: 176, Trans probs: [0.3689870391479908, 0.0339856483425781, 0.33886564819713444, 0.031211309702367643, 0.10832647020858445, 0.009977438045527514, 0.0994834930487, 0.009162953307117104]
Timestep: 177, Trans probs: [0.3752475621850034, 0.034336378239150644, 0.33445978368663354, 0.03060416321315601, 0.10916292718109195, 0.009988764578662006, 0.09729739161792979, 0.008903029298372658]
Timestep: 178, Trans probs: [0.3719405594405594, 0.033812778130959946, 0.33959790209790214, 0.030872536554354738, 0.10722610722610722, 0.00974782792964611, 0.0979020979020979, 0.008900190718372537]
Timestep: 179, Trans probs: [0.3679366068030036, 0.03323298384027129, 0.34540987577424825, 0.03119831136025468, 0.10512474480085816, 0.009495138240077512, 0.09868853593549949, 0.008913803245787052]
Timestep: 180, Trans probs: [0.3823529411764706, 0.03431372549019608, 0.351764705882353, 0.031568627450980394, 0.09558823529411765, 0.00857843137254902, 0.08794117647058824, 0.007892156862745098]
Timestep: 181, Trans probs: [0.3767628777752779, 0.03359668973792289, 0.3398253407384861, 0.030302896626361816, 0.10596455937429697, 0.009449068988790813, 0.09557587708269921, 0.008522689676164262]
Timestep: 182, Trans probs: [0.3713698103826246, 0.03290618573010601, 0.32851944764616814, 0.029109318145863, 0.11605306574457026, 0.010283183040658126, 0.10266232738942754, 0.009096661920582188]
Timestep: 183, Trans probs: [0.37489434798090987, 0.03300956523102351, 0.33501197053613224, 0.029497909355382712, 0.11045994181580379, 0.009726032612712283, 0.09870888417582467, 0.008691348292210977]
Timestep: 184, Trans probs: [0.37622739018087864, 0.026873385012919897, 0.34005167958656335, 0.02428940568475452, 0.11400830005481169, 0.008143450003915122, 0.1030459635110798, 0.007360425965077128]
Timestep: 185, Trans probs: [0.3715257439773264, 0.03504959848842702, 0.329466225791214, 0.031081719414265466, 0.1127846008502598, 0.010640056683986774, 0.10001653282947566, 0.009435521965044874]
Timestep: 186, Trans probs: [0.3873199819981999, 0.025821332133213325, 0.3371118361836184, 0.02247412241224123, 0.11391764176417644, 0.007594509450945096, 0.09915054005400542, 0.006610036003600361]
Timestep: 187, Trans probs: [0.36919727891156445, 0.03715192743764173, 0.3230476190476191, 0.03250793650793651, 0.11537414965986395, 0.011609977324263039, 0.10095238095238096, 0.01015873015873016]
Timestep: 188, Trans probs: [0.36746639687816157, 0.03674663968781616, 0.3266367972250325, 0.03266367972250325, 0.11381702558173147, 0.011381702558173147, 0.10117068940598352, 0.010117068940598353]
Timestep: 189, Trans probs: [0.37777533992771756, 0.03754289092449369, 0.3296948421187355, 0.032764704806830865, 0.10793581140791936, 0.010726540264141054, 0.09419852631963871, 0.009361344230523103]
Timestep: 190, Trans probs: [0.37165662178858766, 0.0367068268433173, 0.31856281867593234, 0.03146299443712912, 0.11840387950786864, 0.011694210321764806, 0.10148903957817314, 0.010023608847226976]
Timestep: 191, Trans probs: [0.3756935355147644, 0.036877893056664016, 0.3163735035913807, 0.03105506783719075, 0.11864006384676777, 0.011645650438946529, 0.09990742218675182, 0.00980686352753392]
Timestep: 192, Trans probs: [0.37967706554486497, 0.037041664931206364, 0.31421550251988845, 0.030655170977550092, 0.11885542921404474, 0.011595651630638512, 0.09836311383231289, 0.009596401349493942]
Timestep: 193, Trans probs: [0.3933854315161828, 0.03814646608641773, 0.3200423849623183, 0.031034413087255103, 0.10927373097671746, 0.010596240579560481, 0.08890066248953285, 0.008620670302015307]
Timestep: 194, Trans probs: [0.38337028468607415, 0.03695135274082642, 0.3066962277488593, 0.029561082192661136, 0.12334522202943256, 0.011888696099222416, 0.09867617762354604, 0.009510956879377933]
Timestep: 195, Trans probs: [0.38719993603965525, 0.03709699986008675, 0.30468191688366336, 0.029191081857117444, 0.12350342787471769, 0.011832663748475945, 0.09718302521289263, 0.00931094852339091]
Timestep: 196, Trans probs: [0.37351778656126483, 0.03557312252964427, 0.3201581027667985, 0.030491247882552235, 0.11812100942535725, 0.01124961994527212, 0.10124657950744909, 0.00964253138166182]
Timestep: 197, Trans probs: [0.38565808036775784, 0.036512007608781816, 0.30979091701672345, 0.02932931758738211, 0.1209266862170088, 0.01144868035190616, 0.09713782991202347, 0.009196480938416424]
Timestep: 198, Trans probs: [0.40189125295508277, 0.03782505910165485, 0.31762373217417833, 0.02989399832227561, 0.10861925755542777, 0.010222988946393204, 0.08584425193896711, 0.008079459006020437]
Timestep: 199, Trans probs: [0.37591883819505284, 0.03517369246269502, 0.3157718240838446, 0.029545901668663815, 0.12105860891027131, 0.011327121301545853, 0.1016892314846279, 0.009514781893298517]
Timestep: 200, Trans probs: [0.38387654153679385, 0.03570944572435289, 0.3095778560780593, 0.028797940100284587, 0.12258242502855592, 0.011403016281726132, 0.09885679437786768, 0.009195980872359785]
Timestep: 201, Trans probs: [0.38123756376104273, 0.035258965434547304, 0.3139603466267411, 0.02903679506374484, 0.1207252285243302, 0.011165339054273311, 0.09942077643180133, 0.009194985103519198]
Timestep: 202, Trans probs: [0.3781170107122483, 0.034769380295379154, 0.31880453844366036, 0.029315359856888306, 0.11874749096748291, 0.010919309514251303, 0.10012043356081894, 0.009206476649270707]
Timestep: 203, Trans probs: [0.37505166712592997, 0.03429043813722789, 0.32357398732433174, 0.029583907412510334, 0.11681937172774869, 0.010680628272251308, 0.10078534031413612, 0.009214659685863874]
Timestep: 204, Trans probs: [0.3981686332350049, 0.036197148475909526, 0.3275258112094395, 0.029775073746312677, 0.1047812192723697, 0.009525565388397246, 0.0861910029498525, 0.007835545722713864]
Timestep: 205, Trans probs: [0.3764280886943651, 0.03402739784807817, 0.3185160750490779, 0.02879241356375845, 0.12033356933672318, 0.010877610787500401, 0.10182071251568885, 0.009204132204808032]
Timestep: 206, Trans probs: [0.39716743995482084, 0.035700444040882774, 0.3331081754459787, 0.029942307905256513, 0.10183780511662073, 0.009153960010482763, 0.08541235267845608, 0.007677514847501671]
Timestep: 207, Trans probs: [0.402168797953964, 0.025135549872122763, 0.3319488491048594, 0.020746803069053712, 0.11343222506393863, 0.007089514066496164, 0.09362659846547317, 0.005851662404092073]
Timestep: 208, Trans probs: [0.3792732313805111, 0.03622272434532971, 0.30815950049666524, 0.02943096353058039, 0.12435187914115116, 0.011876303064042526, 0.10103590180218532, 0.009649496239534552]
Timestep: 209, Trans probs: [0.41152263374485604, 0.024207213749697414, 0.3292181069958848, 0.019365770999757927, 0.11316872427983542, 0.006656983781166788, 0.09053497942386833, 0.005325587024933431]
Timestep: 210, Trans probs: [0.3713986258598057, 0.03755716441278934, 0.30833093467606515, 0.03117953272005153, 0.1248142922971478, 0.012621670007576745, 0.10361941247310384, 0.01047836755345994]
Timestep: 211, Trans probs: [0.37538716338294775, 0.037748429837391385, 0.30608491783532654, 0.030779488944334514, 0.12512905446098255, 0.012582809945797127, 0.10202830594510885, 0.010259829648111505]
Timestep: 212, Trans probs: [0.37645471411705156, 0.03764547141170519, 0.30674087816944967, 0.030674087816944973, 0.12447292966773488, 0.01244729296677349, 0.10142238713667287, 0.01014223871366729]
Timestep: 213, Trans probs: [0.38966125448276967, 0.021647847471264983, 0.3237185806472241, 0.01798436559151245, 0.12780889147034846, 0.007100493970574913, 0.10617969445228949, 0.005898871914016082]
Timestep: 214, Trans probs: [0.3753498029067494, 0.03962025697349021, 0.30710438419643127, 0.03241657388740108, 0.12213763427918038, 0.01289230584058015, 0.09993079168296576, 0.010548250233201939]
Timestep: 215, Trans probs: [0.3951104577240941, 0.041475683407501594, 0.3184472345835982, 0.03342816274634457, 0.10600524475524477, 0.01112762237762238, 0.08543706293706294, 0.008968531468531469]
Timestep: 216, Trans probs: [0.3785172498164914, 0.03951553706875459, 0.300587227795449, 0.031379985319305116, 0.1261724166054971, 0.013171845689584865, 0.10019574259848302, 0.01045999510643504]
Timestep: 217, Trans probs: [0.3819097236610658, 0.03965182923256967, 0.2988858706912689, 0.03103186635592409, 0.12630085349421075, 0.013113203368251388, 0.09884414621286057, 0.010262506983848911]
Timestep: 218, Trans probs: [0.3791493608937828, 0.03915129270098844, 0.30331948871502623, 0.03132103416079075, 0.12440838404327248, 0.012846517917511832, 0.09952670723461798, 0.010277214334009466]
Timestep: 219, Trans probs: [0.3762684898520812, 0.038643790849673204, 0.3078560371517028, 0.03161764705882353, 0.12250601995184039, 0.01258169934640523, 0.10023219814241485, 0.010294117647058823]
Timestep: 220, Trans probs: [0.41891357273280566, 0.02204808277541084, 0.3339166159464395, 0.017574558734023134, 0.10971545952525869, 0.005774497869750457, 0.08745435179549606, 0.004602860620815582]
Timestep: 221, Trans probs: [0.37527167350881435, 0.040569910649601554, 0.3015575947838687, 0.032600821057715536, 0.12509055783627146, 0.013523303549867183, 0.10051919826128955, 0.010866940352571844]
Timestep: 222, Trans probs: [0.37250390363227626, 0.04005418318626626, 0.30598534941222694, 0.032901650474433, 0.12321282966298368, 0.013248691361611149, 0.1012105386517366, 0.0108828536184663]
Timestep: 223, Trans probs: [0.3697805897482758, 0.039548726176286186, 0.3103515663958744, 0.03319268089795448, 0.12137836152042641, 0.012981642943361113, 0.10187112484750074, 0.010895307470320935]
Timestep: 224, Trans probs: [0.4186243386243386, 0.020931216931216932, 0.33975308641975305, 0.016987654320987654, 0.1070899470899471, 0.005354497354497355, 0.08691358024691358, 0.004345679012345679]
Timestep: 225, Trans probs: [0.368852757819104, 0.04142196745562131, 0.30414174767540153, 0.03415495562130178, 0.1238894759087067, 0.013912721893491128, 0.10215448013524939, 0.011471893491124261]
Timestep: 226, Trans probs: [0.3940760993392573, 0.04401913875598087, 0.3255411255411256, 0.03636363636363636, 0.09851902483481433, 0.011004784688995217, 0.0813852813852814, 0.00909090909090909]
Timestep: 227, Trans probs: [0.3692287043664997, 0.04102541159627775, 0.300657659269864, 0.03340640658554045, 0.12683428775948463, 0.014092698639942738, 0.10327934860415176, 0.011475483178239085]
Timestep: 228, Trans probs: [0.4013691710392688, 0.0443618557464455, 0.32222595421462424, 0.03561444757109005, 0.09811246403182126, 0.010844009182464455, 0.07876634436357481, 0.008705753850710901]
Timestep: 229, Trans probs: [0.3969885222050299, 0.043647952703170824, 0.314282580078982, 0.034554629223343576, 0.1058636059213413, 0.011639454054178888, 0.08380868802106185, 0.00921456779289162]
Timestep: 230, Trans probs: [0.39272238203758364, 0.042954010535360694, 0.3066462435087981, 0.03353943288377479, 0.11345313258863525, 0.012408936376881978, 0.08858669256920834, 0.00968916949975716]
Timestep: 231, Trans probs: [0.3770526426949681, 0.04102645335022969, 0.29043244099477267, 0.03160145731031205, 0.13240016461044682, 0.01440623552756157, 0.10198391057831713, 0.011096694933392019]
Timestep: 232, Trans probs: [0.3997205002329165, 0.04326871394273838, 0.3037875801770165, 0.03288422259648117, 0.11296448919625901, 0.012228114809904326, 0.08585301178915684, 0.009293367255527287]
Timestep: 233, Trans probs: [0.3796593543784555, 0.04088639200998752, 0.28474451578384163, 0.03066479400749064, 0.13621366149456035, 0.014669163545568038, 0.10216024612092027, 0.011001872659176027]
Timestep: 234, Trans probs: [0.40656395442144116, 0.04356042368801155, 0.30096292729898894, 0.032246027924891674, 0.11245385973359012, 0.012048627828598942, 0.08324506499759268, 0.00891911410688493]
Timestep: 235, Trans probs: [0.4249379036264282, 0.02023513826792515, 0.31053154495777446, 0.014787216426560688, 0.1265772478887233, 0.0060274879947011094, 0.09249875807252857, 0.004404702765358503]
Timestep: 236, Trans probs: [0.36345992858729265, 0.040796522596532846, 0.2945278731655647, 0.0330592510696042, 0.1331761570396187, 0.01494834415750822, 0.10791861001486343, 0.012113313369015282]
Timestep: 237, Trans probs: [0.36094885270382815, 0.04030900893139198, 0.29871629189282334, 0.033359179805289914, 0.13125412825593752, 0.014657821429597083, 0.10862410614284486, 0.012130610838287243]
Timestep: 238, Trans probs: [0.35847575773222473, 0.03983063974802499, 0.3028502091186039, 0.03365002323540043, 0.12937470955749472, 0.014374967728610523, 0.10929932359167657, 0.012144369287964064]
Timestep: 239, Trans probs: [0.3998214086393569, 0.0442013617591249, 0.29730309873182964, 0.03286767925678519, 0.1166145775198125, 0.012892063846411431, 0.08671340379678365, 0.00958640644989568]
Timestep: 240, Trans probs: [0.35965452632119294, 0.03956199789533123, 0.2986961320294654, 0.032856574523241186, 0.13250429917096584, 0.014575472908806241, 0.11004594337927671, 0.012105053771720439]
Timestep: 241, Trans probs: [0.3572485022529434, 0.03910182611723758, 0.302752968010969, 0.03313714077731999, 0.13063564634622557, 0.014298428953318221, 0.11070817486968271, 0.012117312672303579]
Timestep: 242, Trans probs: [0.37669801536927033, 0.041026516525366104, 0.28493824239470467, 0.03103287788457179, 0.13672742780069824, 0.014891105998095844, 0.10342202872104096, 0.011263785306251986]
Timestep: 243, Trans probs: [0.36177559377559376, 0.039207207207207204, 0.3014796614796615, 0.032672672672672674, 0.13034561834561834, 0.014126126126126126, 0.10862134862134862, 0.011771771771771774]
Timestep: 244, Trans probs: [0.3968192894703091, 0.04279423709973921, 0.30524560728485317, 0.032918643922876314, 0.11337693984865972, 0.012226924885639773, 0.08721303065281517, 0.009405326835107518]
Timestep: 245, Trans probs: [0.3752893663469111, 0.040274956388449, 0.2850298984913249, 0.030588574472239748, 0.1379740317451879, 0.01480696926045919, 0.10479040385710472, 0.011245799438323436]
Timestep: 246, Trans probs: [0.36376272134786075, 0.03884844596918901, 0.2981661650392301, 0.03184298849933525, 0.13276011728024115, 0.014178264952258761, 0.10881976826249273, 0.011621528649392426]
Timestep: 247, Trans probs: [0.3613831612269548, 0.03840787220769568, 0.30214002004220814, 0.03211149971463082, 0.13093592798078074, 0.013915895727425971, 0.10947102175442323, 0.01163460134588073]
Timestep: 248, Trans probs: [0.35903756226957456, 0.0379751267785127, 0.30606480718062096, 0.03237223922102722, 0.12915020225524262, 0.013660117546227589, 0.11009525438151832, 0.011644690367275978]
Timestep: 249, Trans probs: [0.3567251461988304, 0.037550015389350565, 0.30994152046783624, 0.03262542320714066, 0.1274018379281537, 0.013410719781910916, 0.11069340016708437, 0.011651936859693093]
Timestep: 250, Trans probs: [0.3770649034121682, 0.039502037500322384, 0.29115138111572486, 0.030501573259742603, 0.13371095865679725, 0.014007814716426379, 0.10324517060841307, 0.010816160730405177]
Timestep: 251, Trans probs: [0.4014093081301556, 0.04185310321736219, 0.3060745974492436, 0.03191299120323867, 0.11239460627644356, 0.011718868900861414, 0.0857008872857882, 0.008935637536906828]
Timestep: 252, Trans probs: [0.3587002972872536, 0.03722361575622446, 0.3066308992939428, 0.03182018766257898, 0.1297426607209216, 0.013463861018208846, 0.11090904868078783, 0.011509429580081757]
Timestep: 253, Trans probs: [0.40065466448445175, 0.041382171918581866, 0.31050736497545006, 0.03207118323690094, 0.1099836333878887, 0.011359811899218551, 0.08523731587561374, 0.008803854221894378]
Timestep: 254, Trans probs: [0.35978755265381285, 0.036987505413008784, 0.3026784173119377, 0.03111647280776929, 0.13268760807090965, 0.013640782138130898, 0.11162608298028907, 0.011475578624141869]
Timestep: 255, Trans probs: [0.37147592935143503, 0.03801149044526313, 0.2925372943642551, 0.02993404872564471, 0.13603343891742692, 0.013919700726434383, 0.1071263331474737, 0.010961764322067077]
Timestep: 256, Trans probs: [0.3640594699418229, 0.037080131197778254, 0.30148674854557206, 0.030706983648160116, 0.1323852617970265, 0.013483684071919369, 0.10963154492566257, 0.011166175872058226]
Timestep: 257, Trans probs: [0.3974191003479705, 0.040291337362467074, 0.31793528027837653, 0.03223306988997366, 0.10699745009368443, 0.010847667751433445, 0.08559796007494754, 0.008678134201146756]
Timestep: 258, Trans probs: [0.36505354260348205, 0.03684026576732388, 0.2976590424305316, 0.030038985933356396, 0.13529956474115074, 0.013654084515161998, 0.11032118355816906, 0.0111333304508244]
Timestep: 259, Trans probs: [0.3965976385065658, 0.03984085866276002, 0.32223558128658464, 0.032370697663492515, 0.10476164036022488, 0.010524000401483779, 0.08511883279268273, 0.008550750326205569]
Timestep: 260, Trans probs: [0.36610805924483675, 0.0366108059244837, 0.2937904179125235, 0.029379041791252353, 0.13825059579874963, 0.013825059579874963, 0.11094183613479908, 0.011094183613479908]
Timestep: 261, Trans probs: [0.3668430335097002, 0.03651831102811495, 0.29458607236385015, 0.029325310371062008, 0.13756613756613756, 0.013694366635543105, 0.1104697771364438, 0.010996991389148251]
Timestep: 262, Trans probs: [0.3652967076937044, 0.03620057463631306, 0.2976491692319073, 0.029496764518477304, 0.13604153252041407, 0.013481593312833825, 0.1108486561277448, 0.01098500195860534]
Timestep: 263, Trans probs: [0.3709840136054422, 0.03659931972789115, 0.2934649659863946, 0.028951700680272103, 0.13721326530612246, 0.013536734693877553, 0.10854183673469389, 0.010708163265306122]
Timestep: 264, Trans probs: [0.36874286098232884, 0.03621581670362159, 0.29719573870217547, 0.029188867193963665, 0.13545656117718202, 0.013303769401330379, 0.10917394482937058, 0.01072244101002747]
Timestep: 265, Trans probs: [0.3665311443867557, 0.035838600784482776, 0.30088377524285914, 0.029419746912635113, 0.13373433646543792, 0.013076246232176148, 0.10978191799401618, 0.010734231981637135]
Timestep: 266, Trans probs: [0.36434824343476235, 0.03546752812196802, 0.3045298751096521, 0.02964450111686879, 0.13204567211729643, 0.012854003480444786, 0.11036653191893432, 0.010743644700073253]
Timestep: 267, Trans probs: [0.3962184189859598, 0.038400022985423415, 0.32773622311184325, 0.03176298197559715, 0.10272329381117476, 0.009955561514739404, 0.08496865043640381, 0.00823484717885852]
Timestep: 268, Trans probs: [0.36529032258064514, 0.03524731182795699, 0.3008273244781784, 0.029027197975964578, 0.13483870967741937, 0.013010752688172042, 0.11104364326375712, 0.010714737507906389]
Timestep: 269, Trans probs: [0.36290914260783025, 0.03486463378765182, 0.30466446539916614, 0.029269075278522513, 0.1330666856228711, 0.012783699055472332, 0.11171030397969425, 0.01073199426879159]
Timestep: 270, Trans probs: [0.3977072310405642, 0.03804156122996703, 0.3298059964726631, 0.031546660532167786, 0.1012345679012346, 0.009683306494900698, 0.08395061728395063, 0.008030059044551799]
Timestep: 271, Trans probs: [0.41310517872567976, 0.018777508123894532, 0.3384476163053762, 0.015383982559335279, 0.1126650487433672, 0.0051211385792439635, 0.09230389535601169, 0.00419563160709144]
Timestep: 272, Trans probs: [0.36581966832350077, 0.03658196683235008, 0.2961397314999768, 0.02961397314999768, 0.13657267617410693, 0.013657267617410696, 0.11055883309332465, 0.011055883309332467]
Timestep: 273, Trans probs: [0.36620472440944885, 0.03646194225721785, 0.29720963140477, 0.029592300962379702, 0.13581102362204722, 0.013522309711286085, 0.11022343946137166, 0.010974628171478562]
Timestep: 274, Trans probs: [0.365019371247745, 0.0361872652530092, 0.2998373406677905, 0.02972525360068613, 0.1344808209860113, 0.01333215035637181, 0.11046638866708071, 0.010951409221305414]
Timestep: 275, Trans probs: [0.37015924043062204, 0.03653932416267943, 0.29612739234449764, 0.029231459330143542, 0.13548312068048912, 0.013373870281765019, 0.10838649654439128, 0.010699096225412015]
Timestep: 276, Trans probs: [0.3917156992183022, 0.03850197043598699, 0.3264297493485854, 0.0320849753633225, 0.10492384800490243, 0.010313027795353657, 0.08743654000408536, 0.008594189829461382]
Timestep: 277, Trans probs: [0.3710008632641851, 0.03631072278755854, 0.2926203991942868, 0.028639443325398285, 0.1382160078827356, 0.013527524175757102, 0.10901544283708724, 0.010669596532991517]
Timestep: 278, Trans probs: [0.3688916997566285, 0.03595130972204433, 0.2961524913539132, 0.028862319072627134, 0.13653783692290805, 0.013306653598419005, 0.10961488316346138, 0.010682806409998356]
Timestep: 279, Trans probs: [0.3611756168359942, 0.035050798258345436, 0.30527939042089985, 0.029626269956458638, 0.13281942038484948, 0.012889648391778643, 0.112264033896718, 0.010894821854955756]
Timestep: 280, Trans probs: [0.3727556464152464, 0.036022604485507, 0.29509822007873676, 0.028517895217693042, 0.13619917849787846, 0.013162105485089094, 0.1078243496441538, 0.010420000175695533]
Timestep: 281, Trans probs: [0.3706565105009849, 0.03566987339549229, 0.2985844112369047, 0.02873406467970212, 0.13456956113730034, 0.012950208812376181, 0.10840325758282526, 0.010432112654414146]
Timestep: 282, Trans probs: [0.3685830173765543, 0.035322539165253096, 0.30203330590578736, 0.02894485848263795, 0.13296982272445304, 0.012742941344426748, 0.10896138251031567, 0.010442132490571918]
Timestep: 283, Trans probs: [0.3618355024605025, 0.034532018907018916, 0.31014471639471647, 0.029598873348873355, 0.1297146140896141, 0.012379403004403006, 0.11118395493395496, 0.010610916860916864]
Timestep: 284, Trans probs: [0.3645432105876144, 0.03464666877485591, 0.3087895430859793, 0.029347766491642654, 0.1298685187718376, 0.012342875751042415, 0.1100062747243801, 0.010455141812647693]
Timestep: 285, Trans probs: [0.39364828209764924, 0.037258890898131405, 0.32956600361663657, 0.031193490054249547, 0.10359165318359193, 0.00980497128898195, 0.08672789568858857, 0.008208813172170934]
Timestep: 286, Trans probs: [0.37092916589875646, 0.03496463449045658, 0.29979206558940613, 0.028259088149821074, 0.1344618226382993, 0.012674680002790508, 0.10867462377615972, 0.010243919454310137]
Timestep: 287, Trans probs: [0.3635083392377305, 0.034125272663133886, 0.30855940423667827, 0.028966801214055506, 0.1309533147564495, 0.012293576487340157, 0.11115804624675366, 0.010435245157858505]
Timestep: 288, Trans probs: [0.36616297735721504, 0.034234749915512, 0.3072401993916864, 0.028725709699222716, 0.13109538695505238, 0.012256885772220345, 0.10999957755998649, 0.010284513349104428]
Timestep: 289, Trans probs: [0.3754123871770933, 0.0349574287654783, 0.2993152816682228, 0.02787146347517864, 0.1335823218176159, 0.012438839683421724, 0.10650482415188295, 0.009917453261106511]
Timestep: 290, Trans probs: [0.3733362706761396, 0.03462392832883553, 0.3027050843320051, 0.028073455401758537, 0.13203355914156156, 0.012245047823612566, 0.10705423714180667, 0.009928417154280458]
Timestep: 291, Trans probs: [0.36601838532254394, 0.03380892715830727, 0.3113259829180258, 0.028757018502468253, 0.12866100817398513, 0.011884350152617101, 0.10943580005603332, 0.010108527716019142]
Timestep: 292, Trans probs: [0.36864223372159893, 0.03391508550238708, 0.3099946056295262, 0.02851950371791641, 0.12880270816778752, 0.011849849151436451, 0.10831136823200313, 0.00996464587734429]
Timestep: 293, Trans probs: [0.37773272055510504, 0.034612958457240696, 0.302186176444084, 0.027690366765792555, 0.13118860953410832, 0.012021267009101558, 0.10495088762728666, 0.009617013607281247]
Timestep: 294, Trans probs: [0.36775937890222055, 0.03356534013790108, 0.3134312888371198, 0.028606823981165694, 0.12696454747814756, 0.011588034095227753, 0.1082084211461485, 0.009876165422069108]
Timestep: 295, Trans probs: [0.3813703895655179, 0.034670035415047075, 0.301081886499093, 0.027371080590826637, 0.13088451239526647, 0.011898592035933317, 0.10332987820678932, 0.0093936252915263]
Timestep: 296, Trans probs: [0.3909290148734533, 0.03539908402397411, 0.33762051284525507, 0.030571936202523096, 0.10110233143278963, 0.00915493552344158, 0.08731564987377287, 0.007906535224790455]
Timestep: 297, Trans probs: [0.38779099570466474, 0.034977227063558, 0.3311473671185901, 0.029868193896970874, 0.10697682640128683, 0.009648890224429794, 0.09135099782581797, 0.008239501764681622]
Timestep: 298, Trans probs: [0.38225905133815363, 0.03434358664366224, 0.2978641958479119, 0.026761236345710836, 0.1334513847866927, 0.011989772851929422, 0.10398809204157872, 0.009342680144360588]
Timestep: 299, Trans probs: [0.38018954496550833, 0.03402474526928676, 0.30118912003761067, 0.026954668330214183, 0.1319481361939118, 0.011808588064046582, 0.10453034166011194, 0.00935485547930963]
Timestep: 300, Trans probs: [0.3781443234705134, 0.03371054046442561, 0.30447984487236146, 0.027143552062264778, 0.1304708484488906, 0.011631122148544509, 0.10505444940040541, 0.009365319132594281]
Timestep: 301, Trans probs: [0.3666477644944705, 0.032559453989856456, 0.3172121108547666, 0.028169415249651088, 0.12576870991380093, 0.01116864991512518, 0.10881113104901878, 0.00966276453331055]
Timestep: 302, Trans probs: [0.3816907169837595, 0.03376494804087103, 0.3033951852947832, 0.02683880485300005, 0.13017197862451912, 0.011515213493707462, 0.10347003429128443, 0.009153118418075161]
Timestep: 303, Trans probs: [0.40177312042581503, 0.01746839654025283, 0.3521157684630739, 0.01530938123752495, 0.10895542248835664, 0.004737192282102462, 0.09548902195608784, 0.004151696606786428]
Timestep: 304, Trans probs: [0.36414840977193613, 0.03361369936356336, 0.3155952884690116, 0.02913187278175491, 0.12629424616367735, 0.011657930415108679, 0.1094550133418537, 0.01010353969309419]
Timestep: 305, Trans probs: [0.3815373130042783, 0.03508389085096812, 0.29943434691475007, 0.027534192819747134, 0.13156459069113044, 0.012097893396885558, 0.10325322307405173, 0.009494549248188665]
Timestep: 306, Trans probs: [0.3795283230404595, 0.034765953255614636, 0.302661827234797, 0.027724747532958505, 0.13012399647101477, 0.011919755401925016, 0.10376976933764467, 0.009505627725585773]
Timestep: 307, Trans probs: [0.37754225931158547, 0.03445252556455533, 0.3058570202017908, 0.027910906786475207, 0.12870758840167684, 0.011745179169734771, 0.10426943870515594, 0.009515081859025639]
Timestep: 308, Trans probs: [0.37557870370370355, 0.034143518518518524, 0.30902045241443976, 0.02809276840131271, 0.12731481481481485, 0.011574074074074077, 0.10475269573370842, 0.009522972339428037]
Timestep: 309, Trans probs: [0.3652135492308348, 0.03307594408128313, 0.320576337658177, 0.029033328693570743, 0.1231056907519667, 0.011149194634140382, 0.10805943966005964, 0.009786515289967667]
Timestep: 310, Trans probs: [0.36773184414438115, 0.03317881300550808, 0.31923973282863866, 0.028803584916869653, 0.12326207066292105, 0.011121389834248516, 0.107007731674404, 0.009654832933028934]
Timestep: 311, Trans probs: [0.37966583718450053, 0.03412726626377533, 0.3084784927124067, 0.027728403839317455, 0.12655527906150016, 0.011375755421258443, 0.10282616423746889, 0.009242801279772485]
Timestep: 312, Trans probs: [0.3777031493690283, 0.033824162630062236, 0.3116050982294484, 0.027904934169801346, 0.12520546387923592, 0.011212429601125604, 0.10329450770036963, 0.009250254420928623]
Timestep: 313, Trans probs: [0.3674396033427338, 0.03278271553987216, 0.32302382711449124, 0.02881996970538211, 0.1211339351679342, 0.010807488639518293, 0.10649137157620588, 0.009501088913862234]
Timestep: 314, Trans probs: [0.36993091810367557, 0.03288274827588227, 0.3216790592205875, 0.028593694152941107, 0.12128882560776247, 0.010781228942912217, 0.10546854400674997, 0.009374981689488885]
Timestep: 315, Trans probs: [0.38171827775289036, 0.0338053087308833, 0.3110297077986516, 0.02754506637331232, 0.12447335144115997, 0.01102347023833151, 0.10142273080390814, 0.008982086860862713]
Timestep: 316, Trans probs: [0.3797573083287369, 0.03350799779371207, 0.31412024269167127, 0.027716492002206286, 0.12316453243094169, 0.010867458743906619, 0.10187683546756905, 0.008989132541256092]
Timestep: 317, Trans probs: [0.38590959795705776, 0.03392611850171935, 0.33976823298393116, 0.029869734767818124, 0.10290922612188201, 0.009046964933791826, 0.09060486212904831, 0.0079652626047515]
Timestep: 318, Trans probs: [0.36957673152292736, 0.03237168451295714, 0.3218894113264206, 0.028194692962898154, 0.12186043579945172, 0.010673906785353434, 0.10613650859952246, 0.00929662849046912]
Timestep: 319, Trans probs: [0.3811580359569713, 0.03326470131988113, 0.3114340049892327, 0.027179694980878487, 0.12500344189986692, 0.010909391293079296, 0.10213695862550104, 0.00891377093458918]
Timestep: 320, Trans probs: [0.3792279569892473, 0.03297634408602151, 0.3144817204301075, 0.027346236559139786, 0.12370537634408603, 0.010756989247311829, 0.10258494623655914, 0.008920430107526882]
Timestep: 321, Trans probs: [0.37731900517959277, 0.032691899365740885, 0.31750013850477926, 0.02750903727117221, 0.12242797508486787, 0.010607477985692521, 0.10301866196165711, 0.008925804646497365]
Timestep: 322, Trans probs: [0.37543081212966195, 0.032411293133495986, 0.32048971767166257, 0.0276681770651795, 0.1211707912164517, 0.010460787730916694, 0.10343848030672705, 0.008929940745904495]
Timestep: 323, Trans probs: [0.3735630183594877, 0.032134453192213995, 0.32345090614053207, 0.027823733861551143, 0.11993339010488815, 0.01031685076171081, 0.10384476460301292, 0.008932882976603261]
Timestep: 324, Trans probs: [0.37171527303106244, 0.03186130911694821, 0.32638414217361583, 0.027975783614881358, 0.11871534897850687, 0.010175601341014874, 0.10423786739576213, 0.008934674348208183]
Timestep: 325, Trans probs: [0.37156268108228174, 0.03173489091094224, 0.3276144069757755, 0.02798130166341143, 0.11804856013551668, 0.010082439299830607, 0.10408582721626201, 0.008889892715979675]
Timestep: 326, Trans probs: [0.3749709891576646, 0.031912424609162944, 0.3252760387873717, 0.027683067130840146, 0.11851414683221524, 0.01008631036869917, 0.10280745267372887, 0.008749570440317352]
Timestep: 327, Trans probs: [0.3731325220307784, 0.03164374745137343, 0.3281767964849015, 0.027831247758436872, 0.11732517445297673, 0.009949838116153503, 0.1031896112658711, 0.008751062439508503]
Timestep: 328, Trans probs: [0.37113554503025387, 0.031363567185655264, 0.33122849717753844, 0.027991140606552542, 0.11609881152228455, 0.009811167170897287, 0.10361506834784535, 0.008756202958972847]
Timestep: 329, Trans probs: [0.37634743657703046, 0.031692415711749924, 0.32706384369194313, 0.027542218416163628, 0.11712853893468805, 0.009863455910289518, 0.101790277883717, 0.008571812874418272]
Timestep: 330, Trans probs: [0.38401937046004847, 0.032225401716927136, 0.3468562055768179, 0.0291068144539987, 0.10072639225181597, 0.008452564384767776, 0.09097867687260798, 0.007634574283016055]
Timestep: 331, Trans probs: [0.37022498516352037, 0.030959580640851896, 0.33083934844399715, 0.027666008232250634, 0.1171119851027463, 0.009793336733330703, 0.10465326328330521, 0.008751492399997651]
Timestep: 332, Trans probs: [0.3726275234655124, 0.031052293622126022, 0.32948117864318976, 0.02745676488693248, 0.11727363682670944, 0.009772803068892454, 0.10369458414151149, 0.008641215345125958]
Timestep: 333, Trans probs: [0.39142568471641953, 0.03250593921520439, 0.3424974741268671, 0.028442696813303837, 0.10101307992681793, 0.008388629474891454, 0.0883864449359657, 0.007340050790530023]
Timestep: 334, Trans probs: [0.3764636657384379, 0.03115561371628452, 0.32331585410477615, 0.02675717413280906, 0.12039193371330757, 0.00996347037627373, 0.10339542542437004, 0.008556862793740967]
Timestep: 335, Trans probs: [0.3746527455050552, 0.03089919550557156, 0.3261682725573422, 0.02690047608720348, 0.11920769175160847, 0.009831562206318227, 0.10378081399551797, 0.008559242391382926]
Timestep: 336, Trans probs: [0.3728606024736689, 0.030646076915644017, 0.3289946492414726, 0.027040656102038835, 0.11804129626050824, 0.00970202435017876, 0.10415408493574257, 0.008560609720745965]
Timestep: 337, Trans probs: [0.390943930031506, 0.032022710992341795, 0.34614827138206267, 0.028353442024469298, 0.09928734730958884, 0.008132751998055058, 0.08791067209703178, 0.0072008741649445835]
Timestep: 338, Trans probs: [0.37367161888601585, 0.030503805623348222, 0.3258764118191998, 0.026602156066873446, 0.12017579702866836, 0.009810269145197417, 0.10480447415290846, 0.008555467277788446]
Timestep: 339, Trans probs: [0.3719125540790466, 0.03025729253524447, 0.32866690825590167, 0.02673900270556488, 0.11901201730529493, 0.00968233361127823, 0.10517341064188854, 0.008556480865780761]
Timestep: 340, Trans probs: [0.37017131612455145, 0.03001389049658525, 0.33143245746035427, 0.026872901956244935, 0.11786549369139947, 0.00955666165065401, 0.10553073272369487, 0.008556545896515801]
Timestep: 341, Trans probs: [0.3904282633254596, 0.03154975865256239, 0.34975865256239086, 0.028263325459587138, 0.0976070658313649, 0.007887439663140598, 0.08743966314059771, 0.0070658313648967845]
Timestep: 342, Trans probs: [0.3706768448460526, 0.02985316871243377, 0.3286413263583559, 0.0264677578275186, 0.11987062146762895, 0.009654009782627836, 0.10627704583727927, 0.00855922516810303]
Timestep: 343, Trans probs: [0.37152169431041376, 0.029821139342641904, 0.32881805128622826, 0.026393422176820995, 0.11954906005038068, 0.009595911174612497, 0.10580778878022198, 0.008492932878680026]
Timestep: 344, Trans probs: [0.3698050153274034, 0.029584401226192273, 0.33154932408663756, 0.026523945926931004, 0.11841047288808483, 0.009472837831046787, 0.10616111362380021, 0.008492889089904017]
Timestep: 345, Trans probs: [0.37026693687757223, 0.029522945133095446, 0.33209508771493573, 0.026479342542054675, 0.11797721027961852, 0.009406820753192175, 0.1058146112817197, 0.00843704541781154]
Timestep: 346, Trans probs: [0.37259222412596665, 0.029609978076235742, 0.33077064794856204, 0.026286409108494994, 0.11813899789359908, 0.009388529633928406, 0.10487849813003183, 0.00833471508318134]
Timestep: 347, Trans probs: [0.37339404675134413, 0.029575766079314378, 0.33096290507505494, 0.02621488357030138, 0.11781850989726873, 0.009332159199783663, 0.1044300428634882, 0.00827168656344461]
Timestep: 348, Trans probs: [0.3716784508457975, 0.02934303559308929, 0.33366588200929564, 0.026342043316523338, 0.11671062466172392, 0.009213996683820311, 0.1047743107758658, 0.008271656113884142]
Timestep: 349, Trans probs: [0.3699798054986939, 0.029113165022848043, 0.33634527772608536, 0.026466513657134583, 0.11561868921834184, 0.009097864069640013, 0.10510789928940167, 0.008270785517854557]
Timestep: 350, Trans probs: [0.3682978447717359, 0.02888610547229301, 0.3390014253012569, 0.02658834708245152, 0.11454239191465469, 0.008983717012914094, 0.10543106528507988, 0.008269103159614108]
Timestep: 351, Trans probs: [0.366632308512529, 0.02866180913452995, 0.3416346511139474, 0.02670759487535745, 0.11348142882530657, 0.008871512351164032, 0.10574405867812657, 0.008266636509039211]
Timestep: 352, Trans probs: [0.3922420066566545, 0.030564312207012036, 0.352217312099853, 0.027445504838949586, 0.09655187856163802, 0.007523523004802962, 0.08669964605534844, 0.006755816575741436]
Timestep: 353, Trans probs: [0.3737817100988457, 0.029031589133890926, 0.3322504089767517, 0.025805857007903044, 0.11747425174535149, 0.009124213727794291, 0.1044215571069791, 0.008110412202483814]
Timestep: 354, Trans probs: [0.36796948885179775, 0.028487960427235975, 0.33902806838030825, 0.02624733432621741, 0.11509946096786101, 0.008910926010415045, 0.10604669437488316, 0.008210066661281277]
Timestep: 355, Trans probs: [0.36632639046693927, 0.028269560679120707, 0.3416302293118646, 0.026363747599629422, 0.114045008352915, 0.008800900966141353, 0.106356580823505, 0.008207581799884633]
Timestep: 356, Trans probs: [0.3646990401605356, 0.0280537723200412, 0.3442103300391572, 0.02647771769531978, 0.1130053363877716, 0.008692718183674739, 0.1066567219839642, 0.008204363229535707]
Timestep: 357, Trans probs: [0.40689154125583815, 0.016953814218993255, 0.36579138557343027, 0.015241307732226261, 0.09864037363777894, 0.004110015568240789, 0.08867669953295279, 0.0036948624805397]
Timestep: 358, Trans probs: [0.37263570116473893, 0.02985862990102075, 0.33164577403661766, 0.026574180611908468, 0.11721404684524654, 0.00939215118952296, 0.10432050169226942, 0.008359014558675434]
Timestep: 359, Trans probs: [0.3647777597861138, 0.029135603816782252, 0.34045924246703957, 0.027193230228996768, 0.11420612105453097, 0.00912189465291781, 0.10659237965089557, 0.008513768342723289]
Timestep: 360, Trans probs: [0.3631815369717837, 0.02891572746590634, 0.34300478491779574, 0.02730929816224488, 0.11317750221911396, 0.009010947628910347, 0.10688986320694098, 0.008510339427304218]
Timestep: 361, Trans probs: [0.36160030989588254, 0.02869843729332401, 0.3455291850116211, 0.027422951191398502, 0.11216305908807467, 0.008901830086355133, 0.10717803423971581, 0.008506193193628239]
Timestep: 362, Trans probs: [0.3600338549013648, 0.02848369105232319, 0.34803272640465294, 0.02753423468391242, 0.11116252662853207, 0.008794503688966145, 0.10745710907424769, 0.008501353566000609]
Timestep: 363, Trans probs: [0.3938005021007391, 0.03105682193223494, 0.3544204518906652, 0.027951139739011446, 0.09404191094943022, 0.007416554491279986, 0.0846377198544872, 0.006674899042151987]
Timestep: 364, Trans probs: [0.36088535946608097, 0.028371490524062973, 0.34502226674229713, 0.02712439203948877, 0.11308849974052305, 0.00889060532551282, 0.10811757667500556, 0.008499809487028739]
Timestep: 365, Trans probs: [0.35934454982460695, 0.028161798575596163, 0.34749802620401554, 0.027233387633543545, 0.11208912563336366, 0.00878441423458963, 0.10839387973336267, 0.00849481816092184]
Timestep: 366, Trans probs: [0.40753313004621905, 0.016301325201848762, 0.37085514834205935, 0.014834205933682374, 0.09589014824616918, 0.0038356059298467675, 0.08726003490401396, 0.0034904013961605585]
Timestep: 367, Trans probs: [0.38911835748792273, 0.03171497584541063, 0.35059178743961356, 0.02857487922705314, 0.09727958937198068, 0.007928743961352657, 0.08764794685990339, 0.007143719806763285]
Timestep: 368, Trans probs: [0.37127126618407885, 0.030165790377456408, 0.33123220806618797, 0.026912616905377777, 0.11751246498486899, 0.009547887780020605, 0.10483955209434391, 0.008518213607665442]
Timestep: 369, Trans probs: [0.35953610310598777, 0.02912130430141957, 0.34390409862311877, 0.02785516063614046, 0.11327849823887289, 0.009175205464830825, 0.10835334614153058, 0.00877628348809905]
Timestep: 370, Trans probs: [0.35802282765784144, 0.02890867552516731, 0.34634817023421605, 0.02796600132325968, 0.11228897776541387, 0.009066811869257022, 0.10862738066436775, 0.008771154960476901]
Timestep: 371, Trans probs: [0.3904147136834426, 0.031426571380091355, 0.35213876136153643, 0.028345534970278474, 0.0961891323567902, 0.007742778455964537, 0.08675882526298724, 0.00698368252890919]
Timestep: 372, Trans probs: [0.3588502138255833, 0.02879662209711471, 0.3434157960266335, 0.02755805770584096, 0.11417961348995832, 0.009162561576354682, 0.10926866237211066, 0.008768472906403944]
Timestep: 373, Trans probs: [0.3573611919620595, 0.02858889535696476, 0.34583341157618663, 0.027666672926094926, 0.1131913277707881, 0.009055306221663046, 0.10953999461689169, 0.008763199569351334]
Timestep: 374, Trans probs: [0.3558854110265851, 0.028383499038930105, 0.34823196132708867, 0.027773101210135907, 0.11221612059396827, 0.008949751949212194, 0.10980287068872163, 0.008757284165358169]
Timestep: 375, Trans probs: [0.3544226840033625, 0.028180396893233716, 0.3506116874011759, 0.027877381872876365, 0.11125375731047255, 0.008845864495633902, 0.1100574803501449, 0.008750747673100205]
Timestep: 376, Trans probs: [0.36926388112828773, 0.02927091740651063, 0.3366817739699096, 0.026688189400053814, 0.11539496285258999, 0.009147161689534573, 0.10521305436559676, 0.008340059187516817]
Timestep: 377, Trans probs: [0.37145755891279875, 0.029355308607090482, 0.3353937182416533, 0.02650527864523704, 0.11556457388398185, 0.009132762677761485, 0.10434471234184771, 0.008246086689629301]
Timestep: 378, Trans probs: [0.3576807597739093, 0.028180908345823177, 0.35007053084254974, 0.027581314551231192, 0.11078607603616668, 0.008728599930122222, 0.10842892548220569, 0.008542885037991964]
Timestep: 379, Trans probs: [0.3562176486576191, 0.02798084249274352, 0.35242809920381485, 0.02768317395558667, 0.10984685200895752, 0.008628453632123553, 0.10867826847694734, 0.008536661572207345]
Timestep: 380, Trans probs: [0.40509731973644686, 0.015580666143709496, 0.36970046655559224, 0.014219248713676625, 0.09838077765027996, 0.003783876063472306, 0.08978439902064385, 0.0034532461161786094]
Timestep: 381, Trans probs: [0.3699326889683455, 0.030175778254215514, 0.3343622381060048, 0.027274261114387098, 0.11570581901653104, 0.009438239013433047, 0.10458025949571075, 0.008530716031372176]
Timestep: 382, Trans probs: [0.35634695314812, 0.02898002329819048, 0.3488449120292122, 0.028369917544544366, 0.11096769155051105, 0.009024480939348791, 0.10863152962313186, 0.008834491866941447]
Timestep: 383, Trans probs: [0.3690083752093803, 0.02991959798994975, 0.33707495812395316, 0.02733040201005025, 0.11440871021775546, 0.00927638190954774, 0.10450795644891123, 0.00847361809045226]
Timestep: 384, Trans probs: [0.3590955590292979, 0.02902868291554204, 0.34787382280963236, 0.028121536574431352, 0.110851237787305, 0.008961028204362977, 0.10738713660645172, 0.008680996072976633]
Timestep: 385, Trans probs: [0.3576505568190353, 0.0288255672660118, 0.350199503551972, 0.028225034614636553, 0.10992722742056929, 0.008859806389120511, 0.10763707684930743, 0.008675227089347166]
Timestep: 386, Trans probs: [0.36853721735809947, 0.029614597823418708, 0.3401882006382457, 0.027336551837001885, 0.11278509669148734, 0.009063088126994518, 0.10410932002291137, 0.008365927501841093]
Timestep: 387, Trans probs: [0.36037049114429254, 0.028872413237079814, 0.3492250120367371, 0.027979452002943325, 0.10981246725856124, 0.008798031501427755, 0.10641620538458511, 0.008525927434373288]
Timestep: 388, Trans probs: [0.38657769682100085, 0.030880466905819595, 0.36055804415035664, 0.028801973941004817, 0.09256085698531007, 0.007393914611252579, 0.0863307993036065, 0.006896247281649041]
Timestep: 389, Trans probs: [0.36115991444952084, 0.028764948938457397, 0.3464186934515811, 0.02759086938994893, 0.11160306369255574, 0.008888739586132757, 0.10704783660306368, 0.008525933888739583]
Timestep: 390, Trans probs: [0.359729496971665, 0.028566754171279275, 0.34871736951334864, 0.027692261696648277, 0.1106859990682046, 0.008789770514239778, 0.10729765215795344, 0.008520695906661008]
Timestep: 391, Trans probs: [0.3583112077813808, 0.028370682141047748, 0.3509987341531894, 0.027791688627965144, 0.10978045515004006, 0.008692294102789096, 0.10754003769799844, 0.00851490034558932]
Timestep: 392, Trans probs: [0.356904883734152, 0.028176701347433053, 0.35326299716543624, 0.02788918398674496, 0.108886235715504, 0.008596281767013473, 0.1077751516775907, 0.008508564606125582]
Timestep: 393, Trans probs: [0.3555103647336659, 0.02798478089740225, 0.35551036473366565, 0.02798478089740225, 0.10800314877984778, 0.00850170558908423, 0.10800314877984778, 0.00850170558908423]
Timestep: 394, Trans probs: [0.3665065715335989, 0.02876650416106736, 0.3453619616374297, 0.027106898151775013, 0.11087593760680305, 0.00870247184704559, 0.10447924889871825, 0.008200406163562188]
Timestep: 395, Trans probs: [0.35816458052195627, 0.028030271519109647, 0.3545467564762802, 0.027747137463361066, 0.10789895312795345, 0.00844426589697027, 0.10680906471251958, 0.008358970281849358]
Timestep: 396, Trans probs: [0.365562144243849, 0.028526525706889957, 0.3479870411552024, 0.027155058124827935, 0.1096686432731547, 0.008557957712066987, 0.10439611234656072, 0.00814651743744838]
Timestep: 397, Trans probs: [0.3607990516637218, 0.028073701426283813, 0.35358307063044725, 0.027512227397758136, 0.10779058804891267, 0.008387163911586865, 0.10563477628793443, 0.008219420633355127]
Timestep: 398, Trans probs: [0.35940210607176004, 0.027884646160740004, 0.3558080850110425, 0.027605799699132603, 0.1069295522196972, 0.008296258361873058, 0.10586025669750024, 0.008213295778254328]
Timestep: 399, Trans probs: [0.36503665295905596, 0.028240657965313786, 0.3509967816914, 0.027154478812801718, 0.10815900828416472, 0.008367602360092973, 0.10399904642708147, 0.008045771500089397]
Timestep: 400, Trans probs: [0.36716804397335856, 0.028324391963659087, 0.3496838514031986, 0.026975611393961034, 0.10834466871345005, 0.008358017300751861, 0.10318539877471433, 0.007960016476906534]
Timestep: 401, Trans probs: [0.36242113564668754, 0.027878548895899056, 0.35524447949526816, 0.027326498422712935, 0.10650743578188375, 0.00819287967552952, 0.10439837764758901, 0.008030644434429924]
Timestep: 402, Trans probs: [0.38297288110127736, 0.029375760766291163, 0.36838343801170487, 0.02825668416567055, 0.09042415248224604, 0.006935943514263192, 0.08697942286387476, 0.0066717170946722125]
Timestep: 403, Trans probs: [0.36649292312907855, 0.028032036613272308, 0.3492055210946882, 0.026709770735287762, 0.10919993219764385, 0.008352402745995424, 0.10404899199964177, 0.007958421484391865]
Timestep: 404, Trans probs: [0.3685896644761698, 0.028112771019368907, 0.34792108515974934, 0.026536353952862243, 0.10937823376731877, 0.008342407660219228, 0.10324487486447848, 0.007874609099833103]
Timestep: 405, Trans probs: [0.36401231734000156, 0.02768544385402829, 0.3533060727123544, 0.026871166093615693, 0.10758258771587091, 0.008182337657263422, 0.10441839395952175, 0.007941680667343909]
Timestep: 406, Trans probs: [0.3626157593920003, 0.02750175703253935, 0.3555056464627454, 0.02696250689464642, 0.10673770336941944, 0.008095275255545856, 0.10464480722492102, 0.007936544368182212]
Timestep: 407, Trans probs: [0.36805943805908053, 0.027836428088501886, 0.3508603988974412, 0.026535660420814882, 0.10790497581651759, 0.008160880523938305, 0.10286268722696068, 0.007779530966744926]
Timestep: 408, Trans probs: [0.3651749431004872, 0.027541126993612167, 0.3545387797092109, 0.0267389582462254, 0.10663108338534226, 0.008042009082134751, 0.10352532367508957, 0.007807775807897817]
Timestep: 409, Trans probs: [0.3985204081632653, 0.014760015117157972, 0.3836224489795918, 0.014208238851095992, 0.09280612244897958, 0.003437263794406651, 0.08933673469387754, 0.003308767951625094]
Timestep: 410, Trans probs: [0.38081889625243504, 0.029784718142648547, 0.3631883917963038, 0.02840579600641482, 0.09390054976087438, 0.007344177076269504, 0.08955330208675982, 0.007004168878294064]
Timestep: 411, Trans probs: [0.36801804933335985, 0.02870335760817291, 0.347760175058129, 0.027123356271943205, 0.10893334260267452, 0.008496193852019182, 0.10293701181720619, 0.00802851345649519]
Timestep: 412, Trans probs: [0.3854142334960007, 0.029976662605244495, 0.36088787318261883, 0.028069056803092574, 0.09374940814767584, 0.00729162063370812, 0.08778353672009646, 0.006827608411563058]
Timestep: 413, Trans probs: [0.3639296335500781, 0.028227229195019913, 0.3499323399519982, 0.027141566533672994, 0.10917889006502343, 0.008468168758505973, 0.10497970198559946, 0.008142469960101897]
Timestep: 414, Trans probs: [0.3625597286647713, 0.028043293929871812, 0.3521012749532875, 0.027234352758817814, 0.10833458027831813, 0.008379470297770461, 0.10520954430875126, 0.0081377548084117]
Timestep: 415, Trans probs: [0.3848461039656979, 0.029685098928483585, 0.3638544982948417, 0.028065911714202668, 0.09236306495176749, 0.007124423742836061, 0.08732507959076201, 0.00673581881140864]
Timestep: 416, Trans probs: [0.36329829874409936, 0.027946022980315302, 0.34945836355384763, 0.026881412581065196, 0.11000267212968733, 0.008461744009975949, 0.10581209414379449, 0.00813939185721496]
Timestep: 417, Trans probs: [0.36507427918234453, 0.028005698129056556, 0.34847999376496513, 0.02673271185046307, 0.11010176673753244, 0.008446162927810707, 0.1050971409767355, 0.00806224643109204]
Timestep: 418, Trans probs: [0.3658010995736452, 0.027984783573940075, 0.34854633072583174, 0.026664746612905164, 0.10988491528694483, 0.00840649625146026, 0.10470166456586251, 0.008009963409410247]
Timestep: 419, Trans probs: [0.3644443952671801, 0.027805021982237173, 0.35069177657785255, 0.026755775869699922, 0.10904635448939247, 0.008319612876574903, 0.10493139771620785, 0.008005665220855097]
Timestep: 420, Trans probs: [0.3826284913755363, 0.029113037387269065, 0.3687147280527895, 0.02805438148227746, 0.09062253743104808, 0.006895193065405831, 0.08732717243355542, 0.0066444587721183465]
Timestep: 421, Trans probs: [0.3648419994880647, 0.02768448776603201, 0.3484076751868005, 0.026437438767562098, 0.11060170850622433, 0.00839254156686797, 0.10561964956450251, 0.008014499153945991]
Timestep: 422, Trans probs: [0.36555963943774905, 0.02766397271420804, 0.3484774132957982, 0.026371263708871214, 0.1103846754380654, 0.00835343489801576, 0.10522651303441749, 0.007963087472874835]
Timestep: 423, Trans probs: [0.36396802403562417, 0.027469284832877295, 0.35085205920551166, 0.026479400694755593, 0.10947475722946509, 0.008262245828638874, 0.10552972093290781, 0.007964507240219456]
Timestep: 424, Trans probs: [0.36596833729800676, 0.02754600388264567, 0.34963046509720286, 0.02631627156645613, 0.10964810105815767, 0.0082530828753452, 0.10475309654663277, 0.007884641675553004]
Timestep: 425, Trans probs: [0.4019600725952813, 0.014355716878402902, 0.380617059891107, 0.013593466424682392, 0.09396469229500082, 0.0033558818676786, 0.08897541659792113, 0.0031776934499257543]
Timestep: 426, Trans probs: [0.366008645762991, 0.028532932062168677, 0.3456748321094918, 0.026947769169825973, 0.11108433606814519, 0.00865980039240917, 0.10491298406435935, 0.00817870037060866]
Timestep: 427, Trans probs: [0.3646737537768167, 0.02835265109792944, 0.34779070962048253, 0.027040028361914187, 0.11025020463020037, 0.008571731727280993, 0.10514602848991332, 0.008174892295462428]
Timestep: 428, Trans probs: [0.364688937057891, 0.028278019183633263, 0.3485522584270109, 0.027026779396746834, 0.10982910073558108, 0.008516160217464843, 0.10496940601276776, 0.008139338968904453]
Timestep: 429, Trans probs: [0.36711082211269025, 0.028389903576714715, 0.3469028869505238, 0.026827156590840506, 0.1101332466338071, 0.008516971073014414, 0.10407086608515714, 0.008048146977252152]
Timestep: 430, Trans probs: [0.36578047988576046, 0.028211792331614506, 0.3490015587900834, 0.026917673417320268, 0.10931370663252611, 0.008431110351976748, 0.10429931642002493, 0.008044362170693412]
Timestep: 431, Trans probs: [0.3840291184041184, 0.029540701415701413, 0.3704351673101673, 0.028495012870012867, 0.08862210424710425, 0.006817084942084942, 0.0854850386100386, 0.0065757722007722]
Timestep: 432, Trans probs: [0.397374138967223, 0.01370255651611114, 0.37994544866164304, 0.01310156719522907, 0.09679626462022098, 0.0033378022282834824, 0.09255081441757972, 0.0031914073937096455]
Timestep: 433, Trans probs: [0.36505504382342613, 0.029049472983296513, 0.34600869371089954, 0.027533848305907133, 0.11049558797720561, 0.008792752358928829, 0.10473060077839488, 0.008334000061941238]
Timestep: 434, Trans probs: [0.36589583074713156, 0.029039351646597742, 0.3459378763427426, 0.027455387011328776, 0.11032736881306637, 0.008756140381989396, 0.10430951233235368, 0.008278532724789974]
Timestep: 435, Trans probs: [0.3645858168097979, 0.028859035631382434, 0.3480137342275345, 0.027547261284501415, 0.10951437082879865, 0.008668683706765067, 0.10453644488203508, 0.008274652629184837]
Timestep: 436, Trans probs: [0.38187047176594213, 0.03014766882362701, 0.3652674077761186, 0.028836900613904096, 0.09184226536142913, 0.0072507051601128246, 0.08784912338919308, 0.006935457109673137]
Timestep: 437, Trans probs: [0.3652700044216505, 0.028761417670996096, 0.34552567985831806, 0.02720674644553685, 0.111108746592137, 0.008748720204105276, 0.10510286839796745, 0.008275816409288775]
Timestep: 438, Trans probs: [0.38125042850534735, 0.029941133128692194, 0.3679895440355961, 0.028899702411172467, 0.09054697677001998, 0.0071110191180643965, 0.08739751670845407, 0.0068636793226534605]
Timestep: 439, Trans probs: [0.3791148894411793, 0.029695683246045372, 0.36277373041354233, 0.028415696899233074, 0.09477872236029483, 0.007423920811511343, 0.09069343260338558, 0.0071039242248082685]
Timestep: 440, Trans probs: [0.36600454461441456, 0.028594105048001126, 0.34312926057601356, 0.026806973482501058, 0.11272383313219607, 0.008806549463452818, 0.10567859356143382, 0.008256140121987016]
Timestep: 441, Trans probs: [0.3611774328435022, 0.02814369606572744, 0.34872303860751935, 0.027173223787598906, 0.1108158032588018, 0.008634997656530011, 0.10699456866367069, 0.008337239116649664]
Timestep: 442, Trans probs: [0.3683712256415694, 0.028629888003230793, 0.3422918468350868, 0.02660299327733835, 0.11259648783761184, 0.008751022370798847, 0.10462505507034728, 0.008131480964016627]
Timestep: 443, Trans probs: [0.36708057264267147, 0.028455858344393136, 0.34434106814268295, 0.02669310605757232, 0.11178017437615183, 0.008665129796600916, 0.10485573879532827, 0.00812835184459909]
Timestep: 444, Trans probs: [0.37708703069801347, 0.02915621371376393, 0.36733477990409935, 0.02840217370392521, 0.09310790881432432, 0.007199065114509612, 0.09069994565533318, 0.007012882396030916]
Timestep: 445, Trans probs: [0.36772244708628543, 0.028359057615908904, 0.34191736308023035, 0.026368948309529332, 0.11335804759802784, 0.00874226588159598, 0.10540309688939431, 0.008128773539027839]
Timestep: 446, Trans probs: [0.35828720924024277, 0.02756055455694175, 0.35210984356368685, 0.027085372581822066, 0.11003577212621687, 0.008464290163555143, 0.10813860364128211, 0.008318354126252469]
Timestep: 447, Trans probs: [0.3700555976090418, 0.028393012604274306, 0.341094724752682, 0.02617095074828762, 0.11322596643261727, 0.008687414304292885, 0.10436480384223853, 0.008007529706565616]
Timestep: 448, Trans probs: [0.37500176000315394, 0.028699114285955656, 0.37176898621002336, 0.02845170812831811, 0.09146384390320828, 0.006999783972184306, 0.0906753624902496, 0.006939441006906856]
Timestep: 449, Trans probs: [0.37301533595937003, 0.028474453126669474, 0.3666390054301501, 0.027987710338179397, 0.09552831774569234, 0.007292237995854376, 0.09389535504918478, 0.007167584354899602]
Timestep: 450, Trans probs: [0.3707345468351756, 0.028228518794556533, 0.3387746721080055, 0.0257950257950258, 0.11481704248999848, 0.008742414402791762, 0.10491902158568826, 0.007988757988757991]
Timestep: 451, Trans probs: [0.3566545121755296, 0.027087684469027564, 0.35360618301163615, 0.026856165798352115, 0.11004581602441993, 0.008357910077804044, 0.10910525349429669, 0.008286474948933923]
Timestep: 452, Trans probs: [0.37304020773480434, 0.02826062179809124, 0.3379680514520449, 0.025603640261518557, 0.11467532311847686, 0.00868752447867249, 0.1038938824834064, 0.007870748672985334]
Timestep: 453, Trans probs: [0.3710029724373987, 0.02803548910106287, 0.3710029724373987, 0.02803548910106287, 0.09386822194199244, 0.007093316519546027, 0.09386822194199244, 0.007093316519546027]
Timestep: 454, Trans probs: [0.35613442036190096, 0.02684430304235434, 0.35311633205374926, 0.026616808948775068, 0.11079737522370252, 0.00835156094651024, 0.109858414416722, 0.008280785006285577]
Timestep: 455, Trans probs: [0.3740163006008077, 0.028121526360962983, 0.33598074460750516, 0.025261710120865054, 0.1159312518467448, 0.008716635477198857, 0.10414163301487245, 0.007830197971043042]
Timestep: 456, Trans probs: [0.36969916636462485, 0.012323305545487495, 0.36969916636462485, 0.012323305545487495, 0.11417180137731062, 0.0038057267125770206, 0.11417180137731062, 0.0038057267125770206]
Timestep: 457, Trans probs: [0.3727288784221372, 0.02895888529094299, 0.3695967029732117, 0.02871553331370818, 0.0931822196055343, 0.007239721322735747, 0.09239917574330292, 0.007178883328427045]
Timestep: 458, Trans probs: [0.37397954799346905, 0.028983414969493852, 0.3331246393891405, 0.02581715955265839, 0.11686860874795908, 0.00905731717796683, 0.1041014498091064, 0.008067862360205747]
Timestep: 459, Trans probs: [0.3721719951083159, 0.028771401118099234, 0.3721719951083159, 0.028771401118099234, 0.0919483752620545, 0.007108228511530399, 0.0919483752620545, 0.007108228511530399]
Timestep: 460, Trans probs: [0.3745388226995427, 0.02888234702409409, 0.33084262671792936, 0.02551273987128311, 0.11842036305941424, 0.009131918544382691, 0.1046046540358159, 0.008066528047538043]
Timestep: 461, Trans probs: [0.3732835949099921, 0.028714122685384022, 0.3328445387947432, 0.02560342606113409, 0.11759116909252507, 0.009045474545578849, 0.10485212577416819, 0.008065548136474475]
Timestep: 462, Trans probs: [0.36712067061831705, 0.011842602278010228, 0.37020571827057175, 0.011942119944211993, 0.11522765574151558, 0.003717021152952116, 0.11619595536959554, 0.0037482566248256623]
Timestep: 463, Trans probs: [0.3745344791277394, 0.029739710501458218, 0.3311999112947779, 0.02629875226162008, 0.1171271461999476, 0.009300418556819661, 0.10357524498673054, 0.008224337070906643]
Timestep: 464, Trans probs: [0.3692710566177942, 0.029249192603389637, 0.37547729286347137, 0.02974077567235417, 0.09017083940667067, 0.007142244705478865, 0.09168631569921976, 0.007262282431621367]
Timestep: 465, Trans probs: [0.36746204316492115, 0.029034037978462907, 0.37052422685796216, 0.029275988294950095, 0.09400191801893332, 0.0074273120410021385, 0.09478526733575776, 0.0074892063080104895]
Timestep: 466, Trans probs: [0.38254100639421745, 0.011954406449819295, 0.38254100639421745, 0.011954406449819295, 0.10230747845426745, 0.003197108701695858, 0.10230747845426745, 0.003197108701695858]
Timestep: 467, Trans probs: [0.36942848968992764, 0.023089280605620478, 0.36640038731542, 0.02290002420721375, 0.10309632270416584, 0.006443520169010365, 0.10225127087872185, 0.006390704429920116]
Timestep: 468, Trans probs: [0.36113673745607267, 0.029425956385309624, 0.35526459538361627, 0.028947485549776136, 0.10498160972560254, 0.008554057088752799, 0.1032745916812838, 0.008414966729586087]
Timestep: 469, Trans probs: [0.37429151756658313, 0.030422709555904565, 0.32827206868544606, 0.026682212479358917, 0.1184122255574282, 0.009624639023140716, 0.10385334536594112, 0.008441281766197184]
Timestep: 470, Trans probs: [0.37305785123966945, 0.030247933884297515, 0.3302479338842975, 0.026776859504132226, 0.11759432267337405, 0.009534674811354652, 0.10409989220265899, 0.008440531800215593]
Timestep: 471, Trans probs: [0.37183289661423785, 0.03007471957909276, 0.33221135845042554, 0.026870036345255005, 0.11678506139147542, 0.009445850553722275, 0.1043407515710723, 0.008439325494719083]
Timestep: 472, Trans probs: [0.3676936693044563, 0.0222844648063307, 0.36470428987921705, 0.02210329029571012, 0.10565910037484383, 0.006403581840899626, 0.10480008329862558, 0.006351520199916702]
Timestep: 473, Trans probs: [0.37140002180153336, 0.030950001816794446, 0.3291268485883508, 0.027427237382362562, 0.11798989862286981, 0.009832491551905817, 0.1045601540641692, 0.0087133461720141]
Timestep: 474, Trans probs: [0.3594957949619447, 0.029884736011506423, 0.35949579496194495, 0.029884736011506423, 0.10212948720509801, 0.00848998182145069, 0.10212948720509801, 0.00848998182145069]
Timestep: 475, Trans probs: [0.35785199220102265, 0.029675531060572607, 0.3549660890381112, 0.029436212261697025, 0.1057289976957567, 0.008767770540623726, 0.10487634448853285, 0.008697062713683212]
Timestep: 476, Trans probs: [0.36426679133551504, 0.021427458313853825, 0.35843852267414683, 0.02108461898083216, 0.11176367461430575, 0.0065743338008415145, 0.10997545582047685, 0.00646914446002805]
Timestep: 477, Trans probs: [0.3710977263785778, 0.03167907420304932, 0.32620687238116924, 0.02784692813009981, 0.11923356551513872, 0.010178475104950867, 0.10481015033185581, 0.008947207955158423]
Timestep: 478, Trans probs: [0.3699061250410819, 0.031500521597172426, 0.32814253027837914, 0.02794401109426586, 0.11842318391602982, 0.01008469936024585, 0.10505282444163935, 0.008946104271185834]
Timestep: 479, Trans probs: [0.3687227213181929, 0.031323532150817346, 0.33006630698644673, 0.028039613457586494, 0.11762122651368873, 0.00999209448538618, 0.10528996889531814, 0.008944536192563433]
Timestep: 480, Trans probs: [0.351167542799926, 0.02975996125423102, 0.3483582024575266, 0.029521881564197168, 0.11162111181854792, 0.009459416255809145, 0.11072814292399952, 0.009383740925762671]
Timestep: 481, Trans probs: [0.3708998058494114, 0.03135626377953961, 0.3293590275942773, 0.02784436223623117, 0.11747360398789186, 0.009931343332309698, 0.10431656034124796, 0.008819032879091011]
Timestep: 482, Trans probs: [0.3697195779832513, 0.03118116922750312, 0.33126874187299316, 0.027938327627842794, 0.11668454766138071, 0.009840865465417651, 0.10454935470459713, 0.008817415457014215]
Timestep: 483, Trans probs: [0.3685473903458816, 0.03100759293775446, 0.3331668408726769, 0.028030864015730027, 0.11590359625718537, 0.00975150449279204, 0.10477685101649557, 0.008815360061484001]
Timestep: 484, Trans probs: [0.35391554775709494, 0.02970514189807751, 0.35391554775709494, 0.02970514189807751, 0.10736763808361306, 0.009011672261214524, 0.10736763808361306, 0.009011672261214524]
Timestep: 485, Trans probs: [0.35144106562935623, 0.029426883485711645, 0.348651850822774, 0.0291933367913806, 0.11176570991746311, 0.009358372839978969, 0.11087868047367373, 0.009284100039661677]
Timestep: 486, Trans probs: [0.3577815967683809, 0.02988629089950676, 0.35214724091376076, 0.02941564064912083, 0.10733447903051427, 0.008965887269852028, 0.10564417227412823, 0.00882469219473625]
Timestep: 487, Trans probs: [0.36823525969477244, 0.030686271641231038, 0.3302427329008673, 0.027520227741738942, 0.11840780435414944, 0.009867317029512454, 0.10619112612713401, 0.008849260510594502]
Timestep: 488, Trans probs: [0.3574043532325152, 0.029712950981325495, 0.3545901457267474, 0.02947899073737805, 0.10604304986019682, 0.008815930510942729, 0.10520806521562835, 0.008746513735266016]
Timestep: 489, Trans probs: [0.36453312970218943, 0.020830464554410823, 0.35883729955059274, 0.020504988545748157, 0.11216403990836599, 0.006409373709049485, 0.11041147678479776, 0.006309227244845587]
Timestep: 490, Trans probs: [0.35169856266357746, 0.03007398635603038, 0.3435195263225641, 0.029374591324494794, 0.11433310164328313, 0.009776702278285492, 0.11167419230274166, 0.00954933710902304]
Timestep: 491, Trans probs: [0.3682730573879652, 0.031416658924091796, 0.3276760274396853, 0.02795340518442813, 0.1192997228158196, 0.010177227538790298, 0.1061485722691938, 0.009055328440026014]
Timestep: 492, Trans probs: [0.367128305695634, 0.031244962186862492, 0.32954824290789214, 0.028046658970884437, 0.11851159341753807, 0.01008609305681175, 0.10638048542991606, 0.00905365833446094]
Timestep: 493, Trans probs: [0.36599117468682685, 0.0310747223790702, 0.3314093314093314, 0.028138528138528136, 0.1177314268223359, 0.009996064541519087, 0.1066071975162884, 0.00905155450609996]
Timestep: 494, Trans probs: [0.35178752650684814, 0.029798472833521255, 0.3463334563284474, 0.029336481006644956, 0.11276812696386772, 0.009552123695762912, 0.11101978391016433, 0.009404028754743332]
Timestep: 495, Trans probs: [0.36811219969114717, 0.031108073213336366, 0.3307258044100149, 0.02794865952760689, 0.11759139712356084, 0.009937301165371339, 0.10564852085319919, 0.008928044015763312]
Timestep: 496, Trans probs: [0.3645709604751178, 0.020253942248617655, 0.36174482899856647, 0.020096934944364802, 0.11095637927503584, 0.006164243293057547, 0.11009625230391153, 0.006116458461328418]
Timestep: 497, Trans probs: [0.36770201019777443, 0.03193655957116822, 0.3277963656801867, 0.028470576361894154, 0.11873710745969807, 0.010312847361523072, 0.10585090975089365, 0.009193623616861653]
Timestep: 498, Trans probs: [0.36657935290021404, 0.03176448725364853, 0.3296372475691848, 0.028563414894753718, 0.11796498207515538, 0.010221790015879976, 0.10607703814510097, 0.009191687146062614]
Timestep: 499, Trans probs: [0.3645899554990464, 0.019707565162110616, 0.3645899554990464, 0.019707565162110616, 0.10976901885992794, 0.005933460478915025, 0.10976901885992794, 0.005933460478915025]
