2091.0603375677924,0.5,1
684.0,0.3611111111111111,1
3216.962079931807,0.9195402298850575,0
1144.0,0.8485433248235471,1
912.0,0.9252935193433663,1
741.0,0.9304540331977438,1
1460.0,0.9341780599989554,1
2820.0,0.9379402859029728,0
612.0,0.7761065093114736,1
1534.0,0.8918515685753976,1
2380.0,0.8930342934726497,1
2025.0,0.8021222465692786,1
2142.0,0.8157467495975138,1
858.0,0.8230157540181426,1
2788.0,0.9142527375187901,0
1620.0,0.7598404971491308,1
396.0,0.8845610000316819,1
1290.0,0.8819389564436341,1
1705.0,0.8876208476298132,1
825.0,0.8918363653970688,1
1040.0,0.8957623276037073,1
2535.0,0.9000446831259941,1
550.0,0.8102619331186354,1
1840.0,0.9097287490503257,1
338.0,0.9099017595582218,1
1121.0,0.9128558226601005,1
1240.0,0.9155918949900925,1
884.0,0.9185776937679181,1
612.0,0.921560988339864,1
1131.0,0.9234359912391168,1
2941.0,0.9255523980750074,0
2261.0,0.7999582910926001,1
2184.0,0.8098445623558166,1
2220.0,0.8140645721477374,1
2610.0,0.818876932857268,1
468.0,0.8231266093865748,1
1720.0,0.9133038088677339,1
1180.0,0.9134619757421477,1
1805.0,0.915704615059119,1
840.0,0.917866720861636,1
1196.0,0.9199202016745099,1
1539.0,0.9221575445480852,1
660.0,0.9238837140700492,1
1859.0,0.9258059736072957,1
950.0,0.9272256151482063,1
884.0,0.929006587922664,1
1716.0,0.9308548903133546,1
602.0,0.9320609145384716,1
1845.0,0.9338326045920786,1
2324.0,0.9349592251745311,1
1235.0,0.870939332699933,1
1624.0,0.93824863626473,1
1445.0,0.9394323002189414,1
2034.0,0.9406724632274603,1
1665.0,0.8802103447107558,1
1632.0,0.9420237999976477,1
1220.0,0.9432453876239061,1
665.0,0.9440172795645942,1
2250.0,0.9451568637541352,1
1386.0,0.8882559302588087,1
462.0,0.9464040520011453,1
2040.0,0.9481596128802753,1
1072.0,0.8948533288801591,1
1007.0,0.9489741842720869,1
1640.0,0.950585796875216,1
1130.0,0.9511729003839886,1
2574.0,0.9515286721777706,1
840.0,0.9018523729434991,1
1469.0,0.952533886467342,1
2480.0,0.9543102497982937,1
1815.0,0.907202268231585,1
901.0,0.9548841319611678,1
605.0,0.9567231384965669,1
2262.0,0.9578128166866637,1
658.0,0.9126665724778498,1
2565.0,0.9576633252926284,1
1840.0,0.9149375483497926,1
2160.0,0.9589159055055291,1
1425.0,0.9170472106158386,1
690.0,0.959280068424251,1
1515.0,0.9607980180680068,1
924.0,0.9615399912219119,1
588.0,0.9619417296492542,1
2576.0,0.9620321828035909,1
1872.0,0.9213883681850412,1
2408.0,0.9615610238000674,1
2352.0,0.9227133656212315,1
960.0,0.9214997422262017,1
2193.0,0.9625347964708552,1
2223.0,0.9248866353829788,1
854.0,0.9235468474986093,1
3002.0,0.9633930206387036,0
870.0,0.8802006661828795,1
1414.0,0.9415192379661632,1
2432.0,0.9427553415319707,1
1320.0,0.8844532450160875,1
2128.0,0.9441970515099585,1
1440.0,0.8870689412390974,1
2618.0,0.9455810290232992,1
2299.0,0.8906130329286688,1
660.0,0.8917289004698777,1
2660.0,0.9488386325784984,1
2340.0,0.8966309154269706,1
1243.0,0.8969914995543239,1
1545.0,0.9513146006098655,1
858.0,0.9530560761899372,1
2565.0,0.9542268797348461,1
1900.0,0.9065962729764796,1
2064.0,0.9546861724258526,1
816.0,0.9079797667087496,1
1292.0,0.9560060390560261,1
697.0,0.9570843994434587,1
1539.0,0.9578471321541877,1
910.0,0.9579808783399525,1
2907.0,0.9585892696801805,0
1241.0,0.8718838438075647,1
880.0,0.9377077498778487,1
2640.0,0.9383835391762219,1
1070.0,0.8758206412457952,1
2560.0,0.9407506860458766,1
1638.0,0.8809627627447667,1
1273.0,0.9432166065699681,1
1560.0,0.9438783347358262,1
986.0,0.9452713748812468,1
1876.0,0.9463155254980404,1
2641.0,0.9470070229231008,1
2466.0,0.8927951047272502,1
690.0,0.893391924726781,1
700.0,0.9492328633595709,1
504.0,0.9501078910299302,1
583.0,0.9513069762820473,1
946.0,0.9523496421198135,1
2282.0,0.9534829410158947,1
770.0,0.9052542195267532,1
1988.0,0.9545916784581567,1
1840.0,0.9558918349480507,1
2502.0,0.9568077431522535,1
1900.0,0.9113044722283427,1
896.0,0.9575209888420692,1
1230.0,0.9591587294554123,1
504.0,0.9596600571678087,1
1690.0,0.9600867032818502,1
500.0,0.9600463744827343,1
2324.0,0.9600324467941379,1
798.0,0.9172686982929947,1
3400.0,0.9603713579977708,0
1140.0,0.8831371486275564,1
1120.0,0.9432107153025777,1
2565.0,0.9443127435200229,1
1292.0,0.8875258201236952,1
2703.0,0.9463264584456477,0
948.0,0.8588461277474647,1
1722.0,0.9318471311226025,1
1786.0,0.9318427457228557,1
1224.0,0.9327574171129902,1
1485.0,0.9339773581015918,1
2052.0,0.9351310581455187,1
1498.0,0.8696825510381321,1
374.0,0.9378400487086201,1
1820.0,0.937921797218521,1
516.0,0.9386112817502811,1
1944.0,0.9398727756070685,1
1100.0,0.9406968745589808,1
2232.0,0.9418807428837841,1
2500.0,0.8827241108040372,1
2822.0,0.8849703327032277,0
1080.0,0.8570904639660475,1
1577.0,0.9301835094838816,1
2460.0,0.9300188890742298,1
804.0,0.8606622161368161,1
960.0,0.9337574899041191,1
2280.0,0.933612852612002,1
516.0,0.8670768086273506,1
1020.0,0.9363230697937159,1
1480.0,0.9365638366228062,1
3230.0,0.9375293338630463,0
2205.0,0.8438146673764868,1
1690.0,0.849435186334742,1
1332.0,0.9262872543180322,1
1140.0,0.9253476185588057,1
2296.0,0.9265222639611836,1
1242.0,0.8542515343785189,1
2380.0,0.9305967915385277,1
2610.0,0.8584458746457683,1
1590.0,0.863536112631749,1
1180.0,0.9333629104390352,1
1261.0,0.9328744258260854,1
864.0,0.9337749454913747,1
1326.0,0.9349455218037933,1
1110.0,0.9359356700554996,1
561.0,0.9367240752681703,1
1905.0,0.9378534143597598,1
1339.0,0.9386316624757384,1
2070.0,0.9396139369295903,1
2880.0,0.8780657687246971,0
2451.0,0.851704270962925,1
1530.0,0.8534359711930743,1
918.0,0.9285134311910107,1
1320.0,0.9277035689776375,1
1920.0,0.928718773624915,1
900.0,0.9296280827497502,1
1370.0,0.930737000056238,1
616.0,0.9320049291842095,1
2096.0,0.9327808676659891,1
1740.0,0.8652321882328314,1
1815.0,0.9358502506174555,1
1480.0,0.9357187217453286,1
1656.0,0.9370112465252699,1
3340.0,0.9378816397439721,0
2703.0,0.8439057253005801,0
680.0,0.8359123550009118,1
500.0,0.9184519584728895,1
972.0,0.9207081987283324,1
2736.0,0.9221429272659835,0
1620.0,0.8163077147759028,1
1890.0,0.9080061464789981,1
1462.0,0.9089919728891805,1
1350.0,0.9104552168737077,1
3400.0,0.9117618949170567,0
1729.0,0.7979344601263396,1
2784.0,0.8994172149977253,0
1068.0,0.7733899772358243,1
2840.7397913115865,0.7028660049639341,0
2358.0,0.7887591158835945,1
2603.0,0.7836267660136272,1
986.0,0.7875194392284998,1
490.0,0.8922264618676986,1
803.0,0.8899462364446362,1
1260.0,0.8918403015217359,1
2304.0,0.8935665451593202,1
608.0,0.7964895061100035,1
392.0,0.9005349765999544,1
2142.0,0.8990107946340247,1
2115.0,0.8055389768585548,1
1420.0,0.8125973690857503,1
2288.0,0.9059896785288462,1
464.0,0.813795558520163,1
1520.0,0.9088541079270536,1
1968.0,0.9083608239099523,1
1455.0,0.9098251882247455,1
780.0,0.9114139475641728,1
1670.0,0.9127844146253705,1
1848.0,0.9144840878253838,1
2057.0,0.9157673337069943,1
1507.0,0.8344502388948287,1
1290.0,0.9188016355148846,1
324.0,0.9197364966809977,1
2624.0,0.921226023136782,1
518.0,0.8444392589567967,1
2400.0,0.923632163991561,1
850.0,0.8490022949372764,1
2052.0,0.9263096751814526,1
1444.0,0.8536960263969241,1
1764.0,0.9284763130274292,1
1300.0,0.9299140729243786,1
2030.0,0.9311854033642438,1
260.0,0.8627956928363869,1
2119.0,0.9325133644278493,1
2080.0,0.8661914472858868,1
1460.0,0.8671292991240874,1
1530.0,0.9352800962212828,1
968.0,0.937018581371383,1
828.0,0.9379556415700063,1
2660.0,0.9391334124235552,1
3006.0,0.8771167432516439,0
2004.0,0.847077470950863,1
456.0,0.8480633823198761,1
1776.0,0.9255803518353761,1
760.0,0.9266479672172687,1
2970.0,0.9278877966081159,0
325.0,0.8266940438249154,1
986.0,0.9148617578752378,1
2132.0,0.9144515916670094,1
2014.0,0.8321771788301775,1
1744.0,0.8374271499762029,1
450.0,0.9199844003355785,1
1547.0,0.9202509694774879,1
2249.0,0.9217546250662415,1
781.0,0.8454874850903855,1
868.0,0.9247191957329213,1
804.0,0.9254396330395028,1
3078.0,0.9264105567537795,0
1740.0,0.8253977275618556,1
2774.0,0.9145372662790607,0
1287.0,0.801583190571857,1
1190.0,0.9032728913171784,1
2576.0,0.9008630057473928,1
468.0,0.8088065468315859,1
686.0,0.9074414885540265,1
1330.0,0.9055449545164274,1
1836.0,0.9072097307250018,1
910.0,0.9088362960389046,1
1944.0,0.9103501887630596,1
480.0,0.9118700746996095,1
650.0,0.9132977460099996,1
1740.0,0.9146971227241913,1
1590.0,0.9158582113341055,1
676.0,0.9170573866512044,1
2873.0,0.918273273782933,0
996.0,0.8125520649950877,1
2096.0,0.9087127599554121,1
1819.0,0.8165114437468174,1
741.0,0.9114799465673817,1
1089.0,0.9097378843274874,1
442.0,0.9112969550558887,1
1290.0,0.9124767022966176,1
1462.0,0.9138795118628245,1
1302.0,0.9153953794831918,1
2004.0,0.9164935882554334,1
2520.0,0.835874990219956,1
2160.0,0.8411588405257164,1
1240.0,0.8433949247100622,1
3100.0,0.9228613955510332,0
1110.0,0.8171207335987845,1
1562.0,0.9111882540237266,1
1200.0,0.9095957403564983,1
1040.0,0.9112097312930962,1
1530.0,0.9124317699525001,1
2601.0,0.9138610624365928,1
1170.0,0.8312358627519082,1
405.0,0.9186385506493558,1
1088.0,0.9176011738853331,1
1584.0,0.9187957640635672,1
1274.0,0.9198098985046654,1
1078.0,0.9210958099893516,1
2088.0,0.9224439518126112,1
980.0,0.8467976268099955,1
1311.0,0.9260493483859109,1
3192.0,0.9259591956798732,0
1375.0,0.8263020419998885,1
1836.0,0.9156138027971097,1
1003.0,0.9140331546004541,1
936.0,0.9154266686393542,1
2070.0,0.9167341367109372,1
564.0,0.8359562735928755,1
1634.0,0.9208668567408635,1
432.0,0.9200838337169303,1
1704.0,0.9212466062800141,1
1264.0,0.9223347164482627,1
1365.0,0.9234253660442634,1
1995.0,0.9247050519400294,1
1479.0,0.925929078316235,1
1272.0,0.9271480782335099,1
630.0,0.9281059910186721,1
656.0,0.9290255834887304,1
1792.0,0.9300221574968734,1
2610.0,0.9311030439119315,1
960.0,0.8624920133237166,1
670.0,0.9337742106700331,1
732.0,0.9340567988141546,1
1365.0,0.934791409872186,1
864.0,0.9358601207825626,1
1744.0,0.9367315121221025,1
602.0,0.9380034881843975,1
1843.0,0.9388408522465226,1
774.0,0.9399995840417602,1
1080.0,0.9405929965197319,1
728.0,0.9412880132791819,1
1819.0,0.9419790195649419,1
1834.0,0.9424924001001439,1
656.0,0.9436065250773762,1
1488.0,0.9445413778161953,1
530.0,0.9452337183158355,1
1547.0,0.9460618075137788,1
1602.0,0.946666258116256,1
817.0,0.9473039422043643,1
396.0,0.947839777483941,1
864.0,0.9483413866748257,1
1000.0,0.949476351812045,1
752.0,0.9499044697939958,1
1040.0,0.9507675253030963,1
742.0,0.9510553784576694,1
910.0,0.9520895954116331,1
2336.0,0.9531421543087404,1
1890.0,0.9046776005190881,1
1652.0,0.953825387111949,1
848.0,0.9548523616351294,1
2338.0,0.955700426667651,1
1510.0,0.9085414836621861,1
1700.0,0.9556851060236224,1
1568.0,0.9566154891357495,1
517.0,0.9574222020782241,1
1834.0,0.9576229275622445,1
2788.0,0.9581976734708485,0
1710.0,0.87685405782007,1
2340.0,0.9401159828445704,1
2470.0,0.8784342480309502,1
3042.0,0.8806198102092668,0
3192.0,0.8497400915920255,0
544.0,0.8427181942575976,1
900.0,0.9219554593536465,1
1729.0,0.9236010592511456,1
2210.0,0.9252156513950056,1
1736.0,0.8524264028686994,1
1272.0,0.9269864041290499,1
1746.0,0.9289177127649343,1
480.0,0.9299144542727014,1
1666.0,0.9312765943080804,1
2400.0,0.9322921388964573,1
512.0,0.8648490936842126,1
1380.0,0.9332675916634343,1
420.0,0.9357707935021164,1
2278.0,0.9367915443264361,1
2584.0,0.8729671866082345,1
2394.0,0.8717458396459093,1
2700.0,0.8739560168451738,1
1875.0,0.8759296472954206,1
1620.0,0.9398692402718589,1
2470.0,0.942087816198472,1
2535.0,0.8838704746697966,1
1455.0,0.8826140753356939,1
1092.0,0.9432605575114001,1
2322.0,0.946086401317804,1
396.0,0.8906881644996241,1
1575.0,0.9459266433572232,1
1680.0,0.9482874642595369,1
1455.0,0.9494172986893195,1
2093.0,0.9503447398502912,1
1224.0,0.899129675119149,1
1206.0,0.9502899088821735,1
1067.0,0.9526156600385732,1
2574.0,0.9530660800010674,1
2340.0,0.9038963648186014,1
2737.0,0.9011401660683118,0
2088.0,0.8672576622085918,1
1540.0,0.8666627161945544,1
1460.0,0.9354226899207869,1
1045.0,0.9379017262708811,1
1232.0,0.9386459066592437,1
341.0,0.9399617689757445,1
1441.0,0.9406016103087194,1
2538.0,0.9412766849648504,1
2260.0,0.8815079452705152,1
960.0,0.8802956485480475,1
1700.0,0.9426575363364726,1
468.0,0.9449843570587537,1
1794.0,0.9460367824572379,1
860.0,0.9465625430010783,1
816.0,0.9474343701344019,1
2185.0,0.9482072168921325,1
2088.0,0.8939276081423124,1
1548.0,0.8921564382047207,1
480.0,0.948124617678463,1
1586.0,0.950629378306561,1
671.0,0.9510346835577316,1
1280.0,0.9516171259532896,1
612.0,0.9521082855233811,1
455.0,0.952686894659361,1
2193.0,0.9528836923300549,1
1792.0,0.904156345690015,1
960.0,0.9530338585124989,1
1690.0,0.9558984680784596,1
882.0,0.9561289683155493,1
2304.0,0.9567409589768457,1
2431.0,0.9104503265125379,1
1568.0,0.908490796128361,1
1480.0,0.9564434899245322,1
2618.0,0.9585373028424287,1
1704.0,0.914403017624251,1
420.0,0.9579254953372761,1
2232.0,0.9596763653045689,1
360.0,0.916872845608522,1
3140.0,0.9585287288524666,0
1157.0,0.8773295344181994,1
779.0,0.9386100416960704,1
1452.0,0.9408631455180462,1
1442.0,0.9417072165645787,1
1584.0,0.9430591309156278,1
660.0,0.9444427791558789,1
1190.0,0.945320289148605,1
1653.0,0.945892298879299,1
2784.0,0.94698823582776,0
2147.0,0.8523779325134648,1
2964.0,0.8521846061023898,0
1500.0,0.8216585503093823,1
700.0,0.9107512562698877,1
1248.0,0.9106920429815446,1
1380.0,0.9123705260056206,1
1524.0,0.9139427371847273,1
900.0,0.9158497262616196,1
1331.0,0.9176648344324598,1
3006.0,0.9192654032837879,0
784.0,0.8070776275379433,1
1280.0,0.9050750629491264,1
319.0,0.9044599503728906,1
3140.0,0.9064442255455927,0
2480.0,0.7864618644284181,1
935.0,0.7961335377478098,1
2431.0,0.896860383494431,1
2052.0,0.79496813843819,1
1040.0,0.8056093423629506,1
1197.0,0.9021804535125957,1
2527.0,0.9008165734965046,1
2574.0,0.8088798568937567,1
1800.0,0.8168472051411869,1
2720.0,0.9085822651194359,0
1660.0,0.7866516544438616,1
646.0,0.8957083702757153,1
990.0,0.8927031201719027,1
624.0,0.8948963723020278,1
