2408.0,0.5,1
1568.0,0.3611111111111111,1
1067.0,0.6120794734275963,1
693.0,0.699829906544998,1
1680.0,0.7519956436797972,1
2210.0,0.7885673385426964,1
1102.0,0.6692185356477578,1
2278.0,0.7888272027850011,1
3096.0,0.7023655161553666,0
492.0,0.5813428327417547,1
1272.0,0.7827818391906327,1
1872.0,0.8191788517396967,1
2223.0,0.8348697894564991,1
1260.0,0.7155243782270659,1
403.0,0.8346609426380439,1
1872.0,0.8612246414640623,1
2934.0,0.8719592297254608,0
484.0,0.6979213399925015,1
660.0,0.833230640448348,1
448.0,0.8489870368752391,1
3480.0,0.8565645735960683,0
850.0,0.6838481962682531,1
468.0,0.8320802005012531,1
612.0,0.8389894918162671,1
1691.0,0.8453607080899159,1
1560.0,0.8512534854908986,1
954.0,0.8567190800534802,1
1339.0,0.8618017700901639,1
1500.0,0.8665399898384062,1
540.0,0.8709672517687199,1
600.0,0.8751129015646217,1
2960.0,0.8790027397448735,0
1309.0,0.7330456147872058,1
1716.0,0.8609958506224067,1
240.0,0.8649810423095257,1
2592.0,0.8687461415227882,1
1120.0,0.7570980995528973,1
1650.0,0.8737502825015959,1
990.0,0.8788485379120345,1
1330.0,0.8819305307492652,1
660.0,0.8848268357445304,1
910.0,0.8875845769486622,1
700.0,0.8902141434967527,1
2144.0,0.8927242334483929,1
1764.0,0.7956747676142781,1
2132.0,0.8934008897372472,1
2603.0,0.8031894482466821,1
2320.0,0.7996110436453888,1
510.0,0.8023118082993276,1
1598.0,0.9007068491678791,1
2144.0,0.9072843523236301,1
493.0,0.8206254379395749,1
2265.0,0.9062178016766187,1
2718.0,0.8262189766785806,0
336.0,0.796530524894854,1
390.0,0.8984886793388089,1
2535.0,0.9023832749738943,1
3230.0,0.8114300595786472,0
1326.0,0.7878081249654334,1
2002.0,0.8935113496595817,1
1880.0,0.7952597474245476,1
2198.0,0.8966049382716048,1
954.0,0.8011448088822216,1
990.0,0.8995298297509893,1
2040.0,0.9014454077727345,1
2300.0,0.8093653668024497,1
1568.0,0.8105276675278645,1
1617.0,0.9048992426987696,1
2368.0,0.9072310346920556,1
2112.0,0.8193280723678311,1
558.0,0.8193358736634522,1
1680.0,0.9097173243766338,1
319.0,0.912370830941384,1
816.0,0.9135957251761148,1
644.0,0.9147642478203544,1
986.0,0.91590126323667,1
680.0,0.9170084261543737,1
1870.0,0.9180869014327573,1
2338.0,0.9191377867261333,1
608.0,0.8402190754312672,1
800.0,0.919038653588125,1
850.0,0.9220766015406328,1
780.0,0.9230838497288242,1
2278.0,0.9240130518512335,1
2100.0,0.8489565508772497,1
2236.0,0.8461936443999416,1
1220.0,0.8474429437600512,1
2220.0,0.9248856919154707,1
1703.0,0.855123176861178,1
1386.0,0.9265934154313177,1
1275.0,0.9298390695470182,1
363.0,0.9306974560725599,1
2580.0,0.9314548889150902,1
1221.0,0.8624965875185437,1
1416.0,0.9302218889762485,1
1640.0,0.9335166111832747,1
1140.0,0.9343107579106968,1
2862.0,0.9349929870665271,0
3200.0,0.8533170669102632,0
1710.0,0.8266005476546967,1
923.0,0.9128294228585454,1
1800.0,0.9217807072256753,1
864.0,0.923333368921587,1
1812.0,0.9241616636350174,1
1900.0,0.9249067171360917,1
2030.0,0.9256309012151639,1
2185.0,0.8515864212970541,1
1805.0,0.8390609543794327,1
425.0,0.9188247460953779,1
1650.0,0.9274876199113022,1
1694.0,0.9289569535983662,1
1840.0,0.929686082185927,1
670.0,0.9303292911285006,1
520.0,0.9309535460465116,1
442.0,0.9315659804117654,1
1744.0,0.9321675885527347,1
1375.0,0.9327587233004921,1
810.0,0.9333396624513014,1
330.0,0.9339106677826855,1
806.0,0.9344719915425497,1
450.0,0.9350238774561571,1
1199.0,0.9355665611434553,1
1260.0,0.9361002704590904,1
1212.0,0.9366252258098156,1
560.0,0.9371416404558781,1
1628.0,0.9376497207978531,1
1056.0,0.9381496666497874,1
2336.0,0.938641671499415,1
684.0,0.8756045876117375,1
576.0,0.9324975945997227,1
704.0,0.9392753809093697,1
665.0,0.9404443383442416,1
754.0,0.9409788239564891,1
1728.0,0.9414358917447802,1
2072.0,0.9418782609587782,1
2340.0,0.8816986667310316,1
1284.0,0.8692772602183991,1
1397.0,0.9347111584868069,1
1442.0,0.9426054532513166,1
1640.0,0.9438765873674787,1
768.0,0.9443799852873738,1
1008.0,0.9447896427653961,1
1350.0,0.945183459170956,1
612.0,0.9455705582078187,1
1464.0,0.945952101555422,1
360.0,0.94632832385046,1
2618.0,0.9466993490651879,1
850.0,0.8908658342027531,1
578.0,0.9407523132598128,1
735.0,0.9469887722640334,1
1332.0,0.9480390098837088,1
1190.0,0.9484688816182224,1
2679.0,0.948820826143818,1
2142.0,0.8949367892182956,1
1121.0,0.8829331806427064,1
860.0,0.9417756863027507,1
2288.0,0.9491727539128547,1
1695.0,0.8972563019259143,1
1638.0,0.944308471226088,1
1386.0,0.9503063963038825,1
1617.0,0.9513068943428218,1
560.0,0.9516957777830753,1
1936.0,0.9520067573133523,1
598.0,0.9523049619416484,1
385.0,0.9525984087469945,1
1012.0,0.9528881377009836,1
714.0,0.9531743333603307,1
1288.0,0.9534570739875957,1
1767.0,0.9537364234511339,1
756.0,0.9540124425569587,1
572.0,0.9542851904820866,1
1054.0,0.9545547249880943,1
1764.0,0.9548211024829439,1
980.0,0.9550843780628234,1
1416.0,0.9553446055503294,1
1824.0,0.9556018375310635,1
1148.0,0.955856125388939,1
1020.0,0.9561075193402865,1
1236.0,0.9563560684668017,1
1416.0,0.9566018207473862,1
1066.0,0.9568448230889217,1
1640.0,0.957085121356021,1
2480.0,0.9573227603997952,1
407.0,0.9114564825075688,1
1125.0,0.9519044745989794,1
1820.0,0.9572684815233157,1
1118.0,0.958151460340371,1
2280.0,0.9584602583355837,1
580.0,0.9137147909450292,1
2412.0,0.9531298450542267,1
1955.0,0.9131084107525835,1
1134.0,0.9534118208707139,1
2142.0,0.9587961165759089,1
2190.0,0.9156693749684953,1
1419.0,0.9049510944784497,1
2431.0,0.9530489468416817,1
1311.0,0.9152563781039168,1
297.0,0.9547259756607029,1
1210.0,0.9600329541321142,1
804.0,0.9608954282154938,1
1312.0,0.9611783111487986,1
2318.0,0.9613840483560447,1
297.0,0.9194763939342446,1
1638.0,0.956252473218127,1
310.0,0.9612347865334288,1
2736.0,0.9620497041543847,0
1320.0,0.9130118743945889,1
703.0,0.9533876119712881,1
1512.0,0.9581117950126298,1
406.0,0.9588205567862633,1
2295.0,0.9590754534391794,1
660.0,0.9148781221789002,1
1410.0,0.9544346933035099,1
920.0,0.9590921513867879,1
2793.0,0.9597889670064782,0
1443.0,0.9087975371112342,1
2120.0,0.9517399562132614,1
1488.0,0.9085979073383937,1
2058.0,0.952067340221294,1
442.0,0.909372693494555,1
1067.0,0.9524839089029222,1
1232.0,0.956900623247241,1
680.0,0.9575099918561144,1
2304.0,0.9577430973136027,1
615.0,0.9122109479985835,1
736.0,0.953589404833301,1
792.0,0.9578631868977494,1
893.0,0.958454278361485,1
570.0,0.958678341247865,1
900.0,0.9588644600275238,1
1144.0,0.9590453644079039,1
880.0,0.9592243318009869,1
1221.0,0.9594017075018367,1
1786.0,0.9595775441357456,1
2256.0,0.9597518647876664,1
966.0,0.9161692731113877,1
1920.0,0.9556776938310566,1
2580.0,0.9598195221840784,1
1680.0,0.9170971725625157,1
1968.0,0.9562058584724225,1
1420.0,0.9603209746761251,1
330.0,0.9608859428420874,1
1568.0,0.9610895268753508,1
1300.0,0.9612551881466729,1
1290.0,0.9614157943931838,1
2812.0,0.9615747033405445,0
2550.0,0.9131192939071836,1
1120.0,0.9054257021237528,1
450.0,0.9539740869153476,1
1536.0,0.9584327183389101,1
3154.0,0.9589797814084673,0
1520.0,0.9081725769573541,1
798.0,0.9523719214069064,1
3287.0,0.955927146891278,0
2941.0,0.90268169787985,0
1444.0,0.8860635868683929,1
580.0,0.9437446513284302,1
1746.0,0.9503141624356669,1
1872.0,0.9512135552755585,1
2363.0,0.951482933567266,1
616.0,0.8998638894911334,1
2580.0,0.9460811993811854,1
1956.0,0.8993322122124372,1
846.0,0.946334035290795,1
732.0,0.9517630727219908,1
1635.0,0.9525330102617147,1
528.0,0.9527797512458152,1
682.0,0.9529665866863777,1
1071.0,0.9531454896592404,1
1157.0,0.9533223108127055,1
1032.0,0.9534977215331271,1
2132.0,0.9536718106143007,1
2071.0,0.9041138704352,1
1876.0,0.8933937370680517,1
507.0,0.9472887897496626,1
1344.0,0.9535706443318284,1
1296.0,0.9544337037088777,1
1378.0,0.954679395901612,1
920.0,0.954853724121057,1
1190.0,0.9550188546296126,1
2028.0,0.9551818845612108,1
2850.0,0.9070707002873339,0
490.0,0.8910662787647233,1
960.0,0.9463685570900122,1
930.0,0.9522093191910931,1
1683.0,0.9529606761225925,1
372.0,0.9531874783568169,1
1562.0,0.9533592006465685,1
984.0,0.9535241979171611,1
336.0,0.9536874675652605,1
722.0,0.9538495364900431,1
840.0,0.9540104698526012,1
2190.0,0.954170284922949,1
2198.0,0.9050682347156324,1
1420.0,0.8952912341970549,1
1224.0,0.9484504818737377,1
1414.0,0.9541507524530531,1
1162.0,0.9548851414521529,1
616.0,0.955099226411553,1
1552.0,0.9552579024744287,1
464.0,0.9554098492126984,1
2076.0,0.9555601787445225,1
2413.0,0.9077937633891762,1
2072.0,0.8981288071820489,1
1316.0,0.8963730712481887,1
1050.0,0.9498328975737693,1
1444.0,0.955627170378278,1
288.0,0.9563699194889687,1
1248.0,0.95657678043396,1
1440.0,0.956725983463242,1
1406.0,0.9568682345658924,1
1220.0,0.9570089235931322,1
1098.0,0.9571486312928117,1
2010.0,0.9572874273562479,1
396.0,0.9111934922995001,1
2416.0,0.9526077148900002,1
1166.0,0.9106817128613722,1
790.0,0.9527836237753989,1
2793.0,0.9574256822091315,0
2584.0,0.9072942789309052,1
1200.0,0.8984130516646855,1
324.0,0.950197078797525,1
1067.0,0.9553517090994055,1
1408.0,0.9559772762449378,1
1872.0,0.9561622936040297,1
876.0,0.9563037105331659,1
1632.0,0.9564401165343979,1
1230.0,0.9565752742399649,1
3097.0,0.9567095573272375,0
2016.0,0.9050723065894468,1
3060.0,0.8967414624640113,0
1120.0,0.8909584411331326,1
1742.0,0.9473281104972633,1
1720.0,0.9519373767120587,1
410.0,0.9524369453585868,1
1960.0,0.9526093088391616,1
1935.0,0.9527548425891816,1
913.0,0.9528974446784841,1
1212.0,0.9530390262088752,1
1380.0,0.9531797467505864,1
2420.0,0.9533196260324018,1
2988.0,0.9033542504508104,0
671.0,0.8912326230009944,1
450.0,0.9469481228646466,1
1098.0,0.9511116135345297,1
480.0,0.9515457271278663,1
2680.0,0.9517091163990609,1
2736.0,0.9001991535215924,0
1898.0,0.8887333622047442,1
1430.0,0.945752882851555,1
2250.0,0.9496066369440097,1
792.0,0.8965641645852243,1
2920.0,0.9466489084116113,0
2352.0,0.8921452525634237,1
560.0,0.8864878413174667,1
2703.0,0.9446026208099907,0
378.0,0.8884506168398643,1
2755.0,0.9431591023285784,0
1199.0,0.8845924674797485,1
876.0,0.9413961711437782,1
1224.0,0.9441250659032846,1
1100.0,0.944399519344905,1
1599.0,0.94456144845719,1
1008.0,0.9447174019588893,1
1900.0,0.944872250584261,1
1408.0,0.945026224375063,1
2414.0,0.9451793407747687,1
825.0,0.8875101752445168,1
1781.0,0.9427790655956008,1
864.0,0.9455068462736556,1
2346.0,0.9457774164843029,1
564.0,0.8886708708535325,1
1836.0,0.9433689269904064,1
555.0,0.9460990374694698,1
1552.0,0.9463681341145498,1
312.0,0.9465196855735495,1
2119.0,0.9466648909542514,1
2980.0,0.8903690473980059,0
528.0,0.8813997182335099,1
1200.0,0.9421992488706556,1
1157.0,0.9449004043496493,1
629.0,0.9451553465106932,1
2322.0,0.9453062797235704,1
2158.0,0.8877429034288504,1
1884.0,0.8832585789985719,1
820.0,0.9430621006947804,1
2533.0,0.945768799236615,1
1536.0,0.888844478792794,1
570.0,0.9436871475447346,1
435.0,0.9462016291043601,1
901.0,0.9464451910806084,1
2023.0,0.9465892750481153,1
2300.0,0.8902126020242773,1
2200.0,0.8856640199035171,1
836.0,0.8855143398520393,1
1950.0,0.9444129616949012,1
1862.0,0.9471553177100647,1
1700.0,0.9474065073363318,1
1007.0,0.9475462931637302,1
1209.0,0.9476804558865614,1
1183.0,0.947813716238252,1
828.0,0.9479462902492276,1
580.0,0.9480781925083965,1
1276.0,0.9482094285227839,1
2196.0,0.9483400033422029,1
1577.0,0.8935941889086106,1
384.0,0.9460860833499503,1
1404.0,0.94861246618413,1
1332.0,0.9488504812109639,1
2608.0,0.94898288713914,1
840.0,0.8948399991832663,1
630.0,0.9467165606984577,1
975.0,0.9492441856214199,1
740.0,0.9494807621569081,1
3020.0,0.9496102016799102,0
1624.0,0.89215667111895,1
1000.0,0.9455356894088756,1
1365.0,0.9478622817379212,1
594.0,0.9480801757866023,1
1444.0,0.9482101872271695,1
660.0,0.9483359634353702,1
2800.0,0.9484609813259312,0
1980.0,0.8899896558967488,1
1188.0,0.9446356748279812,1
1590.0,0.9467653190227641,1
1881.0,0.9469665204969109,1
574.0,0.9470961315497617,1
372.0,0.9472225149092924,1
2304.0,0.9473482001160882,1
780.0,0.8916574433277813,1
2340.0,0.9454990050950308,1
660.0,0.8919860523111933,1
1220.0,0.945735488034099,1
1404.0,0.9478876797482132,1
540.0,0.9480868577497887,1
800.0,0.9482113820088407,1
990.0,0.948332518557347,1
364.0,0.9484529835598761,1
1755.0,0.9485728844983894,1
2114.0,0.9486922292310814,1
1960.0,0.8942580376957331,1
1260.0,0.9468055755846259,1
2556.0,0.9489640837389044,1
2064.0,0.8949394607939787,1
1320.0,0.8910318475926936,1
1106.0,0.9471020933222287,1
882.0,0.9494217738116777,1
966.0,0.9496238359168789,1
765.0,0.9497417918017736,1
2850.0,0.9498559192600852,0
846.0,0.8929158490605662,1
2268.0,0.9462821773050949,1
1638.0,0.8931894350446037,1
767.0,0.9465036752511171,1
2070.0,0.9484929060033861,1
2880.0,0.8939918194779053,0
2856.0,0.8871102301352458,0
2505.0,0.8812808698056599,1
520.0,0.8814390588152992,1
3002.0,0.9422930537085842,0
1778.0,0.8848410494603788,1
1095.0,0.9412725854436805,1
1854.0,0.9442065701536285,1
990.0,0.9444698952874854,1
2262.0,0.9445991843785176,1
608.0,0.8863318744448849,1
795.0,0.9418925426992423,1
830.0,0.9448138035259591,1
1976.0,0.9450756341168076,1
836.0,0.9452024179979419,1
1782.0,0.9453218608953368,1
1331.0,0.9454404411315351,1
2394.0,0.945558491110591,1
506.0,0.888175795141974,1
2460.0,0.9428344861204754,1
1430.0,0.8883325993371884,1
1504.0,0.943049978208474,1
1130.0,0.9459871432973385,1
1632.0,0.9462482154269255,1
1722.0,0.9463703412804615,1
924.0,0.9464848001677091,1
512.0,0.9465984021367675,1
884.0,0.9467115039728501,1
1680.0,0.9468241271384872,1
2490.0,0.9469362756118987,1
798.0,0.8908322200450286,1
2176.0,0.9441915969361987,1
627.0,0.8909584354743466,1
854.0,0.9443954118705479,1
2624.0,0.9473315814073134,1
804.0,0.8918858541931254,1
1080.0,0.9447373881448724,1
1785.0,0.9476581010406128,1
2780.0,0.9479162522384803,0
1215.0,0.8894691531430117,1
2679.0,0.9436581848944682,1
1207.0,0.8895862074449343,1
2000.0,0.9438608796195059,1
730.0,0.8900079496853561,1
1760.0,0.9440769238304789,1
