2876.3968949071395,0.5,0
1652.0,0.3611111111111111,1
1520.0,0.6562650893288267,1
2752.0,0.7124463519313307,0
1802.0,0.40646054893330386,1
2546.0,0.6949661788492435,1
2109.0,0.5081174864244957,1
546.0,0.578256033988258,1
2210.0,0.7703299101237014,1
2774.0,0.6314108193361061,0
312.0,0.56503012211664,1
432.0,0.764830459738452,1
2448.0,0.7643891604245286,1
338.0,0.6231463461989524,1
728.0,0.8055963328996826,1
2184.0,0.8120924019694805,1
1410.0,0.6810585110395087,1
1573.0,0.8338256760902963,1
896.0,0.8435924926009816,1
2394.0,0.851908232696507,1
1974.0,0.7361492930019278,1
1060.0,0.8613194329323149,1
2740.0,0.8722443872269137,0
1570.0,0.7069186058508107,1
1162.0,0.8476363006062604,1
1105.0,0.851547437286257,1
1610.0,0.8574470892694085,1
540.0,0.8628540552475116,1
852.0,0.8678938898292521,1
780.0,0.8726069992782952,1
576.0,0.8769953730244482,1
1200.0,0.881090664241501,1
2840.0,0.884931044089161,0
2100.0,0.7409438090273824,1
1580.0,0.749081681300211,1
2584.0,0.8707924971541026,1
1820.0,0.7581948058376612,1
1501.0,0.8771325884683148,1
855.0,0.879921792368442,1
1872.0,0.8831181993771964,1
671.0,0.8861475875332577,1
684.0,0.8890272372280749,1
636.0,0.8917747432215384,1
700.0,0.8943880936784161,1
1960.0,0.8968814413099089,1
1526.0,0.8992591447906335,1
1540.0,0.9015297012140477,1
860.0,0.9037018499649957,1
1273.0,0.9057814917288262,1
1764.0,0.9077739042551916,1
1599.0,0.9096841176119128,1
2856.0,0.9115176057407944,0
644.0,0.7986557074618157,1
1905.0,0.8979373234363734,1
846.0,0.9001058272464989,1
1908.0,0.901991682713636,1
1840.0,0.9038066197169321,1
1652.0,0.9055565475396129,1
1089.0,0.9072447714033345,1
3097.0,0.9088743881090984,0
3140.0,0.7974899673208891,0
949.0,0.7688280918992612,1
780.0,0.881333829412136,1
2214.0,0.8902807664922797,1
2422.0,0.7912182532281765,1
1710.0,0.7821409241165781,1
588.0,0.8879779464435502,1
1976.0,0.8970373934299019,1
1554.0,0.8991582307992058,1
2375.0,0.9007299509418357,1
666.0,0.8080574977857804,1
806.0,0.8962181256029146,1
1700.0,0.9044659414882368,1
1562.0,0.9063761722992495,1
1404.0,0.9077439134111538,1
1425.0,0.9090339063779473,1
340.0,0.9102852604466671,1
2112.0,0.9115025113740584,1
570.0,0.8266693743464526,1
1265.0,0.9061910265183356,1
1156.0,0.9142769446469736,1
1298.0,0.9159964399360523,1
2198.0,0.9171201210187964,1
1292.0,0.8365781680109184,1
869.0,0.9115110217024407,1
1500.0,0.9194431328517889,1
1479.0,0.9210661760803974,1
1848.0,0.9220714897467149,1
450.0,0.9229980187339515,1
798.0,0.9238974812353627,1
930.0,0.9247754925512471,1
948.0,0.9256336632019245,1
817.0,0.9264722258208341,1
2720.0,0.9272923628932453,0
3132.0,0.8381548024669138,0
1395.0,0.8053901918999365,1
1419.0,0.8993473976760613,1
589.0,0.9129311659951427,1
1536.0,0.9155674591794429,1
850.0,0.9166950755801446,1
1596.0,0.9176000263955322,1
3020.0,0.9184589773123604,0
2324.0,0.8234140341849503,1
1130.0,0.8063751117476163,1
2299.0,0.8999930871641226,1
1230.0,0.8247888906371029,1
480.0,0.9035277961869576,1
2320.0,0.9135363296081858,1
340.0,0.8316443021685699,1
945.0,0.9063285773818823,1
2660.0,0.9159840971140428,1
1974.0,0.8359696244716163,1
850.0,0.9087292945174806,1
1848.0,0.918267912037716,1
1632.0,0.9200815361435146,1
2142.0,0.9209386035511514,1
2970.0,0.8429715836311492,0
520.0,0.8143293715778226,1
836.0,0.9050300890499181,1
1326.0,0.9150883611511952,1
1639.0,0.9167877479684788,1
2108.0,0.9176070072217777,1
2416.0,0.8368652171420534,1
1220.0,0.8224051066461795,1
1570.0,0.9093069034660431,1
1300.0,0.9192485718879171,1
2160.0,0.9209081942034377,1
1880.0,0.8429712306081294,1
2338.0,0.9136645928189054,1
403.0,0.8435672058193752,1
3420.0,0.9147460481992249,0
1410.0,0.8339443992438511,1
2370.0,0.9102652484782392,1
1184.0,0.8361254517372876,1
3132.0,0.911525535933643,0
912.0,0.8269817918966423,1
513.0,0.9072973452694642,1
572.0,0.9140854100763418,1
384.0,0.9152074270329358,1
900.0,0.915881720404215,1
1088.0,0.9165122726649547,1
1904.0,0.9171309391707797,1
1710.0,0.9177403101849833,1
364.0,0.9183407295535068,1
1995.0,0.9189324606550244,1
2145.0,0.9195157785731243,1
1428.0,0.8400885235238323,1
2160.0,0.9139764739480618,1
574.0,0.8411210805774763,1
1040.0,0.9149932071406662,1
2200.0,0.9217349841430951,1
696.0,0.8450484036622125,1
1760.0,0.9166765865626745,1
620.0,0.923317269246838,1
288.0,0.9243602616748255,1
2400.0,0.924913962795236,1
1005.0,0.8498800742698284,1
660.0,0.9192270064879764,1
2006.0,0.9258060183186367,1
2400.0,0.8524897713279354,1
960.0,0.8411496207880704,1
1003.0,0.920038599866137,1
770.0,0.9275832079076103,1
1230.0,0.928681369267977,1
2014.0,0.9291909636371943,1
1035.0,0.8577231667846301,1
504.0,0.9234352941998524,1
1846.0,0.9299009894138326,1
564.0,0.9308891461204892,1
1425.0,0.9313646361124818,1
2888.0,0.9317883110883498,0
2304.0,0.8532180130665021,1
1157.0,0.842835984028589,1
1010.0,0.9211276394715158,1
988.0,0.9278032784677288,1
1807.0,0.9287318654031275,1
1859.0,0.9291931835666789,1
275.0,0.9296122573341578,1
2132.0,0.9300236612924329,1
900.0,0.8591943330295682,1
1222.0,0.9249193791094269,1
1410.0,0.9307356310513455,1
1210.0,0.9315788340882426,1
2363.0,0.9320045825060029,1
1040.0,0.8628689298653134,1
1750.0,0.9268736795533448,1
1804.0,0.9326440395917047,1
1566.0,0.9334735564718569,1
741.0,0.9338798984137732,1
1980.0,0.9342463271003304,1
3340.0,0.9346063934470883,0
731.0,0.8593187936352977,1
1508.0,0.925482092497549,1
1394.0,0.9307138775074214,1
2640.0,0.9314442376909755,1
1957.0,0.8618290762611334,1
990.0,0.9269306240306796,1
540.0,0.9321618530724509,1
1782.0,0.9328839215912474,1
1792.0,0.9332624514179533,1
2160.0,0.9336111895390509,1
1419.0,0.8658098923613546,1
1140.0,0.9290290528136291,1
1860.0,0.9342248903743317,1
468.0,0.9349350147486386,1
2071.0,0.9352939813260727,1
1800.0,0.868956845589939,1
2014.0,0.9306895162766756,1
846.0,0.8693870186150273,1
494.0,0.9312693824268219,1
820.0,0.9364735891429414,1
1445.0,0.9371741618971592,1
1445.0,0.9375131457110986,1
2567.0,0.9378203945496282,1
658.0,0.8736951966018831,1
1420.0,0.9331905781787959,1
1428.0,0.9382926936690511,1
884.0,0.9389768855004984,1
1940.0,0.9393004880443808,1
1110.0,0.9395913065843247,1
767.0,0.9398760698487184,1
520.0,0.940158912432848,1
1903.0,0.9404384670126356,1
1722.0,0.9407166813637517,1
2679.0,0.9409924300452148,1
2500.0,0.8796883197282538,1
2160.0,0.8703426771266491,1
2166.0,0.8692832694290819,1
1584.0,0.8695372647289185,1
612.0,0.9361740477561631,1
1824.0,0.9420671860759959,1
804.0,0.9428051157609054,1
1680.0,0.9431010825186716,1
1040.0,0.9433587495247169,1
2970.0,0.9436106958423496,0
1952.0,0.8776794417031613,1
3380.0,0.9356827456225857,0
1275.0,0.8709461887119943,1
3440.0,0.9329014958727487,0
2142.0,0.8651320279179742,1
1287.0,0.8588600603631015,1
3059.0,0.9301531335047525,0
1352.0,0.8599645127394583,1
1309.0,0.9279507634516275,1
715.0,0.9314053142319971,1
2160.0,0.9318475225079185,1
465.0,0.8624081541476032,1
275.0,0.9290981646361938,1
2385.0,0.9325605855776783,1
561.0,0.8640062327868782,1
1230.0,0.9299268870431536,1
348.0,0.9334017088560144,1
1250.0,0.9338346186873338,1
1197.0,0.9341165742448986,1
374.0,0.9343894508227341,1
1652.0,0.9346596517876763,1
1010.0,0.9349279277213922,1
1200.0,0.9351942758582865,1
1580.0,0.9354578340540368,1
2320.0,0.9357197538171964,1
1365.0,0.8696296934107541,1
702.0,0.9328112788305964,1
1666.0,0.9363142595021238,1
1738.0,0.9367359391370292,1
620.0,0.9369965468150717,1
2800.0,0.9372466233824138,0
2635.0,0.866372395399383,1
1080.0,0.8610451283073058,1
2688.0,0.9314082272920902,1
1430.0,0.8673958992258153,1
968.0,0.9321428078799587,1
2520.0,0.9353098191026862,1
2941.0,0.8690866640490401,0
1980.0,0.8582838817644299,1
2592.0,0.9301322807086454,1
2210.0,0.8642233671545421,1
768.0,0.8599137126700493,1
735.0,0.9308718420569946,1
869.0,0.9338669724671067,1
1070.0,0.9342229740210216,1
3024.0,0.9344743977261235,0
1089.0,0.8614627589848913,1
675.0,0.9295567971058075,1
570.0,0.9320051084975538,1
735.0,0.9323286579947282,1
840.0,0.9325814508694847,1
1568.0,0.9328299206952093,1
1635.0,0.9330767924930203,1
1480.0,0.9333218237732714,1
330.0,0.9335653878916895,1
1386.0,0.9338068283535633,1
880.0,0.9340461917123105,1
1690.0,0.934284428721163,1
1755.0,0.9345207769564288,1
3240.0,0.934755450896923,0
1110.0,0.8622372684346213,1
3060.0,0.9302363704087642,0
1056.0,0.8574596006424464,1
2028.0,0.9281418149838779,1
1782.0,0.8582946301538706,1
1089.0,0.9286070334562168,1
384.0,0.9304377534813049,1
1550.0,0.9307174334643918,1
1275.0,0.9309597057626507,1
2052.0,0.9311994479674084,1
1425.0,0.8610800331114774,1
1440.0,0.9299758738034497,1
1278.0,0.931867693113215,1
1224.0,0.9321415812430044,1
650.0,0.9323745458583423,1
1620.0,0.932604560642035,1
1260.0,0.9328335491149168,1
2788.0,0.9330609213355262,0
2223.0,0.85935677986578,1
1570.0,0.8570883107741595,1
1067.0,0.9294672407589579,1
1404.0,0.9311240847402483,1
910.0,0.9313822244750387,1
1482.0,0.9316107284009361,1
1440.0,0.9318372968473607,1
1976.0,0.9320619962899571,1
1311.0,0.932285638035824,1
2394.0,0.9325075099803734,1
1526.0,0.8635008945414666,1
2363.0,0.9314327107851486,1
1188.0,0.8642586118468197,1
1989.0,0.9318426083016761,1
2448.0,0.9335611844353304,1
1470.0,0.865533127689589,1
1452.0,0.932451843092888,1
828.0,0.9341963626154355,1
2790.0,0.9344415679324842,0
1032.0,0.8622072220803403,1
924.0,0.9309594809088566,1
2413.0,0.9323911656114505,1
1278.0,0.8633100974665038,1
551.0,0.931561432387674,1
1750.0,0.9330256404788562,1
2595.0,0.9332580586818155,1
799.0,0.8648894218206703,1
1078.0,0.9323497889719145,1
665.0,0.9338530256979658,1
1184.0,0.9340825739363636,1
2556.0,0.9342863024250903,1
1904.0,0.8668139242944202,1
1368.0,0.9333108699317822,1
1370.0,0.9348596199432219,1
1606.0,0.9350853006985106,1
1274.0,0.9352831374944355,1
1358.0,0.9354791580756325,1
1700.0,0.9356736222316979,1
1278.0,0.935867486250139,1
280.0,0.9360595707636172,1
1280.0,0.9362506641178355,1
2755.0,0.9364411133244255,0
1976.0,0.8662461596513242,1
1800.0,0.9331855864810384,1
2940.0,0.9345068897766333,0
1375.0,0.8626849877535048,1
1740.0,0.931608445289993,1
884.0,0.932632130466999,1
820.0,0.9328398938011935,1
800.0,0.9330361451183572,1
1782.0,0.9332311383716183,1
731.0,0.9334251016104236,1
817.0,0.9336181658809009,1
2325.0,0.9338100053737208,1
1639.0,0.8658952921566917,1
795.0,0.9332476603189288,1
1656.0,0.9343656975281341,1
2304.0,0.9345663947782112,1
1455.0,0.8673142898214802,1
741.0,0.9339524955029572,1
1918.0,0.9351091995638765,1
1470.0,0.9353074093874673,1
2592.0,0.9354901479070302,1
2831.0,0.8690489903591034,0
1245.0,0.8633984460070079,1
1924.0,0.9329453281336494,1
2940.0,0.933865876370223,0
949.0,0.8617019697926648,1
970.0,0.9314812824871846,1
1596.0,0.9320996332623652,1
2260.0,0.9322900908266605,1
1092.0,0.8630298131890489,1
1064.0,0.9321790283166302,1
3078.0,0.932844266481742,0
435.0,0.8598538596806675,1
1411.0,0.9307344292148207,1
1924.0,0.9311145537596477,1
1078.0,0.9313025999790677,1
1661.0,0.9314890036110373,1
760.0,0.9316743561290541,1
2916.0,0.9318587152010804,0
434.0,0.8580768808225595,1
2040.0,0.9300169521626322,1
1635.0,0.8586974678702175,1
1630.0,0.9303622010411691,1
1898.0,0.9305359853270275,1
2352.0,0.9307205936492271,1
1750.0,0.8600822111228437,1
1128.0,0.9310430437646231,1
1260.0,0.9312691263320403,1
500.0,0.9314499770150126,1
1494.0,0.9316298365092264,1
870.0,0.9318089803742494,1
864.0,0.9319870757566403,1
1956.0,0.9321643766487564,1
1485.0,0.932340776375273,1
1680.0,0.9325160564593474,1
2198.0,0.9326903556239733,1
1500.0,0.8637562735118182,1
930.0,0.9328492906782037,1
1812.0,0.9332079077865686,1
962.0,0.9333793869766199,1
1526.0,0.9335496803831963,1
1358.0,0.9337188270808426,1
450.0,0.9338874077846596,1
990.0,0.9340549078112426,1
495.0,0.9342215190107189,1
2628.0,0.9343873307337798,1
2212.0,0.8669351529776285,1
2850.0,0.8666705636266794,0
1700.0,0.8633620824087954,1
870.0,0.9329172494712331,1
2970.0,0.9331187820222682,0
2574.0,0.8607106949796531,1
2030.0,0.8613830756412246,1
2329.0,0.8616749975991203,1
612.0,0.8619679508301518,1
1566.0,0.9320667112878128,1
600.0,0.9320475387113526,1
1980.0,0.9322149002555208,1
2176.0,0.9323809667914638,1
1625.0,0.8631597377543847,1
624.0,0.9328343566335902,1
2268.0,0.9328743315723995,1
627.0,0.8640820958173242,1
360.0,0.9332860164080226,1
432.0,0.9333606916023136,1
2055.0,0.933521541260869,1
555.0,0.8652935701255685,1
2100.0,0.933879346542354,1
720.0,0.8658918150326644,1
648.0,0.9341721141788277,1
510.0,0.9343135800350006,1
793.0,0.9344697034641245,1
740.0,0.9346252974568002,1
1428.0,0.9347800423564114,1
1470.0,0.9349339157935954,1
527.0,0.9350874530499547,1
1024.0,0.9352398964309067,1
1680.0,0.9353917674400535,1
1881.0,0.9355432497166858,1
1390.0,0.9356936537570801,1
572.0,0.9358433064845243,1
1848.0,0.9359925776577648,1
864.0,0.936141361147446,1
1807.0,0.9362890320654619,1
1328.0,0.9364360365958142,1
3306.0,0.9365825592044432,0
1243.0,0.8674729082783796,1
1111.0,0.9350383492877298,1
1392.0,0.9351016585642963,1
1105.0,0.9352501524900919,1
1071.0,0.93539806281783,1
1937.0,0.9355453359463948,1
1904.0,0.9356917608433613,1
2052.0,0.9358375788725348,1
420.0,0.8696373438952042,1
492.0,0.9361290776285949,1
1139.0,0.9362720284406905,1
2260.0,0.9364156042729954,1
325.0,0.8707268769541894,1
1008.0,0.9366617047204064,1
504.0,0.9368422253391805,1
2074.0,0.9369833688467892,1
1560.0,0.871798093624781,1
960.0,0.9371852480582467,1
1224.0,0.9374023261872954,1
693.0,0.9375410780369137,1
384.0,0.9376787715329802,1
1903.0,0.9378162523214263,1
1034.0,0.9379530359255994,1
400.0,0.9380892339606939,1
510.0,0.9382249799366085,1
1380.0,0.9383598090625582,1
1335.0,0.9384942732913701,1
2686.0,0.9386284560043404,1
980.0,0.8749115247072305,1
1625.0,0.9387077020851082,1
2420.0,0.9390261639137842,1
2839.0,0.8756669115950444,0
1023.0,0.8723712500197287,1
2860.0,0.9376356693679881,0
1160.0,0.8696502294072053,1
770.0,0.9363314235967644,1
1012.0,0.9362315729175845,1
2484.0,0.936368817425706,1
1924.0,0.8706249163277548,1
