246.0,0.5,1
152.0,0.5342465753424657,1
145.0,0.5341614906832298,1
80.0,0.5803201079975739,0
70.0,0.3861239812695873,0
171.0,0.2785254883901561,1
163.0,0.4721886906736331,1
77.0,0.5234052798914708,0
77.0,0.36710110240796223,0
122.0,0.3010203153900221,1
106.0,0.46576221092853903,1
162.0,0.5025328993929055,1
104.0,0.5286240348871334,0
79.0,0.4968416739288964,0
69.0,0.34525812955366464,0
54.0,0.29233611741977805,0
64.0,0.2586918020418083,0
82.0,0.23256460181157154,0
160.0,0.21107713206353892,1
73.0,0.33820170900165997,0
170.0,0.2538546872969561,1
75.0,0.3724815776825393,0
160.0,0.27201922127879025,1
75.0,0.3943564388226334,0
78.0,0.2835562993410441,0
85.0,0.26405652322425327,0
32.0,0.24844503498427528,0
90.0,0.23450302975122672,0
37.0,0.221931570301921,0
58.0,0.21055407858553735,0
62.0,0.2002113400680977,0
144.0,0.19078797869612377,1
165.0,0.29708634892049884,1
34.0,0.3217034749615244,0
33.0,0.22389190738993225,0
116.0,0.20525582481220495,1
164.0,0.31155993873184057,1
138.0,0.33431807394095026,1
50.0,0.3471731329644856,0
51.0,0.24344169484281497,0
42.0,0.22260386964220025,0
52.0,0.2125691853900029,0
40.0,0.2044390138290353,0
59.0,0.19702941181659517,0
79.0,0.19009111480832444,0
107.0,0.1835975680493321,1
32.0,0.28176537711303334,0
51.0,0.20628637194197094,0
121.0,0.19104490581393446,1
53.0,0.2885110065415668,0
155.0,0.20913862511395856,1
87.0,0.30237245848547817,0
158.0,0.2168331351896407,1
39.0,0.3135892482964892,0
53.0,0.22343157910306913,0
114.0,0.21349841891391802,1
109.0,0.3159629187503665,1
58.0,0.3286889380999749,0
128.0,0.2305381096247582,1
124.0,0.33132650203132946,1
74.0,0.342725337736067,0
59.0,0.2418768420104432,0
52.0,0.23223738234507493,0
130.0,0.22628103116230405,1
110.0,0.3304123091494062,1
116.0,0.34223142062649753,1
88.0,0.34951484048613235,0
71.0,0.24754553952723357,0
88.0,0.2360540915876406,0
62.0,0.23016717241058718,0
148.0,0.22486285287270422,1
55.0,0.3277044962140796,0
154.0,0.23673266305101856,1
111.0,0.33593620921064854,1
70.0,0.3472944883403474,0
108.0,0.2464125556300684,1
156.0,0.3474744092087137,1
90.0,0.35784141740569303,0
76.0,0.2550633209382628,0
46.0,0.24583719276931082,0
98.0,0.24063515705750446,0
130.0,0.23579847538729284,1
130.0,0.3396344330462297,1
126.0,0.3510974513827815,1
155.0,0.35702404324457915,1
85.0,0.3624344848347421,0
48.0,0.25891992742466347,0
83.0,0.24659599250293807,0
109.0,0.24132370556565122,1
165.0,0.3456587741444088,1
54.0,0.35994702596083955,0
25.0,0.2578618731839364,0
116.0,0.24562460236532366,1
25.0,0.3497978002135302,0
84.0,0.2563018788387744,0
38.0,0.2460374451936625,0
161.0,0.24136453782595574,1
82.0,0.34507913535896756,0
58.0,0.251776837527124,0
104.0,0.24241437244581643,0
154.0,0.3333120763658511,1
71.0,0.34778111783941423,0
89.0,0.24797548974670106,0
142.0,0.23911620673377024,1
89.0,0.34147683965299963,0
112.0,0.24710790568299185,1
155.0,0.3468310214160431,1
45.0,0.35505225555311487,0
69.0,0.2536362864630446,0
69.0,0.2463589307542657,0
108.0,0.24253096683888944,1
67.0,0.34553344583181295,0
35.0,0.2494870126078592,0
135.0,0.24310027116111202,1
88.0,0.345939775978148,0
25.0,0.24888946930036582,0
142.0,0.24346586040022683,1
113.0,0.3462676914221995,1
151.0,0.35246786610497755,1
97.0,0.35652517417449775,0
63.0,0.25492688388303186,0
48.0,0.24853225449651561,0
169.0,0.24505162833386854,1
31.0,0.347953726701242,0
49.0,0.2511086586610423,0
75.0,0.24546530496203037,0
155.0,0.24218016433240913,1
135.0,0.34429635628466354,1
158.0,0.3512149812122466,1
63.0,0.355033929555324,0
158.0,0.2538689182616885,1
125.0,0.3537746081748536,1
26.0,0.36095711209283143,0
74.0,0.25893740152536493,0
136.0,0.2524537140243099,1
75.0,0.3562339034685617,0
112.0,0.25804577286270247,1
58.0,0.36013643597074324,0
40.0,0.26004458746910036,0
95.0,0.2556632010789331,0
82.0,0.2525765463489886,0
147.0,0.24957345191168678,1
42.0,0.3526398392397657,0
101.0,0.25396984647984516,0
60.0,0.34753774547844474,0
107.0,0.24890572231279717,1
164.0,0.34925693908867184,1
158.0,0.35429897414120337,1
49.0,0.3575859659652456,0
60.0,0.2562282283841444,0
85.0,0.2509453178091085,0
36.0,0.2480803099265212,0
99.0,0.24533739220318695,0
36.0,0.24265004740748694,0
90.0,0.24001335957449332,0
29.0,0.23742431115235738,0
26.0,0.23488465326316446,0
48.0,0.23239277489816543,0
103.0,0.2299427771632454,0
45.0,0.3203258482995755,0
159.0,0.23065547002685693,1
165.0,0.32265046984011914,1
169.0,0.3315309908461438,1
69.0,0.3349286260314533,0
108.0,0.23787426034564044,1
79.0,0.33047706483434963,0
46.0,0.23944167778579312,0
146.0,0.23242267543876188,1
75.0,0.33071532968084355,0
140.0,0.2392969527642325,1
53.0,0.33439893975977397,0
124.0,0.24123062701766307,1
106.0,0.33769125874812395,1
126.0,0.3440203764327554,1
69.0,0.34696231282655554,0
87.0,0.24775589283497662,0
82.0,0.24160639840486292,0
59.0,0.23913369456381367,0
145.0,0.23685079640019271,1
40.0,0.33617354935787447,0
147.0,0.24313983648816398,1
140.0,0.33953464421974716,1
129.0,0.34602788667755113,1
158.0,0.3488563670965616,1
64.0,0.35148481579222013,0
69.0,0.25154125305894554,0
45.0,0.24464168261338068,0
85.0,0.24216641169920503,0
80.0,0.23994455273398788,0
123.0,0.23776772724502715,1
164.0,0.3370679001093983,1
67.0,0.3458602856261246,0
122.0,0.24734792631629535,1
102.0,0.34220920622629175,0
118.0,0.3462035150714715,1
112.0,0.349997969476014,1
144.0,0.3525280799337841,1
153.0,0.3549739567988375,1
147.0,0.3573927141720731,1
70.0,0.35978864764396995,0
32.0,0.25850891486865696,0
120.0,0.2504573158707617,1
110.0,0.351805885262743,1
136.0,0.3609623799630266,1
46.0,0.3637986785353397,0
88.0,0.26190914352625033,0
64.0,0.2534011250495693,0
95.0,0.2508275581430678,0
26.0,0.24867276176358247,0
123.0,0.24657445737528788,1
45.0,0.34743684274711684,0
129.0,0.25521566671128654,1
97.0,0.3507179040016783,0
87.0,0.2567862703713542,0
80.0,0.2495060202127143,0
172.0,0.24715937579207298,1
49.0,0.34800524491170565,0
128.0,0.2545823390516654,1
112.0,0.35099814343332103,1
157.0,0.3588040919753019,1
156.0,0.3613435295096467,1
90.0,0.3635227336756864,0
63.0,0.2617529552256506,0
165.0,0.2537233689506127,1
26.0,0.35536656242089754,0
98.0,0.26084608996108977,0
85.0,0.25378054643844805,0
159.0,0.2515134773172396,1
89.0,0.3530883498287107,0
57.0,0.2586856547045321,0
106.0,0.25194273026986286,1
42.0,0.3532671956259895,0
116.0,0.2583160309287046,1
138.0,0.35595768082245743,1
139.0,0.3629179969841716,1
37.0,0.36523136665925326,0
151.0,0.2632660840333104,1
57.0,0.36124756331632557,0
40.0,0.2642348753292357,0
150.0,0.2583990824296907,1
172.0,0.3609932727296239,1
136.0,0.3677402345300688,1
54.0,0.36996156777753003,0
109.0,0.26725235342470255,1
174.0,0.36627823672092913,1
171.0,0.37297270668201,1
114.0,0.37515775748416114,1
146.0,0.37708663355362076,1
158.0,0.3789870361915416,1
153.0,0.38087232261003434,1
45.0,0.3827434459733585,0
134.0,0.27804508733412836,1
125.0,0.37674346422032906,1
61.0,0.38527482957104703,0
160.0,0.28062854335556225,1
123.0,0.38014488698966553,1
39.0,0.38832419340437735,0
115.0,0.2831938017291231,1
110.0,0.3834804146646959,1
36.0,0.3913024584051647,0
167.0,0.2857071806783925,1
46.0,0.38674800601612863,0
166.0,0.286386940245867,1
63.0,0.388639839872357,0
71.0,0.28737264789132194,0
119.0,0.28154017549173344,1
107.0,0.3880446103952625,1
25.0,0.39443083132973783,0
40.0,0.28827306171408784,0
98.0,0.28232424064529343,0
93.0,0.28023883689717055,0
137.0,0.27833200986042,1
74.0,0.38441570654370144,0
174.0,0.28400208082123507,1
172.0,0.3864830062037725,1
51.0,0.3924041977394455,0
42.0,0.2865482211924385,0
130.0,0.28089799770286045,1
118.0,0.38718475686161063,1
97.0,0.39318600650149155,0
40.0,0.2872355618853285,0
133.0,0.2816470813748044,1
63.0,0.3880239717228615,0
39.0,0.2863499901139252,0
83.0,0.2813343710595422,0
147.0,0.27941890409795744,1
44.0,0.38554619392592665,0
117.0,0.28408671874615665,1
60.0,0.38741736368656404,0
162.0,0.28496162791064006,1
50.0,0.3891082673954991,0
109.0,0.2858030115149167,1
110.0,0.3907691638916391,1
44.0,0.39419381959497973,0
31.0,0.2880180717201774,0
65.0,0.2846136500512398,0
50.0,0.2828347028614166,0
120.0,0.2811031482248508,1
155.0,0.3874035185672032,1
49.0,0.39138487645097675,0
167.0,0.28565986537852955,1
126.0,0.39022783568440456,1
158.0,0.39384995498870934,1
160.0,0.3954483511859765,1
27.0,0.39698929997899934,0
169.0,0.2904210182821553,1
97.0,0.3952045055274358,0
111.0,0.2911039225659895,1
31.0,0.3967412279445478,0
35.0,0.2918434763448723,0
56.0,0.288813430540363,0
98.0,0.28709751887759677,0
166.0,0.28541801844892073,1
47.0,0.3923104120779694,0
102.0,0.28821447167589753,0
73.0,0.3895496815286137,0
138.0,0.28539385050016536,1
84.0,0.3900275018844263,0
91.0,0.2861237941476657,0
55.0,0.28317921094856624,0
67.0,0.28155755359863205,0
151.0,0.279971797072065,1
60.0,0.3858829461372778,0
36.0,0.2827337973808197,0
76.0,0.2797433456727856,0
25.0,0.2781701791839194,0
154.0,0.27663474611275257,1
116.0,0.3819323037807274,1
114.0,0.38551423955558484,1
150.0,0.3870063380788319,1
58.0,0.38843995456412317,0
140.0,0.28319140962997236,1
139.0,0.3866147664571975,1
130.0,0.3906054766816095,1
115.0,0.3920894592978189,1
43.0,0.3934940905124332,0
172.0,0.2875233274025349,1
154.0,0.39115677814760846,1
91.0,0.3955652630420533,0
138.0,0.2893929659077615,1
167.0,0.3935872967876132,1
115.0,0.3977192615848871,1
111.0,0.3991689913942982,1
157.0,0.4005307293942421,1
172.0,0.4018824401677578,1
102.0,0.40322671877639643,0
57.0,0.4020831770510464,0
113.0,0.29460058442507786,1
158.0,0.39816476663721223,1
115.0,0.4035465046886168,1
155.0,0.405041415602284,1
137.0,0.40636352542279913,1
75.0,0.4076710628160293,0
81.0,0.2997874685847945,0
116.0,0.29368172402515363,1
152.0,0.40137767632021165,1
48.0,0.40783293983330837,0
127.0,0.3001716604008123,1
75.0,0.40387955354257765,0
145.0,0.30059178730118663,1
25.0,0.40516646938803574,0
149.0,0.30121703526026433,1
45.0,0.4064430182603536,0
128.0,0.30182396252901034,1
51.0,0.40769973358482736,0
90.0,0.3024128495646716,0
129.0,0.2985952213815951,1
128.0,0.4071278009339544,1
155.0,0.41104480484190636,1
60.0,0.41236688719435294,0
169.0,0.30391623594410067,1
70.0,0.41025917655193667,0
76.0,0.30439555662764795,0
72.0,0.3008436241752158,0
77.0,0.2993020518666269,0
120.0,0.29781667087707675,1
121.0,0.4062465348706124,1
94.0,0.41033123188256426,0
50.0,0.30223735252640604,0
111.0,0.2982660520130005,1
61.0,0.4066675908206859,0
160.0,0.3014613775799824,1
164.0,0.40792060442276296,1
164.0,0.41133264361396404,1
58.0,0.41258529452723725,0
136.0,0.3041432926141003,1
29.0,0.4108591914769468,0
105.0,0.3046104797163738,1
79.0,0.4119988552739249,0
124.0,0.3051229754517693,1
58.0,0.41312321751571807,0
103.0,0.3056204066615549,0
153.0,0.410715061086337,1
59.0,0.4134098276962828,0
160.0,0.3048920367632475,1
80.0,0.4136846126507574,0
54.0,0.30536520066537637,0
143.0,0.3039439733159594,1
78.0,0.4131457921089123,0
71.0,0.3046369272450914,0
123.0,0.3034927689454574,1
33.0,0.4126144612194208,0
93.0,0.30391808613955024,0
76.0,0.3030481964184219,0
87.0,0.3016732480661225,0
95.0,0.3003108021092327,0
54.0,0.2989592230671091,0
55.0,0.29761843434346524,0
62.0,0.29628839918258326,0
112.0,0.29496860499958155,1
120.0,0.4027867271927992,1
154.0,0.40471603825687724,1
166.0,0.40585559564068996,1
47.0,0.40698209491372145,0
163.0,0.2993357928707518,1
104.0,0.40637140163635604,0
69.0,0.4065546411247093,0
148.0,0.2987017526100056,1
84.0,0.40592575402821507,0
160.0,0.2991682443835874,1
142.0,0.4069797855920367,1
69.0,0.40841960445595005,0
128.0,0.300600671970346,1
120.0,0.40883238541180444,1
171.0,0.41003763901756646,1
161.0,0.4111306966028293,1
46.0,0.41221870297854657,0
128.0,0.3039129942910742,1
162.0,0.4122651089658594,1
161.0,0.41379142649462863,1
74.0,0.41486887164364095,0
85.0,0.30623240044053435,0
124.0,0.3042673426156665,1
138.0,0.4133554588870986,1
111.0,0.4151458992602356,1
159.0,0.4162123987653359,1
142.0,0.41726777107092883,1
129.0,0.41831862465666814,1
26.0,0.4193650167518235,0
87.0,0.31018219613155734,0
89.0,0.30727111627319026,0
45.0,0.30594941364073075,0
121.0,0.30466363474313657,1
158.0,0.41377806939158057,1
67.0,0.4170580479494051,0
155.0,0.30821846845070516,1
94.0,0.41555885512547014,0
101.0,0.30859922650241806,0
38.0,0.4134435070092185,0
159.0,0.3064547540229039,1
38.0,0.413632775850595,0
103.0,0.3068689955508913,0
49.0,0.4115505949816171,0
56.0,0.3047601047311947,0
168.0,0.30170252428117894,1
155.0,0.4103057788574376,1
96.0,0.4134081251813104,0
67.0,0.305044883357739,0
52.0,0.3019839270997166,0
60.0,0.3007361584543518,0
62.0,0.29953066306201104,0
66.0,0.298334095847647,0
51.0,0.2971457061665579,0
46.0,0.2959653851485342,0
46.0,0.294793246824686,0
173.0,0.293629204147743,1
168.0,0.4010249409837709,1
164.0,0.4054748629984169,1
148.0,0.406583397115844,1
56.0,0.4075717805523799,0
160.0,0.2999476994799241,1
122.0,0.4042920489365632,1
160.0,0.40889820007851435,1
127.0,0.410006927191764,1
54.0,0.41098125765207677,0
31.0,0.3029195967488687,0
76.0,0.2980422952674493,0
95.0,0.29674998761628407,0
124.0,0.2955946438155471,1
147.0,0.4032518462630306,1
61.0,0.4087977265677134,0
72.0,0.3012108839197115,0
81.0,0.29607669463775593,0
31.0,0.2947872864644043,0
62.0,0.29365435836623255,0
71.0,0.2925346007472112,0
52.0,0.2914220045609256,0
60.0,0.29031671545812776,0
42.0,0.28921891846702125,0
38.0,0.28812800157227764,0
136.0,0.28704417775747587,1
82.0,0.3933198780832481,0
140.0,0.2928081368168322,1
76.0,0.3945908491111338,0
36.0,0.29331164705898916,0
54.0,0.28792217493556044,0
148.0,0.2866650355798216,1
55.0,0.39285030682701283,0
122.0,0.2919257145388344,1
66.0,0.3940549019564801,0
