Action: 0
[0.670126321820864, 0.32987367817913604]
[0.7405197144612127, 0.2594802855387873]
[0.4270382333740096, 0.5729617666259904]
[0.6853116947733352, 0.31468830522666474]
[0.667468221350554, 0.33253177864944605]
[0.5067616565934678, 0.49323834340653216]

Action: 1
[0.10023469434040883, 0.8997653056595911]
[0.3901377937684279, 0.6098622062315721]
[0.9664795724336875, 0.033520427566312405]
[0.19275225779031957, 0.8072477422096804]
[0.5361108621024137, 0.4638891378975863]
[0.9710473762670496, 0.028952623732950385]

