182.0,0.5,1
130.0,0.4444444444444444,1
138.0,0.5188284518828452,1
26.0,0.5761892897815957,0
102.0,0.3863632566936085,0
114.0,0.3823140198282292,1
60.0,0.482797389733204,0
47.0,0.3334593675793804,0
109.0,0.27672505011046816,1
43.0,0.4447311108425722,0
169.0,0.3057849051601498,1
141.0,0.47228983973607697,1
27.0,0.48214390811900754,0
63.0,0.3425963774398884,0
69.0,0.3167520486578686,0
89.0,0.2857805923030986,0
56.0,0.26002955625237334,0
108.0,0.23811875342019942,1
48.0,0.3701018106391091,0
146.0,0.25831858663367946,1
106.0,0.39164013158693317,1
77.0,0.4043153777092272,0
138.0,0.28499077832589986,1
29.0,0.42142848389469434,0
30.0,0.29163450508518973,0
42.0,0.2844780768652938,0
95.0,0.2679017857514957,0
100.0,0.2535808769463814,0
82.0,0.33634970566808453,0
156.0,0.22985550781046923,1
123.0,0.34462148413842186,1
163.0,0.357278379016382,1
58.0,0.37061710645634244,0
169.0,0.2610618210447064,1
120.0,0.37752307595552537,1
28.0,0.39050985873479943,0
139.0,0.27797079465204033,1
162.0,0.3976894883228847,1
126.0,0.40774748998270444,1
132.0,0.41840895785856136,1
163.0,0.4286504800977166,1
74.0,0.4384844196451423,0
83.0,0.31962340321706295,0
40.0,0.30117421187357485,0
52.0,0.2891334037830469,0
151.0,0.2782582556872768,1
49.0,0.396392516233954,0
165.0,0.29349965327651273,1
72.0,0.40636810303631177,0
57.0,0.2980199840606731,0
163.0,0.285474822072971,1
61.0,0.40303839403229613,0
133.0,0.29357732917559404,1
60.0,0.4107013501050275,0
125.0,0.29690320734585807,1
78.0,0.41757841080707725,0
100.0,0.29966385640512944,0
131.0,0.4024525742665309,1
147.0,0.4077655993188756,1
59.0,0.41531767972071615,0
91.0,0.301919041454302,0
95.0,0.2984462649365116,0
28.0,0.29059299412884504,0
174.0,0.28323693189542704,1
141.0,0.3978826075505915,1
85.0,0.40199202887774316,0
55.0,0.2910513802129163,0
131.0,0.28594842213986243,1
168.0,0.4004013680665811,1
135.0,0.40432505059777896,1
33.0,0.41062440962769187,0
115.0,0.2987046348644344,1
95.0,0.4150487475892157,0
33.0,0.3009067498240154,0
71.0,0.2970147840520893,0
137.0,0.2905372864332018,1
42.0,0.40470853474943425,0
91.0,0.29208225589359327,0
73.0,0.2889151132308872,0
165.0,0.28299081365662115,1
40.0,0.395537735352264,0
169.0,0.2842332658232393,1
43.0,0.4004228385854968,0
62.0,0.2862631430469271,0
174.0,0.2859780600258504,1
78.0,0.3982348436257096,0
147.0,0.2836201991161663,1
128.0,0.4029447371584851,1
70.0,0.39937788417715464,0
96.0,0.2904580230776284,0
145.0,0.29173952510790346,1
54.0,0.40419085075311595,0
170.0,0.2873411506402326,1
61.0,0.40868741414776394,0
28.0,0.28877679668047385,0
101.0,0.29385520761423795,0
172.0,0.39320607878975433,1
65.0,0.39040042980284667,0
124.0,0.2832743760989603,1
168.0,0.4046204308821232,1
158.0,0.3965627550319901,1
116.0,0.4024099301094242,1
147.0,0.4068428041387896,1
108.0,0.4113093075571688,1
39.0,0.415694857684352,0
127.0,0.3044796275609544,1
133.0,0.424405307566131,1
133.0,0.42096158087685887,1
160.0,0.42556255053336167,1
108.0,0.4296486437563794,1
37.0,0.43368832952389524,0
154.0,0.3203412915245232,1
26.0,0.4395410904687573,0
43.0,0.3211410299641299,0
62.0,0.3214682732139875,0
173.0,0.3165830030174924,1
102.0,0.4313659545209569,0
94.0,0.42307747807506807,0
51.0,0.3106833269950389,0
87.0,0.31030806057722227,0
127.0,0.30589347074369005,1
85.0,0.41904518850306904,0
119.0,0.30444697821637745,1
106.0,0.42204458686665147,1
44.0,0.42000281816008994,0
164.0,0.30893908349742655,1
173.0,0.4274816056842635,1
103.0,0.4246545204853824,0
157.0,0.4217530011390672,1
173.0,0.4260294492161818,1
148.0,0.4294527448444164,1
44.0,0.43287668582947186,0
155.0,0.3201463241826363,1
159.0,0.44024330497184805,1
154.0,0.436782927866183,1
148.0,0.4404114716764263,1
54.0,0.44364184133032,0
169.0,0.3297721828892584,1
90.0,0.4498053193516212,0
85.0,0.33019241043891123,0
143.0,0.33181319619398897,1
71.0,0.4470898346098126,0
83.0,0.32744018876380365,0
133.0,0.32979256687605457,1
139.0,0.44468330273051904,1
97.0,0.44101690418800443,0
41.0,0.32793114015352226,0
131.0,0.32987442425253605,1
120.0,0.44469034791910717,1
106.0,0.44112129968162467,1
146.0,0.444407255805838,1
83.0,0.44730573411204577,0
63.0,0.33331340617182664,0
158.0,0.3338756950951864,1
124.0,0.4491042618787818,1
35.0,0.44706124342467723,0
115.0,0.33332275080282486,1
114.0,0.45332266481669126,1
64.0,0.45037315938640116,0
167.0,0.3363895835443323,1
32.0,0.45724827703995036,0
149.0,0.33656125209237675,1
137.0,0.459075850001106,1
42.0,0.4539029095635703,0
72.0,0.33983677484757757,0
117.0,0.3427240537492709,1
91.0,0.4583265924378903,0
172.0,0.33686081379644234,1
174.0,0.460458344847713,1
54.0,0.4539837595178237,0
90.0,0.34013904533703493,0
91.0,0.3440819583682765,0
110.0,0.3401809280330985,1
89.0,0.4557906469243866,0
131.0,0.3343730307462907,1
59.0,0.4578930570919353,0
26.0,0.33465384017229244,0
95.0,0.34030139300843293,0
64.0,0.336421556274006,0
138.0,0.3332575817772637,1
25.0,0.4479730244124777,0
78.0,0.3272411870133802,0
163.0,0.3320343130333144,1
97.0,0.4460067794641264,0
89.0,0.32513929835114086,0
95.0,0.33045986886937584,0
146.0,0.3269115441559377,1
124.0,0.440826431154387,1
112.0,0.43506172200372306,1
27.0,0.43798651533090593,0
57.0,0.32549004490849875,0
172.0,0.32905684859847534,1
166.0,0.44268812628722365,1
92.0,0.4376741502568811,0
27.0,0.32568018495280077,0
148.0,0.3291450415653822,1
53.0,0.4427356300121011,0
140.0,0.3233620918973109,1
165.0,0.4447420086167229,1
65.0,0.4382034896263497,0
147.0,0.3263502918279458,1
72.0,0.44791319121468764,0
49.0,0.3261640461355572,0
54.0,0.3321167501722411,0
79.0,0.3287635924056841,0
114.0,0.3260938327735823,1
93.0,0.4395532880351455,0
131.0,0.3199635641881878,1
91.0,0.4415707549345397,0
124.0,0.320312307458201,1
77.0,0.44308958234966855,0
122.0,0.32066477817626166,1
72.0,0.44457681858989717,0
118.0,0.3209907570611156,1
46.0,0.44603670318396016,0
137.0,0.32129161604052103,1
139.0,0.4474705538645338,1
104.0,0.435474246132043,0
32.0,0.4350419746170652,0
84.0,0.322589541063761,0
145.0,0.3306408735679626,1
78.0,0.44330442892457034,0
122.0,0.3199615811156099,1
120.0,0.44588571007042027,1
25.0,0.4337228876731076,0
25.0,0.3234286406275925,0
158.0,0.3319169213782039,1
108.0,0.4445394560241621,1
98.0,0.4340919451440489,0
39.0,0.3235910330720636,0
49.0,0.3319516091716827,0
142.0,0.3285189598542618,1
95.0,0.44200953058279796,0
89.0,0.31886778213563594,0
32.0,0.3283668004563686,0
39.0,0.32492554065068907,0
112.0,0.32273661109198754,1
39.0,0.435375708177301,0
117.0,0.31367295844657334,1
116.0,0.4376922965387835,1
73.0,0.4264207890490478,0
47.0,0.31690835644296605,0
157.0,0.32486699524047086,1
39.0,0.4366461026753943,0
32.0,0.31435701219846646,0
120.0,0.3238795559851837,1
87.0,0.43531383089356784,0
100.0,0.3129397191206502,0
53.0,0.4327025609173619,0
110.0,0.30930494688902405,1
32.0,0.43286644972433796,0
173.0,0.3097454479705482,1
103.0,0.4341667816801427,0
95.0,0.4182815342296813,0
53.0,0.30977357774411113,0
173.0,0.3185241641891026,1
52.0,0.42923898779094805,0
52.0,0.30726065492885823,0
133.0,0.3177050039314411,1
93.0,0.42806325316911853,0
44.0,0.30600644971532653,0
86.0,0.31678861600876795,0
107.0,0.31349598284778374,1
149.0,0.42485664069888396,1
88.0,0.4138824349245778,0
115.0,0.30610816350162623,1
74.0,0.4285233989993405,0
52.0,0.30508521674143557,0
117.0,0.316166276698115,1
153.0,0.4261190044878336,1
103.0,0.4147691823512669,0
100.0,0.41478904315754356,0
100.0,0.4127517368593813,0
92.0,0.41097592341947015,0
169.0,0.302096583851935,1
95.0,0.42335813984310317,0
89.0,0.3013847058099186,0
133.0,0.3117153688209393,1
143.0,0.4211808525581308,1
90.0,0.41049247969860286,0
65.0,0.3031711188238076,0
134.0,0.3118924563363252,1
49.0,0.4215504130282414,0
94.0,0.30087836193291495,0
38.0,0.31123449064328085,0
26.0,0.3082538303298655,0
171.0,0.3066211026224424,1
152.0,0.4166781478797786,1
65.0,0.40647330711746765,0
170.0,0.29960983211017156,1
154.0,0.4200753261468032,1
106.0,0.408521118885892,1
172.0,0.4115852969770966,1
166.0,0.4130888642126034,1
73.0,0.4147411274525998,0
165.0,0.30571970014710836,1
126.0,0.4260244706796126,1
42.0,0.4157942599281022,0
28.0,0.30764305088491756,0
145.0,0.31515303252187554,1
32.0,0.4253823518100027,0
132.0,0.3056362783138256,1
168.0,0.4274666183407314,1
51.0,0.41651136774597286,0
32.0,0.30840007295659594,0
101.0,0.3163687210294245,0
45.0,0.4225410651375607,0
171.0,0.30323716878088813,1
144.0,0.423744146120738,1
73.0,0.4138122517475021,0
58.0,0.30589639135946406,0
93.0,0.31316118984489866,0
41.0,0.31078443968393615,0
80.0,0.3092103130274959,0
117.0,0.3075894841986783,1
78.0,0.4175911878042548,0
47.0,0.3000697101812669,0
81.0,0.3075306149883373,0
148.0,0.30526362759848524,1
152.0,0.4149711856590624,1
30.0,0.40715085216405594,0
73.0,0.2998855294463291,0
120.0,0.30619565712785796,1
74.0,0.41529817096488647,0
32.0,0.2982938792035582,0
164.0,0.3056210147148433,1
72.0,0.41451572521133345,0
148.0,0.2973829698713199,1
109.0,0.416351263627926,1
102.0,0.4068602882594158,0
127.0,0.4066046415225697,1
81.0,0.40823048723918925,0
116.0,0.30017403740982246,1
64.0,0.41944306026096284,0
57.0,0.29960174271135426,0
75.0,0.30876072724981907,0
55.0,0.30632673020786,0
141.0,0.30492721079766466,1
78.0,0.4144016988718216,0
56.0,0.2963835890453785,0
105.0,0.3050931633251055,1
27.0,0.4135844225710631,0
149.0,0.29553014031011343,1
30.0,0.4156077126953195,0
129.0,0.2957384526200047,1
166.0,0.41663578754998953,1
105.0,0.40488329151723385,1
118.0,0.4077048114751614,1
169.0,0.4089758498380688,1
84.0,0.4103976555423927,0
77.0,0.3021158876910814,0
85.0,0.30982466762697486,0
129.0,0.307620990322049,1
116.0,0.41746781822489853,1
146.0,0.4085539049712026,1
121.0,0.4108801769732758,1
169.0,0.412178042553446,1
41.0,0.41355729452547746,0
45.0,0.304884238307669,0
104.0,0.31128212826130425,0
49.0,0.417417959915263,0
149.0,0.30077750141002807,1
55.0,0.41825880733772286,0
125.0,0.3010645305520459,1
66.0,0.41920822558437476,0
96.0,0.3013340589180862,0
159.0,0.3086719367865494,1
49.0,0.41779272704516024,0
66.0,0.3005339744044025,0
32.0,0.30808666225659637,0
62.0,0.30605374723765066,0
37.0,0.3047518641254676,0
44.0,0.3034082197618177,0
56.0,0.30207880993045644,0
85.0,0.30075955648787345,0
169.0,0.2994506069480923,1
78.0,0.4079423534406225,0
59.0,0.2931939912405195,0
165.0,0.29939155368674575,1
53.0,0.4073046825820922,0
161.0,0.2924521408387068,1
143.0,0.4088098017861144,1
108.0,0.40080069136182367,1
134.0,0.4028241720158156,1
171.0,0.4040685543103238,1
108.0,0.4053627847114063,1
115.0,0.40664811123360384,1
162.0,0.40792902650285007,1
62.0,0.4092029096894402,0
88.0,0.30116927311582087,0
76.0,0.30544665294719014,0
108.0,0.3038748122414757,1
52.0,0.4129553926836952,0
133.0,0.29901710819301447,1
74.0,0.41414890620180944,0
115.0,0.2992781813848995,1
86.0,0.41503711629649803,0
88.0,0.2995466728132078,0
26.0,0.3052117209712163,0
89.0,0.3035455174960929,0
101.0,0.30232047388223043,0
93.0,0.4080200767178744,0
159.0,0.29441012960241575,1
146.0,0.4086150011947823,1
134.0,0.4029833473367411,1
66.0,0.4046052780726551,0
37.0,0.2972037425114338,0
119.0,0.30122459507348603,1
39.0,0.40955193401358225,0
157.0,0.2962115889773532,1
94.0,0.4107291301298212,0
124.0,0.29647516426253007,1
136.0,0.41159617417494765,1
130.0,0.4052849669872462,1
37.0,0.40695921361518617,0
143.0,0.29925364717582137,1
68.0,0.41417352521094736,0
121.0,0.2991678775142853,1
168.0,0.41503413535582245,1
89.0,0.4083376888684457,0
46.0,0.30093547561461337,0
53.0,0.30604041009008776,0
158.0,0.30448124440677105,1
141.0,0.41352964225090505,1
31.0,0.4075990920036949,0
153.0,0.30024127177252763,1
88.0,0.41557076711326524,0
36.0,0.30007941551505257,0
139.0,0.30583617651642303,1
132.0,0.4145609811742445,1
143.0,0.40824373371245476,1
73.0,0.4098944885813966,0
55.0,0.3018313650743983,0
104.0,0.30680511170862346,0
27.0,0.41284674612959754,0
172.0,0.29855777693602553,1
172.0,0.4134303517113167,1
139.0,0.4075569706248874,1
31.0,0.4091064525694587,0
104.0,0.3011656285814693,0
58.0,0.4130000479764763,0
87.0,0.2989430240729175,0
71.0,0.3031223151716522,0
134.0,0.3017499564692604,1
51.0,0.4103206265295541,0
43.0,0.2973675491403048,0
126.0,0.3015378960478838,1
135.0,0.4097770164590725,1
32.0,0.40506221145922455,0
141.0,0.2979573340760493,1
80.0,0.41164549932258737,0
73.0,0.297934956566034,0
42.0,0.30251166286918896,0
53.0,0.30113280599195547,0
126.0,0.3000524160384469,1
124.0,0.408324797195048,1
128.0,0.40361683746181154,1
168.0,0.4050128326650763,1
142.0,0.40609217774721934,1
138.0,0.40718169476615607,1
60.0,0.4082664800647717,0
100.0,0.3004925984740237,0
113.0,0.4106089746642829,1
169.0,0.407338108617168,1
110.0,0.40859764297254786,1
69.0,0.40966074606531555,0
57.0,0.3017126616768314,0
133.0,0.3042797180055134,1
48.0,0.4129903310428453,0
50.0,0.30091590530158674,0
163.0,0.30385094022223635,1
57.0,0.41246842335216266,0
159.0,0.3002593902484669,1
51.0,0.413373476395591,0
30.0,0.30048684620959665,0
30.0,0.30407865977565274,0
26.0,0.3028307256233003,0
101.0,0.30178360723727427,0
45.0,0.40762461166135877,0
144.0,0.2961005941747684,1
51.0,0.40798606038412777,0
30.0,0.29636535094485983,0
29.0,0.299433236857663,0
88.0,0.298261516390912,0
105.0,0.29724702834197925,1
74.0,0.40501217863375194,0
105.0,0.2940681352556971,1
73.0,0.4058979633933004,0
80.0,0.2943165560212931,0
133.0,0.2976528708746517,1
129.0,0.4052748137346607,1
172.0,0.4014563646534991,1
120.0,0.4026860584125421,1
138.0,0.40369632031238933,1
94.0,0.4047118539884331,0
141.0,0.29746334128739116,1
131.0,0.4091690602718676,1
155.0,0.40587433719847255,1
77.0,0.40703567656935635,0
87.0,0.2994780865976537,0
