93.0,0.5,0
96.0,0.33333333333333326,0
134.0,0.24137931034482757,1
97.0,0.44668724680708705,0
132.0,0.27162361267811547,1
120.0,0.4739293971234691,1
54.0,0.49994020649072396,0
36.0,0.3354497425794624,0
73.0,0.30537491204101813,0
70.0,0.2664288194572706,0
34.0,0.23621988916279524,0
125.0,0.21158313556511968,1
99.0,0.35020163063603904,0
94.0,0.2336916993613983,0
61.0,0.21791514508598625,0
117.0,0.20031166179213863,1
143.0,0.3269088248841613,1
105.0,0.35065780922116746,1
43.0,0.3758121304825036,0
87.0,0.25856692969409106,0
115.0,0.23622421061738244,1
31.0,0.3624524712033235,0
57.0,0.2533629576918416,0
98.0,0.23790782242917377,0
109.0,0.22385973247625862,1
99.0,0.34389271531284415,0
131.0,0.23766592697148708,1
122.0,0.3609077558421033,1
99.0,0.37236402680203035,0
115.0,0.26046865082362236,1
93.0,0.3870251016636627,0
58.0,0.2664404718909568,0
145.0,0.2622617117075445,1
42.0,0.38256878659556415,0
63.0,0.2612376538695233,0
95.0,0.2609740062256107,0
41.0,0.24937201673792983,0
113.0,0.2395335066683052,1
55.0,0.3537072766215906,0
133.0,0.24041327321479294,1
25.0,0.3653017946627484,0
73.0,0.24522762678773463,0
123.0,0.24982543912302063,1
90.0,0.3620811975602632,0
124.0,0.24258393670458642,1
35.0,0.37343336527359605,0
106.0,0.24611009145099844,1
141.0,0.38237198916134746,1
52.0,0.36826462239845537,0
86.0,0.26424603007702846,0
157.0,0.2715939790964201,1
102.0,0.3842553871350024,0
118.0,0.3565071293288,1
82.0,0.3721616146705974,0
23.0,0.26318662737168996,0
133.0,0.27596499636255717,1
146.0,0.3863840577264973,1
54.0,0.3750038761363974,0
135.0,0.27009762965160306,1
156.0,0.4045513230441051,1
61.0,0.3880980456867709,0
82.0,0.28163615995700786,0
147.0,0.2920274313263481,1
92.0,0.40474288739855424,0
143.0,0.27329794094878995,1
76.0,0.413823555664535,0
47.0,0.27317562459844863,0
67.0,0.2945662424986638,0
124.0,0.2825376783053071,1
55.0,0.3975926836133352,0
107.0,0.2652701985474623,1
22.0,0.4066411849548252,0
91.0,0.2651744422937076,0
52.0,0.2896307040621457,0
30.0,0.2773133295309469,0
49.0,0.27313651211339407,0
35.0,0.26755065546674767,0
124.0,0.2624601523611272,1
93.0,0.37166203657157226,0
126.0,0.24674772097170705,1
35.0,0.38021970616559175,0
126.0,0.2472133868618936,1
92.0,0.3850301652192895,0
129.0,0.24828525908123564,1
144.0,0.38957886259733954,1
110.0,0.3647825165303886,1
100.0,0.38361629077956083,0
31.0,0.37468120028537855,0
69.0,0.2690427995375543,0
125.0,0.28215544469256415,1
65.0,0.3899532965681871,0
23.0,0.26230711172998045,0
55.0,0.2806765074194914,0
93.0,0.27209489145374094,0
121.0,0.2684947557607963,1
110.0,0.3770450836089766,1
131.0,0.3672520687199098,1
94.0,0.3800844547908307,0
87.0,0.27096193990035594,0
77.0,0.28042954857047736,0
83.0,0.2744925218411569,0
108.0,0.2706007784345236,1
116.0,0.3791128971829453,1
112.0,0.3744860487534217,1
66.0,0.3847621249299237,0
94.0,0.275428393198664,0
53.0,0.280386077062033,0
65.0,0.27566002218083974,0
96.0,0.27181129444997437,0
65.0,0.2679993386123786,0
74.0,0.26427799610159153,0
130.0,0.2606393123252012,1
28.0,0.3668095792060592,0
82.0,0.2555638706187115,0
112.0,0.2593712334922459,1
65.0,0.36462626221020944,0
66.0,0.2527638895316364,0
39.0,0.2580011667225614,0
44.0,0.25400424282049405,0
79.0,0.2507684233114033,0
80.0,0.24754759899535925,0
115.0,0.24438963270465527,1
86.0,0.3470101297927211,0
104.0,0.23960473882735547,0
152.0,0.34043724809446374,1
92.0,0.3371577940903767,0
25.0,0.2383826566166081,0
132.0,0.2431719241942119,1
47.0,0.3446450406806676,0
110.0,0.23590927011522564,1
137.0,0.34840088540775593,1
85.0,0.3434349102866615,0
128.0,0.24367877310096184,1
124.0,0.35613264597117433,1
58.0,0.351609102152315,0
141.0,0.2502353783274193,1
136.0,0.3636348762089784,1
86.0,0.3593935755593982,0
73.0,0.2565345779718278,0
127.0,0.26158149544647596,1
148.0,0.36628885183955023,1
95.0,0.3636538317791432,0
44.0,0.2599112960971075,0
111.0,0.2643786427647655,1
96.0,0.3695949119255035,0
34.0,0.2568547644942096,0
91.0,0.2631477665545615,0
58.0,0.25948193988305973,0
54.0,0.2566687011490097,0
22.0,0.25384498110438347,0
78.0,0.2510721244189544,0
119.0,0.24834340823846776,1
136.0,0.3508822733693073,1
56.0,0.34992831564743637,0
115.0,0.24872048730202104,1
146.0,0.3579736172010723,1
146.0,0.3566149289688789,1
116.0,0.36317950908308777,1
35.0,0.36919327977317384,0
94.0,0.26423203292528363,0
40.0,0.26411613712316007,0
80.0,0.2612640356435922,0
125.0,0.2585175080795562,1
35.0,0.36280635868949024,0
137.0,0.2571309260522798,1
72.0,0.3647026067842617,0
120.0,0.25726507727506104,1
88.0,0.36660242849518254,0
52.0,0.25742196745677937,0
155.0,0.260680661629961,1
53.0,0.3648864155579355,0
57.0,0.255420664743604,0
123.0,0.2596875463142786,1
42.0,0.36352268869726073,0
57.0,0.2535245547365889,0
56.0,0.25877718839014713,0
47.0,0.25570070961100766,0
126.0,0.25323710399580557,1
113.0,0.3562259627042646,1
21.0,0.3538702319817675,0
104.0,0.25251471913700907,0
80.0,0.3550300864085341,0
69.0,0.24794142253971205,0
113.0,0.2510399785508082,1
101.0,0.3531619490105133,0
52.0,0.3434427376998222,0
72.0,0.24477213511840865,0
102.0,0.2479517490024233,0
108.0,0.342159157162164,1
48.0,0.34004093068382163,0
148.0,0.24141304350286266,1
39.0,0.34906975806709295,0
39.0,0.2415295686205184,0
139.0,0.24693292438948597,1
78.0,0.3477730758408136,0
66.0,0.24022102702594483,0
50.0,0.2464435138369573,0
150.0,0.24354831938873042,1
54.0,0.34435340756825394,0
103.0,0.23710556035561772,0
95.0,0.34024550775242524,0
43.0,0.2333451252080358,0
34.0,0.2393134262972274,0
143.0,0.2365733638596974,1
41.0,0.3358215409090009,0
39.0,0.2306253325009204,0
124.0,0.2369050886578187,1
101.0,0.3353324567164898,0
91.0,0.3229451299221643,0
90.0,0.22873874163404417,0
71.0,0.2345130584559354,0
35.0,0.2318160491491808,0
117.0,0.2298339342816991,1
51.0,0.3274656430639685,0
129.0,0.2236469176183427,1
134.0,0.33065916058392036,1
104.0,0.3245463528933713,0
57.0,0.3227641061516792,0
139.0,0.2276944909556273,1
46.0,0.33388343209418236,0
43.0,0.22772794147109426,0
70.0,0.23496435737571977,0
148.0,0.23213393317093736,1
141.0,0.3303136386290961,1
111.0,0.3256359823267873,1
40.0,0.3317924508359674,0
106.0,0.2342912756033681,1
27.0,0.3405300878258964,0
144.0,0.23432191328514523,1
30.0,0.34260770637239585,0
106.0,0.2347606223906838,1
143.0,0.3446368951818039,1
37.0,0.33840956820600415,0
136.0,0.24054225630518655,1
34.0,0.3501479900966797,0
138.0,0.24000756390381983,1
108.0,0.3520992349241284,1
136.0,0.34478681893903695,1
148.0,0.3513803688556235,1
80.0,0.35654636915868926,0
72.0,0.25435064073521985,0
31.0,0.2587093777630426,0
39.0,0.25615821414434997,0
140.0,0.2540602951417594,1
76.0,0.3565248080069663,0
80.0,0.24860677738018455,0
40.0,0.25355462312207816,0
23.0,0.25103629538948014,0
119.0,0.2490147651144831,1
39.0,0.35042234361682445,0
93.0,0.24357820297835076,0
60.0,0.24866856704990933,0
142.0,0.24620177349759612,1
77.0,0.34704524942745096,0
58.0,0.24045731743106005,0
86.0,0.24602747510285974,0
117.0,0.24353395841724929,1
34.0,0.3438136473284523,0
84.0,0.23747498762120867,0
77.0,0.24350536267224704,0
121.0,0.2409828665895903,1
143.0,0.340699718535306,1
28.0,0.3371689046413224,0
86.0,0.23929670728975222,0
21.0,0.2438706271717799,0
84.0,0.24152392543026616,0
66.0,0.23964721421110224,0
84.0,0.23775976391909234,0
144.0,0.23589072381014425,1
38.0,0.33441156243806497,0
36.0,0.23122413741679926,0
131.0,0.2358301363696879,1
108.0,0.333840550213156,1
109.0,0.331412886861415,1
120.0,0.336805470894661,1
110.0,0.3417052398722714,1
30.0,0.34655969577548795,0
102.0,0.24637188390714626,0
153.0,0.34374222306409197,1
118.0,0.3445234836568975,1
22.0,0.3493724193806411,0
122.0,0.248718023577179,1
68.0,0.35218020806375794,0
29.0,0.2487685780375276,0
52.0,0.24985879218438234,0
46.0,0.24783457949367038,0
130.0,0.24591217819604963,1
75.0,0.34648280917645086,0
25.0,0.24400050909000973,0
47.0,0.2453424088742511,0
146.0,0.24334929732919405,1
42.0,0.3433909846719615,0
150.0,0.241055489162902,1
82.0,0.34515547707702066,0
67.0,0.24136791511980316,0
107.0,0.24429224093351004,1
116.0,0.34424883687141644,1
87.0,0.343109755758232,0
43.0,0.2440243460430328,0
39.0,0.24634431078748106,0
128.0,0.24429056590430107,1
65.0,0.3444901107767223,0
113.0,0.2409751772873514,1
34.0,0.3463832419223776,0
106.0,0.24133015089506996,1
84.0,0.3481019445157784,0
59.0,0.24168874627421905,0
55.0,0.24680037574705016,0
39.0,0.24448700453615865,0
140.0,0.24266499924377363,1
36.0,0.3425025633561935,0
60.0,0.23747702376425334,0
111.0,0.24263331793081705,1
104.0,0.3418890453730114,0
50.0,0.33127742129698307,0
127.0,0.23548501895874915,1
131.0,0.341960582439829,1
60.0,0.337014984335108,0
55.0,0.23956297361633783,0
35.0,0.24436405718418563,0
37.0,0.242100985923337,0
32.0,0.24032416274502502,0
26.0,0.23852966573148246,0
28.0,0.23674932680396613,0
27.0,0.23498108260568662,0
146.0,0.2332246753564698,1
148.0,0.3309800372039091,1
65.0,0.3289878876125642,0
104.0,0.23280877414472528,0
57.0,0.33035633699222955,0
118.0,0.22950605097455337,1
54.0,0.33180421796182663,0
60.0,0.23013935314690903,0
143.0,0.23369077607082808,1
28.0,0.33123708582970296,0
110.0,0.2293029762913411,1
105.0,0.3335732995780737,1
98.0,0.3300657311622008,0
55.0,0.23382097816966663,0
92.0,0.2374924080905701,0
66.0,0.2354038710665515,0
94.0,0.2336471741770311,0
63.0,0.23188433935656974,0
86.0,0.23013156220206626,0
124.0,0.22838893859528103,1
33.0,0.3251077788811124,0
39.0,0.22518651598598963,0
147.0,0.22851291412302793,1
62.0,0.3249690229440886,0
26.0,0.2244794112686037,0
61.0,0.22847127384905125,0
145.0,0.22640149734534135,1
144.0,0.32273230442497114,1
41.0,0.3205048928086116,0
90.0,0.22606854772060447,0
135.0,0.22903508722030244,1
112.0,0.32566952556418854,1
84.0,0.32399372789404374,0
48.0,0.22878030632171037,0
111.0,0.23135382018145537,1
138.0,0.32856900248902854,1
108.0,0.32741491067160455,1
40.0,0.33198829585377926,0
121.0,0.23488448293762063,1
26.0,0.3368335432496561,0
112.0,0.23532566297997895,1
112.0,0.3387261032810605,1
47.0,0.3375861042688436,0
129.0,0.23959646070750346,1
49.0,0.34357580775206387,0
122.0,0.23986476802001794,1
92.0,0.34537385038491875,0
52.0,0.24028997305862818,0
59.0,0.24456513750358277,0
54.0,0.2423448813277629,0
49.0,0.2405075268184348,0
45.0,0.2386631823726109,0
146.0,0.23683426237820343,1
42.0,0.33546152669635826,0
67.0,0.23304454592117274,0
127.0,0.23679922134726866,1
62.0,0.33505901511671754,0
77.0,0.2321266205867575,0
33.0,0.23657652112366703,0
26.0,0.2343992579720433,0
120.0,0.23263026248708094,1
42.0,0.3303334946788446,0
102.0,0.2282498312932695,0
88.0,0.3268176213150356,0
83.0,0.2251721821225127,0
30.0,0.22918664004875247,0
151.0,0.2271054901137197,1
63.0,0.32360017103231914,0
52.0,0.2230640784417154,0
152.0,0.2273994564104752,1
49.0,0.32350490030462853,0
133.0,0.22242073385404376,1
108.0,0.3261885624990659,1
69.0,0.32171422628767127,0
43.0,0.22725536596026968,0
55.0,0.2315431933191964,0
124.0,0.22938053268123657,1
92.0,0.32641053241262685,0
45.0,0.22455314866666695,0
99.0,0.22971070300102758,0
127.0,0.22748231372151748,1
57.0,0.32409565341901386,0
142.0,0.22239199598558412,1
28.0,0.32682323260767404,0
124.0,0.22313543209428355,1
32.0,0.3290110010313545,0
47.0,0.22388535354718303,0
62.0,0.23145027582737474,0
49.0,0.22885451115224334,0
136.0,0.22716552047650312,1
144.0,0.3236637478853536,1
146.0,0.3183372875539203,1
90.0,0.3237293654794346,0
45.0,0.22820081805251335,0
133.0,0.23272043211408797,1
152.0,0.3299715915148136,1
96.0,0.32675041920607106,0
144.0,0.23106410338035085,1
138.0,0.3356210707198749,1
152.0,0.3321359907634501,1
51.0,0.3372216186823161,0
24.0,0.23898678542852275,0
43.0,0.2418114070799885,0
101.0,0.2397402545353028,0
58.0,0.33310337522384276,0
147.0,0.23244454198725462,1
139.0,0.3347378713419384,1
21.0,0.3342160736743299,0
58.0,0.2367663811992669,0
39.0,0.23843167913522867,0
28.0,0.23647684599836266,0
35.0,0.23465894717591881,0
54.0,0.2328492095011445,0
81.0,0.23105135491349524,0
92.0,0.22926115031458555,0
132.0,0.22747586246817983,1
25.0,0.3240800766551844,0
25.0,0.2264046360752537,0
50.0,0.22739747182652179,0
82.0,0.22553503793601037,0
67.0,0.22375624263914956,0
43.0,0.22197819524208146,0
99.0,0.22020356818286824,0
57.0,0.21843050056666422,0
112.0,0.21665955414040142,1
108.0,0.31087725480761574,1
107.0,0.31327251698835745,1
82.0,0.3174903656096897,0
93.0,0.22331628354158753,0
86.0,0.22155191949433128,0
41.0,0.21972372704670812,0
150.0,0.2178976498896843,1
137.0,0.3125093524393201,1
37.0,0.31684384677209354,0
110.0,0.22283770895357308,1
90.0,0.3179022308290212,0
65.0,0.2238873878298736,0
27.0,0.22234796513961094,0
56.0,0.22045722946901908,0
107.0,0.2185714743425803,1
46.0,0.31348613666300196,0
32.0,0.220133915485065,0
119.0,0.2188343493495952,1
129.0,0.3138303197758326,1
142.0,0.31690567447867934,1
138.0,0.32093730117094077,1
88.0,0.32494309610758343,0
48.0,0.22933131823399835,0
56.0,0.22586533133556463,0
99.0,0.2238513715915173,0
134.0,0.2218705253150499,1
48.0,0.3177068593332427,0
74.0,0.2253068873303904,0
74.0,0.22215542092854237,0
110.0,0.22013446993574007,1
49.0,0.315614452433433,0
115.0,0.22315873952778975,1
24.0,0.31855106823108287,0
120.0,0.22455855213031262,1
51.0,0.32143359770748914,0
58.0,0.22592129309925132,0
123.0,0.22507864461109553,1
134.0,0.32175831282630774,1
97.0,0.32389051079730075,0
45.0,0.2286056412636201,0
131.0,0.22750455322830532,1
133.0,0.32477359566114145,1
61.0,0.32713948411734306,0
75.0,0.23121173844942533,0
61.0,0.22987940158333364,0
146.0,0.22774463748547286,1
38.0,0.3251151059798829,0
90.0,0.22888681693668078,0
104.0,0.2279838584938554,0
150.0,0.31823325336127956,1
