188.0,0.5,1
118.0,0.4444444444444444,1
128.0,0.5188284518828452,1
152.0,0.5762747152105638,1
132.0,0.6219534789944122,1
46.0,0.6590094016621083,0
93.0,0.4704736492936977,0
91.0,0.34374051620263046,0
151.0,0.25701806951043704,1
92.0,0.42598286148364756,0
24.0,0.32931089524567125,0
66.0,0.2731657933327808,0
109.0,0.2331668315784762,1
62.0,0.3797682889175616,0
53.0,0.2846617865168007,0
104.0,0.2471638473341619,0
158.0,0.31305987811034575,1
45.0,0.37027963818542414,0
63.0,0.2608524807800309,0
81.0,0.23204525586471444,0
88.0,0.21367122331033903,0
108.0,0.19848753390263904,1
113.0,0.31658864089945243,1
150.0,0.34827664933126196,1
99.0,0.36722030644094855,0
137.0,0.25673978670998543,1
173.0,0.36450105845115044,1
70.0,0.3926423016165115,0
157.0,0.27989435583482036,1
55.0,0.392356998994937,0
57.0,0.28764707675676837,0
67.0,0.26693610099430043,0
74.0,0.2530775957209894,0
100.0,0.2408447499481714,0
64.0,0.3229912452457394,0
134.0,0.23201794947570348,1
140.0,0.33219476829950256,1
68.0,0.3556038956452818,0
40.0,0.2515085016193457,0
40.0,0.23103274804137156,0
142.0,0.2206774827309556,1
91.0,0.32936843021982154,0
132.0,0.2408121536053464,1
164.0,0.34379223987669016,1
88.0,0.36222176350370466,0
62.0,0.2569809665142902,0
104.0,0.2407274727971045,0
117.0,0.3258613920403386,1
170.0,0.35026790422763454,1
47.0,0.3607070454702119,0
26.0,0.2555751313370005,0
90.0,0.23966852198097646,0
141.0,0.23163466422032014,1
168.0,0.33901968408629235,1
29.0,0.3574150765695386,0
138.0,0.254259272704949,1
97.0,0.3553154865570369,0
142.0,0.25860342256860613,1
83.0,0.3638430169358635,0
132.0,0.263273555375316,1
157.0,0.3717409030228791,1
49.0,0.3813754675117827,0
104.0,0.2735133390391599,0
114.0,0.36499525007276185,1
142.0,0.3781499282515912,1
58.0,0.38516392991782156,0
83.0,0.27686402055575726,0
69.0,0.2679818984995774,0
49.0,0.2615502074538434,0
90.0,0.25545282058502455,0
67.0,0.24961292199773552,0
153.0,0.24401364879019147,1
144.0,0.35054229418863947,1
121.0,0.36263850415622595,1
70.0,0.3691554036542132,0
131.0,0.2640742665945913,1
172.0,0.36626778289843404,1
166.0,0.3782492636778579,1
170.0,0.38441919462674795,1
25.0,0.3900219429365055,0
151.0,0.28168997211746827,1
134.0,0.38454347285484586,1
55.0,0.39769421035232333,0
169.0,0.28894005683266366,1
129.0,0.39386318851820373,1
131.0,0.4058224665287609,1
59.0,0.4113980181940945,0
137.0,0.3002255698637347,1
44.0,0.40630920032993895,0
75.0,0.3019886733782759,0
94.0,0.2913772984465779,0
90.0,0.28559852389290885,0
144.0,0.2802641113018309,1
57.0,0.3914217156307452,0
72.0,0.2899876501631769,0
104.0,0.2798767101859508,0
146.0,0.37727501665080787,1
47.0,0.391291966909676,0
174.0,0.28396831356071833,1
74.0,0.3895279146804054,0
33.0,0.285945513122121,0
140.0,0.2782622817016983,1
157.0,0.38824814860145146,1
140.0,0.39608743193073104,1
171.0,0.4005218166412719,1
71.0,0.40473963078681574,0
63.0,0.2951229890109787,0
118.0,0.28553935456381574,1
113.0,0.3961931137868161,1
156.0,0.40581375755376303,1
113.0,0.4101476789859018,1
167.0,0.4140980334064172,1
80.0,0.41796395970714034,0
118.0,0.3067128737644949,1
168.0,0.41193558242285916,1
57.0,0.42282667985818573,0
69.0,0.31151762698485547,0
140.0,0.30035974735243165,1
156.0,0.4125360747565462,1
100.0,0.42355517275403304,0
113.0,0.42077127128739134,1
159.0,0.42558631948610237,1
150.0,0.42918997214812304,1
136.0,0.4326748606625732,1
64.0,0.436105782260332,0
168.0,0.32288011743496986,1
40.0,0.4300405691879351,0
124.0,0.32366633084648044,1
41.0,0.4329983753931799,0
147.0,0.3249288803285676,1
117.0,0.4358623070491158,1
27.0,0.442773110911024,0
55.0,0.329072243394931,0
166.0,0.32140916717725954,1
112.0,0.43599924223582726,1
152.0,0.44283284074520135,1
134.0,0.44610495222231117,1
58.0,0.44919749255863767,0
123.0,0.3347843438850906,1
70.0,0.44573655516390465,0
88.0,0.3354997453110163,0
40.0,0.3282419690298125,0
105.0,0.32397127805495096,1
35.0,0.4386803910235853,0
117.0,0.3293266467312895,1
101.0,0.4413121220846145,0
143.0,0.4410108225049413,1
81.0,0.4448343669138342,0
65.0,0.3310838173621056,0
172.0,0.3267776842675632,1
43.0,0.44157153637631513,0
124.0,0.32858917236512236,1
38.0,0.44382696884220507,0
162.0,0.3293303989292346,1
85.0,0.4460037246986474,0
170.0,0.33000332223098583,1
160.0,0.44811076964516167,1
170.0,0.4469610373049097,1
155.0,0.44979928390241014,1
113.0,0.45249693183774,1
77.0,0.45516689262142473,0
93.0,0.3405359621358599,0
75.0,0.33830218805824674,0
169.0,0.33459366710057104,1
66.0,0.4498653475069985,0
44.0,0.33495119552134106,0
27.0,0.332813702682433,0
162.0,0.3292813741048022,1
96.0,0.4438791373344625,0
167.0,0.32970027061730356,1
64.0,0.44584994100470193,0
62.0,0.3303073982514263,0
105.0,0.32945825200469553,1
146.0,0.44390415600538036,1
71.0,0.44360760171073577,0
35.0,0.3304239683113256,0
25.0,0.3295431824610758,0
44.0,0.3262476785185109,0
91.0,0.32304993409109334,0
130.0,0.3199063594018835,1
114.0,0.43314021477035436,1
142.0,0.4346485839836673,1
155.0,0.43705291725107,1
86.0,0.4394313182676982,0
47.0,0.3267640212204029,0
168.0,0.3233632443974308,1
54.0,0.43689716664176187,0
47.0,0.32482593313906744,0
75.0,0.32202514359084616,0
28.0,0.31904433535396376,0
113.0,0.3161111987956144,1
116.0,0.42866360328969255,1
75.0,0.43174524561936545,0
71.0,0.3200595289863695,0
92.0,0.31646580183316925,0
108.0,0.31362693291007493,1
123.0,0.42577195162551784,1
75.0,0.4292905689404414,0
92.0,0.3179524840541934,0
84.0,0.3140297671162773,0
109.0,0.3112774908712981,1
137.0,0.42303000626844656,1
115.0,0.42695619821523334,1
55.0,0.429158267119449,0
78.0,0.317870918995203,0
174.0,0.3131468193230885,1
96.0,0.4250150089103585,0
28.0,0.31625372696851334,0
51.0,0.3121296858798111,0
143.0,0.3095030703743648,1
71.0,0.42087543762453034,0
94.0,0.3125425315277384,0
172.0,0.30860970975319385,1
65.0,0.41978745570217496,0
106.0,0.3111109022569614,1
61.0,0.4215705240453762,0
138.0,0.31180527549554965,1
80.0,0.42328757329090455,0
169.0,0.3124627722073027,1
158.0,0.4249661878427306,1
164.0,0.42560987443210957,1
73.0,0.42763079609945176,0
52.0,0.3166678589694485,0
57.0,0.3149065947884547,0
65.0,0.31247684200141895,0
37.0,0.31008201815007347,0
92.0,0.3077195579295427,0
97.0,0.305388903800479,0
57.0,0.30308941450120974,0
99.0,0.30082068071131085,0
155.0,0.29858212241541215,1
53.0,0.40811506794089447,0
173.0,0.3014903687111862,1
146.0,0.4098593303322357,1
117.0,0.412919197041532,1
97.0,0.4148475573677386,0
58.0,0.3055677004701884,0
132.0,0.3018957506951641,1
94.0,0.41179583433985373,0
114.0,0.3043597724315793,1
105.0,0.41344746772286933,1
143.0,0.4160560010208774,1
143.0,0.41791610320649125,1
53.0,0.41975410337039093,0
94.0,0.3098982428831395,0
109.0,0.30620129590298834,1
49.0,0.41661730689870236,0
150.0,0.3086631685761733,1
53.0,0.41818847154200883,0
171.0,0.30928438088551174,1
138.0,0.41970055912032156,1
164.0,0.4214679670820946,1
91.0,0.42323875932569954,0
121.0,0.3130034202809408,1
106.0,0.4237982334881088,1
68.0,0.42560578036449737,0
135.0,0.3151001831622192,1
71.0,0.4265201225212807,0
134.0,0.3156305811064733,1
66.0,0.4279187180103691,0
65.0,0.31613663573031087,0
145.0,0.31540539009991675,1
83.0,0.4268923532229635,0
98.0,0.3148816110358351,0
136.0,0.3145574729118482,1
163.0,0.4258937927908662,1
106.0,0.4255986556430341,1
78.0,0.4272981657066435,0
132.0,0.31665258854260764,1
157.0,0.42973236233246415,1
146.0,0.4294629986504415,1
49.0,0.4311275957052313,0
150.0,0.32005291131590247,1
52.0,0.4334605245027042,0
70.0,0.3204778183683038,0
90.0,0.32042294578619757,0
90.0,0.3183858171427095,0
34.0,0.3164002772889475,0
42.0,0.3144361743469055,0
95.0,0.3124935267468106,0
129.0,0.3105721002547888,1
154.0,0.4212662589624837,1
141.0,0.4224547624324285,1
120.0,0.4240341774639169,1
76.0,0.425603551953255,0
124.0,0.3152401377475786,1
42.0,0.42606444514128217,0
91.0,0.31571820184963734,0
96.0,0.314078593983534,0
144.0,0.31219909858329853,1
95.0,0.42303745703023804,0
101.0,0.31302398035776824,0
150.0,0.419890399125293,1
137.0,0.4218183999542829,1
65.0,0.42334073133392414,0
66.0,0.31329294517661527,0
151.0,0.3117618667131532,1
172.0,0.42248610456285945,1
35.0,0.42362063919084353,0
81.0,0.31355498379639474,0
65.0,0.31204021869995485,0
40.0,0.3102530707090787,0
66.0,0.30848395751823443,0
85.0,0.30673263496779024,0
53.0,0.3049988337603277,0
79.0,0.3032824480614623,0
31.0,0.3015831896795748,0
90.0,0.29990075813292943,0
30.0,0.29823500055184654,0
144.0,0.2965855262669002,1
44.0,0.4050657675748282,0
30.0,0.29945506176656117,0
129.0,0.2961436302665912,1
36.0,0.4044992325040647,0
97.0,0.29862709499711937,0
60.0,0.29566613294908506,0
62.0,0.29405608779776843,0
55.0,0.29248151305284326,0
122.0,0.2909223405012202,1
126.0,0.3984668113232359,1
73.0,0.40222815184641725,0
119.0,0.2950567012394103,1
34.0,0.40084678162693144,0
57.0,0.2955732484540175,0
43.0,0.29256904582122983,0
35.0,0.2910213169921383,0
32.0,0.2895108171853014,0
172.0,0.28801449750461866,1
83.0,0.3950382599446042,0
88.0,0.2909430013106908,0
48.0,0.2876956116151933,0
144.0,0.28619707603613026,1
75.0,0.39289976683594185,0
39.0,0.28899731703503345,0
165.0,0.28589554850536525,1
91.0,0.3924958555537636,0
55.0,0.2883339982755595,0
140.0,0.28555753328884786,1
122.0,0.3920943484644803,1
105.0,0.3949969015181194,1
77.0,0.3963808947869202,0
82.0,0.29003240834600413,0
171.0,0.2869360602419128,1
111.0,0.39365907579885784,1
114.0,0.3968893088888134,1
173.0,0.39826248580303886,1
27.0,0.3995894852678167,0
146.0,0.2928067450147998,1
141.0,0.39783370598644546,1
107.0,0.40143893977356815,1
103.0,0.40280293162675546,0
59.0,0.40170047054446406,0
118.0,0.29438504864641507,1
105.0,0.39930088357828997,1
75.0,0.4031926856316098,0
46.0,0.2959994705598293,0
88.0,0.2922600542986558,0
80.0,0.29080835338935734,0
140.0,0.28942266836786695,1
129.0,0.3964972845434372,1
124.0,0.40086759112820514,1
82.0,0.4022330087244158,0
143.0,0.29512777431646386,1
170.0,0.39960673470089814,1
171.0,0.4039492353823943,1
160.0,0.40529772627213606,1
28.0,0.40654174042591396,0
84.0,0.29886379340503183,0
85.0,0.29414227901888,0
106.0,0.2926590492305991,1
77.0,0.40018716243511165,0
38.0,0.29686712658887915,0
99.0,0.29241215294475237,0
24.0,0.29096691804923974,0
147.0,0.28962890293197957,1
95.0,0.396658923402006,0
24.0,0.2939019437103205,0
55.0,0.2894240020300651,0
55.0,0.2880104577956878,0
42.0,0.2867073069986888,0
139.0,0.2854177856829496,1
90.0,0.3917389506068277,0
43.0,0.28991558183991534,0
121.0,0.2852748632617203,1
163.0,0.39142009485079465,1
40.0,0.39662820534148396,0
73.0,0.2904970008859989,0
89.0,0.2857487763530501,0
107.0,0.2843717224914435,1
157.0,0.390478338330243,1
39.0,0.3958435344419468,0
115.0,0.2898455989805061,1
80.0,0.3926076177763166,0
79.0,0.29021925879861316,0
84.0,0.2859190750654566,0
139.0,0.2845881072708468,1
122.0,0.3907012872164731,1
113.0,0.39568442349691113,1
109.0,0.3969879673489075,1
107.0,0.3981421563543001,1
145.0,0.3992850371756836,1
87.0,0.40042240194837886,0
143.0,0.2936531100011817,1
94.0,0.3961340349480337,0
174.0,0.2939392907205181,1
40.0,0.39718244414006837,0
171.0,0.29443555167851687,1
142.0,0.3982281546685232,1
89.0,0.4029763162792249,0
112.0,0.29599210263176107,1
100.0,0.4000867961796474,0
29.0,0.4025700832689894,0
138.0,0.2953944683878859,1
77.0,0.3996912637015511,0
62.0,0.2957512462153861,0
114.0,0.2920624517944495,1
118.0,0.3992258117344118,1
79.0,0.40322047793169663,0
90.0,0.29617634625641526,0
148.0,0.292439978504482,1
77.0,0.39964596307519834,0
173.0,0.29551721656517227,1
128.0,0.40070783329238197,1
120.0,0.4041214936731512,1
30.0,0.405257054611736,0
73.0,0.2978774494324786,0
103.0,0.29435087956903533,0
124.0,0.398832335865621,1
101.0,0.4032941532158062,0
58.0,0.40247816338436493,0
144.0,0.29526863743029763,1
133.0,0.40014946923987066,1
126.0,0.40369679307721834,1
73.0,0.4048180194949582,0
116.0,0.29751386443024314,1
38.0,0.4026652051757863,0
121.0,0.2978694213628905,1
29.0,0.403608473962704,0
47.0,0.2982873774464285,0
44.0,0.2955249413894578,0
142.0,0.29434250386515637,1
115.0,0.40183861777030067,1
92.0,0.4049105982160474,0
44.0,0.29764650612935845,0
102.0,0.2947117158738235,0
132.0,0.3993317280609385,1
52.0,0.4031032959846692,0
115.0,0.2961008811733252,1
50.0,0.4018655167697537,0
138.0,0.296476317805322,1
159.0,0.4027810845141125,1
42.0,0.4050623356529147,0
165.0,0.29777062518221115,1
66.0,0.4044341519982998,0
31.0,0.29814537615851133,0
38.0,0.29629424849549113,0
43.0,0.2951736918526172,0
108.0,0.29406676422743727,1
159.0,0.40146132564049736,1
138.0,0.40365739922996974,1
112.0,0.4046716261294216,1
108.0,0.4056657971151466,1
75.0,0.40665578052425516,0
30.0,0.2991531728937955,0
116.0,0.2963082759505691,1
57.0,0.40398978254650053,0
68.0,0.29855826960543297,0
37.0,0.29598381077287983,0
30.0,0.29487139632985765,0
142.0,0.2937888255258463,1
123.0,0.40110405826855283,1
35.0,0.40414274718570325,0
84.0,0.2970287924801946,0
144.0,0.2941430281988505,1
116.0,0.4014620183159069,1
35.0,0.4044803533514453,0
55.0,0.2973264834849221,0
34.0,0.29445753761058996,0
119.0,0.2933636651244337,1
70.0,0.4005850921289775,0
52.0,0.2958522468493779,0
122.0,0.2931097436147157,1
151.0,0.4002487167648994,1
81.0,0.40315801102917487,0
45.0,0.2961905566298559,0
52.0,0.29342752316272697,0
140.0,0.2923591993288039,1
84.0,0.39940074935774994,0
164.0,0.29475534211691157,1
39.0,0.40029592825044397,0
106.0,0.29513700257261344,1
63.0,0.40114250836004495,0
91.0,0.2955103885684232,0
130.0,0.29358686322064625,1
156.0,0.4007880428973395,1
134.0,0.40273649121969674,1
45.0,0.4036768340951507,0
117.0,0.296622086753883,1
63.0,0.4029952230070549,0
124.0,0.2969668011685006,1
