4061.92565769926,0.5,0
1308.3605583880026,0.4545454545454545,1
3330.667713873908,0.6161137440758294,1
1757.4682967011734,0.6249999999999999,1
1730.5718313916466,0.731585816007218,1
1276.6678507168017,0.7484020841037086,1
2470.4757873753406,0.7327220712941952,1
4676.015344124936,0.7191732081908625,0
2840.340518916204,0.45417496714011696,1
2193.144265286468,0.6073868251302943,1
2334.5807426961455,0.6591096244803143,1
4018.2812405253712,0.7032945641136632,0
1278.588470645625,0.4581095454061328,1
1647.6202912958372,0.582985250686127,1
2288.363790070635,0.6463124181932616,1
2233.4691652166375,0.6928644826627863,1
1407.9388800582499,0.715622407456212,1
1968.1508052334225,0.7078976791916132,1
4306.558906718689,0.7318393986367611,0
2094.405198213039,0.41956482239258963,1
3421.2035419068275,0.5833494585686229,1
1536.97014935657,0.6003634973993859,1
3294.758445504739,0.7017203218112107,1
750.4221235151285,0.6737458395555705,1
827.334198345043,0.7075351060007538,1
2048.023308449332,0.7207487675650646,1
1640.6532013890182,0.7116353704649738,1
4127.109304453192,0.7248621243416842,0
3308.175333681727,0.4586271943773334,1
1159.5595530576356,0.5464588771616364,1
2425.4093525558164,0.6758142842015296,1
4774.23388194969,0.7103908545905628,0
3189.2844229589004,0.41384019636615765,1
2447.9091028962143,0.5277035737017592,1
1296.0712794129977,0.6869728319136721,1
2017.9667732777166,0.7153589069763195,1
3405.6104855184626,0.7417712875232507,1
1800.38665366448,0.6448874338733581,1
3349.091784095601,0.7374336835150257,1
3669.2976935593597,0.6425820812245601,0
3643.1855742221974,0.43037569280221505,0
1709.6772589248533,0.34101775140600615,1
1198.5504110159038,0.5537310689877245,1
4951.624622161266,0.6369388891323156,0
1846.5880747621102,0.4345406059751181,1
3644.3730310261944,0.5926844325670073,0
1144.1778024872083,0.4312306655168171,1
3349.0263688321834,0.572539933148987,1
1400.0047041931084,0.6041437178552351,1
4364.349751605698,0.7101679127113487,0
2844.957252935102,0.4705368892458134,1
3673.785975511243,0.6026261919810914,0
569.5171010278666,0.4377183759302924,1
4189.210982900911,0.5487356331660221,0
3654.7327321598063,0.42336124161505306,0
4010.26498335694,0.2908758275349349,0
1651.610103285687,0.25777536569080856,1
3482.0678191283732,0.5195851630011792,1
1392.3730186406983,0.5460323334432237,1
1864.3760074213928,0.6464590858411949,1
3682.0810340044923,0.6897714354642968,0
2002.3273229392626,0.4626311873640242,1
2816.8826567086553,0.6043581075020085,1
2797.6297765030517,0.6448202096320974,1
3032.7299603980928,0.6865491911278492,1
2408.746997566098,0.6540674612260157,1
1191.8837613800883,0.716349053238814,1
2623.8291706708283,0.7265991750273209,1
3671.4126571717125,0.7362108309428025,0
3182.631300891185,0.484551065246739,1
1627.2484555542514,0.5423463428876778,1
3031.90876758277,0.6609575123135867,1
969.5905719901355,0.632365596901535,1
3702.9581750034145,0.7025485700053709,0
2857.3878338689406,0.4269572907575512,1
4587.7239390200475,0.6031124000348322,0
3396.7788902855677,0.43525349299200505,1
1315.0313703421623,0.49766664191710847,1
3646.051164845321,0.675908511389529,0
1329.039156461157,0.41834384280954934,1
4966.094657906671,0.5892270503221781,0
3667.799965654485,0.4288285006510357,0
1864.232656783511,0.3382178843640591,1
2339.423165751178,0.5310614211794854,1
1156.2562836137465,0.6507187572450881,1
1598.1284073141935,0.6769345120470581,1
3241.79483094272,0.6901905227883729,1
1604.8626901604523,0.6528088224515585,1
1731.0630449574817,0.6854475317881545,1
694.9255117827679,0.7089819982210843,1
2064.0393716453837,0.694698602397209,1
2890.156815584709,0.7052077262224907,1
2713.198858764829,0.7202455688279386,1
805.767001751303,0.7039017128006899,1
2591.2457954100455,0.6908770783007128,1
3093.2563844725596,0.7044227138120097,1
2600.4677842892056,0.6282769994898759,1
1774.6854643189288,0.6754559018432412,1
4020.734028979233,0.7043657631484203,0
3174.412620988248,0.43796098198105327,1
3722.052794099138,0.5221575483654972,0
3229.1831748890745,0.4513508952906376,1
1556.7814180120113,0.49452939531403084,1
4356.96830666836,0.6830731566279098,0
4605.493396301482,0.441322024903867,0
3599.9770497969366,0.3272237813558137,1
2847.7781861632147,0.5038886868855057,1
2615.725036150652,0.6303926523190853,1
2262.074960861465,0.6778395012550681,1
3756.6505294884637,0.7043033980340667,0
2149.6158013642707,0.3976838721572053,1
2944.468911464538,0.5910839885400901,1
4628.562283934129,0.6849775360534921,0
3501.7842095702745,0.4393629984973069,1
995.284226078386,0.5262678780381476,1
1483.7354378533535,0.6811452707829408,1
1324.5461759598822,0.7142477209927167,1
1200.8830850134755,0.7405674248458968,1
2271.2703244808918,0.7390617277489965,1
2606.101356267004,0.7487670032275774,1
2332.4883092806185,0.7287687099305025,1
2382.070521315193,0.7427441940465856,1
2840.76908679189,0.7346632158520314,1
799.4957901664286,0.7340648477746963,1
669.9767878452377,0.7341122734101209,1
3798.9926009076335,0.7265061287200884,0
2012.3089570407753,0.43915428425247544,1
2243.038314462104,0.6116673354730282,1
2049.0450430359224,0.6834776915326984,1
3698.9406963310676,0.7199797182516965,0
3442.508280914124,0.4916120560643483,1
3358.709761912593,0.5590020799343556,1
2980.185702698708,0.6303339004118476,1
1707.931159661854,0.7244583299536465,1
2040.307389889221,0.7534454371788738,1
2242.0813713987445,0.7401855272370409,1
4014.0108533437474,0.7368209245574531,0
1487.2366369046783,0.44826218104820537,1
866.9529471990725,0.5998775814133037,1
978.5754998681736,0.676440671663915,1
3363.327022320678,0.7179522308010011,1
2906.0824191688757,0.6730121486859976,1
4161.236609740682,0.7373168351293,0
4232.413877786369,0.43669768820216065,0
2776.8882061374065,0.38658275041734985,1
4191.428233052465,0.5877173996064441,0
1415.4182195064232,0.41604750738070195,1
2593.072011536126,0.5497973738789358,1
2105.5812648777874,0.6397698625592978,1
1198.0042913299928,0.6901766857580317,1
3683.005480713902,0.7317897745634565,0
902.804174780252,0.44211828097222383,1
1614.0920480037653,0.5999875389797892,1
3266.8730791684134,0.6534514475004783,1
2070.3347370063448,0.6367174281525025,1
1012.1668051470353,0.7074847901543106,1
3686.332312001824,0.7054969584475331,0
3694.339299338413,0.4244044786343241,0
1955.8109425649423,0.3706750281700774,1
2971.4008419741385,0.5564153452210965,1
667.0301882315405,0.647146642680624,1
3419.0264686939245,0.6892019359367305,1
1758.8531803666833,0.627672593859085,1
2046.7759036121224,0.6917271865821146,1
3835.561213573116,0.7174797409603264,0
2442.5744463354395,0.44561438107627255,1
1537.1987195617025,0.5998099950199246,1
1786.1363836404623,0.6560928849182853,1
4419.406885429435,0.701457225151125,0
3071.0255822625027,0.4868354319352756,1
3531.809642653478,0.5533644722828804,1
971.1846683663424,0.6072737397365219,1
1607.8947241283554,0.7103974057464428,1
4386.506200006587,0.7157224808129932,0
2864.7418022386732,0.4738047398239802,1
615.9377649772508,0.5870527473083442,1
2154.219392179534,0.6674542646650115,1
3363.6253890067624,0.7088154635098571,1
3359.8159853180387,0.6759061950446341,1
1006.812085018599,0.6771823821265084,1
4243.84003356883,0.7327309903346344,0
844.3875210291812,0.40077263607038216,1
4511.449077291702,0.5836502545155582,0
4236.979085451463,0.4255066817956287,0
1678.5930983926833,0.28737792761890313,1
2538.8644202687938,0.52054687561338,1
3107.9620122089605,0.6181355742763777,1
3100.7154909099445,0.5919261794941781,1
2234.7022665745512,0.6031588802367043,1
1687.7389204240462,0.6883776314710693,1
3395.3497510015222,0.7066360960599211,1
1939.5904994365671,0.612701118677345,1
2966.416838089352,0.6830037378446508,1
3248.508251222169,0.698239601432833,1
1709.2537230509724,0.6218542863290972,1
3074.4368768875092,0.6886928816512954,1
3030.6339274859492,0.6197858445673705,1
1728.0810300412636,0.621682942978317,1
2173.4106926275963,0.6542360995537578,1
3119.1135283744743,0.6827239097796007,1
2635.7178777718514,0.612461099492567,1
3088.421644236013,0.6577363255058934,1
4159.733662649558,0.6225788925194576,0
3599.585894518883,0.4229758246769524,1
1362.1591698067245,0.5101479342747458,1
2151.366820443141,0.669158063507024,1
1420.2960327396218,0.6924157441187511,1
1302.2553805923621,0.6949725695613174,1
1311.6171326534766,0.7151993477597448,1
3913.625696827631,0.7150384225834091,0
1192.3432905044533,0.45486890710593886,1
3920.362172334741,0.5931405829913358,0
1415.0165159154628,0.4289399798645976,1
835.9161160236469,0.569530606663984,1
3742.645086304747,0.6759647247730632,0
805.4095333024497,0.45292756826255354,1
664.9772368916348,0.5961045896793831,1
3348.9134524158326,0.6753149231843031,1
4047.6629194099614,0.6476637053233217,0
4468.944187798718,0.4381110763207656,0
3065.1054841113914,0.36366982353900756,1
939.0208795916225,0.4867060971436682,1
1608.0666837213112,0.6567932873727107,1
3593.737527242881,0.6921405264216953,1
3100.3295642661487,0.6231088798763654,1
1935.4274109033377,0.6208205484100568,1
1308.9742516562762,0.7100548346211879,1
902.697331976769,0.7341866956696191,1
2849.4612618301853,0.7429421967883536,1
2588.6385710628697,0.7321231020791344,1
4377.11173204019,0.7270120980966138,0
2600.4043967208477,0.47676273982230943,1
1790.4273066071662,0.6200206079242762,1
1630.2119117640252,0.6874249791497054,1
1117.700688658737,0.7240730083655903,1
3237.7519076870276,0.7369711296712372,1
1342.3224656632615,0.6789054374571966,1
2171.052676526518,0.7207764255193326,1
3130.121435979423,0.7180320031990133,1
3276.4560572592945,0.6706392199234217,1
3357.9871041047995,0.6656847548515669,1
1201.443238322974,0.6669325864608938,1
2608.951263985556,0.7264203778305214,1
3918.090480053665,0.7267809234103073,0
2409.086574767279,0.4320181316266007,1
4513.536663731101,0.5937607395408988,0
4527.918058707685,0.42592654433461774,0
745.6451193336399,0.3384112325564874,1
677.992990874412,0.5400455724861537,1
1011.4826376535535,0.6174190675704274,1
3750.7854234401575,0.670852804115696,0
3952.5462166784837,0.475904084123951,0
2337.4631206570302,0.4038960890172938,1
1718.374528654876,0.6121440491166577,1
1246.3131684040309,0.6469498299412155,1
2171.713092818434,0.6908240589410023,1
2172.1518878910456,0.7169741328504402,1
1861.267579973109,0.7032450464254392,1
669.8960868108884,0.7220656314807992,1
4882.600493775446,0.7101876083625643,0
4076.8866229202476,0.44573665574209603,0
518.5541203401849,0.3629200746605473,1
3532.2143143306357,0.5870817025035214,1
3135.3082230474647,0.5809508002077837,1
1651.0663822893648,0.6207756903203345,1
790.2612996139154,0.7058628409927381,1
2719.409467117811,0.6852424720146297,1
2323.9917281140674,0.7073098841099363,1
4134.933506698026,0.7248790080077266,0
2922.363833502911,0.4000242668935797,1
3918.4529953274196,0.5927940384828388,0
619.0613766542873,0.42076802374485767,1
3613.4750144437785,0.5482503774581493,0
2497.7565291395076,0.4231886177187672,1
1009.8038396719396,0.554620746177186,1
4285.143556594985,0.6944037988647871,0
1843.9049540025733,0.4442798818032442,1
2747.006086179057,0.6046314355239508,1
2904.073075581195,0.704674026906212,1
934.863732492081,0.7307213017081294,1
2051.4842766153606,0.732439952997481,1
927.9166104103371,0.7107426852998463,1
2612.4283458364634,0.7407779336630066,1
1331.2672389671573,0.7242563817978733,1
3492.4719169880473,0.7287321278714218,1
1153.8886437580536,0.6533050664972686,1
3203.6403992400074,0.7319454371021983,1
1642.257447855788,0.6911845578892647,1
1814.6914273750767,0.7432652239343798,1
3684.026640963331,0.7514298434722184,0
2907.1606316463135,0.4925529684490642,1
3040.1055565514694,0.6343890453965595,1
1638.5756873388318,0.6036652367487944,1
3675.064685616044,0.7170539208827322,0
3329.9280134897435,0.4675092220595173,1
2525.509473637497,0.5370555904563618,1
2576.417001290002,0.6842821525357423,1
1528.14706236921,0.7096214830060035,1
2408.920988776604,0.7353290202621464,1
3704.8122851614844,0.744494894107256,0
3233.7441619256374,0.4237325813444656,1
1644.447891216408,0.5183727338827223,1
2392.379879024695,0.675256412155617,1
2683.264539013148,0.7002040270874643,1
2064.501781197459,0.698978556528445,1
2428.8333677468227,0.7234419436674384,1
1115.243536586053,0.7419492446982265,1
2552.728928553046,0.7410616684465267,1
709.701880632344,0.7056136917193259,1
3376.816389265951,0.7331688239927501,1
1409.5804300646414,0.6426953612139655,1
3006.382402421687,0.7303556569536968,1
4238.154414649969,0.6684641070904751,0
716.0770233795629,0.44066462623903696,1
3350.8282989464287,0.5960211719565586,1
842.3862787743499,0.6126278328425934,1
999.0776446546085,0.7171569050143574,1
2085.1375262914326,0.7369065163258837,1
2650.326849635021,0.7408946715749046,1
1569.9482887629085,0.7104407666719931,1
1876.1224052511502,0.7396340621097833,1
2630.3115397176466,0.7325387141401472,1
1286.8266200216858,0.7340047362298461,1
3554.5228719623233,0.7266585215415015,1
1506.0296359313268,0.6702000359585261,1
1925.4144126084736,0.745209682363518,1
2321.4845145193303,0.7324157594626544,1
2281.824904272839,0.7429673104245265,1
3712.8701126632727,0.7108559748366692,0
2625.5765152142753,0.415741977411648,1
686.1766951557526,0.6051379723537584,1
2459.9237865663813,0.7118651576634288,1
4194.177430193071,0.7265410721593026,0
1004.6926045595109,0.49452584680439626,1
1251.1424449106169,0.6157192743823952,1
3508.507610038341,0.674287816526406,1
4396.777396518842,0.6515587083462133,0
3155.354402335899,0.5155000420609919,1
608.3022218422603,0.5582919219756955,1
735.4902446012723,0.6818599501770798,1
807.3284603287708,0.7129899706156058,1
2954.1452619676006,0.7346317084230081,1
4122.150245121339,0.7302329881323222,0
3011.929774446931,0.46465017457364105,1
1885.6784220160978,0.5124030727246183,1
2233.392181662944,0.6575918020002867,1
1303.9757298940872,0.6965411717473442,1
3553.123498547137,0.7085956018665864,1
2654.3718826128434,0.6411035978024249,1
2848.3813688437735,0.6991284046321009,1
2205.9275275676837,0.6926489897079842,1
2421.4758409440024,0.7157315294341753,1
3461.361820148608,0.7100072203859521,1
1621.2820135089887,0.6468138516013792,1
3460.4066271656493,0.7233206482338848,1
1000.3240041595695,0.6783130462429365,1
3433.5688420150286,0.6997386679304147,1
723.3717287795592,0.6589636248278358,1
2126.989889349682,0.719898048577113,1
1860.194288629324,0.6944318579805162,1
3809.8127453132283,0.7140765532370801,0
801.952233289719,0.4525647090387227,1
2089.9532772129705,0.609850170867678,1
3702.620742905584,0.6684915460968268,0
2921.094987664512,0.47131839848859935,1
3409.506077525966,0.6047143778943278,1
2685.671842593275,0.627334276018134,1
1841.8002933468917,0.7169112119030431,1
2313.4595239128266,0.7430163168473902,1
3000.1859556681,0.7197426215310132,1
2734.392695457537,0.6622959210372511,1
513.0988068120183,0.7330792562048007,1
4206.7408094890825,0.7299615657536673,0
4475.447057436739,0.4860948218086144,0
1131.4324750939224,0.4087773440986926,1
4065.1554433781866,0.5991319398553068,0
1956.5412685138922,0.4299943121934832,1
592.4626157628902,0.5739228485163504,1
2405.3587918780554,0.6822819949386172,1
4958.290406399186,0.6978578982770006,0
3441.9248570921177,0.4376657611015858,1
3088.839733614108,0.5351470626686594,1
1803.4123652051778,0.6250273532659956,1
3920.829192956318,0.7196878326020119,0
1293.205198637975,0.4875884940336563,1
4545.750358681216,0.6227067157802721,0
2797.0341996955503,0.4523806333142407,1
623.7338386888457,0.5901169577669875,1
4326.030453315892,0.6642638198343858,0
1447.5451402235021,0.4578560122698647,1
3113.4437103483638,0.5850066725725428,1
3503.5483315858105,0.5939423572620152,1
3928.676856901064,0.6452295374327506,0
1247.675965087683,0.43886939460280106,1
2178.4546158371327,0.5962535716060972,1
2867.0079330633116,0.695948156803543,1
3760.2900737826453,0.7131262687047645,0
2570.7646981366133,0.4754801299964997,1
956.6717956196406,0.61831354020352,1
1588.118143938777,0.6712641089147565,1
1475.1230053433317,0.7160092996822423,1
1640.348325534698,0.7457207069357713,1
3196.0408625536056,0.725606149363438,1
3012.5047738266635,0.6523347256990857,1
1677.8563777996458,0.6533824070292735,1
1598.444544632037,0.7443688335572831,1
4394.2148653374215,0.7462708721107235,0
3978.848747615718,0.45918226029694204,0
2689.3169767498275,0.3779389320776355,1
2764.8723119439574,0.571910639062831,1
2298.7862430911696,0.6556121604524592,1
3600.12821823081,0.690981883805266,0
3085.858611028663,0.45359153461014845,1
3546.062782705451,0.5349481607934543,1
1426.6125222417936,0.6238545095571236,1
3351.9180640141944,0.7189787258108302,1
3255.24872456558,0.674538633630149,1
2846.2719849569926,0.6741556490610533,1
1646.0234981757314,0.7141606013006123,1
1332.3073831385689,0.7115016152405002,1
1468.015980637361,0.6983078745852082,1
1368.0637720695963,0.7304635467691367,1
1411.006784791427,0.7161447003531574,1
1344.6836428621357,0.7212420836257092,1
2960.630271114054,0.7077449822220183,1
2525.5445054598167,0.7091910987465236,1
839.0203139995097,0.7132119121307482,1
2038.8957154769928,0.7220660945932191,1
560.6956937131442,0.7209772414964898,1
3382.178577300702,0.7234796606927131,1
1923.922967962329,0.6384372287738745,1
3966.3233193374035,0.7029405420415058,0
1141.7687467682704,0.4657512830716113,1
2615.3510737425518,0.6035030554382633,1
2250.5594044369436,0.671568889570445,1
3764.5613854718226,0.7012052595354915,0
919.7550256039759,0.4838930406990871,1
1129.34692296496,0.6184844468935472,1
3314.6292392698,0.6631846682914179,1
2074.2539762814913,0.6447397557997241,1
2598.4590878488843,0.7355809882882344,1
772.5446262493366,0.7547328117599996,1
2097.553249561574,0.75304406699681,1
889.7046056141,0.7557036437753228,1
775.3275565027583,0.7600465611937565,1
1125.2368095420775,0.7512214579462257,1
760.0754313612645,0.7368711641292137,1
4129.962817443317,0.714717540545403,0
1975.3601423940968,0.4049805823784179,1
3068.178356330286,0.590901691376368,1
832.6381766204801,0.6254519325611418,1
2589.3338257073146,0.7207500667996203,1
2789.7309420348597,0.7403377636601113,1
2711.8861070243024,0.743807914109856,1
2136.2374545322114,0.7463508037774436,1
4522.42251581027,0.7277091873089316,0
2154.829292885324,0.4809922603517218,1
4513.509093200786,0.6265367022543731,0
1384.550463474699,0.4506591371544679,1
3653.470759578031,0.5894793049769625,0
3745.208245995167,0.45014815366544014,0
1649.5893553827102,0.3552139213342962,1
4977.84300754582,0.5561937229189856,0
2774.9039616620485,0.419811486294994,1
4249.758371182089,0.5683755039107136,0
1963.6700433964047,0.4329161614750322,1
2623.889168765577,0.5383825118445557,1
3002.1798482884524,0.6834455258866297,1
2730.280420575952,0.6456231576248815,1
1491.1786047697415,0.6939987832027295,1
3022.0308347937676,0.7165061495772553,1
1999.3592792077156,0.6598056762564051,1
1108.354753750975,0.707393419156234,1
2780.258661057352,0.7058607022668322,1
4639.591519932164,0.7043176568086372,0
1383.6165623926586,0.4113282890187667,1
3085.3738479265216,0.5870182715575836,1
3637.3951240467477,0.6053371460290764,0
2185.7154831089306,0.4761275106896933,1
1783.0831277506466,0.5951317647620201,1
2011.390422226787,0.6656713805817112,1
1632.6650158509897,0.7083028731376835,1
650.6991653181589,0.732634041594543,1
975.0961318441662,0.7420389657240154,1
3675.058811659259,0.7530705020283497,0
3106.519447992074,0.48321520926772243,1
4008.3965851627427,0.5598709162318944,0
2427.251086575928,0.47695983229818073,1
4386.040391598985,0.581311773851255,0
2944.368692120765,0.45036547834127666,1
684.0164610900908,0.5571122768456301,1
1462.6419488308675,0.6634986671319564,1
2953.866523146565,0.7047942214405762,1
1434.9643452201317,0.7427525430574334,1
1445.558969137769,0.7161918623564575,1
2499.6170690237495,0.7186400240504603,1
2693.5943530572927,0.7069500981738133,1
2507.363040509994,0.7247908824945785,1
919.0308698038381,0.7028137287636882,1
2167.0165749894713,0.7216444579563361,1
