1827.1372380966206,0.5,1
1280.0,0.5533333333333333,1
300.0,0.6427471377927587,1
2261.0,0.7067760408236228,1
1600.0,0.5825901606381773,1
1380.0,0.7366048222518983,1
1150.0,0.7983582254882011,1
405.0,0.8291620329682183,1
680.0,0.8483191719743673,1
2280.0,0.8622251632040379,1
1020.0,0.7595004734661752,1
720.0,0.8423889943097781,1
270.0,0.8750395414162254,1
1428.0,0.8899944096163983,1
930.0,0.8984283214313974,1
2244.0,0.9046599195433216,1
715.0,0.8195073639008628,1
390.0,0.8792735624640426,1
2080.0,0.9025646340148848,1
1904.0,0.8275622989548548,1
310.0,0.8877953131087019,1
2312.0,0.9121284085106891,1
1670.0,0.8447547628896024,1
792.0,0.899236776000357,1
1470.0,0.9213974963259804,1
1780.0,0.9305433850061611,1
720.0,0.9341320958745913,1
1632.0,0.9371017225153736,1
1332.0,0.93940887771817,1
297.0,0.9406224786029124,1
576.0,0.9425648850567112,1
2352.0,0.9440104962403726,1
1884.0,0.8856415459519839,1
1776.0,0.9227509762457196,1
1976.0,0.9380656238792938,1
1683.0,0.9441359289954594,1
546.0,0.9461680823255099,1
1066.0,0.9466856032853519,1
2800.0,0.9478743556593804,0
1845.0,0.8363609479651268,1
3287.0,0.9013366792882896,0
2055.0,0.7821136222273684,1
1155.0,0.7706636033223693,1
360.0,0.8818879166403194,1
1749.0,0.8978754780306635,1
528.0,0.9019133712975148,1
1098.0,0.9048838079231348,1
2873.0,0.9076252933738318,0
1800.0,0.7749682101948663,1
825.0,0.8788054375626713,1
462.0,0.88823798399101,1
1326.0,0.8913899773376585,1
2512.0,0.8944653513596268,1
1080.0,0.7992486070855949,1
585.0,0.8926927539137329,1
2366.0,0.9022889182923419,1
1365.0,0.8138544870372106,1
799.0,0.9002427907989472,1
530.0,0.9096080364984794,1
1275.0,0.912385628746194,1
902.0,0.9145448872658332,1
1995.0,0.9164725621119718,1
396.0,0.918407537469064,1
2175.0,0.9203550820086775,1
532.0,0.8430140557491926,1
578.0,0.9152597216821479,1
1918.0,0.9239686166286354,1
1482.0,0.9261914643547337,1
520.0,0.9277094644329257,1
1452.0,0.9290252615254,1
2958.0,0.9301928730445875,0
2086.0,0.8260450212066683,1
1620.0,0.8185043353325764,1
858.0,0.9090056397761068,1
2197.0,0.915761254695217,1
2074.0,0.8358146824373757,1
1474.0,0.828703526417156,1
3040.0,0.9146565291842442,0
516.0,0.8081749843377812,1
1078.0,0.9012468447929455,1
578.0,0.905353349704699,1
1102.0,0.9074093382003543,1
1104.0,0.9090966092333064,1
2144.0,0.910956519144023,1
1296.0,0.8265229869059362,1
1749.0,0.9109738607491072,1
522.0,0.9158104892027429,1
1120.0,0.9177634298843923,1
432.0,0.9195229388211192,1
336.0,0.9207109408467007,1
1740.0,0.9222665968548394,1
560.0,0.9235371398393767,1
795.0,0.9249446012133544,1
816.0,0.9263393887486464,1
2414.0,0.9276195935922771,1
870.0,0.856505924284601,1
1092.0,0.9265814128700446,1
2355.0,0.9310906941443293,1
1065.0,0.8628598250751762,1
2466.0,0.9294539206628867,1
1176.0,0.8664904103651625,1
2360.0,0.9318032088429908,1
1360.0,0.8708333688327736,1
2755.0,0.933784405159792,0
2988.0,0.84065728469909,0
1428.0,0.8069798688705283,1
2622.0,0.9016985026836851,1
2527.0,0.8287935252192029,1
924.0,0.8156739058701468,1
1656.0,0.9062589454414895,1
990.0,0.917741780976348,1
2310.0,0.9201546030022656,1
1672.0,0.8434463278017833,1
2400.0,0.9135369959557481,1
2380.0,0.845075662125299,1
2197.0,0.8321841621077233,1
756.0,0.8311186303450635,1
2448.0,0.9159180976802355,1
570.0,0.8534316978031595,1
2856.0,0.9206647206293865,0
3000.0,0.8272837713400084,0
1060.0,0.7887080955457351,1
693.0,0.8892694846804367,1
2115.0,0.9061632877012651,1
2329.0,0.8222258477984689,1
592.0,0.8012490960144247,1
910.0,0.8962890070951967,1
1875.0,0.9125463224758976,1
2112.0,0.9160356741546456,1
2584.0,0.8361127966584947,1
2720.0,0.8142802860035729,0
2496.0,0.7831621265292454,1
730.0,0.7826417355473007,1
3260.0,0.8889138388422936,0
2527.0,0.7825061732394332,1
589.0,0.7683315179285916,1
1513.0,0.8792680183607182,1
2416.0,0.891958349754978,1
440.0,0.795271956359355,1
1320.0,0.8862853737081936,1
1566.0,0.8973023605743891,1
1134.0,0.8999491808781886,1
2460.0,0.9016443302162758,1
2064.0,0.8096890791441034,1
2016.0,0.7940480891862759,1
576.0,0.7930115042693079,1
2196.0,0.8946640474717128,1
816.0,0.8177377469462986,1
432.0,0.9002698806179698,1
1660.0,0.9110105397604994,1
2533.0,0.9138198863252164,1
1216.0,0.8312771659893342,1
1672.0,0.9065371633507858,1
300.0,0.9170137227566814,1
748.0,0.9195166736445763,1
663.0,0.9211910074360696,1
407.0,0.9224485871809515,1
1000.0,0.9235826411620783,1
2030.0,0.925014377684068,1
1188.0,0.8511368809969372,1
684.0,0.9170555658335975,1
2698.0,0.9266466867691253,1
1755.0,0.8562921225416573,1
1240.0,0.9201067594617114,1
2983.0,0.9297238439778885,0
3480.0,0.8319901107679305,0
1200.0,0.7970506307260244,1
2106.0,0.8934715581588042,1
760.0,0.8206010581416154,1
833.0,0.8994925016101613,1
1710.0,0.9128727147485147,1
1683.0,0.9162656216608294,1
738.0,0.9178810257594759,1
1241.0,0.919303890015066,1
680.0,0.9205559805667097,1
1815.0,0.9214423205810294,1
2192.0,0.922545701884069,1
2610.0,0.8468866755929771,1
476.0,0.8263529031699851,1
820.0,0.9100667040744927,1
532.0,0.9244636138441364,1
720.0,0.9275792747656146,1
3306.0,0.9291912471620918,0
560.0,0.8313681551358477,1
1469.0,0.9028469994832925,1
1305.0,0.9138445308639576,1
1780.0,0.9165267122073077,1
2822.0,0.9177255870830515,0
2535.0,0.8112192913676592,1
1792.0,0.791973154128038,1
2210.0,0.8919963610523798,1
784.0,0.8125406081879933,1
2295.0,0.8964938579225017,1
1700.0,0.8178737851342691,1
638.0,0.8996345046788062,1
1462.0,0.9105078444329593,1
1111.0,0.9131468332878175,1
2185.0,0.9143830528515358,1
1215.0,0.8318553439120044,1
1120.0,0.906189130771403,1
1524.0,0.9163708712703658,1
893.0,0.9186083362969047,1
2250.0,0.9199213620047969,1
1485.0,0.8421943588435192,1
1144.0,0.9119551682893052,1
1311.0,0.9220545044221612,1
612.0,0.9246099676879643,1
1904.0,0.9256160816988251,1
1666.0,0.9266051380427787,1
1501.0,0.9278562231195063,1
1584.0,0.9286005760870322,1
690.0,0.9298841641115757,1
1386.0,0.9307268024248019,1
780.0,0.9315988333714941,1
522.0,0.9327777109218099,1
1539.0,0.933796870658693,1
1605.0,0.9347286306430835,1
377.0,0.9358813736391337,1
864.0,0.9367517482940638,1
860.0,0.9376550567330867,1
324.0,0.9387802104053251,1
1460.0,0.93967696724434,1
561.0,0.9406335113450792,1
750.0,0.9411840188763583,1
1139.0,0.9421342671801959,1
610.0,0.9427656459592109,1
1272.0,0.943511854526388,1
2652.0,0.9445234522974818,1
350.0,0.8872665160614795,1
1742.0,0.9369780012059524,1
1700.0,0.9452553597805388,1
1386.0,0.947314647045996,1
1428.0,0.9478576241080501,1
2380.0,0.9484578222487376,1
880.0,0.8943346341928543,1
846.0,0.9408554320146684,1
1314.0,0.9481973403405881,1
1536.0,0.9498653514734497,1
3220.0,0.9504612688773459,0
1250.0,0.8650663671543444,1
2212.0,0.9232925214806097,1
1352.0,0.8606839962553634,1
638.0,0.9240328147455201,1
1710.0,0.9331680144267327,1
2839.0,0.9348255813566411,0
990.0,0.8358131640994078,1
2860.0,0.9083020992762306,0
2465.0,0.8027177258954262,1
2085.0,0.790376038206195,1
1224.0,0.7914895868493577,1
2352.0,0.8940456410436664,1
620.0,0.8106435765321784,1
2159.0,0.898556824956051,1
1100.0,0.8171035592743947,1
2310.0,0.9019121216433938,1
1666.0,0.8232450161771212,1
1729.0,0.905236020536164,1
2465.0,0.9137313012959323,1
663.0,0.8325512026411647,1
2520.0,0.9094940402102398,1
1368.0,0.8360740657675957,1
1083.0,0.9119127616592626,1
1206.0,0.9205654657689526,1
1298.0,0.9228317389569805,1
2190.0,0.9242687067531344,1
260.0,0.8501876762363212,1
1484.0,0.9188562973981625,1
1625.0,0.9269183372584735,1
1416.0,0.9289248098500013,1
860.0,0.9302928009069351,1
2088.0,0.9316218942375524,1
1356.0,0.8631711702475913,1
948.0,0.9262059670333049,1
1666.0,0.934111503509505,1
2772.0,0.9355758441387874,0
1302.0,0.842061329030305,1
1340.0,0.9135868411085306,1
396.0,0.9207071681193014,1
1616.0,0.9225559483652704,1
1666.0,0.9237426297481581,1
3180.0,0.9247188369443067,0
1680.0,0.8211875511420609,1
1720.0,0.9032130525108574,1
2460.0,0.9100695594878688,1
1900.0,0.825528748384214,1
736.0,0.907261782412033,1
1936.0,0.9143685374527458,1
2432.0,0.916261527373096,1
2193.0,0.8358827771120829,1
500.0,0.8263362187589722,1
1956.0,0.9127967235299959,1
840.0,0.9204204899728144,1
1898.0,0.9223021233004842,1
858.0,0.9236808315402772,1
1740.0,0.9249077802358514,1
768.0,0.9262224537428886,1
319.0,0.9273698146885947,1
2052.0,0.928598786978538,1
1232.0,0.8580496711478254,1
2220.0,0.9246019299069954,1
656.0,0.8613748119563391,1
2686.0,0.9265276857436545,1
1430.0,0.8638797522860424,1
864.0,0.9282365116489453,1
3060.0,0.9350023967138807,0
1666.0,0.8414889245197711,1
1386.0,0.9146731360216024,1
1794.0,0.920724256955742,1
2720.0,0.922404132919874,0
690.0,0.8187142935101057,1
748.0,0.9034167428242711,1
1392.0,0.9091609403502475,1
900.0,0.9110029438822956,1
378.0,0.9123915354698694,1
1785.0,0.9139136536811736,1
1651.0,0.9150596117202789,1
1368.0,0.9165281402675564,1
1881.0,0.9177241610314412,1
2584.0,0.9187932812035505,1
918.0,0.8395275644167457,1
2358.0,0.9158304771702168,1
1392.0,0.8430949676663897,1
440.0,0.9178520776188512,1
1284.0,0.9240706389789902,1
1316.0,0.9256796533623629,1
2480.0,0.9266553205736836,1
705.0,0.8536552124987337,1
1134.0,0.9233706798187584,1
990.0,0.9291434782388144,1
2040.0,0.9307980785481744,1
2873.0,0.861703938238297,0
1296.0,0.8267628505140322,1
2040.0,0.9116300479270096,1
750.0,0.8354397559634383,1
1824.0,0.9144285459570656,1
2184.0,0.9198958127804405,1
1460.0,0.8425427813227988,1
2520.0,0.9178219831469567,1
1430.0,0.8458096354454444,1
406.0,0.9200431737275465,1
1680.0,0.9254905531363684,1
1620.0,0.9267963718956396,1
2128.0,0.9276728619584478,1
1651.0,0.8558943963361458,1
1720.0,0.9250801951400766,1
1508.0,0.930901608321443,1
644.0,0.9323071948568369,1
468.0,0.9332215132443982,1
590.0,0.934104040178908,1
1836.0,0.9350182903111348,1
270.0,0.9361264832132004,1
455.0,0.9370508187491661,1
1430.0,0.937694488163919,1
1204.0,0.9383113030713234,1
1905.0,0.9390652154893954,1
1530.0,0.9402587043178883,1
1932.0,0.9411234102293811,1
988.0,0.9418682734426835,1
572.0,0.9427782249892723,1
408.0,0.9435981982324824,1
473.0,0.944470794843381,1
741.0,0.9451325205698978,1
1071.0,0.9457044969032854,1
1105.0,0.9464708901204063,1
1020.0,0.9468367180318089,1
2888.0,0.9475104914505091,0
2945.0,0.8591317420886466,0
2100.0,0.8403778566058712,1
624.0,0.8389299757706625,1
495.0,0.920472172763838,1
1356.0,0.9287088461841485,1
1155.0,0.9302183652403885,1
1580.0,0.931425766266292,1
924.0,0.9322833543898847,1
1700.0,0.9330230751192221,1
1615.0,0.9344576301839599,1
490.0,0.9357307310541496,1
1599.0,0.936816365985708,1
988.0,0.9376695491352781,1
910.0,0.9386725675470465,1
1410.0,0.9396686659871031,1
450.0,0.9408138641256352,1
924.0,0.941392048902016,1
765.0,0.9422252141251759,1
2106.0,0.9432129884379976,1
1220.0,0.8852041408425324,1
2278.0,0.9386234562401936,1
1278.0,0.8872669266182359,1
1270.0,0.9401478668715793,1
1840.0,0.9467254819581833,1
1200.0,0.9484383527319306,1
2016.0,0.9495822184621274,1
450.0,0.8975206645654685,1
1056.0,0.9453400325070747,1
2085.0,0.9513741839426535,1
1022.0,0.9013850172638004,1
1120.0,0.9475137016417957,1
2856.0,0.9529264982435819,0
1428.0,0.8699403712412739,1
1887.0,0.928883375933331,1
600.0,0.9351199324374306,1
1020.0,0.9368326547704895,1
2624.0,0.9376415297858807,1
814.0,0.8738835522218774,1
832.0,0.9327564632296856,1
1144.0,0.9393716101769808,1
944.0,0.9411610037315047,1
1056.0,0.9417915883952485,1
2484.0,0.9422146810316445,1
364.0,0.883011886681467,1
407.0,0.9379601488999173,1
1566.0,0.9441647472997684,1
1008.0,0.9457522060099999,1
1111.0,0.946321193495867,1
1188.0,0.9468427658927311,1
1386.0,0.9472784128098667,1
612.0,0.9481386910542898,1
2192.0,0.9488485363006388,1
936.0,0.8956765531065386,1
494.0,0.9443369504461185,1
1044.0,0.950067765956314,1
348.0,0.9511600321370388,1
612.0,0.9514681002884153,1
737.0,0.9519313608057506,1
2790.0,0.9526709228362705,0
868.0,0.8646269197850538,1
1030.0,0.9263990601090157,1
1275.0,0.9322248134469094,1
2808.0,0.9335954707177767,0
897.0,0.8315034105856108,1
435.0,0.9096981465268141,1
2002.0,0.9158762657585406,1
2560.0,0.8354753942320916,1
1819.0,0.8286777538616772,1
1804.0,0.9147842668508942,1
1837.0,0.9215280020491281,1
1232.0,0.9236687106502377,1
1560.0,0.9253516854198935,1
2460.0,0.9267654063720765,1
882.0,0.8553760813658798,1
1570.0,0.9239217119945244,1
2205.0,0.9301510818193951,1
2212.0,0.8611648550562853,1
2220.0,0.8528363118054414,1
520.0,0.8535482338450492,1
693.0,0.9280821319717558,1
3006.0,0.9347798649790604,0
1408.0,0.8336600828669916,1
1472.0,0.9113520745430665,1
1425.0,0.9170449552747548,1
1014.0,0.9186738259332778,1
1326.0,0.9200002871855181,1
3114.0,0.9215123935559739,0
532.0,0.8106014318950083,1
1386.0,0.8998982248832135,1
1298.0,0.9051453465284078,1
1845.0,0.9072265388389955,1
2076.0,0.9090608075243365,1
704.0,0.8232700049133044,1
1353.0,0.9085166381491694,1
1170.0,0.9138094879803125,1
1456.0,0.9156335351047612,1
1764.0,0.9171844256026,1
325.0,0.9189435865900688,1
710.0,0.920466235526558,1
576.0,0.921773709380764,1
2185.0,0.9229574798916177,1
2040.0,0.8473211188497501,1
846.0,0.8419005901452796,1
2346.0,0.9218667273582652,1
1512.0,0.8544068757935935,1
1620.0,0.9248277240706684,1
1935.0,0.9304394534093194,1
486.0,0.9316374930884171,1
2624.0,0.9328707899820048,1
1064.0,0.8655523320667305,1
490.0,0.9299097033585358,1
3120.0,0.9354072336840951,0
1292.0,0.8352193353280732,1
670.0,0.9130965739569981,1
2812.0,0.9181401492199512,0
1740.0,0.8070686005344747,1
1476.0,0.899149720662906,1
2565.0,0.9033799249352032,1
1098.0,0.8131155316635204,1
504.0,0.904049401133082,1
1884.0,0.9085917172684813,1
1310.0,0.9103813494743408,1
930.0,0.9119436730004181,1
1270.0,0.9137068581987807,1
2278.0,0.9152495030512651,1
1501.0,0.8337909210128226,1
2210.0,0.9143170162627681,1
1455.0,0.8386468540193306,1
840.0,0.9169999654156229,1
880.0,0.921935566689085,1
3120.0,0.9234777415743054,0
3080.0,0.8152349322668863,0
1764.0,0.8015866980026086,1
1668.0,0.8987044321747591,1
