529.0,0.5,1
1600.0,0.5263157894736842,1
1456.0,0.6129917657822508,1
2289.0,0.6765464870712785,1
1034.0,0.7239891957355165,1
1364.0,0.7596230439528482,1
460.0,0.7876674332633361,1
480.0,0.8104505620409357,1
2944.0,0.8289472301544242,1
2900.0,0.8438516971406346,1
1500.0,0.8546557286062495,1
3425.0,0.8647669628767934,1
980.0,0.8375831638425758,1
2400.0,0.8662231938864406,1
2156.0,0.880916585116172,1
3640.0,0.8887791417435024,0
1400.0,0.7940927989239204,1
3952.0,0.8371700969107274,0
1904.0,0.7518344666570321,1
1357.0,0.8096845161569916,1
1040.0,0.8213887608041907,1
1260.0,0.8296213613051009,1
1512.0,0.837011215206602,1
3699.0,0.8442402138163682,0
1320.0,0.7621466034206832,1
1118.0,0.8174121133890295,1
882.0,0.8248531685415282,1
2320.0,0.8313955401587823,1
810.0,0.8375578497843207,1
4104.0,0.8434742591045609,0
875.0,0.7680099735116276,1
2436.0,0.8223247368040453,1
1296.0,0.8269674322452338,1
2415.0,0.8327704159641154,1
2920.0,0.8380932080321677,1
1620.0,0.8430226348616591,1
2160.0,0.8475547408072654,1
2499.0,0.8518743611889291,1
2550.0,0.8560491927069713,1
3322.0,0.8600530937547013,1
2160.0,0.8265981610508178,1
3120.0,0.8666149173525712,1
2254.0,0.8353375117926469,1
3080.0,0.8737236248118511,1
2835.0,0.8435021105022681,1
754.0,0.8793947794972473,1
792.0,0.8836941678285573,1
1280.0,0.886984861376231,1
2280.0,0.8899376495344149,1
1012.0,0.8926485640484686,1
2496.0,0.8949483824753423,1
616.0,0.8974017486282087,1
2730.0,0.8995594675730076,1
2626.0,0.9018911998309123,1
1748.0,0.9041443965219282,1
3618.0,0.9062739616516774,0
1120.0,0.8529545776412302,1
1537.0,0.8862851654187345,1
616.0,0.8894564059804329,1
780.0,0.8918599553289667,1
1173.0,0.8939263437424895,1
1175.0,0.8962120415899341,1
2408.0,0.8984443988446473,1
3600.0,0.9004292002060922,1
3660.0,0.8737016293492942,0
1792.0,0.8489450599636148,1
1914.0,0.8841253077149105,1
880.0,0.8867730869706563,1
3344.0,0.8888820611591377,1
2088.0,0.8598000020364147,1
2457.0,0.8930816524752497,1
2472.0,0.895375553610742,1
3500.0,0.8973773418603187,1
2046.0,0.8702498339354753,1
2500.0,0.9010066866405981,1
1450.0,0.9035416727946344,1
3420.0,0.9054053889517225,1
1650.0,0.879800430560138,1
4350.0,0.9080660179160945,0
4088.0,0.8600329727685118,0
1050.0,0.8430911172480063,1
2376.0,0.8792023192081295,1
1060.0,0.8842852926382543,1
3020.0,0.8866991395891979,1
1407.0,0.8566440637726517,1
3072.0,0.8877377882536363,1
888.0,0.8615601716503374,1
693.0,0.8916352225598989,1
2040.0,0.8961350403237467,1
2592.0,0.8981991949904873,1
1704.0,0.8998641619454734,1
2599.0,0.9012760887230827,1
1081.0,0.9028845212094372,1
770.0,0.9043211520877399,1
2775.0,0.9058966789518361,1
1200.0,0.9075299052600173,1
1080.0,0.9091601050002902,1
3425.0,0.9109082337425891,1
2052.0,0.8865651158118673,1
1760.0,0.9106107815964909,1
2325.0,0.9146358418797716,1
644.0,0.9158994656767305,1
2100.0,0.917452728158221,1
870.0,0.9187824964916453,1
2366.0,0.920022099874468,1
1350.0,0.9214118740062858,1
1769.0,0.9225334553069601,1
3450.0,0.9233141200242848,1
4140.0,0.9019612804075173,0
3404.0,0.8767835107803269,1
1450.0,0.876204351541875,1
1584.0,0.9053060673197867,1
3429.0,0.9091028501242472,1
1911.0,0.8841832034288113,1
1160.0,0.9098098732044343,1
1944.0,0.9133073828138956,1
912.0,0.9151775645487451,1
1008.0,0.916224622101089,1
3600.0,0.9175087977721574,1
2266.0,0.8943460913266628,1
1320.0,0.9176314781474817,1
2900.0,0.9213028510214852,1
2850.0,0.9230577557883644,1
1449.0,0.9239052278322182,1
2900.0,0.9250465849674516,1
3475.0,0.9260113087264518,1
3312.0,0.9047396996236271,1
2813.0,0.9034615625073207,1
2150.0,0.9265240604230136,1
3840.0,0.9299395618469372,0
3564.0,0.8854104402255497,1
3175.0,0.8824560990088891,1
3090.0,0.8840048550300854,1
552.0,0.8860218595717825,1
3672.0,0.9131495110796768,0
1200.0,0.8674819195303615,1
3510.0,0.8960557282485262,1
2880.0,0.8697738412733326,1
1755.0,0.8994034030296408,1
1656.0,0.9024063963584166,1
2970.0,0.9041436890155966,1
2912.0,0.9059407746349627,1
540.0,0.9077400582275217,1
2088.0,0.9090920528442831,1
2675.0,0.9107950820879501,1
1350.0,0.9120758669748966,1
4470.0,0.9138300248797409,0
1189.0,0.8658433383837001,1
2460.0,0.8950422792298035,1
2420.0,0.8978460287890904,1
1200.0,0.8997478752225435,1
3364.0,0.9016722286618896,1
2850.0,0.8754190370938646,1
1794.0,0.9038039278886795,1
2784.0,0.9065833336427671,1
3358.0,0.9081477568826242,1
2002.0,0.882813205433423,1
2820.0,0.9094964529299846,1
1950.0,0.9122261430564568,1
748.0,0.9134758016872648,1
2860.0,0.9146949014106622,1
1484.0,0.9162237229637823,1
1357.0,0.9174248126644998,1
3364.0,0.918956903931188,1
1170.0,0.896600067300686,1
1798.0,0.9201230270979491,1
3750.0,0.9230023656438239,0
2842.0,0.879158177756868,1
575.0,0.9056181614822354,1
2240.0,0.9079041393295944,1
3900.0,0.9095792823277068,0
754.0,0.8622824424023223,1
2060.0,0.893184741801222,1
3552.0,0.8955208942857406,1
1932.0,0.8676438604512451,1
3770.0,0.8983723183051218,0
2037.0,0.8503446968912991,1
2860.0,0.8843588773773409,1
2750.0,0.8859261653772281,1
1980.0,0.8877534187830051,1
1350.0,0.889758619751069,1
4176.0,0.8917115687265573,0
2816.0,0.842343232453142,1
1450.0,0.8784325239252788,1
696.0,0.8796514011149581,1
3250.0,0.8815189206272797,1
2808.0,0.8504100768093346,1
1584.0,0.8857396797256493,1
1530.0,0.8871912572351844,1
3454.0,0.8890826266300897,1
1175.0,0.8596559649429282,1
2465.0,0.8929089442334907,1
4082.0,0.8946683207504621,0
2990.0,0.8459367451392166,1
912.0,0.8814600810662985,1
2645.0,0.8827784126555607,1
2856.0,0.8847404903707154,1
2596.0,0.8866795509509872,1
1449.0,0.8883677964108535,1
2208.0,0.8900201882374593,1
1440.0,0.8918659716208273,1
1175.0,0.893408486654029,1
3456.0,0.8950509277338371,1
1920.0,0.866881064771082,1
3213.0,0.8981156374671926,1
2266.0,0.8704723512690624,1
3300.0,0.9010222583376136,1
1827.0,0.8741132971480448,1
700.0,0.903844381052442,1
792.0,0.9055673401980189,1
3456.0,0.9071078323801419,1
3136.0,0.8817118105285459,1
1782.0,0.8827909759335486,1
4410.0,0.9107021830136484,0
3886.0,0.8669396301895136,0
3288.0,0.8593221500347362,1
2706.0,0.8601889925265873,1
2212.0,0.8928659851804903,1
3364.0,0.8954700370475799,1
2310.0,0.8669707755377002,1
1378.0,0.8969183474541612,1
2530.0,0.8997387921867613,1
1800.0,0.9010918866099744,1
1380.0,0.9024222159031741,1
2520.0,0.9040195678970652,1
2190.0,0.905597312954989,1
896.0,0.907139373460354,1
3450.0,0.9086532637011673,1
1500.0,0.8832522485421493,1
2472.0,0.9093545858720683,1
2190.0,0.9120591046832561,1
1836.0,0.913265090324403,1
2378.0,0.9146514529178998,1
2210.0,0.9157654848779323,1
3051.0,0.9167861457245637,1
3289.0,0.8934689585563097,1
1827.0,0.8931639988269335,1
3825.0,0.9187610684827436,0
1976.0,0.8774501197101909,1
1826.0,0.904053434573708,1
2540.0,0.9063179889739654,1
1430.0,0.907923654682393,1
1500.0,0.9092445746824793,1
836.0,0.9103663633634793,1
2553.0,0.911529175549884,1
2328.0,0.9125797519137768,1
1500.0,0.9135886065764045,1
2460.0,0.9147770315723163,1
1170.0,0.916325172616534,1
2140.0,0.9174586972825636,1
2162.0,0.9187255323644612,1
1073.0,0.919818994830611,1
1064.0,0.9208855350392484,1
2691.0,0.9217443882063668,1
2970.0,0.9231917422378587,1
1450.0,0.9242071306571241,1
3220.0,0.9255275465139484,1
2970.0,0.9043857752322645,1
2212.0,0.9263935328871516,1
1863.0,0.9284979019918292,1
3024.0,0.9292132070862044,1
1219.0,0.9092301772668032,1
1092.0,0.9299408883528741,1
1725.0,0.9322287943443526,1
4131.0,0.9335806123744688,0
759.0,0.8923074710101816,1
1189.0,0.9154976315504562,1
3325.0,0.9179891151181185,1
1410.0,0.8948126468346276,1
882.0,0.9192013923669193,1
4082.0,0.921350566357438,0
3300.0,0.8765343360735269,1
2737.0,0.8755224643220617,1
754.0,0.9048299514670679,1
3172.0,0.9069370355775336,1
1080.0,0.8813377975311751,1
2900.0,0.909089702705282,1
1410.0,0.9111600211724205,1
2835.0,0.9127616096835829,1
2268.0,0.9143058885718852,1
2460.0,0.9159034894623334,1
930.0,0.9173317889855779,1
2523.0,0.9184686184175703,1
1764.0,0.9194579713261458,1
1680.0,0.9209065214768719,1
3404.0,0.9224092422207025,1
754.0,0.9009468121065097,1
2688.0,0.9241285422887133,1
546.0,0.9265960307612547,1
900.0,0.9274600967822942,1
3105.0,0.9286138843981054,1
2060.0,0.9083303754150638,1
525.0,0.9296359393925382,1
2180.0,0.9319312548765574,1
2828.0,0.932591512750057,1
3645.0,0.9332239404180697,0
1971.0,0.8910303565311251,1
946.0,0.9148675247685155,1
2400.0,0.9168767892123936,1
3144.0,0.9181691342072109,1
1155.0,0.8954175949708918,1
1161.0,0.9194636582154534,1
1932.0,0.9217076479278605,1
3672.0,0.9230915875185689,0
2856.0,0.8779429224716376,1
2070.0,0.905127987367106,1
2668.0,0.9073431286093013,1
900.0,0.9086263145264447,1
3720.0,0.9102620927137829,0
810.0,0.8637354307237898,1
1720.0,0.8945460127462628,1
3045.0,0.8962340500894671,1
2622.0,0.8685986409777963,1
2349.0,0.8994934366313374,1
1870.0,0.9012955749678806,1
2943.0,0.9028012337873665,1
962.0,0.9045519280339823,1
3321.0,0.9059789244456771,1
3159.0,0.8801683860663736,1
2160.0,0.8814735036915151,1
1824.0,0.9096366908964919,1
1770.0,0.9113601675501138,1
3350.0,0.9127293236719954,1
2128.0,0.8885760589013861,1
2340.0,0.9151036254324847,1
1305.0,0.9171196369871466,1
924.0,0.9187264771667589,1
2808.0,0.9202988559281815,1
2200.0,0.9213387377278637,1
4032.0,0.9226426998386962,0
1560.0,0.8784956122411742,1
1798.0,0.9058809508043209,1
1512.0,0.9075670558351159,1
2904.0,0.9090570423130385,1
1134.0,0.9102583892916862,1
1593.0,0.9118099665386619,1
2322.0,0.9131098716986314,1
1200.0,0.9143661818824002,1
2486.0,0.915509412910936,1
1541.0,0.9167788482879727,1
4408.0,0.918285640275262,0
3132.0,0.8731373188632291,1
988.0,0.8734073859939779,1
2639.0,0.9037064630165431,1
2780.0,0.9054354522486064,1
4050.0,0.90695176221531,0
1480.0,0.8588347937856118,1
2904.0,0.8913317196402389,1
800.0,0.8928776816837781,1
2548.0,0.8947620753912502,1
3420.0,0.8966014548992511,1
756.0,0.8689366363524288,1
4205.0,0.9001402951131539,0
1728.0,0.8523226073441444,1
780.0,0.8865509340409411,1
1690.0,0.8874427212300726,1
1924.0,0.8891748761481894,1
3074.0,0.8911284797689563,1
1950.0,0.862154287302388,1
2737.0,0.8952829360590735,1
1728.0,0.8963269676288257,1
3456.0,0.8981075240699102,1
3892.0,0.8702981989770862,0
3300.0,0.8527835971771176,1
3050.0,0.8538779798454573,1
2829.0,0.8560371013823499,1
2125.0,0.8895836639301595,1
3240.0,0.8904496555584139,1
2175.0,0.861414416584066,1
713.0,0.8947953122452912,1
3567.0,0.8956989552011251,1
4530.0,0.8677998040217009,0
1248.0,0.8509410988852976,1
1764.0,0.8847943161957867,1
3750.0,0.88556528756033,0
2241.0,0.8360978845004117,1
696.0,0.8746278864345761,1
1334.0,0.8749081378638608,1
720.0,0.8770037432084374,1
4088.0,0.8787693512853167,0
3270.0,0.8282082412483189,1
1950.0,0.8322604311723775,1
546.0,0.8705843374610502,1
1161.0,0.8703906858595809,1
672.0,0.8724317096429919,1
1254.0,0.8743587304626024,1
2075.0,0.8762882668263006,1
2626.0,0.878050863694848,1
1944.0,0.8799309725534863,1
1340.0,0.8817547584223284,1
1742.0,0.883389541692625,1
3976.0,0.8852951331220789,0
3256.0,0.8365228329330405,1
2920.0,0.8401076559867586,1
4031.0,0.8767885803501461,0
2324.0,0.8242636573371909,1
1290.0,0.8661022178505049,1
2706.0,0.8654434097000001,1
1456.0,0.8676537227020241,1
3556.0,0.8695941691442607,1
2507.0,0.8354981179297474,1
2565.0,0.8752458003611986,1
2730.0,0.8748417670189917,1
1452.0,0.8767300022186088,1
1155.0,0.8786159805376024,1
2840.0,0.88030415472598,1
3243.0,0.8819771598853959,1
1743.0,0.8505518618288954,1
4582.0,0.8865002581509464,0
2266.0,0.8366985335395574,1
1276.0,0.875617704331577,1
1380.0,0.8752780291740058,1
928.0,0.8771497842705827,1
1872.0,0.8789873433319704,1
3525.0,0.8806227727157652,1
1518.0,0.8489058075461133,1
1113.0,0.8854468413581427,1
2645.0,0.8854788626597297,1
2662.0,0.8870456327201307,1
1104.0,0.8887009065559474,1
3504.0,0.8903076967701331,1
1200.0,0.8606826111001636,1
2574.0,0.8943856049052213,1
2268.0,0.8948587617792141,1
3864.0,0.8964087926540594,0
1260.0,0.8509185790321808,1
4176.0,0.8863774288292673,0
2600.0,0.8366885599716944,1
1586.0,0.8757526375626126,1
2838.0,0.8751475563799018,1
2781.0,0.8769924478957287,1
1760.0,0.8785529242338213,1
3312.0,0.8802324659705242,1
3942.0,0.8485202347349111,0
3090.0,0.8365266238226438,1
1587.0,0.837910314967896,1
2552.0,0.8749658521715797,1
2044.0,0.8742466408423306,1
1660.0,0.8761709391285153,1
2800.0,0.877905413793626,1
3630.0,0.879718709103712,0
2070.0,0.8312177968304391,1
1794.0,0.87165698987408,1
2394.0,0.8706520058602119,1
3240.0,0.8725741452080558,1
957.0,0.839015277631706,1
966.0,0.8781271169818993,1
1536.0,0.8773628720408534,1
480.0,0.8793264259974634,1
2929.0,0.8808455412389363,1
3451.0,0.8823869618683045,1
2700.0,0.8511476710694911,1
1071.0,0.887301199769347,1
3051.0,0.887114029937336,1
2106.0,0.8570421718465151,1
552.0,0.8919637731905254,1
3600.0,0.8917624094317315,1
3146.0,0.8624154362673854,1
2240.0,0.8659125649346638,1
624.0,0.8973163285894584,1
2058.0,0.8974494352387448,1
1742.0,0.8989542168467727,1
1656.0,0.9002770768211648,1
2640.0,0.9014534809426982,1
3550.0,0.9026846053830131,1
1872.0,0.8758278013047394,1
3567.0,0.9061119397569475,1
783.0,0.8788251432212811,1
616.0,0.9082889127436305,1
3564.0,0.9087207260479481,1
572.0,0.8831940437407351,1
2079.0,0.9116488452798165,1
1120.0,0.9122393232553387,1
2565.0,0.9135336079361782,1
1924.0,0.914464651536451,1
2660.0,0.9156616801149924,1
1701.0,0.9170007281113366,1
1886.0,0.9179177500057877,1
2970.0,0.9188033202896456,1
2064.0,0.919867838236038,1
2320.0,0.920919266673484,1
3210.0,0.921802159999744,1
1260.0,0.8997866790520328,1
3696.0,0.9244777370337123,0
3510.0,0.8818556981924539,1
1846.0,0.8834484025935035,1
3451.0,0.9114618735318795,1
1298.0,0.8862805195105764,1
2244.0,0.9141366547391911,1
2002.0,0.914987968306431,1
567.0,0.9162322507364409,1
1780.0,0.9173881418152171,1
1134.0,0.9185368906930463,1
2225.0,0.9196720170085725,1
3051.0,0.9208933643815997,1
2928.0,0.898439660585265,1
3192.0,0.923442255355005,1
2575.0,0.9014093930973028,1
3388.0,0.9251802412068069,1
4077.0,0.9036828421158143,0
1254.0,0.8839635502247377,1
506.0,0.9110512165258864,1
4082.0,0.9115163159441138,0
1071.0,0.8651529630822198,1
2980.0,0.8976441740912978,1
2300.0,0.8978222387227992,1
2622.0,0.8994416806463367,1
3381.0,0.9012178490040037,1
1200.0,0.874513033723459,1
1500.0,0.9054659015097142,1
2500.0,0.9061430638045788,1
1300.0,0.907528941165504,1
2499.0,0.9087580472497684,1
1539.0,0.9103225600514182,1
3454.0,0.9117673490657784,1
3404.0,0.8876041781807514,1
1300.0,0.8902897120862823,1
648.0,0.9168248441062998,1
2800.0,0.917400085899738,1
3024.0,0.9188204236392291,1
957.0,0.8963834173592713,1
3640.0,0.9215493954259206,0
1647.0,0.8776434142141907,1
1000.0,0.9069893235095261,1
2820.0,0.9072776580117848,1
999.0,0.9089660127864818,1
2436.0,0.9103290740537758,1
3472.0,0.911559339097513,1
3800.0,0.887255383108869,0
3080.0,0.869092919379005,1
3332.0,0.870429268260376,1
2088.0,0.8721948003540885,1
2024.0,0.902676773494385,1
4020.0,0.902833466867947,0
1606.0,0.8547538706049427,1
3886.0,0.8900594343031953,0
1326.0,0.8368544448235821,1
2928.0,0.8767340132182573,1
2214.0,0.8757612227755883,1
2670.0,0.8780263794383656,1
950.0,0.8801954712899455,1
2604.0,0.882124979129627,1
1081.0,0.884138268465412,1
1377.0,0.8860095504898353,1
2002.0,0.8879404887754544,1
3016.0,0.8899433352644748,1
2950.0,0.8609642305541242,1
2047.0,0.8953034445011856,1
1464.0,0.8951229729406901,1
2340.0,0.8969276969088142,1
2080.0,0.8985488142361292,1
2289.0,0.9004423890563282,1
1247.0,0.9022277224014102,1
2490.0,0.9035617111393002,1
1134.0,0.905245013578691,1
940.0,0.9065261321934033,1
3444.0,0.9078081451950784,1
1960.0,0.8826720087612698,1
897.0,0.9119521362083783,1
1482.0,0.9121285595937223,1
783.0,0.913790208652029,1
3822.0,0.9148642215096048,0
3198.0,0.8688103379578894,1
2040.0,0.871884035273816,1
1620.0,0.902338770793964,1
1764.0,0.9026345549760078,1
2352.0,0.9044635687677233,1
4260.0,0.9059392585561385,0
3480.0,0.8588980574308309,1
4004.0,0.8626001920745926,0
3075.0,0.8445203176912378,1
1800.0,0.8465444209266471,1
1824.0,0.8824012168699462,1
3381.0,0.8818920967850562,1
1980.0,0.8512084847951796,1
2100.0,0.8883288944938186,1
2300.0,0.887557474138583,1
1700.0,0.8893891617767715,1
1122.0,0.8909955638943752,1
3212.0,0.8928001116902985,1
2100.0,0.8641977199227172,1
529.0,0.8980564395155568,1
2120.0,0.8979455214968494,1
1100.0,0.8996831435061022,1
1224.0,0.9011761810914806,1
1210.0,0.9025325897765275,1
4023.0,0.9038416809427973,0
1254.0,0.8588922417455682,1
2072.0,0.8932439372391185,1
2425.0,0.892577619283777,1
1305.0,0.894363320258208,1
598.0,0.8959845090125292,1
2475.0,0.8976303494859824,1
1160.0,0.8992150951534466,1
2921.0,0.9005379949527212,1
1188.0,0.9018676112965356,1
2964.0,0.9031170397023675,1
2667.0,0.9043864265632908,1
1479.0,0.9058236410679924,1
3828.0,0.9070387230525616,0
3277.0,0.8628257488613547,1
2520.0,0.8664062945671217,1
3700.0,0.8977553576550865,0
1850.0,0.8495221529005638,1
2520.0,0.8864255286902358,1
2320.0,0.8853167918834299,1
1595.0,0.8872965421973926,1
580.0,0.88889059154483,1
2756.0,0.8904996205554724,1
3807.0,0.8921248054889585,0
1404.0,0.8453529020115521,1
625.0,0.8831597967272665,1
3726.0,0.8821094158874941,0
1144.0,0.8338818402795185,1
3648.0,0.8746601446275534,0
2262.0,0.8202557806425601,1
1372.0,0.8647553320506394,1
3045.0,0.862223627426163,1
1540.0,0.8271621045764863,1
1323.0,0.870186930011488,1
1288.0,0.8680499703856837,1
1107.0,0.8702688336933337,1
552.0,0.8720578846043633,1
3129.0,0.8737221268166591,1
696.0,0.8404617403417497,1
3108.0,0.8800543709290353,1
1950.0,0.8442934545979454,1
2325.0,0.8831353533717473,1
1780.0,0.8818205694686693,1
3024.0,0.88353199599021,1
2820.0,0.852644960215988,1
1896.0,0.8891641620122481,1
2820.0,0.8882238950384147,1
2856.0,0.8900127134781846,1
567.0,0.8914528672169068,1
1120.0,0.8929241307958804,1
3129.0,0.8943080218166229,1
3124.0,0.8657031749721296,1
1540.0,0.869812386189662,1
3567.0,0.90006115938671,1
1716.0,0.8704299418921361,1
840.0,0.9026565620622009,1
2190.0,0.9020310261466628,1
1428.0,0.9034794247361552,1
1110.0,0.9046611625895424,1
851.0,0.9058223754690649,1
660.0,0.9071349294219194,1
3250.0,0.9083895003487643,1
1426.0,0.8829197612439603,1
3930.0,0.9121186685485975,0
3650.0,0.868632711337823,0
3528.0,0.867321493175651,1
1344.0,0.8676352031592423,1
1817.0,0.8988357504216465,1
4031.0,0.899081473035726,0
640.0,0.8540318102691377,1
1869.0,0.888590676514143,1
2156.0,0.888560218488691,1
2352.0,0.8901096696372026,1
2646.0,0.891690678711805,1
1711.0,0.8931311256984084,1
2760.0,0.8947272891674761,1
2010.0,0.8960798385755276,1
2688.0,0.8975040511034439,1
1800.0,0.8989418546525403,1
2442.0,0.9002290916383072,1
4030.0,0.9014805454754664,0
3552.0,0.8565256196322621,1
2691.0,0.8592771055617466,1
648.0,0.8919224795674884,1
462.0,0.891984519837234,1
1372.0,0.893478683843496,1
861.0,0.8948871543914305,1
638.0,0.896445698899611,1
2967.0,0.8979573272430531,1
2244.0,0.8994347725301697,1
4020.0,0.9008310199099417,0
2314.0,0.854751678320259,1
754.0,0.8893341605064176,1
728.0,0.8893916661064416,1
3248.0,0.891024007377843,1
3150.0,0.8617894681329007,1
2916.0,0.8654067926738348,1
2530.0,0.896767955865258,1
4710.0,0.8972335243200124,0
1232.0,0.8509782920584849,1
1056.0,0.8865015398410382,1
2886.0,0.8862877275111112,1
1564.0,0.8880574664142235,1
4056.0,0.8896226650224297,0
810.0,0.8416624713674281,1
1920.0,0.8796883567586754,1
1488.0,0.8792807125657837,1
2599.0,0.8811143936478608,1
1060.0,0.8830005218181498,1
1029.0,0.8845633460646264,1
3780.0,0.8863310988966157,0
2898.0,0.8381572646880564,1
1056.0,0.87703989232525,1
3752.0,0.8762010053662082,0
1050.0,0.8259114829046933,1
528.0,0.8678772249023411,1
984.0,0.8664517626898669,1
2619.0,0.868691635642266,1
1161.0,0.8705412529085278,1
1488.0,0.8723519121536201,1
3294.0,0.8742342210395718,1
805.0,0.8413629110987243,1
1800.0,0.8802031321527938,1
897.0,0.8795108406775077,1
1518.0,0.8815955009844668,1
1680.0,0.8833395805977428,1
2760.0,0.8850046354104345,1
1764.0,0.8867212072963304,1
1995.0,0.8884025245734085,1
2886.0,0.8900634093205431,1
2700.0,0.891663126231837,1
3915.0,0.8933233936858584,0
1656.0,0.8467430993284142,1
1820.0,0.8835578196816204,1
1196.0,0.8831270311771213,1
2834.0,0.8849134611896515,1
3425.0,0.8863766285086455,1
2070.0,0.8560931263997543,1
4292.0,0.8913895625224472,0
3014.0,0.8426000105695711,1
2600.0,0.8469539344331093,1
651.0,0.8820106920459105,1
1568.0,0.8813960137708925,1
2156.0,0.8831386748866266,1
2064.0,0.8847911926777602,1
3690.0,0.8863107791465464,0
4004.0,0.8386159957514936,0
728.0,0.8379582841267064,1
2079.0,0.8737539872522851,1
2646.0,0.8739324556757361,1
1872.0,0.8757400011043177,1
1968.0,0.8773454928747377,1
2784.0,0.8790054990116605,1
3509.0,0.880834545261539,1
945.0,0.8492161634876313,1
3920.0,0.8852376086398706,0
2304.0,0.8356770020701886,1
2457.0,0.8743084531661203,1
4176.0,0.8741205868686113,0
3294.0,0.8237212847497362,1
2266.0,0.8281398737591791,1
1450.0,0.8670237641806814,1
3969.0,0.8666513421225401,0
1230.0,0.8154759594731922,1
3976.0,0.8591027807649627,0
2233.0,0.8024996491965608,1
4004.0,0.8496710944640836,0
1525.0,0.790502266229622,1
2760.0,0.8408382167036039,1
2856.0,0.8379311718747542,1
3510.0,0.8407051848660844,1
1100.0,0.8009489711246571,1
2331.0,0.8490831758521148,1
2070.0,0.8467886585507627,1
1104.0,0.8492442200714739,1
1800.0,0.851263487427225,1
2596.0,0.8533280056976991,1
660.0,0.8551885506240308,1
1886.0,0.8571913577386329,1
775.0,0.8590485718597236,1
1242.0,0.8608557194530246,1
3456.0,0.8626285003197363,1
2706.0,0.8270896366602326,1
3750.0,0.8686942712641589,0
3304.0,0.8154051483892205,1
1800.0,0.8211210727127025,1
1725.0,0.8611071540208486,1
1380.0,0.859904942457718,1
4144.0,0.861980921167547,0
1035.0,0.8113577424517682,1
903.0,0.8562996744213767,1
1053.0,0.8543335667057578,1
875.0,0.8564474636190909,1
672.0,0.8581988951984185,1
714.0,0.8598892154827072,1
3780.0,0.8617502335529891,0
2128.0,0.8113727240362585,1
925.0,0.8562812533548663,1
2940.0,0.854137734460892,1
1300.0,0.8563289294553585,1
1320.0,0.8581069957852387,1
2288.0,0.8599021742667207,1
2970.0,0.8615753815949979,1
2139.0,0.8632822747459662,1
756.0,0.8648218854372175,1
1276.0,0.8664118431064238,1
2080.0,0.8680447830665272,1
1820.0,0.8696949924617562,1
3267.0,0.8712119560613177,1
960.0,0.8373210042332928,1
3103.0,0.8765884233624165,1
598.0,0.8408481616011789,1
3168.0,0.8793194872788178,1
1431.0,0.8442446062457779,1
546.0,0.8819511087091267,1
900.0,0.8813632158392226,1
528.0,0.8829494610736993,1
1690.0,0.8843398410492822,1
3146.0,0.8856213039419031,1
1925.0,0.8545668476179239,1
3456.0,0.889678060920011,1
2820.0,0.8577673786941262,1
2340.0,0.8921654501045823,1
1260.0,0.8918554264385423,1
819.0,0.8931340257051522,1
3570.0,0.8943424328167917,1
1560.0,0.8656040502280316,1
2784.0,0.8980088320609922,1
1173.0,0.8981505219394084,1
2373.0,0.8994492207804913,1
2088.0,0.9007753670317002,1
2967.0,0.9018322663012751,1
1122.0,0.902913681159265,1
1817.0,0.9039863403555525,1
816.0,0.905192173228602,1
2420.0,0.9065034138888105,1
2184.0,0.9074780892924847,1
1537.0,0.908483423563571,1
2139.0,0.9096005465306531,1
2496.0,0.9106312337970444,1
1440.0,0.9117385581734695,1
840.0,0.9127742721252982,1
2828.0,0.9139704583996121,1
1380.0,0.9148909905578634,1
2772.0,0.9158429578684353,1
2241.0,0.9169881048483476,1
3066.0,0.918109876842794,1
870.0,0.8951731953480756,1
2000.0,0.9206229662015172,1
2090.0,0.9215168659894957,1
3857.0,0.9225177505302617,0
3250.0,0.8817698143962965,1
999.0,0.8831890010763164,1
2116.0,0.9109665963097971,1
2737.0,0.9115815246977077,1
3003.0,0.912849683404279,1
1113.0,0.8885241397923492,1
2093.0,0.9154219947059943,1
2212.0,0.9160767284155356,1
1568.0,0.9173111675997658,1
754.0,0.9185308248190089,1
2684.0,0.919799102212424,1
2465.0,0.920988750063078,1
2310.0,0.9222045645645468,1
2898.0,0.9233391130382629,1
1911.0,0.9241898889168908,1
1166.0,0.9250787067434543,1
1809.0,0.9259138587147187,1
2000.0,0.9268552038723155,1
858.0,0.9276740820906618,1
3556.0,0.9283737871769991,1
1242.0,0.9081516782515243,1
1344.0,0.9307335999424603,1
3600.0,0.9314143411055705,1
2736.0,0.911901786014208,1
1647.0,0.9333890818328123,1
2418.0,0.9340169986492621,1
1512.0,0.9349902954565468,1
3150.0,0.9355105472131122,1
1148.0,0.9166818866656038,1
1500.0,0.9368628570214033,1
1400.0,0.937955426091254,1
2808.0,0.938508640141555,1
1708.0,0.9393947817511915,1
740.0,0.9404552472674375,1
2214.0,0.9411702055601459,1
1584.0,0.9419839295924767,1
2775.0,0.9426613323386087,1
1300.0,0.9433101143350996,1
2970.0,0.9440525644753645,1
1100.0,0.9451202582703588,1
3240.0,0.9457444208147623,1
2332.0,0.9299093859865442,1
1863.0,0.9467642093142884,1
2112.0,0.9478270981482311,1
2980.0,0.9483627545073169,1
3836.0,0.9488674242527572,0
1512.0,0.9103939019894213,1
924.0,0.9314030628724709,1
1160.0,0.93251056093629,1
2420.0,0.933135672240866,1
1386.0,0.9337359235032288,1
3200.0,0.9349624129296502,1
1680.0,0.9161710226754849,1
1204.0,0.9363212538777371,1
690.0,0.9369232816948747,1
2436.0,0.937599385956793,1
1824.0,0.9384687860076777,1
1830.0,0.9394914263015095,1
989.0,0.9403695857354681,1
3380.0,0.9415835632546324,1
3050.0,0.9244043743280425,1
2726.0,0.925651696003092,1
3990.0,0.9441140151605947,0
1980.0,0.9025582979604131,1
2158.0,0.9255769159722907,1
1470.0,0.9266601601347024,1
3234.0,0.9279606671163733,1
3654.0,0.9073444846597097,0
1972.0,0.8856700214193378,1
783.0,0.9124289218035326,1
3068.0,0.9133988553491214,1
3624.0,0.8895934638319357,0
2436.0,0.8690196138599823,1
1904.0,0.8994052992474451,1
1491.0,0.8999267551607755,1
2684.0,0.9019498865126925,1
1950.0,0.903438811196676,1
1380.0,0.9050039111999283,1
3060.0,0.9064235926426915,1
2800.0,0.8813496585050191,1
840.0,0.910626745263664,1
2160.0,0.911406705559591,1
3540.0,0.9129484680390859,1
4200.0,0.8893632176930163,0
1540.0,0.8698081493178409,1
1872.0,0.9000271484285525,1
2750.0,0.9006812588466838,1
2982.0,0.9023610296139176,1
4230.0,0.9041831378689587,0
2040.0,0.8561815275885806,1
1870.0,0.8908963036489178,1
2314.0,0.8910858656958951,1
2296.0,0.8929761203463032,1
962.0,0.8947500418085168,1
2886.0,0.8966135277998135,1
3045.0,0.8983421400605218,1
3692.0,0.871030995645348,0
3775.0,0.854993134059051,0
836.0,0.8521276923868565,1
3556.0,0.8852297559430433,1
2226.0,0.8534827274993627,1
3042.0,0.888802236616054,1
2240.0,0.8576081037048067,1
1032.0,0.8919407692785136,1
1679.0,0.8925039486705906,1
3078.0,0.8943883508734725,1
2010.0,0.8660135003742241,1
3171.0,0.8983006944957213,1
1525.0,0.8699005480127227,1
1750.0,0.901120377775245,1
2277.0,0.9022244565300048,1
3212.0,0.9039508175255925,1
2376.0,0.8777966774240908,1
2646.0,0.9070739222375838,1
2834.0,0.9080073479591315,1
2300.0,0.9096019888935869,1
2016.0,0.9109549487920239,1
1595.0,0.9121473879375421,1
2553.0,0.9133867297844743,1
2002.0,0.9144203664686418,1
805.0,0.915604655459112,1
2541.0,0.9167167115927686,1
2480.0,0.9180758854797336,1
2280.0,0.9193672272161276,1
3556.0,0.9207571897678346,1
1992.0,0.8986874490548986,1
4031.0,0.9227614155753788,0
2376.0,0.8788549001091001,1
1936.0,0.9070951842919514,1
2139.0,0.9083917845528967,1
2244.0,0.9098213072909649,1
4340.0,0.9110793045560035,0
3857.0,0.8644709028355584,0
2960.0,0.8625525655974323,1
1102.0,0.893571628374618,1
2187.0,0.8950825772889397,1
1950.0,0.8969036095598026,1
1827.0,0.8986902988459358,1
3250.0,0.9003878259180018,1
2992.0,0.8732959572278013,1
1421.0,0.9031890649354903,1
1568.0,0.9045437600153623,1
1131.0,0.9061387828971332,1
2691.0,0.9075895702782036,1
2260.0,0.9089072794286662,1
2970.0,0.9105477241422606,1
1053.0,0.9117913758943418,1
1125.0,0.9134068106918695,1
1708.0,0.9147605057239608,1
1300.0,0.9161147608790254,1
3528.0,0.9172548539801006,1
957.0,0.8940522069183001,1
1144.0,0.9191433127179264,1
924.0,0.9211161694133213,1
2420.0,0.922141561415672,1
1197.0,0.9235878961848768,1
1728.0,0.924895124855236,1
3328.0,0.9258224898311485,1
1564.0,0.9050225938946347,1
2352.0,0.9276685530968315,1
861.0,0.9292527123528954,1
3976.0,0.9302532926343491,0
4170.0,0.8887283828781998,0
