4558.882640646052,0.5,0
2424.0,0.4545454545454545,1
3666.0,0.6161137440758293,0
3480.0,0.4164289788933258,1
1120.0,0.5312527470218426,1
1334.0,0.6417368455942772,1
2212.0,0.6772336909247919,1
2380.0,0.7155429275439961,1
2328.0,0.7450554355957265,1
2184.0,0.7691135645834591,1
3549.0,0.7893251121526528,1
2938.0,0.7569793335682358,1
1679.0,0.817201723144886,1
2583.0,0.8327496130681017,1
4147.0,0.8438846181973738,0
3828.0,0.7427470023528914,0
2900.0,0.6970579864123763,1
1840.0,0.7655358811057446,1
2460.0,0.7839240175353308,1
2912.0,0.7958576600563495,1
1495.0,0.8061881422176257,1
2300.0,0.8152357265099242,1
3915.0,0.8235921414140345,0
700.0,0.7363770779557833,1
2116.0,0.7897972430831496,1
2884.0,0.8015941324321969,1
810.0,0.8097435847838049,1
1680.0,0.8170457708032142,1
3024.0,0.8237875602171851,1
3060.0,0.7859223593151675,1
1932.0,0.7864653318582889,1
3380.0,0.8353706017920245,1
2314.0,0.8047082583502632,1
3000.0,0.8464697029153014,1
1736.0,0.817158184443319,1
3630.0,0.855924357384839,0
3024.0,0.7914152995798208,1
2900.0,0.7907944564366317,1
2925.0,0.8385154552696127,1
2040.0,0.8469828981202989,1
780.0,0.8517415933165837,1
1014.0,0.8556936160006003,1
2950.0,0.8598468594750684,1
3451.0,0.8635112474649697,1
1484.0,0.8305163894051242,1
868.0,0.8665247676643018,1
1848.0,0.8736817377682035,1
2664.0,0.877249657315461,1
3740.0,0.8805116582378336,0
1479.0,0.8204896111244994,1
1248.0,0.8575987384919939,1
1125.0,0.8633929264764482,1
4872.0,0.8669630744202906,0
1848.0,0.8066851977374189,1
1794.0,0.8480027158213314,1
2880.0,0.853013289540904,1
3075.0,0.8562188352918184,1
675.0,0.8207736452281567,1
3024.0,0.8602284191960391,1
1872.0,0.8278992880381794,1
2576.0,0.8659527023293552,1
1288.0,0.8707530817331641,1
3976.0,0.8733626048602838,0
1488.0,0.8156628663285427,1
2898.0,0.8555098789335176,1
952.0,0.8595435618863667,1
2058.0,0.8623839833092052,1
3640.0,0.8652459747120416,0
1610.0,0.8073073403375373,1
1131.0,0.8497584760851168,1
1008.0,0.8529573949564924,1
594.0,0.855894719835659,1
1575.0,0.8584947987152494,1
609.0,0.8612881424964326,1
1400.0,0.8640188786884235,1
2262.0,0.8665943478764601,1
4104.0,0.8691219172822768,0
3775.0,0.814627801493857,0
1566.0,0.7998170293714963,1
2700.0,0.8441404083077392,1
1350.0,0.8491070196289736,1
4408.0,0.8519191742465171,0
2816.0,0.7951850156665483,1
2882.0,0.8383410693976758,1
946.0,0.8422569893031276,1
3159.0,0.8449702749907619,1
1600.0,0.806541598132988,1
1500.0,0.8481091913947889,1
1980.0,0.8522969786386068,1
3680.0,0.8547036950315081,0
1375.0,0.798565872320657,1
2645.0,0.8414934474087739,1
3900.0,0.8449695502402519,0
1320.0,0.7881714262804225,1
2376.0,0.8340363944659459,1
1320.0,0.836601945961281,1
3562.0,0.8391239878538386,1
2600.0,0.799317533300299,1
2772.0,0.843570840452607,1
2772.0,0.8462610768660931,1
1512.0,0.8486112497542744,1
2156.0,0.850906590770916,1
4104.0,0.8531744554918319,0
2725.0,0.7977596896496352,1
1032.0,0.8419378917588107,1
1175.0,0.8440911584360039,1
3498.0,0.8464542090931688,1
1518.0,0.8080254970516946,1
1215.0,0.8508991659433865,1
1197.0,0.8534521269657408,1
1809.0,0.8556948256589423,1
1628.0,0.8578100360862358,1
4234.0,0.85997976512174,0
2079.0,0.8058840904871275,1
2550.0,0.8485738762806566,1
2415.0,0.8506858078097614,1
3266.0,0.8528098596622022,1
4160.0,0.815538400262424,0
950.0,0.8006010459688444,1
3640.0,0.8443361484556053,0
1876.0,0.7869123239059481,1
2730.0,0.8347182489653295,1
704.0,0.8353128510756753,1
1674.0,0.8378706228318079,1
1608.0,0.8403270140691368,1
1040.0,0.8427061142920979,1
3332.0,0.8450063540348364,1
1416.0,0.8062598606781793,1
1288.0,0.8503996411293684,1
3925.0,0.8515309576969589,0
2940.0,0.797509989231477,1
1425.0,0.8431626106684743,1
2470.0,0.8436174790544911,1
3388.0,0.8458104143278637,1
4843.0,0.806988747723954,0
2875.0,0.7951508212383608,1
1150.0,0.8397077107205689,1
1056.0,0.839791567870352,1
2616.0,0.8421456521895364,1
2970.0,0.8443435136096276,1
1980.0,0.8465016635903301,1
1978.0,0.8485984663632586,1
3432.0,0.8508042720882091,1
3672.0,0.8129869892921018,0
1716.0,0.800631886208212,1
2500.0,0.844163833299224,1
5010.0,0.8443309114237394,0
3040.0,0.7891652311081562,1
1036.0,0.7944929572402153,1
1525.0,0.8395932795194312,1
1378.0,0.8391471176400006,1
780.0,0.8414668583960718,1
3198.0,0.8436761068361928,1
1760.0,0.804497278217186,1
1539.0,0.8500330220555637,1
735.0,0.8499079502309992,1
2886.0,0.8520004394597032,1
2464.0,0.8541101190690062,1
3306.0,0.8560887619210501,1
1700.0,0.8193574385961173,1
2576.0,0.8614319229421883,1
1824.0,0.8620134636995149,1
4648.0,0.8638305708035595,0
1020.0,0.812457274258417,1
2380.0,0.8554346171398125,1
4472.0,0.8554293670246196,0
3564.0,0.8029855162351922,1
3090.0,0.807619568736562,1
1742.0,0.8098614701830766,1
3780.0,0.8520881779887051,0
2349.0,0.7964644295317145,1
2360.0,0.8438308879870995,1
925.0,0.8425347072289917,1
2900.0,0.8447818799522332,1
2725.0,0.8468420422630332,1
1260.0,0.8488959435453075,1
620.0,0.8508776631408048,1
4350.0,0.8528548105739069,0
1575.0,0.8007095331894811,1
1276.0,0.8469377202658804,1
1860.0,0.8456430425415841,1
1200.0,0.8478235913913009,1
2457.0,0.849670758458599,1
4644.0,0.851580759822678,0
672.0,0.799210728147343,1
624.0,0.8460310195291068,1
3549.0,0.8445169214706659,1
1276.0,0.8054054883907165,1
3978.0,0.8513232657987632,0
1848.0,0.7954229306124619,1
1664.0,0.8435720065307277,1
3480.0,0.8415189610331354,1
3175.0,0.8019553167643068,1
1520.0,0.808231460788303,1
1500.0,0.8503335933377557,1
3496.0,0.8492053243679447,1
2106.0,0.8110005110448764,1
702.0,0.8558185322038134,1
3240.0,0.8547302315333551,1
2262.0,0.8175538475801749,1
2640.0,0.860706015073549,1
4340.0,0.859826346733248,0
3650.0,0.8093249976596792,0
3423.0,0.8058180799975276,1
726.0,0.8070393116983335,1
728.0,0.849803454050747,1
2000.0,0.8500018633577322,1
3900.0,0.851837149772452,0
1316.0,0.7994012330476059,1
2508.0,0.8448871325275606,1
1482.0,0.8445193898728293,1
2352.0,0.8465706134089643,1
4325.0,0.8484167764367596,0
3216.0,0.7954263294370802,1
2058.0,0.7999502448861487,1
728.0,0.8437870442740512,1
1856.0,0.8432786700146786,1
2835.0,0.8453993710911134,1
3289.0,0.8472678236403983,1
2610.0,0.8085045755896278,1
2751.0,0.8528517544825025,1
1512.0,0.8527256230142495,1
3692.0,0.854681165867631,0
4144.0,0.8029093048267673,0
2346.0,0.7990372516653396,1
3630.0,0.842364333498292,0
2132.0,0.7872199831139981,1
4440.0,0.8345568548540782,0
1638.0,0.7771736132867894,1
3718.0,0.827053261911655,0
2028.0,0.7675810671616452,1
2744.0,0.8200029473151507,1
2220.0,0.8185045395306696,1
1863.0,0.8209084906230488,1
2180.0,0.8229866183493828,1
572.0,0.8251038023055003,1
3068.0,0.8271074918357618,1
2600.0,0.7843743122304258,1
2990.0,0.8335135752672784,1
1326.0,0.8329343911933267,1
900.0,0.8350141396659453,1
2184.0,0.8368891121721032,1
1344.0,0.8388224315038013,1
2625.0,0.8407386651790113,1
1302.0,0.8425815476138014,1
4342.0,0.8443400440725826,0
4650.0,0.7915769623248441,0
3648.0,0.7878112357716784,0
2475.0,0.7814248001758433,1
2730.0,0.8277679900950828,1
3072.0,0.8296932308723487,1
2784.0,0.7874757930804234,1
1300.0,0.8332936678513663,1
3030.0,0.8353922000967617,1
4160.0,0.7941081631487732,0
1932.0,0.7834232633412822,1
3888.0,0.8293955818415407,0
3650.0,0.7739651544273519,0
1475.0,0.7685297292808084,1
2028.0,0.8170393827202805,1
2784.0,0.8191194254133142,1
860.0,0.8211320830755817,1
1886.0,0.8231107316652599,1
1564.0,0.8251134413319284,1
957.0,0.8270678956942715,1
546.0,0.8289897856529691,1
2072.0,0.8308809092766624,1
2912.0,0.8327304826289229,1
936.0,0.8344675818086691,1
2250.0,0.8362566329414325,1
1254.0,0.8379951633039994,1
2190.0,0.8396844621184726,1
3696.0,0.8413089432000203,0
4032.0,0.7885613499451718,0
4075.0,0.7816607106218912,0
2622.0,0.7757293811309599,1
880.0,0.8229034260966717,1
2380.0,0.8272919288781232,1
2678.0,0.8293268515519162,1
1400.0,0.8311916990042184,1
864.0,0.8329106748710884,1
988.0,0.8346683199680967,1
2068.0,0.836377248294912,1
1771.0,0.8381748140996923,1
968.0,0.8399824754315318,1
4890.0,0.8417383735548233,0
1475.0,0.789128915395056,1
2523.0,0.8309249950491693,1
3096.0,0.8349802963549053,1
2990.0,0.7937543922713621,1
1518.0,0.8359159207275619,1
4200.0,0.8401523690638103,0
1449.0,0.7876547574448756,1
1407.0,0.8301214758506796,1
2860.0,0.8339250326394748,1
875.0,0.8358224670449927,1
2568.0,0.8374914946437324,1
3950.0,0.8391962438697954,0
899.0,0.7860183574288249,1
1564.0,0.8291244197030979,1
1375.0,0.8327239995748222,1
1302.0,0.8345341693400291,1
3375.0,0.8362451560264705,1
1870.0,0.7951342095037938,1
2704.0,0.8375284793290864,1
924.0,0.8413051791653056,1
1564.0,0.8431918219827033,1
2507.0,0.8448359927464364,1
3450.0,0.8465476573255243,1
2856.0,0.8074611052865198,1
2704.0,0.8473438283070789,1
1269.0,0.8513614408793774,1
816.0,0.8532287389873144,1
2538.0,0.8548451301185283,1
3840.0,0.8563899453709867,0
2208.0,0.8053147513620724,1
3339.0,0.8445518969212834,1
1152.0,0.8074821406461214,1
3822.0,0.8478598471022323,0
3850.0,0.7980902566661477,0
903.0,0.7907523301269194,1
3294.0,0.8350791420938256,1
2620.0,0.7967963790161003,1
1426.0,0.8387091226612736,1
800.0,0.8430007807079982,1
4524.0,0.8450215508697798,0
3140.0,0.7917820775980167,1
999.0,0.7895061419149955,1
575.0,0.8349332879748586,1
2208.0,0.8390867056102016,1
3423.0,0.8411686010699939,1
3600.0,0.801098081153713,1
2136.0,0.8002632337618912,1
3120.0,0.8440162877077249,1
4860.0,0.8076665591152694,0
2184.0,0.7932489416294874,1
1350.0,0.8367409937529873,1
4814.0,0.8406210439065678,0
4698.0,0.7862760693786656,0
728.0,0.779178083927484,1
1215.0,0.8254583890351419,1
1596.0,0.8298550030985321,1
1612.0,0.8320558895232726,1
3380.0,0.8341471453683093,1
4238.0,0.7928965084785768,0
3275.0,0.7792346192320189,1
1200.0,0.7797690798822987,1
504.0,0.8269706086891483,1
4125.0,0.8310394130271817,0
3552.0,0.7756505730493408,1
3278.0,0.7744499602276114,1
1440.0,0.7767195255420145,1
2772.0,0.8245501272373544,1
3657.0,0.8283604562868014,0
2156.0,0.7727686305505731,1
1700.0,0.8187575966229947,1
2310.0,0.8218633854798968,1
1540.0,0.823946354846428,1
2645.0,0.8259233678156288,1
4077.0,0.8279099304417472,0
2619.0,0.7722821436889454,1
3124.0,0.8186501372721138,1
3800.0,0.77539343341183,0
3680.0,0.7642112514917517,0
4082.0,0.7593892847041085,0
1020.0,0.7545728954122797,1
986.0,0.8049330197341944,1
1400.0,0.8089937417877318,1
975.0,0.8112756441248744,1
2960.0,0.8133957264543884,1
3240.0,0.8154317044572212,1
3210.0,0.7705578250154693,1
2376.0,0.7700722779814303,1
3528.0,0.8187655048632215,1
1606.0,0.7776311773192487,1
2806.0,0.8227459179862328,1
1032.0,0.8273392566302586,1
2691.0,0.8294024702086408,1
2507.0,0.831309776498464,1
3216.0,0.8332878918950394,1
1876.0,0.7916053078655427,1
759.0,0.8337898320542321,1
4368.0,0.8385647530333812,0
861.0,0.7851346030206955,1
3741.0,0.8273435177341859,0
812.0,0.7747400678731827,1
3300.0,0.8195042485964917,1
3339.0,0.7775465658864227,1
5046.0,0.7773240696218718,0
2540.0,0.7673724676632153,1
1430.0,0.8154680454554457,1
2136.0,0.8190337043091375,1
3976.0,0.8211350049863195,0
3696.0,0.7650431834153509,0
805.0,0.7589297485387412,1
2484.0,0.8084861312915698,1
2500.0,0.8123520845504038,1
2047.0,0.8144611256255199,1
2781.0,0.8164064454028048,1
1620.0,0.8183776360181649,1
3950.0,0.8203425373317874,0
1081.0,0.7641940729758894,1
1716.0,0.8109238690771644,1
1848.0,0.8144952738286189,1
2751.0,0.8165316882099942,1
3996.0,0.8184590671725149,0
800.0,0.762436034795235,1
980.0,0.8098187565479765,1
672.0,0.8129565983124662,1
1680.0,0.8149251912395965,1
2568.0,0.8168241148169205,1
3354.0,0.8187112865554375,1
1593.0,0.7742589033081078,1
736.0,0.820452774776693,1
1015.0,0.8241086390346732,1
4230.0,0.8260333405662889,0
4144.0,0.7715424023743436,0
4640.0,0.765338890006845,0
3864.0,0.7611361483839385,0
4536.0,0.7570714117287461,0
1932.0,0.7529690675470294,1
3724.0,0.803406193603744,0
2596.0,0.7499701032073215,1
2496.0,0.7971220338068947,1
3724.0,0.8023121486039555,0
3432.0,0.744228567026805,1
3575.0,0.7412823040292653,1
1305.0,0.7431585736850573,1
2200.0,0.7959727728970979,1
2920.0,0.8011743635912256,1
1584.0,0.8033454306301546,1
1344.0,0.805298064604238,1
2291.0,0.8072268663638417,1
1760.0,0.8091101109687536,1
2415.0,0.8110065031641197,1
858.0,0.8129026466470956,1
3312.0,0.81472174763479,1
1826.0,0.7694975066426553,1
3052.0,0.8143659277007929,1
2520.0,0.7734571127585359,1
2142.0,0.8179236440611861,1
1342.0,0.8235285237683698,1
3328.0,0.825645476023103,1
1525.0,0.7823671160159151,1
4582.0,0.8247982271796604,0
3420.0,0.7744285036771155,1
1980.0,0.7704220223491639,1
1600.0,0.8186031653255517,1
3360.0,0.8243213246270422,1
2160.0,0.7812158023157497,1
1518.0,0.8241592881034393,1
4564.0,0.8296575895325978,0
2160.0,0.7761218708209893,1
4004.0,0.8186812781548742,0
2136.0,0.7666564243112789,1
2407.0,0.8115604672802135,1
1860.0,0.8161682176729154,1
1260.0,0.8181417889493229,1
1896.0,0.8199509175972627,1
3375.0,0.8217474180319727,1
1311.0,0.7777808699330612,1
725.0,0.8217905774890436,1
3192.0,0.8267244981616991,1
3240.0,0.783921511015299,1
946.0,0.7815513272153125,1
4060.0,0.828054955850776,0
4650.0,0.7782403109699977,0
3591.0,0.7705924198319777,1
2024.0,0.7709870923153374,1
650.0,0.8193538056724922,1
624.0,0.8251216110245457,1
3600.0,0.827148775771989,1
2484.0,0.7842259186200387,1
2250.0,0.8265733430367297,1
1260.0,0.8319598274305842,1
5220.0,0.8339164666170852,0
918.0,0.780245389345538,1
1421.0,0.8219253684159177,1
2460.0,0.8269767146973631,1
2730.0,0.8289578348909655,1
2783.0,0.8307648478978956,1
3312.0,0.8325250508449464,1
1606.0,0.7906350864426908,1
3105.0,0.8319411127630716,1
1131.0,0.7941675956331782,1
925.0,0.8350781327383374,1
3108.0,0.8405578895780065,1
4200.0,0.8005560735509863,0
2700.0,0.7858805411452869,1
2241.0,0.8298814592390248,1
2790.0,0.8352938040630707,1
1080.0,0.8372470916958367,1
2376.0,0.8390236863441957,1
4470.0,0.8406927129466687,0
2800.0,0.788054347393697,1
1113.0,0.8286253966724586,1
4080.0,0.8333884164231726,0
696.0,0.7798817054197511,1
2132.0,0.8223531607356799,1
3360.0,0.8268822915667134,1
