5745.20802389896,0.5,0
5100.0,0.4545454545454545,0
4864.810973131345,0.8780487804878049,0
1968.0,0.8708669617287165,1
2444.0,0.9011350499261677,1
1280.0,0.9084553992492461,1
2850.0,0.9147865192447203,1
2794.0,0.9198986270466228,1
3128.0,0.9236724660057724,1
3416.0,0.906729913243425,1
2288.0,0.9076570223201669,1
1372.0,0.9325150124460911,1
2461.0,0.9366913294423428,1
4495.0,0.9402386122994498,0
500.0,0.8621753341278159,1
1980.0,0.8906515210191882,1
1566.0,0.8958116563049645,1
3600.0,0.8997508138031398,1
4316.0,0.8757800750333891,0
1025.0,0.8272978963809303,1
1425.0,0.8659358644515995,1
3024.0,0.871212590050652,1
2030.0,0.8417356992873443,1
1728.0,0.880656580818688,1
2832.0,0.8851368111637592,1
2632.0,0.8891772541871851,1
3933.0,0.8925633045324833,0
2576.0,0.8233303298508985,1
2040.0,0.8634030948926683,1
4300.0,0.8675235317589963,0
1872.0,0.7978444296455947,1
3335.0,0.8448025242492888,1
4727.0,0.8068370064680949,0
972.0,0.7812274566263209,1
1122.0,0.8298729170535988,1
1470.0,0.8315276772898161,1
3510.0,0.8365504852445483,1
756.0,0.7988356774198889,1
3105.0,0.8477343666995355,1
3020.0,0.808678538436675,1
2400.0,0.8159715104178232,1
4060.0,0.8588240287213513,0
6083.569968615138,0.7984760395830719,0
700.0,0.7029141699515197,1
1326.0,0.8480901117746834,1
1826.0,0.8422046606738036,1
880.0,0.846696851667589,1
4104.0,0.8501483593050764,0
2002.0,0.7868188668656172,1
5130.0,0.8371406818506062,0
740.0,0.7683245354887062,1
2880.0,0.8238231875854966,1
4030.0,0.8223089198182658,0
2697.0,0.7572725768777852,1
2856.0,0.8152351427807574,1
1140.0,0.8124561618728852,1
861.0,0.8170689287361939,1
1612.0,0.8207218175852181,1
672.0,0.8243775498919679,1
980.0,0.827878091367997,1
2500.0,0.831327713933448,1
1863.0,0.8346086558881189,1
2980.0,0.837690097274328,1
1958.0,0.84073077449727,1
1225.0,0.8437637679993668,1
3683.0,0.8465812054886689,0
1392.0,0.7873543613628552,1
1525.0,0.8378721958724721,1
1012.0,0.8363106100708421,1
2592.0,0.8397547967138407,1
1080.0,0.8426261914898492,1
696.0,0.8452588542699951,1
1020.0,0.8478947801343313,1
3565.0,0.8505278350420906,1
1998.0,0.8132967893687199,1
3892.0,0.8582654554373697,0
850.0,0.7989252494864182,1
2860.0,0.8469023661574473,1
2400.0,0.8455866435967047,1
3810.0,0.8485907131082332,0
1128.0,0.7920125052572295,1
2072.0,0.8417158822838318,1
1300.0,0.8396446273492089,1
2425.0,0.8427027851779116,1
988.0,0.8451095759670538,1
2400.0,0.8475560364321544,1
672.0,0.8499613049852375,1
3472.0,0.8522977487920859,1
2625.0,0.8149028872105508,1
960.0,0.8595802726184822,1
2834.0,0.8585105695444978,1
4495.0,0.8608403073000012,0
2450.0,0.807387761974057,1
1110.0,0.8532589514365372,1
651.0,0.851644321597913,1
1472.0,0.8541296246496799,1
1817.0,0.856351274549153,1
4950.0,0.8585112320320879,0
1344.0,0.8048272419478758,1
3040.0,0.8515525223641005,1
4872.0,0.8091719754124107,0
3381.0,0.8003218956316265,1
1392.0,0.8019670071136249,1
3402.0,0.846044044471438,1
1352.0,0.8023558456450648,1
1540.0,0.8507858354183617,1
1144.0,0.8484991032083642,1
2440.0,0.8509767670828713,1
3496.0,0.8529919374442712,1
2898.0,0.81574764628073,1
2323.0,0.8604499221391539,1
3920.0,0.8588702082576367,0
2392.0,0.8064794393242162,1
2910.0,0.8527914326227003,1
2100.0,0.8506102240203102,1
600.0,0.8531075322521046,1
630.0,0.8550971605898658,1
1804.0,0.8571550265009795,1
2520.0,0.8591061834173821,1
3234.0,0.8611689660027678,1
2178.0,0.8254018560142278,1
2825.0,0.8679833942255953,1
2958.0,0.8667829351438578,1
3146.0,0.8690037155357021,1
2415.0,0.8348820361283993,1
3030.0,0.8751105038527853,1
3565.0,0.8389898284853559,1
2233.0,0.843896469588074,1
2350.0,0.8795195298538574,1
2834.0,0.8790834646890526,1
3990.0,0.8810369995861145,0
1743.0,0.8325474983814498,1
1239.0,0.8728339332035586,1
4379.0,0.8719417454495684,0
2600.0,0.8224152593020849,1
756.0,0.8650545162002128,1
3090.0,0.8634287873127711,1
3799.0,0.8284396828845,0
2835.0,0.8190254079333608,1
2470.0,0.8590567494079893,1
1200.0,0.8573486170632055,1
520.0,0.859607050219298,1
1464.0,0.8614366407393429,1
2100.0,0.8632828810320001,1
2162.0,0.8650304773988258,1
2982.0,0.8668226593190531,1
1274.0,0.8686838868945691,1
2875.0,0.8702838424408604,1
4176.0,0.8719833481773898,0
1140.0,0.8221142616284487,1
3440.0,0.8652032785113721,1
2346.0,0.8256828943106406,1
2700.0,0.868609041331936,1
1122.0,0.8669727004976275,1
1880.0,0.8689993778234935,1
2886.0,0.8707585505756504,1
2700.0,0.8723903083580433,1
4756.0,0.8742260782927094,0
2156.0,0.8253196868810373,1
1276.0,0.8674569650576472,1
1416.0,0.8656109886906256,1
4176.0,0.8677119777986916,0
4088.0,0.817122785027896,0
3960.0,0.8150282704547583,0
4374.0,0.807534338394847,0
3000.0,0.8004505898705856,1
4002.0,0.8018413443840496,0
3640.0,0.7897637279780605,0
3668.0,0.7826797055077199,0
2160.0,0.7755999246694322,1
1430.0,0.823048892634395,1
621.0,0.826862440450053,1
3108.0,0.8290877787647064,1
2736.0,0.7870167807760801,1
2360.0,0.8315480706010253,1
2220.0,0.8356051894406962,1
3828.0,0.837730037997483,0
1380.0,0.7824119841774301,1
4128.0,0.8268291323209742,0
2156.0,0.7711884277244843,1
3289.0,0.818480605067426,1
2660.0,0.775145912268912,1
2461.0,0.8228075272326721,1
2262.0,0.8257568279053297,1
986.0,0.8279219054784153,1
726.0,0.8300977883196955,1
4860.0,0.8322692755285795,0
4368.0,0.7759901586498857,0
1875.0,0.7684429555663164,1
4212.0,0.8169618738103043,0
2668.0,0.7603257049553804,1
2511.0,0.8091648932468403,1
1590.0,0.8121739591691232,1
2500.0,0.8145322461608063,1
1539.0,0.8168466089975455,1
2241.0,0.8191807669815838,1
4592.0,0.8214093940140452,0
3926.0,0.7636871869479214,0
2331.0,0.7563360242205487,1
2581.0,0.806743833208423,1
1449.0,0.8106559767034853,1
2782.0,0.8130845603156935,1
2240.0,0.8153800876062157,1
1820.0,0.8176580711247977,1
3674.0,0.8198083378647747,0
2494.0,0.7620644809071205,1
1968.0,0.8098046069316451,1
2400.0,0.813353663684435,1
1288.0,0.8156674746205825,1
1470.0,0.8179024624704004,1
704.0,0.8200471271354937,1
1140.0,0.8221220317904031,1
902.0,0.8241888901895243,1
2486.0,0.826245705793866,1
1272.0,0.828409887064898,1
4290.0,0.8304456402051086,0
2323.0,0.7746715266227276,1
754.0,0.8201030920322075,1
2781.0,0.8236718609828115,1
3810.0,0.8257979533956696,0
3910.0,0.7695561291350135,0
2233.0,0.7622405911445269,1
625.0,0.8115283568807056,1
2373.0,0.8156425064582633,1
3652.0,0.8179001261806282,0
4228.0,0.7607227217357438,0
4524.0,0.7530220798104398,0
1218.0,0.7472345467608816,1
3596.0,0.7988922423497687,1
2900.0,0.7551646239814993,1
3796.0,0.8033349933133831,0
3672.0,0.7480131361697829,0
3288.0,0.7390338543681901,1
3900.0,0.7402355171462084,0
2052.0,0.7314476875345998,1
4020.0,0.7852547305526841,0
3654.0,0.7268141976192976,0
1800.0,0.7186854370499607,1
3456.0,0.7743505557395546,1
3402.0,0.7262546203066883,1
2430.0,0.7254820542785791,1
4536.0,0.7809326530252529,0
2444.0,0.7226934609640476,1
1848.0,0.7751472914269062,1
990.0,0.779821732307108,1
1140.0,0.7822387797445071,1
3920.0,0.7845352927559295,0
4860.0,0.7231518439694888,0
1260.0,0.7149772270941164,1
3243.0,0.7711002543115109,1
2816.0,0.7225096735658401,1
2856.0,0.7755992452675466,1
609.0,0.7808722435384233,1
1600.0,0.783301310352522,1
598.0,0.7855272516512153,1
3200.0,0.7876909968174679,1
3180.0,0.738070869632742,1
2982.0,0.7359891202035491,1
999.0,0.7896015445859959,1
3384.0,0.7956832820160482,1
2300.0,0.747724351949559,1
3248.0,0.7958600991607038,1
3718.0,0.7520902401570292,0
1420.0,0.7392706716917444,1
1475.0,0.7913704480804415,1
2700.0,0.7970002142365392,1
1820.0,0.7992335758872506,1
2212.0,0.8012425068611778,1
4420.0,0.8031635552202838,0
1000.0,0.7451294729224875,1
819.0,0.7931281673816328,1
1606.0,0.7981383934343397,1
2079.0,0.8003237689867319,1
1704.0,0.8022562337943526,1
2475.0,0.8041495825122821,1
2576.0,0.8060693519608749,1
3410.0,0.8079539166021573,1
5040.0,0.7615015266277556,0
1431.0,0.7485217623948781,1
1725.0,0.7991708491268142,1
1900.0,0.8043097487576077,1
2980.0,0.8064099773329818,1
1012.0,0.8083184383282407,1
3696.0,0.8102795682286855,0
4031.0,0.7532785993075145,0
2964.0,0.7447058599304252,1
3159.0,0.7961963990919112,1
4077.0,0.7521694800481632,0
1809.0,0.7400113967217729,1
3302.0,0.7920086243615955,1
3360.0,0.7466009520724532,1
2020.0,0.7451544012435356,1
1150.0,0.7974869198848294,1
1876.0,0.8029319125799274,1
3087.0,0.8050577274876648,1
2684.0,0.7581996703903454,1
1380.0,0.804979590919145,1
4830.0,0.8103100175799446,0
2728.0,0.7535680918428111,1
2415.0,0.8002880902047215,1
3360.0,0.8051250062241935,1
3068.0,0.7584397957120415,1
3500.0,0.7565326610953631,1
756.0,0.7582399690742662,1
3944.0,0.8087618698576979,0
4300.0,0.7556846653251965,0
2548.0,0.747613868458707,1
1470.0,0.7986157345655647,1
702.0,0.8042721654783654,1
3297.0,0.806527702270971,1
2440.0,0.7599276469308588,1
2000.0,0.8062085606843584,1
2882.0,0.8117991175740025,1
2220.0,0.8139502520371735,1
725.0,0.8158152445836311,1
1320.0,0.817629924738267,1
4080.0,0.8194440064911109,0
1460.0,0.7637772125422173,1
4560.0,0.8081878525129282,0
3725.0,0.7549410342521827,0
4592.0,0.746793532407868,0
2200.0,0.7422838547926585,1
4347.0,0.7943072007161035,0
1827.0,0.7404134199023351,1
2700.0,0.7886831958781344,1
580.0,0.7942264807526765,1
2929.0,0.7964643233009986,1
2320.0,0.7984261679729783,1
3834.0,0.8002736861396009,0
825.0,0.74222605020422,1
1311.0,0.7901372340897221,1
3892.0,0.7953618967783368,0
2457.0,0.736826303709942,1
2288.0,0.7861308311347395,1
3549.0,0.7909501010374795,1
2964.0,0.7418218100426122,1
1800.0,0.7914349117769252,1
2783.0,0.7965720512078254,1
3384.0,0.7986850688883196,1
1372.0,0.7506996379083655,1
651.0,0.7986133525831551,1
1296.0,0.8039544831312437,1
644.0,0.8060272864076647,1
3103.0,0.8078063000294586,1
3792.0,0.7612512956431338,0
2576.0,0.7486383129320913,1
4128.0,0.799031106639881,0
756.0,0.7449217359926686,1
3570.0,0.7934213637962546,1
650.0,0.7476390849198354,1
2128.0,0.796871831712477,1
1015.0,0.8015912638445213,1
1491.0,0.8035372982554546,1
3381.0,0.8053710149161064,1
2247.0,0.7583833775823282,1
2016.0,0.8053535997083769,1
1869.0,0.8103954646031,1
2175.0,0.8123505614277182,1
1298.0,0.8140714453433252,1
2520.0,0.815750215301325,1
2058.0,0.8174095937189984,1
1533.0,0.8191136921227399,1
1890.0,0.8208191492483956,1
2806.0,0.8224962851768072,1
1720.0,0.8240604812586748,1
2522.0,0.8256036458110365,1
3224.0,0.8271769014808361,1
1840.0,0.7840694457137447,1
3381.0,0.8261529374790479,1
650.0,0.7873730470570138,1
3304.0,0.8291239324717703,1
667.0,0.7911086599648842,1
2860.0,0.8321663491492269,1
4380.0,0.837655157918615,0
2100.0,0.7863166181390632,1
1650.0,0.8267145322688462,1
2250.0,0.8318036976765045,1
1056.0,0.8336180250273868,1
754.0,0.8352170423617724,1
2100.0,0.8367155262409156,1
2640.0,0.8381730094768118,1
3146.0,0.8396818367250115,1
616.0,0.7988394694892208,1
2499.0,0.8382974801242633,1
1428.0,0.8436462296739347,1
650.0,0.8455906726621473,1
1020.0,0.8471294737991139,1
1650.0,0.8486218649585822,1
4590.0,0.8500518604432017,0
1978.0,0.8004122190200332,1
4872.0,0.838180266343377,0
3322.0,0.7908461075303788,1
3264.0,0.786772051192062,1
2553.0,0.7879587991820944,1
1560.0,0.833445226018361,1
1254.0,0.8388655333994427,1
2436.0,0.8407137046641409,1
4158.0,0.842188961160871,0
700.0,0.7917367428382946,1
902.0,0.83173808087142,1
4088.0,0.8362454898513183,0
1210.0,0.7848835518890351,1
1817.0,0.8264913126004017,1
2990.0,0.8308526424099277,1
1180.0,0.8324869053810712,1
5040.0,0.8339618566257201,0
1632.0,0.7817059562692279,1
2016.0,0.824159683653181,1
2925.0,0.8283042255718873,1
2484.0,0.8299445075530613,1
4650.0,0.8315198740887446,0
1488.0,0.7790079216658059,1
2080.0,0.8222249881194362,1
2360.0,0.8260685881513196,1
3976.0,0.8277898906540279,0
2457.0,0.7744274111201126,1
2156.0,0.818790779467413,1
2349.0,0.8224502386364425,1
4050.0,0.8241443295496828,0
975.0,0.7702739397421299,1
1104.0,0.8157019069713335,1
2920.0,0.8190604498685371,1
3510.0,0.8206741472920764,1
3080.0,0.7762682038742412,1
3360.0,0.7755481573003878,1
2580.0,0.7772105035840673,1
675.0,0.8245354554530369,1
3402.0,0.8284282803356801,1
4680.0,0.7855651287505571,0
1196.0,0.774887765036529,1
2070.0,0.8213731189946692,1
1898.0,0.8248198372490476,1
3870.0,0.8264159795447145,0
4428.0,0.7728436338292718,0
3567.0,0.7674729604738315,1
3255.0,0.768117315618782,1
2226.0,0.7699181176517024,1
4256.0,0.8184084582528681,0
1430.0,0.7662922423843549,1
1820.0,0.8125346749943231,1
3240.0,0.8158231568811386,1
1113.0,0.7705897473038417,1
4472.0,0.8171273474408985,0
1288.0,0.7641763542454187,1
1000.0,0.8110200234609787,1
1650.0,0.8141149833613464,1
2916.0,0.8158225213823264,1
2553.0,0.817429385738863,1
2132.0,0.8190674696675138,1
4800.0,0.8207109084501703,0
1768.0,0.76649496984118,1
4648.0,0.8130058636686318,0
1326.0,0.7589266456432718,1
3388.0,0.8072221289161913,1
2492.0,0.7614489367797366,1
851.0,0.8103740071651653,1
3416.0,0.813051333110915,1
1660.0,0.7672653096317342,1
2574.0,0.8149350107822807,1
3256.0,0.8178085943038935,1
3402.0,0.77290715620774,1
1500.0,0.7728752019463886,1
4480.0,0.820756754188285,0
5046.0,0.7685667453189274,0
3552.0,0.7638865608627309,1
3675.0,0.76458878605021,0
2825.0,0.7572921246088287,1
3886.0,0.8067819174884772,0
4901.0,0.7517160503161151,0
3336.0,0.7476259097011677,1
4125.0,0.7484534182953402,0
1407.0,0.741597434275824,1
3822.0,0.7935321844800739,0
1408.0,0.7359469606836065,1
2842.0,0.7885522445547924,1
4740.0,0.7903726760922634,0
2604.0,0.7317828183923806,1
4640.0,0.7854781270978457,0
3108.0,0.7257234695589201,1
1617.0,0.727733045843498,1
1484.0,0.7825533479551448,1
2490.0,0.783465096699334,1
2760.0,0.7852492209998745,1
4239.0,0.7869887561783911,0
1541.0,0.727888306305772,1
4930.0,0.7828074808976775,0
2236.0,0.7220729917652976,1
2080.0,0.7784362715908894,1
3280.0,0.7785953115832638,1
3828.0,0.7271719348528976,0
2444.0,0.7225096643678258,1
3796.0,0.7772960432528703,0
2940.0,0.7148484349347913,1
1944.0,0.7731568392250393,1
2856.0,0.7724162739155214,1
1512.0,0.7743275307461849,1
1197.0,0.7760963129140181,1
986.0,0.7778656909033909,1
3220.0,0.7796303173689688,1
1265.0,0.7283023428069931,1
