196.0,0.5,1
170.0,0.4444444444444444,1
160.0,0.8823529411764707,1
82.0,0.887611082070047,0
94.0,0.7193607633362394,0
64.0,0.7024009457432197,0
95.0,0.6729332806671137,0
127.0,0.6435025381175039,1
136.0,0.7471471422932796,1
122.0,0.7718487150496418,1
88.0,0.7854759434496186,0
49.0,0.6337739191924797,0
107.0,0.5945631949728519,1
155.0,0.7050935783646378,1
25.0,0.7287479521025225,0
66.0,0.5833187818153508,0
58.0,0.5495201475936518,0
144.0,0.525607956388408,1
166.0,0.6462746323668268,1
41.0,0.6728334111739287,0
57.0,0.531534192064231,0
108.0,0.4983482029361247,1
70.0,0.6197202014804583,0
72.0,0.4924208396759222,0
118.0,0.4665718539972453,1
94.0,0.5908126429502137,0
171.0,0.4629215932068021,1
92.0,0.5828850206914331,0
85.0,0.45027780641845633,0
172.0,0.43598710411685354,1
72.0,0.5618765224683576,0
145.0,0.42915064917827733,1
163.0,0.5576443529969364,1
36.0,0.5633804083985471,0
51.0,0.43117948317568444,0
70.0,0.4238117482635546,0
130.0,0.41161480851950544,1
28.0,0.5367280493887273,0
115.0,0.4054920394315948,1
151.0,0.534982928705817,1
120.0,0.5377283156725693,1
145.0,0.5465135588239173,1
204.0,0.8384745589252194,1
35.0,0.6403628036022995,0
51.0,0.4234710922581712,0
83.0,0.4174088832209267,0
44.0,0.4067885925355925,0
152.0,0.39660433592273797,1
91.0,0.5202627507388764,0
171.0,0.3959367004757158,1
37.0,0.5197126829081211,0
120.0,0.39221416323219443,1
155.0,0.519470288318516,1
93.0,0.5213397687356992,0
119.0,0.39605561655445737,1
38.0,0.5248730841019306,0
41.0,0.39260349909173187,0
62.0,0.3929037768039464,0
28.0,0.3841035261328428,0
35.0,0.37610801454826465,0
100.0,0.36836133078820416,0
81.0,0.4746289766981832,0
149.0,0.35456991679636823,1
89.0,0.473750350056698,0
49.0,0.353123708909566,0
127.0,0.3480995253057537,1
48.0,0.46754556806234465,0
61.0,0.34639162074209684,0
44.0,0.34310847764580227,0
96.0,0.3368178049157912,0
36.0,0.33077495932212897,0
24.0,0.3249172482906045,0
34.0,0.3192379772894718,0
155.0,0.3137299197188943,1
74.0,0.4290213096303172,0
139.0,0.31645721668815596,1
34.0,0.4312828020378262,0
110.0,0.3163666669692545,1
80.0,0.43348846191393975,0
127.0,0.3162720958657683,1
47.0,0.43568851057109437,0
74.0,0.31616954946215337,0
65.0,0.31696881742465477,0
97.0,0.31188475986064024,0
38.0,0.3071847219563593,0
96.0,0.30260038748169293,0
24.0,0.298136551925527,0
124.0,0.2937887353248388,1
125.0,0.40555478768298076,1
48.0,0.40899766924483427,0
109.0,0.29805152662979434,1
155.0,0.4119115193975398,1
98.0,0.4144849028645494,0
37.0,0.30292235572380555,0
31.0,0.3006616144159045,0
64.0,0.29652123625088794,0
79.0,0.29250401034275786,0
165.0,0.2885832992727271,1
48.0,0.39908041805037264,0
152.0,0.289751625312728,1
168.0,0.40157153156867215,1
147.0,0.4042302367515235,1
48.0,0.4088496831389237,0
162.0,0.29840385418896953,1
52.0,0.4107059041165143,0
55.0,0.29888072303388336,0
44.0,0.297156083145933,0
122.0,0.29343812312404816,1
152.0,0.4042803967890609,1
126.0,0.40686167334655154,1
101.0,0.4111236061967197,0
140.0,0.4074763895856527,1
92.0,0.41161223405153474,0
97.0,0.30109181967234794,0
84.0,0.299309123374366,0
30.0,0.29576415606320827,0
30.0,0.2923142353946064,0
82.0,0.2889357216610401,0
120.0,0.2856257212075347,1
147.0,0.3948718681707045,1
99.0,0.3990773642616956,0
113.0,0.2905220525993629,1
102.0,0.4000179210057397,0
121.0,0.3965681654436922,1
115.0,0.40044566714180463,1
101.0,0.40422976921922604,0
155.0,0.40107800094836726,1
77.0,0.40485477457029045,0
94.0,0.29563386808332437,0
109.0,0.2950727079053631,1
133.0,0.40539796134495604,1
83.0,0.4059081897502535,0
59.0,0.2966732527521239,0
151.0,0.2960663112955021,1
104.0,0.40643820059460534,0
28.0,0.40049037047342834,0
103.0,0.29206698924794877,0
131.0,0.3973177471210375,1
105.0,0.3981795821347316,1
95.0,0.40168377548540346,0
40.0,0.2931373504341858,0
26.0,0.2928180968174507,0
61.0,0.28989604544808684,0
70.0,0.2870780570123076,0
94.0,0.28430776579113537,0
142.0,0.28158410244979787,1
49.0,0.3894376372405887,0
125.0,0.28185374512230243,1
144.0,0.3915085832539882,1
38.0,0.3923539784921538,0
172.0,0.28535221256419285,1
102.0,0.395863850681539,0
90.0,0.3905219161317027,0
51.0,0.28378198215071443,0
94.0,0.28364777977451344,0
111.0,0.2810425387357191,1
90.0,0.38858975357478914,0
164.0,0.28005608142040894,1
98.0,0.39061259537827786,0
44.0,0.28070898063552824,0
59.0,0.2820101606160324,0
174.0,0.2794472846882949,1
146.0,0.3866082296276183,1
132.0,0.3856811216969067,1
162.0,0.3887656951422946,1
100.0,0.39169676628183536,0
138.0,0.3893741846314189,1
140.0,0.3924328209571792,1
131.0,0.3952989280901759,1
72.0,0.3981366377337786,0
65.0,0.2905127638277675,0
27.0,0.2895056440205529,0
148.0,0.28707020176758724,1
114.0,0.3952915518894361,1
118.0,0.3967130684000248,1
74.0,0.39945198485184447,0
174.0,0.291704415371624,1
46.0,0.4010546235228119,0
172.0,0.2922597903802146,1
98.0,0.40275906774078074,0
143.0,0.2927892859148284,1
95.0,0.4044357635810427,0
107.0,0.29329403401743265,1
78.0,0.40608600825048524,0
34.0,0.29377445699896554,0
33.0,0.29563324021602955,0
162.0,0.29318420052684957,1
156.0,0.4021433961960193,1
75.0,0.4003984362886753,0
156.0,0.29278157103496255,1
116.0,0.40574064250232117,1
93.0,0.40348111060957564,0
53.0,0.2954859099345712,0
125.0,0.29704271805284027,1
57.0,0.40633378509671564,0
83.0,0.29391358521754385,0
164.0,0.29616761366227184,1
151.0,0.40523692013863805,1
111.0,0.40263228032442655,1
89.0,0.40524011265950544,0
69.0,0.2969133584245225,0
107.0,0.2983576293068523,1
112.0,0.40775046036767704,1
65.0,0.4058379105333205,0
167.0,0.29759419336114773,1
86.0,0.4110724669211675,0
82.0,0.2978767342071599,0
80.0,0.3002795756264738,0
46.0,0.297975877203529,0
49.0,0.29587795931998306,0
32.0,0.29380019095712906,0
38.0,0.29174857814478394,0
41.0,0.28972244496742894,0
113.0,0.2877213574194114,1
53.0,0.39545827892340935,0
143.0,0.28623240263107935,1
101.0,0.39702314413443157,0
26.0,0.39143205487817023,0
103.0,0.2851952116255726,0
127.0,0.3911169322456662,1
170.0,0.3900082475444632,1
77.0,0.39233154169812595,0
25.0,0.2860047542532975,0
113.0,0.2872149495239875,1
166.0,0.3946579792707255,1
151.0,0.3931062361490315,1
174.0,0.39535961082530136,1
42.0,0.3974827887552455,0
124.0,0.29045231318843473,1
100.0,0.40086816330797737,0
146.0,0.3962517376295264,1
136.0,0.3986240830062646,1
137.0,0.40069045578409257,1
150.0,0.4027495767043972,1
76.0,0.40479257772834426,0
134.0,0.29678583043351303,1
174.0,0.40812303209347217,1
90.0,0.4072455724864467,0
128.0,0.29897822695827986,1
126.0,0.41090190001689725,1
81.0,0.4096906746389456,0
162.0,0.30112821698293823,1
94.0,0.41362854451535847,0
77.0,0.3014299799261636,0
33.0,0.3029604223681103,0
57.0,0.3009863102889404,0
140.0,0.29913214777114916,1
162.0,0.4082852939885463,1
42.0,0.4070462272930539,0
141.0,0.2988862133368829,1
128.0,0.41102122779129957,1
119.0,0.409391975791215,1
29.0,0.4113679145668832,0
64.0,0.30258556923553404,0
26.0,0.3032095969763037,0
128.0,0.3013388366221753,1
159.0,0.4107375298205045,1
142.0,0.41004767440641965,1
37.0,0.4119280531262303,0
141.0,0.3031052022437375,1
92.0,0.4146836440037562,0
116.0,0.3034352553381898,1
169.0,0.41586547050417844,1
71.0,0.4144918231225392,0
59.0,0.3054316128907831,0
90.0,0.3062570186527904,0
70.0,0.3044237365039552,0
79.0,0.30266681025449127,0
170.0,0.30092684015585236,1
40.0,0.4101589022399939,0
39.0,0.2998216247734591,0
73.0,0.30026713972349156,0
99.0,0.29853313355864536,0
71.0,0.2968543313828941,0
99.0,0.2951918298345552,0
92.0,0.2935457380285146,0
155.0,0.2919155308260097,1
168.0,0.39972934950812433,1
53.0,0.40046641446951786,0
69.0,0.2932922419411482,0
95.0,0.29245383554545695,0
149.0,0.29085211960030316,1
46.0,0.3984637106977069,0
154.0,0.29100093652978176,1
139.0,0.3996642669955494,1
114.0,0.3999642371603699,1
117.0,0.40164850742267055,1
151.0,0.40331030473465446,1
67.0,0.4049615607917858,0
127.0,0.29720661731485276,1
120.0,0.4057093228986891,1
101.0,0.407041657521294,0
46.0,0.4056512105372751,0
67.0,0.2976681662065856,0
147.0,0.29605116048999464,1
122.0,0.4043779437116257,1
60.0,0.4059790966518361,0
161.0,0.2981187722121274,1
124.0,0.40667697945999726,1
105.0,0.4080002409708594,1
168.0,0.4095755081530987,1
118.0,0.4111415278427722,1
140.0,0.41269787967129806,1
36.0,0.4142445513746111,0
136.0,0.305323486175751,1
172.0,0.4135235386866275,1
98.0,0.416138210447767,0
70.0,0.30700094869361766,0
26.0,0.3044275948533015,0
157.0,0.30284964076836574,1
122.0,0.412087800481037,1
80.0,0.4149578477402051,0
131.0,0.3059962326397272,1
111.0,0.4142605058719419,1
25.0,0.41682488661605865,0
44.0,0.30763121479266736,0
170.0,0.3050986363204809,1
73.0,0.4146032758157868,0
152.0,0.3066431841501623,1
149.0,0.41563068745978204,1
164.0,0.4175216948525732,1
88.0,0.4189755630118681,0
161.0,0.30952547190001406,1
63.0,0.4187764332107772,0
108.0,0.30983149066876065,1
29.0,0.4197549762137171,0
101.0,0.31013511569479923,0
116.0,0.41706817057668705,1
142.0,0.4185296475719086,1
33.0,0.41994574341861024,0
57.0,0.3104044858714636,0
139.0,0.30926866731464603,1
91.0,0.41927945216597384,0
104.0,0.3094361223617011,0
169.0,0.41665132061014026,1
114.0,0.4177359452199046,1
75.0,0.4191270153307485,0
121.0,0.30971078890837,1
141.0,0.4205045938986679,1
49.0,0.4208229410455038,0
31.0,0.31121308255328173,0
54.0,0.3106277212023524,0
28.0,0.30916618074700514,0
107.0,0.3077219379147278,1
158.0,0.41745960254536085,1
92.0,0.4183061928555546,0
172.0,0.30902117105221033,1
28.0,0.419387703334427,0
170.0,0.3093089758669249,1
26.0,0.4203035915255795,0
76.0,0.3095878885581066,0
35.0,0.30962805819236716,0
71.0,0.30820408970876534,0
161.0,0.30680801467370344,1
107.0,0.41636972794116944,1
84.0,0.4165315144549986,0
89.0,0.3075061568370651,0
75.0,0.30709280592734456,0
59.0,0.3057132335695915,0
126.0,0.3043511715273136,1
98.0,0.413540245601095,0
73.0,0.30433630717621324,0
63.0,0.30381210033269757,0
122.0,0.3024715106143275,1
86.0,0.4113734544279986,0
97.0,0.3023870651767403,0
124.0,0.3019574695899466,1
92.0,0.41076492799004133,0
147.0,0.3015855017615715,1
25.0,0.4116816305826611,0
118.0,0.30188884092304996,1
29.0,0.4125820424882946,0
143.0,0.3021836226931199,1
146.0,0.4134732539878612,1
84.0,0.4119873769327395,0
55.0,0.3036387053599697,0
75.0,0.3046334455549037,0
44.0,0.30330336476499,0
26.0,0.3020281846554134,0
105.0,0.30076158259427377,1
132.0,0.40934496755368827,1
121.0,0.4086342193646712,1
28.0,0.4099030792327283,0
119.0,0.3017912692552975,1
51.0,0.4120757236561215,0
25.0,0.3020659626575159,0
51.0,0.3026648141333519,0
75.0,0.30139048725100837,0
153.0,0.30015371928562007,1
86.0,0.40861178231780193,0
174.0,0.2992268474765541,1
151.0,0.4095037704962481,1
136.0,0.40848741602074057,1
111.0,0.40973198252361914,1
78.0,0.4109314913316996,0
57.0,0.302713737640425,0
87.0,0.30278774787174034,0
154.0,0.301553202509883,1
28.0,0.4101821877602516,0
41.0,0.3009291868283265,0
146.0,0.30109883199531906,1
55.0,0.4096321110784052,0
79.0,0.30020466354414027,0
130.0,0.3006423303663619,1
59.0,0.40908987196028074,0
168.0,0.29949071197889343,1
68.0,0.409957149398022,0
72.0,0.29977447767525983,0
117.0,0.3009306457112719,1
108.0,0.40937344545847504,1
155.0,0.40787211361656167,1
62.0,0.4090859247799728,0
80.0,0.3011455623319583,0
118.0,0.301964699190112,1
142.0,0.41055483477628646,1
91.0,0.40937643724779654,0
98.0,0.30144521766450116,0
87.0,0.3022475938048253,0
162.0,0.30105785533798446,1
39.0,0.4095379250088563,0
46.0,0.29973904143796454,0
146.0,0.3006484729267021,1
135.0,0.40901697613678933,1
140.0,0.4077898253968032,1
120.0,0.4089549953150536,1
129.0,0.4100700637371028,1
25.0,0.4111811242704044,0
126.0,0.3029976332102941,1
156.0,0.413140599268201,1
46.0,0.4125745500733377,0
90.0,0.30423562275436955,0
73.0,0.30448636459345796,0
129.0,0.3033335207790857,1
164.0,0.4120973172229969,1
123.0,0.4117669023472634,1
155.0,0.4128671187378238,1
106.0,0.4139475530537317,1
152.0,0.41502360352892126,1
65.0,0.4160952397944144,0
65.0,0.30730711139352573,0
108.0,0.3063873094835783,1
53.0,0.4155602739854016,0
172.0,0.30660294460360416,1
56.0,0.41631929080086694,0
50.0,0.3068543209407558,0
66.0,0.3065973215390189,0
108.0,0.30547429807708776,1
111.0,0.414499843218102,1
82.0,0.414742280880016,0
160.0,0.30614721395782407,1
68.0,0.41602838698452105,0
166.0,0.30639180474033606,1
51.0,0.41677065657723705,0
154.0,0.3066336118209607,1
89.0,0.41750626305736094,0
37.0,0.306869464108267,0
122.0,0.30767270478358166,1
83.0,0.4169404344383856,0
117.0,0.30618546693988136,1
148.0,0.41770135267188446,1
126.0,0.4160656479690749,1
60.0,0.41714367097038046,0
160.0,0.3082658273717229,1
174.0,0.419921939488268,1
148.0,0.4183708835295239,1
147.0,0.4194326844825706,1
113.0,0.4204366692709149,1
134.0,0.4214377732181417,1
169.0,0.42243496076343673,1
139.0,0.4234282909273004,1
165.0,0.424417680493176,1
67.0,0.4254031289064154,0
147.0,0.3155395626130453,1
64.0,0.42651889858476943,0
98.0,0.31574054413421626,0
158.0,0.31562607356343814,1
93.0,0.42593473334889403,0
160.0,0.31502100384180426,1
111.0,0.42661507981918556,1
77.0,0.42600151539413017,0
53.0,0.31609816149310815,0
83.0,0.3163634737792537,0
92.0,0.3152650996709207,0
157.0,0.3141881071133517,1
67.0,0.42429606520899243,0
170.0,0.3135671307310602,1
86.0,0.4249722456398063,0
104.0,0.3137676010363599,0
164.0,0.42310692621426,1
132.0,0.42258497653841703,1
94.0,0.4235606137335916,0
146.0,0.3139474241607128,1
98.0,0.4257836388522829,0
72.0,0.3141187758440524,0
102.0,0.3150449643456659,0
54.0,0.42271432859357116,0
57.0,0.3114897195889995,0
34.0,0.3119072215372294,0
161.0,0.3108615660749896,1
55.0,0.4204880186055691,0
