1652.0,0.5,1
2808.0,0.5263157894736842,1
3358.0,0.6129917657822507,1
2070.0,0.610788561078993,1
897.0,0.7048755868124207,1
1876.0,0.7533562433941419,1
2618.0,0.7846819415252264,1
783.0,0.8088742735585513,1
1716.0,0.8264470971558406,1
2160.0,0.84011617039803,1
3020.0,0.8522615782311893,1
3240.0,0.8242565816023941,1
4321.0,0.8167054395672733,0
3432.0,0.7452828762606721,1
2480.0,0.7652812819178708,1
810.0,0.8243910044444024,1
832.0,0.8419054873939465,1
3240.0,0.8516935396626174,1
3364.0,0.8214482538917326,1
1625.0,0.8196465180393673,1
2184.0,0.8620331348777025,1
2548.0,0.874891802716562,1
1008.0,0.8811939039121353,1
2706.0,0.8856886116830621,1
2225.0,0.8902308173934338,1
2020.0,0.8946775033690018,1
1675.0,0.8988052514182729,1
3640.0,0.9021112162609997,0
1288.0,0.8321141966100026,1
2540.0,0.8679057233510216,1
1144.0,0.8755571346890785,1
2625.0,0.8805083154790622,1
3645.0,0.8845040503094275,0
1280.0,0.8166984830815274,1
1836.0,0.8576500579526648,1
2716.0,0.8638034517024207,1
3886.0,0.8683646352119885,0
4110.0,0.8001576512899593,0
2600.0,0.7676337512509481,1
2340.0,0.8203424207758552,1
3212.0,0.8308097891544715,1
812.0,0.7927984664056045,1
2160.0,0.8349861922951368,1
4032.0,0.8438837270324584,0
1298.0,0.7753086822356536,1
1740.0,0.8219534212911966,1
2775.0,0.8294196826093573,1
3451.0,0.8342437202664252,1
3780.0,0.7956483558164209,0
1000.0,0.7672462706691591,1
460.0,0.8191429992221915,1
1407.0,0.8252109837588752,1
2772.0,0.8297395700051304,1
825.0,0.8338636974228025,1
2494.0,0.8377180073364108,1
912.0,0.8417129887192949,1
3504.0,0.8453750372965264,1
1326.0,0.8083478565285539,1
1012.0,0.8495663351016126,1
2660.0,0.8554209309920601,1
3248.0,0.8587954259769146,1
3780.0,0.8240817385325854,0
2220.0,0.7988219734926968,1
3800.0,0.8438991277933459,0
888.0,0.7825410116537582,1
1110.0,0.8303539377731829,1
836.0,0.8337791941430682,1
2200.0,0.8372676919694155,1
2618.0,0.840752546713937,1
2592.0,0.8439221737023305,1
2538.0,0.8470249347066017,1
3277.0,0.850016010869837,1
780.0,0.8132508615971171,1
2360.0,0.8548937583569501,1
2755.0,0.8589607548375289,1
3344.0,0.8618316688197981,1
1917.0,0.8273805708037912,1
2829.0,0.865647570167292,1
2030.0,0.8696877695633316,1
4082.0,0.8721290816206871,0
1722.0,0.8162981577150792,1
680.0,0.8566077357250161,1
3886.0,0.8596841810271951,0
1035.0,0.8021667165581247,1
875.0,0.846338029446402,1
2220.0,0.8487045073393704,1
3078.0,0.8515553645943666,1
1682.0,0.8145948357764077,1
2112.0,0.8569419145823262,1
3996.0,0.8595644649756814,0
1173.0,0.8032327486363069,1
1110.0,0.8475192299861621,1
1840.0,0.8490813188584261,1
1224.0,0.8517975980861983,1
2079.0,0.8544292384540503,1
2047.0,0.8569886333045856,1
1848.0,0.8592325859931323,1
820.0,0.861699875214954,1
3042.0,0.8640762109750527,1
2373.0,0.8291682761698187,1
736.0,0.8681944225630772,1
3304.0,0.8704000808342917,1
784.0,0.836853954004808,1
780.0,0.8740276075750794,1
506.0,0.8763156050629958,1
2684.0,0.8782734328543892,1
440.0,0.8802445374894993,1
2470.0,0.8821532904154478,1
3150.0,0.8838462745576021,1
3120.0,0.8530875569008598,1
2523.0,0.8544084753357747,1
1200.0,0.8883069012190572,1
2744.0,0.8908264262487825,1
1058.0,0.8925009008482325,1
1450.0,0.8940944223414644,1
720.0,0.8958546517361416,1
2295.0,0.8972592171384682,1
3537.0,0.8987336155063415,1
4437.0,0.8712843994321976,0
3509.0,0.8521933649653812,1
1560.0,0.853332219795756,1
690.0,0.8873781722247381,1
3171.0,0.8895580761961946,1
3375.0,0.8598914221283673,1
2480.0,0.8613597749822742,1
3618.0,0.8940318955588347,0
3741.0,0.8469119045269885,0
2190.0,0.8360455621322516,1
2232.0,0.8729404257703884,1
3857.0,0.8766129102148563,0
1680.0,0.8257551020443187,1
4089.0,0.8632733061941325,0
4260.0,0.8109580862570058,0
3973.0,0.7998496211510806,0
2187.0,0.789164154365618,1
4312.0,0.8347940743887756,0
2346.0,0.7809663526585284,1
4234.0,0.8250108994477505,0
1050.0,0.7686001572251161,1
2652.0,0.8157746579051245,1
1400.0,0.8199293920783274,1
2200.0,0.8226033733105452,1
2548.0,0.8252714708628381,1
3456.0,0.8278297243173642,1
3100.0,0.7859646320930527,1
2160.0,0.7860691679279355,1
2256.0,0.8326081894739674,1
1824.0,0.8373904898720144,1
2354.0,0.8398422284647925,1
2415.0,0.8420128138476726,1
1640.0,0.8441448300848634,1
4172.0,0.8463039162950432,0
3036.0,0.7904522482105627,1
1176.0,0.789405662150513,1
3625.0,0.8353825976754176,0
2632.0,0.7804887520784319,1
2727.0,0.8260672125996054,1
3666.0,0.829497005353726,0
2581.0,0.7712652955307557,1
924.0,0.8193210676797932,1
1392.0,0.8220259774171021,1
1680.0,0.8246034828132681,1
1378.0,0.8271085338995822,1
2862.0,0.8294934889354931,1
2970.0,0.8318325027680289,1
3256.0,0.834227178344289,1
1320.0,0.793157770308619,1
1152.0,0.8374872807110944,1
3536.0,0.8408447869540882,1
575.0,0.80102375579932,1
2880.0,0.8436678509229714,1
2106.0,0.8471173023605083,1
3220.0,0.8492992296521669,1
3132.0,0.81113467828706,1
1408.0,0.8116017653375698,1
1375.0,0.853671595291223,1
2816.0,0.8573239467325517,1
1872.0,0.859462839018902,1
3836.0,0.8614876949356886,0
2800.0,0.8096357288591468,1
2952.0,0.849582168436951,1
1826.0,0.8527214787627866,1
1827.0,0.854775411804433,1
1144.0,0.856638427444921,1
3952.0,0.8585083782601467,0
672.0,0.8060743813962229,1
945.0,0.8471823150667922,1
4200.0,0.8499316458095345,0
1140.0,0.7958327189200546,1
1702.0,0.839519799199021,1
483.0,0.8416912271272591,1
575.0,0.843868737331186,1
2820.0,0.8459894759879445,1
1426.0,0.8480325920904042,1
1748.0,0.850155141581976,1
3045.0,0.8521708571814445,1
3250.0,0.814562710041084,1
3267.0,0.815937943030123,1
2938.0,0.8180103770359493,1
3720.0,0.8587861207461047,0
2760.0,0.8080801896966645,1
3575.0,0.8493938150649339,1
594.0,0.8115006756069603,1
2730.0,0.8530704340884273,1
2260.0,0.8553784204134367,1
2184.0,0.8572533982355123,1
1540.0,0.8591229329885592,1
600.0,0.8609861694549868,1
1980.0,0.8626473340940524,1
768.0,0.8643635484589774,1
2100.0,0.8660938312066192,1
1034.0,0.8677586344578608,1
1827.0,0.8692986030699478,1
2882.0,0.8708377817468472,1
1960.0,0.872434141629804,1
529.0,0.8741319814089706,1
1071.0,0.8756993862308092,1
840.0,0.8772883107254453,1
720.0,0.8787120125207107,1
2340.0,0.880342883929565,1
2726.0,0.8818327429828461,1
1848.0,0.8834498895248207,1
1980.0,0.884975940354635,1
2583.0,0.8863394093274725,1
1742.0,0.8878193052978163,1
2457.0,0.8894021538660558,1
874.0,0.8907099470532872,1
1760.0,0.892167449897525,1
1113.0,0.8936567659939489,1
3528.0,0.8949949695196091,1
3030.0,0.8664682821378228,1
2600.0,0.865934052664114,1
1204.0,0.8970228466179038,1
1769.0,0.8999500449397848,1
1148.0,0.9013339852507273,1
4284.0,0.902666574897689,0
1584.0,0.8595569280169566,1
2950.0,0.8894042913122089,1
1750.0,0.8920581238228017,1
2160.0,0.8935198667740275,1
2740.0,0.8947745533690956,1
3125.0,0.8960395364461118,1
2000.0,0.8676623283125675,1
2755.0,0.8970987752774953,1
720.0,0.899687658553271,1
2618.0,0.9010786747891473,1
2684.0,0.9024813636857246,1
1800.0,0.9036177922006439,1
2673.0,0.9049646098470554,1
484.0,0.9060105892454949,1
1624.0,0.9072975754779802,1
2600.0,0.9083844360534278,1
2030.0,0.9094175013701151,1
2040.0,0.9107366085526806,1
861.0,0.9119161256322631,1
1440.0,0.9128737325577551,1
1281.0,0.9141247103730228,1
3375.0,0.9150537148740885,1
2860.0,0.8913714476179799,1
1300.0,0.9153798407088409,1
960.0,0.9178508678632239,1
860.0,0.9187905505652183,1
672.0,0.9197690026382673,1
1764.0,0.9209949066328335,1
2700.0,0.9217736329877626,1
3848.0,0.9224390441885844,0
861.0,0.8807255890923867,1
2520.0,0.905855555403531,1
1856.0,0.9086877797351304,1
4020.0,0.9101632096421953,0
888.0,0.8672541468061432,1
2780.0,0.8957179404050637,1
1560.0,0.8981103452292318,1
1219.0,0.8996309254609789,1
1078.0,0.9010977905444094,1
2975.0,0.902349853664704,1
2016.0,0.9036525869427602,1
720.0,0.9051348952414793,1
1725.0,0.9065064488504267,1
2580.0,0.9078421060502674,1
2652.0,0.9088640816262284,1
2090.0,0.9098916025905023,1
2583.0,0.910857073378995,1
1189.0,0.9118296475140455,1
4118.0,0.9129334302792248,0
1380.0,0.8684238417287846,1
1122.0,0.8967223784751946,1
984.0,0.8989831866008325,1
3825.0,0.900463927549906,0
1809.0,0.8533621652892124,1
1980.0,0.8853802609053708,1
2664.0,0.8875629613264894,1
1496.0,0.8894350423595184,1
1218.0,0.8912109975422993,1
2856.0,0.8928336194867827,1
4379.0,0.8946542031546407,0
4140.0,0.8470829165091218,0
1464.0,0.8412932747769101,1
2550.0,0.8766096860641736,1
1364.0,0.8795171037258006,1
1170.0,0.8814330193519548,1
1704.0,0.8832990083678925,1
3036.0,0.8848614059717059,1
2400.0,0.8542818949965056,1
1230.0,0.886938743007569,1
1464.0,0.8899898142659003,1
975.0,0.8917614227023116,1
3550.0,0.8934436977793291,1
2160.0,0.8644823730292799,1
2900.0,0.8946293266113463,1
1975.0,0.8977825013229942,1
2184.0,0.8991150078674278,1
2208.0,0.9005675874121131,1
529.0,0.9019313883258858,1
2289.0,0.9032543958168582,1
2970.0,0.904830275117545,1
3058.0,0.9060105486958523,1
975.0,0.8801471195241695,1
2720.0,0.9068415254836117,1
2626.0,0.9099186995114589,1
506.0,0.9112194701007339,1
1533.0,0.9122675477527853,1
3780.0,0.9136236814526816,0
1911.0,0.8692024933469572,1
2331.0,0.8967373011243588,1
2882.0,0.8996808809460494,1
1281.0,0.901312545270773,1
440.0,0.9028858602362342,1
3174.0,0.9042741099599929,1
832.0,0.8778009089310895,1
2726.0,0.905397930955404,1
700.0,0.9084778115313225,1
2548.0,0.9097394228891098,1
2850.0,0.9107807535440197,1
1920.0,0.9122696372607377,1
3300.0,0.913300739227236,1
2106.0,0.8894000129325891,1
638.0,0.9140030839419715,1
2760.0,0.9167424986554257,1
3300.0,0.9182950941242872,1
3888.0,0.8957552787335182,0
1404.0,0.8738748223684479,1
4020.0,0.901655645083976,0
1760.0,0.8563511075164221,1
696.0,0.8872992647386868,1
3094.0,0.889737850691282,1
1377.0,0.8605794528240442,1
1608.0,0.8922954780289836,1
2496.0,0.8949706891800309,1
625.0,0.896644476525554,1
2508.0,0.8980837427023706,1
2352.0,0.89968470448319,1
1350.0,0.9010849558391095,1
1449.0,0.9024265674992767,1
644.0,0.9038130286678864,1
2737.0,0.9051501977302949,1
2112.0,0.9066157972720625,1
4002.0,0.9083091228639848,0
3000.0,0.8611550147329063,1
1736.0,0.8598447088480025,1
1560.0,0.8928111058273852,1
4200.0,0.8953249715540416,0
3696.0,0.8459256647688368,0
3775.0,0.8403810903397071,0
1925.0,0.8357306026605875,1
2520.0,0.872077136325568,1
2640.0,0.8762179930858325,1
875.0,0.8782143689386119,1
2064.0,0.8800458748787664,1
714.0,0.8818364199416119,1
2756.0,0.8837678638537393,1
2494.0,0.8856611259739685,1
1170.0,0.8877132613143314,1
1428.0,0.889703934081889,1
2296.0,0.891289076804325,1
638.0,0.8931437085745679,1
2280.0,0.8948813592382975,1
588.0,0.896358831740366,1
1740.0,0.8977936934236341,1
3484.0,0.8995454405874901,1
1728.0,0.8722575480654611,1
2871.0,0.8999105960155146,1
714.0,0.9039279891937702,1
2660.0,0.905555574859065,1
2072.0,0.9069804499722037,1
2184.0,0.9085188354416676,1
2538.0,0.9100013482076441,1
2754.0,0.9112985971973362,1
740.0,0.9124233553744283,1
1900.0,0.9139207213035575,1
1140.0,0.9154905982025267,1
560.0,0.9166232166422281,1
1120.0,0.9181887483011524,1
620.0,0.9191163475475085,1
2436.0,0.9206257612046761,1
675.0,0.9216764775665137,1
1421.0,0.9229561824555788,1
3040.0,0.9243759094660191,1
3915.0,0.9031188326125941,0
3094.0,0.8794828182017336,1
770.0,0.8775123495222229,1
3048.0,0.906509731537705,1
1020.0,0.8842351339598725,1
1250.0,0.9098533702514384,1
3050.0,0.9132521953089818,1
2028.0,0.8897888289120971,1
4260.0,0.9140187578320826,0
1344.0,0.8715328888038373,1
3146.0,0.897716881340654,1
2772.0,0.8721985753725621,1
3108.0,0.9006627473346144,1
820.0,0.876197766959393,1
1064.0,0.9037137929543242,1
900.0,0.9071255712423307,1
2968.0,0.9086678933339302,1
3000.0,0.909854657128876,1
850.0,0.8851388348926204,1
924.0,0.9102475585156475,1
1701.0,0.9135163250705947,1
3168.0,0.9151495512460772,1
1480.0,0.8918573612310132,1
462.0,0.9156172540185202,1
3920.0,0.9190026035803666,0
2912.0,0.8754143533519221,1
2784.0,0.9007701271313571,1
2720.0,0.9040213938374163,1
1040.0,0.9054311190559665,1
3132.0,0.9067142793943387,1
672.0,0.8807705683061666,1
1176.0,0.9071008082491375,1
3186.0,0.9102466772208904,1
2040.0,0.8859224635038826,1
1152.0,0.9111870865438987,1
2850.0,0.9145346642948923,1
2415.0,0.9159728695438469,1
1232.0,0.9171596527476997,1
4077.0,0.9183091576601937,0
1560.0,0.8742353037728479,1
2904.0,0.9000409370908425,1
3174.0,0.9029725839350304,1
1500.0,0.8765328104363762,1
3796.0,0.9039340105667909,0
1943.0,0.8577660310153794,1
1200.0,0.887515629390073,1
1880.0,0.890496764822875,1
4500.0,0.8924886197050842,0
2525.0,0.842821855342839,1
1554.0,0.8761402893838007,1
1798.0,0.8793053925280909,1
1460.0,0.8813967041368559,1
3146.0,0.8833697378242565,1
2940.0,0.8525680486021723,1
1710.0,0.8856102299444362,1
3192.0,0.8885387665806213,1
3105.0,0.8588127069611317,1
2714.0,0.8593178370859598,1
2366.0,0.8923344641632954,1
2106.0,0.8957010415161517,1
550.0,0.8975285303280319,1
1508.0,0.8993009292750281,1
1470.0,0.9006508553410595,1
1820.0,0.9018760901402348,1
1260.0,0.9033634305254764,1
2460.0,0.9049910688319375,1
625.0,0.9062396366594959,1
3630.0,0.9074405979580216,0
1725.0,0.8615005101905503,1
2349.0,0.8907178793773428,1
1972.0,0.8937105484100205,1
1620.0,0.8955376871867918,1
3920.0,0.8970410531097113,0
2700.0,0.8493642988127292,1
1817.0,0.8815916765013889,1
2478.0,0.8843737402872263,1
3750.0,0.8861733105020101,0
2204.0,0.8359969281229378,1
1628.0,0.8714635753207317,1
2940.0,0.8739192305685253,1
1560.0,0.8758699238510697,1
1584.0,0.8777918043785655,1
1250.0,0.8795836562214296,1
1450.0,0.8815315359231858,1
2025.0,0.8832843625953921,1
2675.0,0.8850289484808367,1
2288.0,0.8867714297946961,1
2494.0,0.8884821508912022,1
3224.0,0.8901119965644757,1
2737.0,0.8609304693781689,1
2117.0,0.892313156151811,1
2714.0,0.8950186448455011,1
1300.0,0.8968444239881843,1
1161.0,0.8985177392436962,1
2772.0,0.9000508849537427,1
3944.0,0.901512374336249,0
870.0,0.8550886254078027,1
1050.0,0.8863173834500899,1
2511.0,0.8886419898348595,1
3350.0,0.8904295036437883,1
2030.0,0.8610658268897264,1
3174.0,0.8924832906077659,1
