85.0,0.5,0
135.0,0.33333333333333326,1
32.0,0.5569620253164557,0
120.0,0.3166666666666666,1
134.0,0.5399923264545171,1
66.0,0.587814251516736,0
40.0,0.3849270193788219,0
76.0,0.2478084006967328,0
72.0,0.19757922292657643,0
146.0,0.18651254173036255,1
142.0,0.43925811473256604,1
113.0,0.47194902707574377,1
120.0,0.5126585015756412,1
84.0,0.5492866133624558,0
140.0,0.36104807581230147,1
140.0,0.5303793698135383,1
37.0,0.5590913854237807,0
149.0,0.3842719847040494,1
87.0,0.5570831729413821,0
55.0,0.3751951944434532,0
118.0,0.31942954473323165,1
96.0,0.4874449471778769,0
31.0,0.32695956374022084,0
105.0,0.2983964547110229,1
120.0,0.45491110621613073,1
69.0,0.4844123437949199,0
50.0,0.3354183594781221,0
67.0,0.31119776620501827,0
61.0,0.28135400966759005,0
41.0,0.2560997415483487,0
89.0,0.23175593097683056,0
121.0,0.2080076282201873,1
71.0,0.38868194304807197,0
99.0,0.2656297077032131,0
100.0,0.23462148852469292,0
27.0,0.29400426969724114,0
87.0,0.2044160799810943,0
81.0,0.17054518868209706,0
76.0,0.15041099962364013,0
115.0,0.14864820908016796,1
149.0,0.4277425677103467,1
85.0,0.4353568634385939,0
47.0,0.3025901838691756,0
120.0,0.25490922663342624,1
62.0,0.428413129156436,0
87.0,0.28867607609241447,0
44.0,0.26124202598367285,0
43.0,0.23061338549661636,0
51.0,0.20600984054615204,0
34.0,0.19207407357418474,0
33.0,0.16925842532413266,0
42.0,0.1701348653103218,0
90.0,0.15890756216575752,0
35.0,0.15388044098952602,0
106.0,0.1446933556634662,1
121.0,0.4398492603415532,1
28.0,0.4293959647307283,0
140.0,0.3037602846649814,1
125.0,0.4940031257742581,1
137.0,0.48378032621743783,1
72.0,0.5097388480731814,0
129.0,0.3702082155269476,1
142.0,0.5471269451898154,1
123.0,0.5320967743397766,1
38.0,0.5543536402573622,0
30.0,0.4096061081731379,0
102.0,0.35353110786675723,0
52.0,0.4156634829149913,0
104.0,0.2803167641466932,0
88.0,0.33737488202329113,0
88.0,0.22894122135001607,0
56.0,0.19789714655372947,0
67.0,0.17912224941882085,0
118.0,0.1834358011572562,1
50.0,0.4244273562361302,0
150.0,0.30773080789553836,1
78.0,0.4822382004699307,0
107.0,0.33710873726827634,1
89.0,0.512926958072195,0
136.0,0.3495163617267797,1
87.0,0.5276626092062094,0
82.0,0.35180207254551576,0
43.0,0.2476033705062513,0
123.0,0.20283270322009292,1
58.0,0.5011942619087674,0
140.0,0.3141673815069237,1
70.0,0.5298866610214147,0
120.0,0.33327064295770215,1
45.0,0.5417546843318035,0
62.0,0.3336897785575748,0
121.0,0.30363040150347376,1
104.0,0.47292129252113413,0
50.0,0.4024610993960645,0
22.0,0.25208425592567146,0
117.0,0.23329112914685082,1
34.0,0.3916439799600773,0
65.0,0.2604125447941463,0
85.0,0.24711549109884415,0
39.0,0.2196230081469838,0
70.0,0.19723195212063796,0
132.0,0.17948933680413715,1
49.0,0.3866051032012323,0
99.0,0.24622206167516908,0
68.0,0.2238615310176039,0
152.0,0.19396866570813204,1
32.0,0.37750501551319915,0
141.0,0.23956478856120236,1
129.0,0.4203482958225014,1
146.0,0.4498644121162839,1
84.0,0.49223182060324305,0
37.0,0.3381185189487304,0
22.0,0.3080946688539321,0
89.0,0.27675507143009914,0
96.0,0.2495390835498201,0
60.0,0.22570112567170134,0
50.0,0.2080187225517443,0
40.0,0.18986617950113113,0
100.0,0.1745433675205909,0
25.0,0.2531424466475101,0
115.0,0.20262421980999556,1
91.0,0.5200635140122093,0
34.0,0.3311059053548743,0
88.0,0.2704839899043404,0
37.0,0.22206219668656305,0
48.0,0.18929978918923496,0
137.0,0.17404768839502865,1
122.0,0.48448086614933744,1
40.0,0.48983325855687954,0
113.0,0.3398081216153392,1
21.0,0.5329460041069198,0
48.0,0.34603561536448824,0
29.0,0.24298345311998587,0
50.0,0.1964647358326573,0
104.0,0.203317027077513,0
137.0,0.26324735976749136,1
71.0,0.4851527020054544,0
103.0,0.308392707832462,0
27.0,0.3650582360114317,0
117.0,0.21300848123456767,1
69.0,0.4085776294793406,0
152.0,0.2643547743790409,1
103.0,0.4523026950469441,0
123.0,0.38751803574765176,1
110.0,0.44441004643521476,1
57.0,0.58574805661922,0
99.0,0.3522339276644757,0
141.0,0.33434704090480516,1
65.0,0.4886511904065323,0
141.0,0.31043176043558335,1
83.0,0.4973074269370159,0
95.0,0.3058044576652652,0
34.0,0.31339766964177307,0
118.0,0.27488829038460505,1
39.0,0.42129343745614245,0
52.0,0.27077404080911266,0
49.0,0.2756193953513217,0
77.0,0.2500952316713374,0
36.0,0.23298662858851968,0
122.0,0.21358590080986364,1
81.0,0.3563767162759362,0
23.0,0.23062780017435178,0
57.0,0.22533881134687128,0
147.0,0.2045178968741955,1
51.0,0.35336879220365397,0
121.0,0.2461749518651675,1
101.0,0.40119437578136796,0
59.0,0.3513033789009453,0
61.0,0.23845358888758836,0
71.0,0.23313046861141395,0
23.0,0.21403386735713265,0
94.0,0.19511230228124488,0
63.0,0.18417252274035684,0
102.0,0.15012437190332667,0
45.0,0.1991916251466702,0
70.0,0.13058038704371835,0
55.0,0.1588595010457298,0
100.0,0.1399597890404716,0
105.0,0.20224984316034225,1
55.0,0.41274267965266237,0
115.0,0.257881199848763,1
150.0,0.4714167423780208,1
50.0,0.546553078293884,0
138.0,0.3565586204231401,1
127.0,0.5416375112455841,1
62.0,0.5549149280268173,0
148.0,0.3876150769073828,1
48.0,0.5731638253985212,0
56.0,0.36980919358505027,0
42.0,0.3027691166297163,0
65.0,0.2543315029855058,0
72.0,0.21744340661936357,0
81.0,0.18954613346096708,0
134.0,0.1701009255758811,1
149.0,0.41796418293297005,1
77.0,0.4378844621405298,0
92.0,0.30246668406588245,0
141.0,0.25874765808357303,1
98.0,0.4484680516606475,0
64.0,0.3008194415690115,0
97.0,0.26923924225792595,0
93.0,0.2170485398286035,0
52.0,0.17920825179699956,0
60.0,0.19202541043752178,0
27.0,0.17997041912423672,0
152.0,0.1699074053200226,1
134.0,0.41944817134425716,1
75.0,0.4328293020449467,0
102.0,0.3004282975605328,0
99.0,0.35107270644240857,0
137.0,0.22144392776068814,1
97.0,0.41898768474942777,0
103.0,0.28188390773990335,0
128.0,0.34507019044975673,1
68.0,0.40138246419303136,0
44.0,0.27557274929056685,0
42.0,0.25434811066103286,0
103.0,0.2232129303208462,0
94.0,0.2821672607267627,0
103.0,0.17898990136515736,0
143.0,0.2556722047871789,1
94.0,0.4004130078242401,0
121.0,0.2700037893889483,1
132.0,0.4617481493318697,1
62.0,0.48125355135502146,0
151.0,0.3292762237198912,1
87.0,0.5139103368492536,0
37.0,0.32511719122188476,0
39.0,0.23773192261794646,0
36.0,0.19382137235777455,0
142.0,0.17109150335427897,1
22.0,0.394662113596727,0
28.0,0.2515058484428949,0
146.0,0.22217548902382894,1
86.0,0.39361492335908027,0
131.0,0.25169769640355766,1
148.0,0.43343259403230755,1
116.0,0.4828347066368004,1
85.0,0.5249027993122849,0
143.0,0.3591322705175402,1
135.0,0.5303589658670743,1
99.0,0.544575035735575,0
21.0,0.3854308879463448,0
128.0,0.3265382800181641,1
143.0,0.49291156411557624,1
146.0,0.5080400626413505,1
107.0,0.5323071417807569,1
100.0,0.55438787172114,0
48.0,0.5133404621026677,0
152.0,0.34736243807082556,1
105.0,0.5016324967709457,1
77.0,0.5248410213504958,0
114.0,0.3781668555056869,1
63.0,0.5351542540776295,0
140.0,0.3808265929721768,1
87.0,0.5463256335262157,0
68.0,0.37894757923127526,0
25.0,0.3524218228824809,0
135.0,0.3095913381931563,1
44.0,0.4613248619232603,0
61.0,0.32068482487639416,0
116.0,0.30058853308828504,1
41.0,0.4444171911747867,0
148.0,0.30528221230573727,1
99.0,0.4642030565194228,0
66.0,0.31081590814523985,0
55.0,0.3033166565199473,0
117.0,0.2761606280442672,1
50.0,0.416085914331417,0
154.0,0.2787115967611342,1
134.0,0.4365636939707032,1
32.0,0.4496447149896716,0
148.0,0.3146580122736184,1
43.0,0.4710406760464742,0
84.0,0.3094891911582503,0
140.0,0.31368217629774375,1
134.0,0.4461892289228138,1
29.0,0.46181169581646353,0
83.0,0.3241008750777269,0
70.0,0.3192823274656759,0
42.0,0.2970531093398201,0
142.0,0.2792592353756306,1
33.0,0.41331630930906876,0
74.0,0.27795537419431937,0
34.0,0.2745042657424725,0
78.0,0.2533598207637247,0
127.0,0.2350362047749157,1
37.0,0.36672314358114694,0
107.0,0.24567280270081088,1
25.0,0.38953709840007517,0
148.0,0.2562125778272987,1
38.0,0.407956472720509,0
47.0,0.2657594582511636,0
29.0,0.27400945022251355,0
127.0,0.25446553479401396,1
136.0,0.38111114815461367,1
80.0,0.43359558127522035,0
96.0,0.29070390371024607,0
24.0,0.2849314003121177,0
31.0,0.26845549486092285,0
61.0,0.2535022390639237,0
36.0,0.2390623731842964,0
69.0,0.22464269626897104,0
129.0,0.2101543579856,1
144.0,0.34584064179222657,1
121.0,0.3782344133589029,1
38.0,0.4066943992524338,0
121.0,0.2716998583440242,1
88.0,0.40139433129508856,0
40.0,0.2760221900609567,0
92.0,0.2597707694439553,0
118.0,0.24171904998962535,1
115.0,0.3736220377373022,1
129.0,0.39947797924670275,1
103.0,0.4241088235324137,0
111.0,0.4028754486234146,1
122.0,0.4280347106843679,1
115.0,0.44972344348747,1
104.0,0.4698378281191823,0
50.0,0.4470134540932128,0
150.0,0.3176545932026768,1
97.0,0.44458706280278004,0
83.0,0.32105704341291297,0
146.0,0.30145161912967455,1
66.0,0.43556153011070664,0
90.0,0.31038753908854166,0
86.0,0.2956317525387163,0
101.0,0.2784977464269784,0
50.0,0.36295031804495215,0
122.0,0.2525324857767772,1
140.0,0.3840686146797349,1
79.0,0.4021717776488016,0
132.0,0.2848756893393752,1
80.0,0.4370091644510301,0
82.0,0.30804469333780676,0
81.0,0.2862916855185674,0
136.0,0.2616789657568122,1
33.0,0.4007134608157219,0
32.0,0.28031010648372645,0
111.0,0.2641480165045013,1
28.0,0.398829149976133,0
78.0,0.273040367288425,0
137.0,0.263425190913733,1
49.0,0.3955442992803191,0
76.0,0.2653950904872605,0
130.0,0.2614775408118677,1
143.0,0.3890684552910198,1
92.0,0.41997100864927295,0
27.0,0.28617095240130924,0
125.0,0.27432177729641044,1
67.0,0.4108110008245694,0
107.0,0.2737486101910185,1
23.0,0.42456252400653677,0
116.0,0.28709782002700474,1
118.0,0.4429689468449304,1
105.0,0.5510993411264811,1
53.0,0.5975972578783533,0
89.0,0.27651343519716437,0
129.0,0.3109278314391025,1
48.0,0.4358186295431208,0
115.0,0.2755229911133214,1
59.0,0.445075706083925,0
105.0,0.27811279197399696,1
115.0,0.45899193110116265,1
94.0,0.5613940177815442,0
67.0,0.35054129333408734,0
116.0,0.3303519746907386,1
37.0,0.48871563548757085,0
96.0,0.3113493082363406,0
98.0,0.29758392154963276,0
86.0,0.2631455936384377,0
111.0,0.23712479061130232,1
40.0,0.38921649007432235,0
23.0,0.2538279466720687,0
74.0,0.24280114694385793,0
69.0,0.21899678142918172,0
95.0,0.19895246784185952,0
38.0,0.18242638389592963,0
72.0,0.1703126722426188,0
122.0,0.18504738434524884,1
69.0,0.4142639478117645,0
139.0,0.2530016725205202,1
96.0,0.461624237824437,0
50.0,0.28271092258345154,0
69.0,0.24716335838269932,0
93.0,0.20501395896857544,0
116.0,0.177630276752891,1
136.0,0.4835514251272788,1
146.0,0.48620789895989136,1
23.0,0.5345155419911453,0
21.0,0.3432301107632037,0
143.0,0.29094827801757334,1
105.0,0.48560256219284104,1
120.0,0.5096878638514256,1
73.0,0.5475353884610008,0
73.0,0.3575314177148537,0
129.0,0.30956240848136485,1
40.0,0.47592011674855017,0
32.0,0.31737459273215257,0
46.0,0.2788386216420981,0
103.0,0.2408164460967534,0
63.0,0.29949203794264806,0
144.0,0.19527928134858377,1
58.0,0.3629289591171065,0
145.0,0.24366843088656567,1
99.0,0.41323227287675396,0
117.0,0.2673227826230049,1
33.0,0.44312369622809633,0
135.0,0.27888446883902035,1
29.0,0.4675275055506011,0
78.0,0.29808512276427274,0
55.0,0.2910305877950389,0
117.0,0.25500159289531926,1
93.0,0.4046010581161284,0
71.0,0.2588323623940351,0
143.0,0.25918661292133566,1
34.0,0.39416715728181184,0
109.0,0.2638382624966013,1
40.0,0.4265084535758919,0
125.0,0.2730352601575468,1
148.0,0.44702390873734477,1
123.0,0.4804509681622685,1
40.0,0.5259639993658961,0
102.0,0.3617105485914534,0
81.0,0.4647142195328604,0
133.0,0.3224310069249722,1
38.0,0.462047108572896,0
73.0,0.3139716781411733,0
136.0,0.2976173819928892,1
46.0,0.4377191906120041,0
137.0,0.293287247987614,1
140.0,0.451231940610244,1
113.0,0.4697795101283924,1
29.0,0.5019238201848947,0
32.0,0.3545309452644293,0
77.0,0.33929082540785765,0
143.0,0.3168511470688668,1
154.0,0.45081004235715105,1
146.0,0.47103127033840336,1
85.0,0.49326276008963654,0
35.0,0.35411766497861896,0
79.0,0.3331457100467042,0
86.0,0.31468090900889545,0
48.0,0.29697910538290906,0
136.0,0.2802781231778988,1
117.0,0.40859779346334385,1
149.0,0.43584062570772586,1
156.0,0.4546289773727676,1
61.0,0.47246672405788054,0
130.0,0.3360974623289545,1
115.0,0.4638759408345079,1
83.0,0.4914393787583022,0
143.0,0.34833579805618387,1
137.0,0.4801149767941267,1
146.0,0.5021318894078278,1
152.0,0.5225808729910975,1
116.0,0.5429007645382831,1
146.0,0.5635762980631691,1
97.0,0.5768261332431295,0
142.0,0.3644607010211835,1
46.0,0.5000978014287019,0
78.0,0.33789706998386626,0
83.0,0.3276726513350811,0
85.0,0.30566205636109456,0
99.0,0.2867482062692524,0
130.0,0.2382500016589818,1
146.0,0.4343890871084768,1
144.0,0.45833899755371244,1
62.0,0.48741491050666,0
31.0,0.34205233567999976,0
33.0,0.29080565319720747,0
64.0,0.2511220011802194,0
34.0,0.22019095972951436,0
127.0,0.196988171976244,1
122.0,0.5465536080397823,1
88.0,0.537903925697065,0
26.0,0.3901277816883672,0
152.0,0.31832770832622637,1
136.0,0.49727868974684286,1
91.0,0.50869924860124,0
39.0,0.3692986630912157,0
24.0,0.31978335328864305,0
68.0,0.2781884991666564,0
45.0,0.24247144268436618,0
28.0,0.21585956028236516,0
89.0,0.19305683883858318,0
76.0,0.17149907357476862,0
54.0,0.17783922291946966,0
54.0,0.17676134158449075,0
114.0,0.16786042783995442,1
65.0,0.457393102459804,0
35.0,0.32645301466199034,0
143.0,0.272094892568705,1
62.0,0.44609430492723584,0
132.0,0.3134297201115378,1
142.0,0.482533058010973,1
145.0,0.5092210400819905,1
139.0,0.5426729742841612,1
81.0,0.5724214273487557,0
109.0,0.3940277992725388,1
96.0,0.5507135034038727,0
