Timestep: 0, Trans probs: [0.2222222222222225, 0.11111111111111108, 0.22222222222222215, 0.11111111111111108, 0.11111111111111108, 0.05555555555555554, 0.11111111111111108, 0.05555555555555554]
Timestep: 1, Trans probs: [0.3746605719585499, 0.12506917799442094, 0.18733028597927495, 0.06253458899721047, 0.12515700876891186, 0.04177990794478401, 0.06257850438445593, 0.020889953972392006]
Timestep: 2, Trans probs: [0.4527938826202433, 0.11349616008202516, 0.18605039414750363, 0.04663491740501024, 0.1139243274083648, 0.02855598142349715, 0.046810848889255546, 0.011733488024100154]
Timestep: 3, Trans probs: [0.4606390678123131, 0.09329219628524578, 0.23031953390615656, 0.04664609814262289, 0.09374869070349787, 0.018986711865609882, 0.04687434535174893, 0.009493355932804941]
Timestep: 4, Trans probs: [0.31825000474744125, 0.05386209872398351, 0.41318948237403247, 0.06993009382357504, 0.05387138915438592, 0.009117442380980818, 0.06994215574995914, 0.011837333045641742]
Timestep: 5, Trans probs: [0.19908885303998855, 0.029180353684442332, 0.23699461151668905, 0.034736181758880026, 0.19908885303998855, 0.029180353684442332, 0.23699461151668905, 0.034736181758880026]
Timestep: 6, Trans probs: [0.39499688002868955, 0.050943257658649294, 0.2633203374059045, 0.03396076392871038, 0.1364692020607943, 0.017600609206200223, 0.09097569664234528, 0.011733253068706493]
Timestep: 7, Trans probs: [0.23271670704866965, 0.02672347426301222, 0.4598923761501229, 0.05281065650019304, 0.06867389360760079, 0.007886004626130044, 0.13571264612331926, 0.01558424168095215]
Timestep: 8, Trans probs: [0.2319254420506138, 0.02408087252967591, 0.48824897808524376, 0.050695004825944946, 0.05982291351635796, 0.0062114270086283075, 0.1259390782321736, 0.013076283751361844]
Timestep: 9, Trans probs: [0.2477927202169864, 0.02364959429473698, 0.4945245688850996, 0.04719793790822833, 0.05693359568450937, 0.00543380143896146, 0.1136234423525672, 0.010844339218910773]
Timestep: 10, Trans probs: [0.47936024632590424, 0.04206877221593167, 0.2821303275272193, 0.02475982640387633, 0.09935416987526027, 0.008719346197814727, 0.05847548832625715, 0.00513182312773638]
Timestep: 11, Trans probs: [0.23388747109484487, 0.019200261433749664, 0.5444177517323199, 0.044692274936761915, 0.04382339733308694, 0.0035975449294979485, 0.10200732573518856, 0.008373972804550323]
Timestep: 12, Trans probs: [0.5561578133780689, 0.042304873951161726, 0.23734292650524424, 0.018053801182828334, 0.09518806815302426, 0.007240605324609248, 0.04062194959843443, 0.0030899619066288193]
Timestep: 13, Trans probs: [0.24940540649973403, 0.01789922777787619, 0.556731347462945, 0.03995527338070682, 0.039261180136874664, 0.002817680722967397, 0.08764015996024911, 0.006289724058646968]
Timestep: 14, Trans probs: [0.5610544071721089, 0.03776795825892507, 0.2563969372636601, 0.01725962527074422, 0.08200342401293734, 0.005520145382726645, 0.037474844673309304, 0.002522657965588487]
Timestep: 15, Trans probs: [0.2606269627438389, 0.01670739754204893, 0.5664238871601773, 0.03631039920224623, 0.035516938912493336, 0.002276800572130063, 0.07718941427644214, 0.004948199590623178]
Timestep: 16, Trans probs: [0.5328521086293302, 0.03255793222367162, 0.3030316460516503, 0.018515613683421597, 0.06791199610946239, 0.0041495081481308805, 0.0386213803688247, 0.002359814785508427]
Timestep: 17, Trans probs: [0.5819620436533749, 0.03391597368315652, 0.2618934377855562, 0.015262801140716289, 0.0697061757593796, 0.004062383188716557, 0.031369038932342164, 0.0018281458567578166]
Timestep: 18, Trans probs: [0.5698860671471109, 0.031566556848536355, 0.2810177645059107, 0.015565853861162262, 0.06470532267001833, 0.0035840922672334126, 0.03190698312627516, 0.0017673595737529356]
Timestep: 19, Trans probs: [0.28600519150697784, 0.015019162851194078, 0.5717460623489303, 0.030024445272134305, 0.03079456395458537, 0.0016171334811387321, 0.061560668147371475, 0.0032327724376679033]
Timestep: 20, Trans probs: [0.5988006511326447, 0.030149223536155373, 0.2648702920736493, 0.01333604702785512, 0.061284835846407607, 0.0030856516468627474, 0.027108408014619625, 0.001364890721805557]
Timestep: 21, Trans probs: [0.3524160790934074, 0.016904001664665807, 0.5166726860500741, 0.024782739673926503, 0.03452458475320403, 0.001656007409313959, 0.05061605016743135, 0.002427851187976836]
Timestep: 22, Trans probs: [0.2841787359265762, 0.013156051612428549, 0.5897868190937273, 0.027304174631601962, 0.026594146628917226, 0.001231175740499195, 0.055193704397480996, 0.002555191968768544]
Timestep: 23, Trans probs: [0.26576412995604803, 0.011791236277450434, 0.6129866102874243, 0.027196559437903826, 0.023821759208326458, 0.0010569070830452605, 0.05494503502263541, 0.0024377627271664863]
Timestep: 24, Trans probs: [0.11100413616156067, 0.11100413616156023, 0.22232919717177302, 0.22232919717177302, 0.05550206808078011, 0.05550206808078011, 0.11116459858588651, 0.11116459858588651]
Timestep: 25, Trans probs: [0.47534799890501395, 0.04232904258339821, 0.32939541787955584, 0.029332179166249337, 0.06703616704375515, 0.005969472420120408, 0.04645313813729513, 0.004136583864611918]
Timestep: 26, Trans probs: [0.267943883978532, 0.02288608696224755, 0.5436206305447278, 0.046432666573256426, 0.036232496359591845, 0.003094752715502828, 0.07351066284755726, 0.006278820018584374]
Timestep: 27, Trans probs: [0.5545791744345855, 0.045527137243215395, 0.26353696650555997, 0.021634573016543198, 0.07186728379647708, 0.005899809880230647, 0.03415145543831047, 0.00280359968507781]
Timestep: 28, Trans probs: [0.27288122038399654, 0.021664692877172473, 0.5512721531251581, 0.04376681499880365, 0.033869968956256255, 0.0026890178597269686, 0.06842380243874294, 0.005432329360143196]
Timestep: 29, Trans probs: [0.5948914163042829, 0.04558265574223652, 0.23541231821485534, 0.01803811311538726, 0.07059142263469437, 0.005408961077808093, 0.027934661676170446, 0.0021404512345651714]
Timestep: 30, Trans probs: [0.39050958463659124, 0.028865189132874287, 0.4455544453830012, 0.03293392490466455, 0.044422606556839675, 0.0032835735420725155, 0.05068426129750203, 0.003746414546454466]
Timestep: 31, Trans probs: [0.22552133101793037, 0.01617657125349438, 0.4729258321282362, 0.033922815134645894, 0.07575763574537105, 0.0054340704140923715, 0.15886631549766297, 0.011395428808566848]
Timestep: 32, Trans probs: [0.5146461029224437, 0.035822447246059846, 0.2923755880520206, 0.020351089845146622, 0.08156444851411966, 0.005677373514458206, 0.04633757734302372, 0.003225372562727502]
Timestep: 33, Trans probs: [0.26581560386465664, 0.01800045332847404, 0.5471305950336334, 0.03705049138310811, 0.040424578861255014, 0.0027374643720529516, 0.08320626616639064, 0.005634546990429126]
Timestep: 34, Trans probs: [0.5670610283438967, 0.03711787903534149, 0.25166828851248824, 0.01647334699991555, 0.08299935710129157, 0.005432854565749686, 0.03683608131266441, 0.002411164128652285]
Timestep: 35, Trans probs: [0.24361765733398294, 0.015525106302811714, 0.5055322348014484, 0.032216226732821665, 0.062092393974069474, 0.003956983363163731, 0.12884824127033692, 0.008211156221365038]
Timestep: 36, Trans probs: [0.5392750783313961, 0.03325546745532258, 0.2533461204101059, 0.015623091073111078, 0.10157487280935963, 0.006263816023989125, 0.047718874821779486, 0.002942679074936052]
Timestep: 37, Trans probs: [0.3533082505853716, 0.02113373289458324, 0.4457514692966699, 0.02666338098211933, 0.06389125292129015, 0.0038217637751217413, 0.0806084200345856, 0.00482172951025854]
Timestep: 38, Trans probs: [0.27063172330178614, 0.01576851703247044, 0.5343130803815244, 0.031132066876256723, 0.04706879752488296, 0.002742491258651793, 0.0929287737909789, 0.005414549833448782]
Timestep: 39, Trans probs: [0.25088011156137363, 0.014212537273171027, 0.55969838922669, 0.031707312983524895, 0.042033600712969015, 0.002381233463030071, 0.09377442662166278, 0.005312388157578537]
Timestep: 40, Trans probs: [0.25074213330960443, 0.013880575417747622, 0.5645485809883529, 0.03125226323936311, 0.04067496289661527, 0.0022516833634952903, 0.09158011173449038, 0.005069689050331041]
Timestep: 41, Trans probs: [0.5134593040703403, 0.02770169843196276, 0.30690806878332305, 0.01655803040352932, 0.08039127390394982, 0.00433719831074179, 0.04805196911479552, 0.0025924569813573772]
Timestep: 42, Trans probs: [0.32796229528388626, 0.017246853589140652, 0.49715536878267896, 0.02614436470213156, 0.0496530658780291, 0.002611151250509004, 0.07526867762775734, 0.00395822288586702]
Timestep: 43, Trans probs: [0.2674233331532658, 0.013729420599523255, 0.5622125666800533, 0.028863796974156076, 0.03917424289220469, 0.0020111919591800005, 0.082357255010174, 0.004228192731442906]
Timestep: 44, Trans probs: [0.27681106651859644, 0.013889405891898554, 0.5571267197595016, 0.02795465962139154, 0.03926201258482059, 0.001970029723818021, 0.07902110474715379, 0.003965001152819575]
Timestep: 45, Trans probs: [0.5097720699139765, 0.025012835725270532, 0.3283171530097542, 0.01610944086326126, 0.0700338928114537, 0.0034363323522014467, 0.045105115911758094, 0.0022131594123241676]
Timestep: 46, Trans probs: [0.2746453705504237, 0.013223773617772718, 0.5671548871870421, 0.027307679788463483, 0.03662687216929109, 0.0017635304207863267, 0.07563611762891394, 0.003641768637306612]
Timestep: 47, Trans probs: [0.5654340211135459, 0.02668160007475812, 0.27983979996291364, 0.01320503073533914, 0.07335866320535599, 0.003461635558839371, 0.036306046099782115, 0.0017132032494655836]
Timestep: 48, Trans probs: [0.3651837225127389, 0.01693194728362788, 0.48329575595689067, 0.02240827769090311, 0.04614272259324895, 0.002139433108069877, 0.061066747017552034, 0.00283139383696863]
Timestep: 49, Trans probs: [0.2847981652791287, 0.012889783995976654, 0.5672812596810513, 0.0256747893550779, 0.03496839219966122, 0.0015826472115733814, 0.06965253289677215, 0.0031524293807585367]
Timestep: 50, Trans probs: [0.24912627120271505, 0.011031612613247407, 0.6063854493452361, 0.02685148113521678, 0.029727229193872898, 0.0013163576645241852, 0.07235752032690072, 0.003204078518286932]
Timestep: 51, Trans probs: [0.2505266773125548, 0.010872057165399506, 0.6081984296810549, 0.026393868175360463, 0.029081787807732466, 0.0012620566516484148, 0.07060125439221697, 0.0030638688140324035]
Timestep: 52, Trans probs: [0.279726966543871, 0.011915736456757978, 0.582017473730072, 0.024792628740382527, 0.03161600533009677, 0.0013467703596242464, 0.06578224394670036, 0.0028021748924950724]
Timestep: 53, Trans probs: [0.5090178109793954, 0.021330054621795106, 0.355219414110296, 0.014885234548308122, 0.05627330978317689, 0.0023580958181303167, 0.03927047678894764, 0.0016456033499505525]
Timestep: 54, Trans probs: [0.35307842954599433, 0.014491289771023352, 0.5139584011210733, 0.02109423713726786, 0.03809117375791704, 0.0015633643702169873, 0.0554473939023051, 0.0022757103942021096]
Timestep: 55, Trans probs: [0.262055303335871, 0.010570868141618962, 0.53642358007586, 0.021638420825123995, 0.05341241614006577, 0.002154566616109498, 0.10933447681321468, 0.004410368052136206]
Timestep: 56, Trans probs: [0.49030403409178486, 0.01938700811354674, 0.3572835774428695, 0.014127274370794276, 0.06616285971472712, 0.0026161316426467508, 0.04821274468303317, 0.0019063699405976046]
Timestep: 57, Trans probs: [0.30566559131083787, 0.011858823634253854, 0.5448253704196885, 0.02113743961682555, 0.0403106522247739, 0.0015639212554651285, 0.071850632372578, 0.0027875691655771966]
Timestep: 58, Trans probs: [0.2587741142946798, 0.009839638048885518, 0.5948571779963495, 0.022618874914204983, 0.033266390810179784, 0.0012649226745770768, 0.07647113936957675, 0.002907741891546625]
Timestep: 59, Trans probs: [0.4840822458018557, 0.018069672050152683, 0.37238504606926404, 0.01390027359443143, 0.06078713310381981, 0.0022690432660581435, 0.04676110218375964, 0.0017454839306584955]
Timestep: 60, Trans probs: [0.3336833192397168, 0.012196420533353567, 0.525557711308643, 0.019209599317915507, 0.04096937745982848, 0.0014974669924414092, 0.06452756553904644, 0.0023585396090547855]
Timestep: 61, Trans probs: [0.26930606490475945, 0.009707178055152286, 0.5923505466767321, 0.021351365516745217, 0.03236470135268849, 0.0011665905810308494, 0.0711875855676482, 0.002565967345243167]
Timestep: 62, Trans probs: [0.28605983927174883, 0.010108278081579143, 0.5784049386270582, 0.020438653598790713, 0.0335559112375384, 0.0011857396093535567, 0.06784910747812277, 0.0023975320958084206]
Timestep: 63, Trans probs: [0.5294211240780698, 0.018351080456190466, 0.3378179076102034, 0.011709626458317503, 0.060594788444596336, 0.002100369228577763, 0.03866488077913926, 0.0013402229449053225]
Timestep: 64, Trans probs: [0.5240893604239851, 0.01786005542598205, 0.34561130547763796, 0.011777833205167537, 0.058660436949332026, 0.0019990458390146096, 0.03868368970044727, 0.0013182729784335847]
Timestep: 65, Trans probs: [0.3449006131716613, 0.011529831227104265, 0.5272327015475021, 0.01762508918251006, 0.03777453971367649, 0.0012627813664206704, 0.05774409166690185, 0.0019303521242232456]
Timestep: 66, Trans probs: [0.5456614110346969, 0.01791839714692133, 0.32891303328593535, 0.010800826736199582, 0.05841833649610694, 0.001918337879189284, 0.035213324358081104, 0.0011563330628695208]
Timestep: 67, Trans probs: [0.5893459237410587, 0.019026389735967507, 0.28732979723099233, 0.009276128814416558, 0.06188070028479829, 0.0019977508511121356, 0.030169325601639336, 9.73983740015307E-4]
Timestep: 68, Trans probs: [0.3079157947120511, 0.009800335129371463, 0.5707409356571705, 0.018165526217068698, 0.03171372425830872, 0.0010093835109126305, 0.05878334586014734, 0.0018709546549696612]
Timestep: 69, Trans probs: [0.6051946946303282, 0.01903219175475071, 0.27553567611637464, 0.008665059144850827, 0.061005539939333865, 0.0019185051431039439, 0.027774867894862235, 8.734653763955793E-4]
Timestep: 70, Trans probs: [0.2816674169880111, 0.008740913297651077, 0.6009187225350221, 0.01864815784793966, 0.027865649062271645, 8.647475985710334E-4, 0.05944951111552334, 0.001844881555010147]
Timestep: 71, Trans probs: [0.6394568511447581, 0.019570921032304418, 0.24519260859524644, 0.007504251728528267, 0.06191374733380257, 0.0018949035540313504, 0.02374013694513605, 7.265796661926327E-4]
Timestep: 72, Trans probs: [0.2707421797898769, 0.008145213423296107, 0.6158400562808335, 0.0185274001151764, 0.025716338777791194, 7.736698728416123E-4, 0.05849532397405948, 0.0017598177661247395]
Timestep: 73, Trans probs: [0.6159366595580197, 0.01831618280884529, 0.27232194823197947, 0.008098070652682091, 0.057458917867604736, 0.0017086627777873633, 0.025404112929786535, 7.554451732949497E-4]
Timestep: 74, Trans probs: [0.2693030305298588, 0.007884275235241728, 0.6207801269397198, 0.01817432715751927, 0.024650418956304276, 7.216802845966293E-4, 0.05682256964841397, 0.0016635712483455201]
Timestep: 75, Trans probs: [0.5619775307559166, 0.016279788982454413, 0.32978974623625074, 0.009553598112866941, 0.05046484505118587, 0.0014619036945489388, 0.029614686588796638, 8.579005779797466E-4]
Timestep: 76, Trans probs: [0.6336743885398863, 0.018120998335653626, 0.25992441193129795, 0.007432981230085366, 0.05573699366191809, 0.0015938942580734892, 0.02286253880920522, 6.537932338800003E-4]
Timestep: 77, Trans probs: [0.4205034595019359, 0.011864184861161205, 0.4747957347813951, 0.013396000060045652, 0.0362877796088926, 0.0010238320654743526, 0.04097298748361468, 0.0011560216374805134]
Timestep: 78, Trans probs: [0.31123388351074727, 0.008678126758846279, 0.5857903209279347, 0.01633357718566757, 0.026316835155406088, 7.337916707336584E-4, 0.0495323553386839, 0.0013811094519805777]
Timestep: 79, Trans probs: [0.3301881376389271, 0.009064756653417905, 0.5017573869999156, 0.013774900106141326, 0.056093871951774454, 0.0015399623457910466, 0.08524084123218365, 0.0023401430718487464]
Timestep: 80, Trans probs: [0.49353400375724105, 0.013367947732655497, 0.3860827564646831, 0.010457504588555357, 0.05274775826932264, 0.0014287349406341817, 0.04126362065210401, 0.00111767359480417]
Timestep: 81, Trans probs: [0.2847690138428433, 0.007613542669931302, 0.5969171726060518, 0.01595909015072476, 0.029802916064033482, 7.96806401370352E-4, 0.06247123643226198, 0.0016702218327829727]
Timestep: 82, Trans probs: [0.5816138914230103, 0.015325142136763878, 0.30216972926527874, 0.007961972914862621, 0.05958625814258705, 0.0015700585713295829, 0.030957244585104505, 8.157029610632869E-4]
Timestep: 83, Trans probs: [0.4020404104945801, 0.01046961226595238, 0.4835703376303131, 0.012592748903218301, 0.0404073811066482, 0.001052256444442367, 0.04860160922744362, 0.0012656439274019889]
Timestep: 84, Trans probs: [0.2815662022810722, 0.007226575919445888, 0.5674781196366642, 0.014564687384194723, 0.041762571897919, 0.0010718630075862523, 0.08416971063936257, 0.002160269233755387]
Timestep: 85, Trans probs: [0.5318118571142955, 0.013522375819394914, 0.33764239675433194, 0.008585230510368387, 0.06468276749420508, 0.001644688209550773, 0.04106648686614914, 0.0010441972317043824]
Timestep: 86, Trans probs: [0.3757672516567796, 0.009442648954231895, 0.49564923210398587, 0.012455161226948562, 0.04487669662107001, 0.0011277057554908497, 0.05919382309534897, 0.0014874805861443683]
Timestep: 87, Trans probs: [0.2966992288572004, 0.007387162658067889, 0.5765258952640767, 0.014354235369292874, 0.03482069006097783, 8.669591166022632E-4, 0.06766121229381482, 0.001684616379967187]
Timestep: 88, Trans probs: [0.25662584516328146, 0.006296199057497151, 0.6185067639950503, 0.015174783748080744, 0.029594115880117115, 7.26078249808782E-4, 0.07132625645970893, 0.0017499574464554957]
Timestep: 89, Trans probs: [0.2893397775664095, 0.007030380123426268, 0.5876487105305805, 0.014278692853156097, 0.03275814421867702, 7.959576382215841E-4, 0.0665317481453513, 0.0016165889241776408]
Timestep: 90, Trans probs: [0.1852126926663223, 0.09260634633316114, 0.41468375601910573, 0.20734187800955287, 0.020614710904393613, 0.010307355452196807, 0.046155507076845015, 0.023077753538422507]
Timestep: 91, Trans probs: [0.5108623392065519, 0.02015509399848029, 0.3565760949140632, 0.01406802607874016, 0.055716480560296454, 0.0021981869023686923, 0.03888946891525142, 0.001534309424247762]
Timestep: 92, Trans probs: [0.5558965602113844, 0.021644034247864746, 0.313674167923016, 0.012213017527243904, 0.05942275204959689, 0.0023136464092794197, 0.03353030696531962, 0.0013055146662948054]
Timestep: 93, Trans probs: [0.310544800316197, 0.011951706246607605, 0.5609463510143476, 0.02158872407653785, 0.03258665123907794, 0.0012541381558266523, 0.05886224173042302, 0.0022653872209823355]
Timestep: 94, Trans probs: [0.6142254732675666, 0.023408174618549698, 0.2591150431987298, 0.009874891943543221, 0.06326128613910244, 0.0024108919232222617, 0.0266871883439457, 0.0010170505653403215]
Timestep: 95, Trans probs: [0.3581055684499961, 0.01348271857899809, 0.5169705534195362, 0.019464004750201984, 0.03627390156391102, 0.0013657168434027917, 0.05236595188214552, 0.0019715845118083116]
Timestep: 96, Trans probs: [0.2843346723308023, 0.010579718437204432, 0.5923858260607701, 0.022041895891691317, 0.028347065766822572, 0.0010547569590281392, 0.059058572888857734, 0.0021974916648233984]
Timestep: 97, Trans probs: [0.27338406042424923, 0.010058714608214727, 0.5790650597205713, 0.02130574169642187, 0.03593915853162444, 0.0013223219318931822, 0.07612408327364295, 0.002800859813382258]
Timestep: 98, Trans probs: [0.5349380445300146, 0.01941939280664336, 0.32664136414769485, 0.011857778713149676, 0.06419294290324686, 0.0023303408430181967, 0.03919719424142613, 0.0014229418148064509]
Timestep: 99, Trans probs: [0.32984479129657557, 0.011860503902390027, 0.5336211724107414, 0.019187860972116694, 0.038896972538014385, 0.0013986508404902219, 0.06292731804972157, 0.002262729989950305]
Timestep: 100, Trans probs: [0.2653909510689617, 0.009420657648186222, 0.5981379421947759, 0.02123227169996226, 0.03140657305623289, 0.0011148480062104222, 0.07078411265937865, 0.0025126436662920525]
Timestep: 101, Trans probs: [0.4230776378191506, 0.14194924981252244, 0.23471007228752405, 0.07874894748962992, 0.05852102443720376, 0.019634730778827634, 0.032465610677980206, 0.010892726697161553]
Timestep: 102, Trans probs: [0.5621942168766779, 0.028095524585895492, 0.2763167137283531, 0.01380886318464519, 0.07636147967113538, 0.0038161470984792397, 0.037531430393192795, 0.0018756244616210261]
Timestep: 103, Trans probs: [0.48931739760473997, 0.024197755573464316, 0.35131982455435057, 0.01737349067147944, 0.0653331358343045, 0.0032308584560965747, 0.046907847403852614, 0.00231968990171216]
Timestep: 104, Trans probs: [0.3604225997901163, 0.01762511458014173, 0.4825203821694535, 0.023595848395585574, 0.04721967272586147, 0.0023091008796749836, 0.06321594301485868, 0.003091338444307921]
Timestep: 105, Trans probs: [0.354548635014891, 0.017136211196836486, 0.5079517132034015, 0.024550560841625643, 0.03757001727713979, 0.0018158517256816498, 0.05382549178394956, 0.0026015189564743573]
Timestep: 106, Trans probs: [0.5003576155364271, 0.023849737935341973, 0.32876044224951073, 0.01567049275896777, 0.07566766699152008, 0.003606728411621623, 0.0497175118189238, 0.0023698042976869112]
Timestep: 107, Trans probs: [0.24176838096528988, 0.06163913101802736, 0.48485218198800834, 0.12361362991559237, 0.023365354864086946, 0.0059570245041965465, 0.04685783659362438, 0.011946460151174162]
Timestep: 108, Trans probs: [0.5462014935596989, 0.03382174669201131, 0.2572177139522253, 0.015927368322070576, 0.09400217919568472, 0.0058207784686440224, 0.0442675934144049, 0.002741126395260044]
Timestep: 109, Trans probs: [0.2390506455696544, 0.014601330195929322, 0.5671174738502068, 0.034639812311886724, 0.040406985074828324, 0.002468078385204125, 0.09586047026533777, 0.0058552043469525805]
Timestep: 110, Trans probs: [0.566291955667686, 0.03414136570710937, 0.24271025361089915, 0.014632839909627233, 0.09389401568102858, 0.005660807812986532, 0.04024256415865699, 0.0024261974520061523]
Timestep: 111, Trans probs: [0.27242539018299056, 0.01624615810489492, 0.5944135097286017, 0.03544800230349204, 0.02416207297058253, 0.0014409114266420587, 0.052719985413677124, 0.0031439698691191624]
Timestep: 112, Trans probs: [0.5059614585241285, 0.029800402920503913, 0.28994505302026996, 0.017077347017725193, 0.09438370885481637, 0.005559064837091596, 0.05408730053863263, 0.0031856642868317913]
Timestep: 113, Trans probs: [0.5333662825656242, 0.031064713926402896, 0.2654688162957237, 0.015461631348233569, 0.09756654062547843, 0.005682542696062421, 0.048561138745637916, 0.0028283337968368744]
Timestep: 114, Trans probs: [0.5561059120517036, 0.03195474834592335, 0.24580643715290917, 0.014124436857810195, 0.09968590836983554, 0.005728114099417639, 0.0440625381599296, 0.0025319049624710453]
Timestep: 115, Trans probs: [0.34510745343438054, 0.01962194810797471, 0.4594443053500947, 0.026122856021706338, 0.06075970925485837, 0.003454645358104831, 0.08088988555322549, 0.004599196919655057]
Timestep: 116, Trans probs: [0.2692810957392916, 0.015156822449800366, 0.5378489341981204, 0.03027349832365443, 0.04656879748499964, 0.0026211828693099713, 0.09301424604438169, 0.005235422890441809]
Timestep: 117, Trans probs: [0.23878849460141544, 0.013286798188010816, 0.5711274267475599, 0.031778980270801414, 0.04050227227125398, 0.002253649275365161, 0.09687216537933313, 0.005390213266260009]
Timestep: 118, Trans probs: [0.23282818100908884, 0.012817487416170567, 0.579805985449444, 0.031919056748669565, 0.038732508111962737, 0.0021322738217090073, 0.0964545612024021, 0.005309946240553158]
Timestep: 119, Trans probs: [0.3509700176096574, 0.0190845830379333, 0.5258869895156956, 0.02859598659832901, 0.028646805363620548, 0.001557718062235087, 0.042923843850022285, 0.002334055962507074]
Timestep: 120, Trans probs: [0.4869150752289271, 0.026225061265076285, 0.3128603781565625, 0.016850541299657316, 0.09078494874503958, 0.004889642904701814, 0.058332581676472664, 0.003141770723562678]
Timestep: 121, Trans probs: [0.3310375343646202, 0.01762129403472898, 0.471418929016404, 0.025093866100952024, 0.060643309091995355, 0.003228073767526261, 0.08636000711831848, 0.004596986505454767]
Timestep: 122, Trans probs: [0.2610072899159226, 0.013728348589014679, 0.5443648851592366, 0.028632268874529406, 0.046881342225208435, 0.0024658445693063837, 0.09777717888552963, 0.005142841781252139]
Timestep: 123, Trans probs: [0.5127374073306101, 0.1047323107781417, 0.2590046092630518, 0.0529045683862467, 0.03896159258308444, 0.007958338058591915, 0.0196810919565719, 0.004020081643701477]
Timestep: 124, Trans probs: [0.4695718596781146, 0.03107262238011165, 0.3121459578319216, 0.020655397625058337, 0.09383830873555551, 0.006209491203597664, 0.06237862886772288, 0.004127733677917885]
Timestep: 125, Trans probs: [0.337896120229229, 0.02211209055960645, 0.53833634880675, 0.0352289990434552, 0.024042279913350503, 0.0015733387833596851, 0.03830417815026268, 0.0025066445139864607]
Timestep: 126, Trans probs: [0.516835109748095, 0.033431407995153255, 0.2525292604800652, 0.016334820484502723, 0.1141205773711577, 0.007381873852566169, 0.055760114716553955, 0.003606835351906037]
Timestep: 127, Trans probs: [0.3356048755889554, 0.021454678984507387, 0.43693116032325985, 0.02793230511509402, 0.0727118005690265, 0.00464834826030556, 0.09466504721084495, 0.006051783948006368]
Timestep: 128, Trans probs: [0.2616018939758731, 0.016522168424079605, 0.5140775845433486, 0.03246794702355091, 0.05561835506654311, 0.0035127262112423312, 0.10929641675881668, 0.006902907996545744]
Timestep: 129, Trans probs: [0.251607469693282, 0.01571311263406573, 0.5273237504111195, 0.03293184218627799, 0.05242190828652957, 0.003273795290748064, 0.10986683867159687, 0.00686128282638035]
Timestep: 130, Trans probs: [0.23817556877552518, 0.014716143529812261, 0.54390957333546, 0.03360651719903058, 0.048642026098960046, 0.003005442755246724, 0.11108134976930667, 0.006863378536658606]
Timestep: 131, Trans probs: [0.2446216809824615, 0.014959719508809442, 0.5404952945896061, 0.03305372594292467, 0.04899583052534704, 0.0029963161025490033, 0.10825702671611721, 0.006620405632184803]
Timestep: 132, Trans probs: [0.23562039380591318, 0.014256646723337322, 0.5524132998512955, 0.03342478608935796, 0.04631825531389353, 0.0028025715099834012, 0.10859340249799972, 0.006570644208219235]
Timestep: 133, Trans probs: [0.2294473580599095, 0.013737702832530072, 0.5615496362760062, 0.03362166422008165, 0.04423978576981875, 0.002648768917713475, 0.10827248488728991, 0.006482599036650589]
Timestep: 134, Trans probs: [0.2628425792472031, 0.015548773336982919, 0.5310947856590316, 0.031417559766445946, 0.04972897902911993, 0.002941778403704317, 0.10048144229201768, 0.005944102265494479]
Timestep: 135, Trans probs: [0.2613513836255665, 0.015263953976631814, 0.5355080732084083, 0.03127578844303587, 0.048527240704225094, 0.0028341826947564162, 0.09943214689412531, 0.005807230453250803]
Timestep: 136, Trans probs: [0.24287391341745712, 0.014055269689667969, 0.5566433680715935, 0.03221330998098459, 0.044283775745659684, 0.002562730604633499, 0.10149410340179972, 0.005873529088203868]
Timestep: 137, Trans probs: [0.2519363813286531, 0.01443408777752451, 0.550254061309277, 0.03152548027796154, 0.04510586137871797, 0.002584231618266961, 0.0985156779723502, 0.005644218337248598]
Timestep: 138, Trans probs: [0.25859107557405303, 0.014668803131267207, 0.5460842689918213, 0.03097710397445268, 0.04551878298317434, 0.002582092459582382, 0.09612509355005083, 0.005452779335598317]
Timestep: 139, Trans probs: [0.25759063634180757, 0.014447272006717447, 0.5496544127269142, 0.03082801037775697, 0.04456126178679376, 0.002499270467044787, 0.09508612007654368, 0.005333016216421616]
Timestep: 140, Trans probs: [0.2829814931738083, 0.015674436695393153, 0.6047000522047254, 0.03349453203345096, 0.019074692858635015, 0.0010565534245488791, 0.04076050217291483, 0.0022577374365233675]
Timestep: 141, Trans probs: [0.5286515852033944, 0.028961283387142038, 0.30554420989609693, 0.01673872300353873, 0.07215999306312504, 0.003953163230393638, 0.04170623655294169, 0.0022848056633675085]
Timestep: 142, Trans probs: [0.5280587749473509, 0.0286064922456631, 0.2679805229249769, 0.014517290715993534, 0.10120958421658052, 0.0054828199500464, 0.05136208049204922, 0.0027824345073394962]
Timestep: 143, Trans probs: [0.31867196313712054, 0.017049857408828036, 0.48017547322997917, 0.025690755061074964, 0.05998356028374538, 0.003209291271324174, 0.09038333388894032, 0.004835765718987476]
Timestep: 144, Trans probs: [0.3220629138143287, 0.017054694196874033, 0.47942546503856864, 0.025387756074083986, 0.0595594925488624, 0.003153945668290894, 0.08866074356254901, 0.0046949890964423984]
Timestep: 145, Trans probs: [0.5194861619086356, 0.027256993757259103, 0.28458564149361043, 0.014931964742039018, 0.09437446509403019, 0.004951747312116203, 0.05170035249971588, 0.002712673192593517]
Timestep: 146, Trans probs: [0.29205200805383436, 0.015187219354267915, 0.5144184301005611, 0.026750665369077872, 0.052183191175723585, 0.002713617948640593, 0.09191511971150354, 0.004779748286391116]
Timestep: 147, Trans probs: [0.2650567317090829, 0.013647361159554658, 0.5437968645947123, 0.027999259481939657, 0.04659131543789778, 0.002398914770357956, 0.09558788071181742, 0.004921672134637193]
Timestep: 148, Trans probs: [0.26009125309055703, 0.013239049021695717, 0.5513259354868176, 0.02806334699883543, 0.04492256128454182, 0.002286628188988382, 0.09522416778868262, 0.004847058139881437]
Timestep: 149, Trans probs: [0.46850743019885766, 0.023577464742139724, 0.34538304445401624, 0.017381275147954525, 0.07955113057239818, 0.00400338149487185, 0.05864498596146458, 0.0029512874282971867]
Timestep: 150, Trans probs: [0.34112254418572724, 0.01697871249076647, 0.47507053189031795, 0.023645713575029974, 0.05700487890378871, 0.0028373071964174325, 0.07938888414956646, 0.0039514276083857085]
Timestep: 151, Trans probs: [0.27323294609608195, 0.013463669591287971, 0.5452772848161491, 0.026868770048754126, 0.0449079142321331, 0.0022128565676070525, 0.08962047179567842, 0.004416086852308252]
Timestep: 152, Trans probs: [0.25049577203626716, 0.01219758619438223, 0.570358884515083, 0.027772930453281993, 0.0404991707642206, 0.001972057740463839, 0.09221338018241047, 0.0044902181138907335]
Timestep: 153, Trans probs: [0.5347065890449886, 0.025779286946544713, 0.28837596801967225, 0.013903189114135356, 0.08505263683373038, 0.004100559775059205, 0.04587027162571395, 0.002211498640155593]
Timestep: 154, Trans probs: [0.2980894333855783, 0.014211020197686356, 0.5270981185107982, 0.02512870692276551, 0.04671106119751498, 0.0022268881744446434, 0.08259706555584365, 0.00393770605536837]
Timestep: 155, Trans probs: [0.2547969519382525, 0.012025278688813668, 0.5725335444945332, 0.02702102744505963, 0.03929789361094885, 0.0018546851481548807, 0.08830310625418356, 0.004167512420053658]
Timestep: 156, Trans probs: [0.2490242261441919, 0.011623551583994161, 0.5804577215307022, 0.02709367025452836, 0.03780422853373403, 0.0017645648668757452, 0.08811896215355036, 0.004113074932423442]
Timestep: 157, Trans probs: [0.24101432282761162, 0.01113396459016904, 0.5905062263703807, 0.02727918962469617, 0.03603474640844924, 0.0016646711524043504, 0.0882882887216908, 0.0040785903045979]
Timestep: 158, Trans probs: [0.2554382616007277, 0.011695892939599377, 0.5780544387431554, 0.026467698247054194, 0.03761103326778634, 0.0017221171788873713, 0.08511342267175233, 0.0038971353510372057]
Timestep: 159, Trans probs: [0.27352720849762885, 0.012411622316316461, 0.5620879946052582, 0.025505411091988932, 0.03960056980860908, 0.001796922941140027, 0.08137766254116391, 0.0036926081978946395]
Timestep: 160, Trans probs: [0.5085604909851664, 0.02285349117251175, 0.32898110241604256, 0.014783623292135582, 0.07253281763211367, 0.0032594512095538777, 0.04692052711316603, 0.002108496179310191]
Timestep: 161, Trans probs: [0.3123920752720748, 0.013916779382250758, 0.5271873115490506, 0.023485709429601133, 0.04382061731818004, 0.001952168162652694, 0.0739508946066283, 0.003294444279561792]
Timestep: 162, Trans probs: [0.2706024229683718, 0.011931874337341598, 0.5783135374298968, 0.025500009868734793, 0.03469805766760863, 0.0015299673199457222, 0.07415438580181036, 0.0032697446062904087]
Timestep: 163, Trans probs: [0.4666464297150947, 0.020350604924887564, 0.36027716557025424, 0.015711806183655856, 0.07408821286044612, 0.0032310114328624475, 0.05720024762178905, 0.0024945216910101974]
Timestep: 164, Trans probs: [0.2545763368537854, 0.01101534237220287, 0.5745463881681667, 0.024860225630553606, 0.03973214780644212, 0.0017191826101351233, 0.08967040023624107, 0.00387997632247323]
Timestep: 165, Trans probs: [0.5467530988426196, 0.02339785885584635, 0.28453923596940983, 0.012176627615381788, 0.0839701973071156, 0.0035934370172723907, 0.04369946112156322, 0.0018700832707912928]
Timestep: 166, Trans probs: [0.36519621836586325, 0.015502568076548156, 0.4682428396082596, 0.019876893933526547, 0.05514037663732061, 0.002340707268031427, 0.0706992165725596, 0.0030011795378907936]
Timestep: 167, Trans probs: [0.28127849420124995, 0.011823529011504028, 0.5542498628365388, 0.02329786836878204, 0.04178883887260011, 0.0017565919860682297, 0.0823435089803389, 0.003461305742917878]
Timestep: 168, Trans probs: [0.2546138911387038, 0.010601752534192238, 0.583006747795237, 0.024275554009432335, 0.037207874698624126, 0.0015492818483464215, 0.08519740193044036, 0.003547496045023677]
Timestep: 169, Trans probs: [0.26558785779142896, 0.010962194601503201, 0.5740805160909708, 0.023695293853617228, 0.038175154641231765, 0.0015756875242704193, 0.0825173735747426, 0.0034059219222350267]
Timestep: 170, Trans probs: [0.2651269851505674, 0.01084817579350519, 0.576466838109335, 0.023587239131409785, 0.03751928919060146, 0.001535173209757795, 0.081578365157861, 0.00333793425696238]
Timestep: 171, Trans probs: [0.5612895436987745, 0.02278592356992946, 0.28221951368513853, 0.011456889480598153, 0.07817311380711718, 0.0031734897192175478, 0.03930587770531768, 0.001595648333906988]
Timestep: 172, Trans probs: [0.3232864032921146, 0.012982430605914632, 0.5223698129412213, 0.020977157647444507, 0.044244968521708485, 0.0017767751060502707, 0.07149151865007872, 0.0028709332354675517]
Timestep: 173, Trans probs: [0.24806171272225602, 0.009887449776915797, 0.5994613090703185, 0.023893826748158157, 0.03340941274007225, 0.001331660121663255, 0.08073656380361431, 0.0032180650170016024]
Timestep: 174, Trans probs: [0.5014629766188723, 0.019818517779490664, 0.3479185513940337, 0.013750227470647124, 0.06647724810710068, 0.0026272737668996725, 0.04612238378599734, 0.0018228210769586047]
Timestep: 175, Trans probs: [0.2692003796123142, 0.01054451342571817, 0.5819346572386352, 0.0227942390533791, 0.03516181049421526, 0.0013772795690807067, 0.07600983389142667, 0.0029772867152305215]
Timestep: 176, Trans probs: [0.5769828685759738, 0.022418537303788514, 0.2758271825364077, 0.010717202048568474, 0.07427917791256727, 0.0028861004574321533, 0.035509228229444786, 0.0013797029358172828]
Timestep: 177, Trans probs: [0.4049066011115434, 0.015593858095379066, 0.4496276300442743, 0.017316164862277727, 0.05135484768901343, 0.001977789952482577, 0.05702687581360229, 0.0021962324314271768]
Timestep: 178, Trans probs: [0.310960453851478, 0.011853402585966118, 0.5455423253042547, 0.020795354294806855, 0.03876672003118733, 0.001477736264453025, 0.06801149898094169, 0.0025925086869122297]
Timestep: 179, Trans probs: [0.26020896121230164, 0.00982630908674542, 0.5981472805133139, 0.022587923299553794, 0.03190777230620233, 0.0012049378756576697, 0.07334700212965095, 0.0027698135765742856]
Timestep: 180, Trans probs: [0.27121578783435946, 0.010160663818522321, 0.5887574627046077, 0.02205685257836545, 0.032772773676789664, 0.0012277793206262287, 0.07114340662027853, 0.002665273446450552]
Timestep: 181, Trans probs: [0.26739287434539205, 0.009947222869952881, 0.5942486475810074, 0.022106511821332053, 0.031806290431847635, 0.0011832187389682043, 0.07068567223403238, 0.002629561977467397]
Timestep: 182, Trans probs: [0.5525219097542737, 0.020393418924732735, 0.3106990534673118, 0.011467809411747605, 0.06476431822050151, 0.002390431672533638, 0.03641884966790666, 0.001344208880992233]
Timestep: 183, Trans probs: [0.2708793307850658, 0.009925461149866173, 0.5938457243206174, 0.02175947736091863, 0.03130307761517164, 0.001146995896069901, 0.06862538661023221, 0.002514546262058172]
Timestep: 184, Trans probs: [0.5371034448390881, 0.019491567103724836, 0.3238441090271977, 0.011752352815649318, 0.0649012375864265, 0.0023552759523067525, 0.03913190962168481, 0.0014201030539219058]
Timestep: 185, Trans probs: [0.5955441905123521, 0.021446804017684524, 0.2559986434165138, 0.009219051787615755, 0.07951625430349539, 0.0028635482461851986, 0.034180592398600766, 0.0012309153175526508]
Timestep: 186, Trans probs: [0.3917369960324234, 0.014004788575767292, 0.4617472972365996, 0.016507690973091852, 0.05140601995811988, 0.0018377902733893313, 0.06059318118472506, 0.002166235765883594]
Timestep: 187, Trans probs: [0.30939890768881295, 0.010972171061529059, 0.5575288862697257, 0.019771570486757727, 0.03526937625552123, 0.0012507530566275573, 0.06355451029240868, 0.002253824888617185]
Timestep: 188, Trans probs: [0.5371641794309705, 0.01888150159550828, 0.3036016856914374, 0.01067170137601951, 0.08003955552499281, 0.0028134172999953995, 0.04523783399913762, 0.0015901250819384191]
Timestep: 189, Trans probs: [0.3563476090859916, 0.012402616730544994, 0.48653496403644286, 0.0169337650403523, 0.052205320298088644, 0.0018169971186653528, 0.07127791231401874, 0.0024808153758956145]
Timestep: 190, Trans probs: [0.2812363176757041, 0.009712647892521862, 0.5906884831881208, 0.02039974530597286, 0.030542752552162978, 0.0010548104301011832, 0.0641497951848124, 0.0022154477706038587]
Timestep: 191, Trans probs: [0.5166878392316038, 0.017685120028329403, 0.31381931888749753, 0.0107413643216136, 0.08485786079053148, 0.0029045031438317288, 0.05153989324606075, 0.0017641003505315628]
Timestep: 192, Trans probs: [0.2588450891822679, 0.008785084802719598, 0.5736766085466786, 0.019470323626152825, 0.04186584670408921, 0.0014209078286746889, 0.09278699096441018, 0.0031491483450069705]
Timestep: 193, Trans probs: [0.5363992350945539, 0.018068499209011844, 0.34073945194301747, 0.011477739182134137, 0.05520565437785305, 0.0018595912469625121, 0.03506855190341467, 0.0011812770430523539]
Timestep: 194, Trans probs: [0.5618006345129393, 0.018731354015457606, 0.2584179303651918, 0.008616077377357952, 0.10103935315139012, 0.003368817650076792, 0.046476238940984294, 0.0015495939866022397]
Timestep: 195, Trans probs: [0.30002774524497355, 0.009909509249967245, 0.5224008826732418, 0.017254192190841292, 0.053115444585059284, 0.0017543310502900417, 0.09248329721026524, 0.0030545977953615505]
Timestep: 196, Trans probs: [0.25110840491401226, 0.008233955949570363, 0.5735690531116765, 0.018807583597114357, 0.04371700772764336, 0.0014335000694210374, 0.09985616664566307, 0.0032743279848991874]
Timestep: 197, Trans probs: [0.25157773361158364, 0.008194828334551133, 0.5753300591131607, 0.018740653246438272, 0.043063848962388525, 0.0014027507307807423, 0.09848219241621481, 0.0032079335848820695]
Timestep: 198, Trans probs: [0.24084259994991086, 0.007773040602750254, 0.5883978779284146, 0.01899016451682907, 0.04051436700428429, 0.0013075752370407992, 0.09897986309685944, 0.0031945116639106224]
Timestep: 199, Trans probs: [0.2505712320259551, 0.008009139363461655, 0.5809599818844752, 0.01856952780207804, 0.041432435047273286, 0.0013243265947896672, 0.09606285015192911, 0.0030705071300381305]
Timestep: 200, Trans probs: [0.24820579035906642, 0.007858219888299987, 0.5853912075084139, 0.01853354356731076, 0.04040936546832171, 0.001279364510140441, 0.09530513857847052, 0.003017370119976195]
Timestep: 201, Trans probs: [0.3118400928186815, 0.009807828323423274, 0.5237750217130397, 0.016473492701420324, 0.04996682498961933, 0.0015715299368181928, 0.08392562549385452, 0.002639584023143058]
Timestep: 202, Trans probs: [0.5238305996574157, 0.01636420303196498, 0.31386454677398384, 0.009804969719799052, 0.08255004140521029, 0.0025788215479115584, 0.04946166059937071, 0.0015451572643438384]
Timestep: 203, Trans probs: [0.30854633903023043, 0.009546770141844829, 0.5312086842426408, 0.01643619309098154, 0.047850566083739464, 0.0014805502375896252, 0.08238190843391706, 0.0025489887390563303]
Timestep: 204, Trans probs: [0.26089573518512105, 0.007993155153177613, 0.5810565513416527, 0.017802035607629278, 0.03976285733609635, 0.0012182287602193458, 0.08855824622356623, 0.0027131903925374694]
Timestep: 205, Trans probs: [0.5488605325085775, 0.01665449074935581, 0.2950592298255465, 0.008953205637107489, 0.08235648887929758, 0.002499005304536542, 0.04427361914473596, 0.0013434279508428384]
Timestep: 206, Trans probs: [0.5503583833511205, 0.01657507005988969, 0.29547270654218394, 0.008898712111735757, 0.08129007977156433, 0.0024482024952240744, 0.04364247118192872, 0.0013143744863529801]
Timestep: 207, Trans probs: [0.3425177100565468, 0.010253113887313035, 0.5053309374491579, 0.015126854759111583, 0.04972517310255844, 0.0014885007341743485, 0.07336166160456095, 0.002196048406577003]
Timestep: 208, Trans probs: [0.2803298379319399, 0.00833015625940287, 0.5694349690691949, 0.016921075212358538, 0.040041247404026974, 0.0011898478241118785, 0.08133592429978792, 0.002416941999177033]
Timestep: 209, Trans probs: [0.3077342956823282, 0.009066705436935217, 0.5767255931139738, 0.01699193474393901, 0.030242676656740047, 8.910330915933882E-4, 0.056677873987166824, 0.0016698872873235119]
Timestep: 210, Trans probs: [0.5108096362406328, 0.014950953962443005, 0.32586044410261095, 0.009537651900647185, 0.08235587950293437, 0.002410484994070929, 0.052537230242549936, 0.0015377190541108093]
Timestep: 211, Trans probs: [0.32583995290265766, 0.009466824874752868, 0.5130696946162198, 0.014906523599104873, 0.05160284906977895, 0.0014992487288010433, 0.08125417947586015, 0.0023607267328248894]
Timestep: 212, Trans probs: [0.263921310257237, 0.007599522462870264, 0.5770824779992751, 0.01661688951987183, 0.04111237964535237, 0.0011838166926057766, 0.08989510509425157, 0.002588498328535842]
Timestep: 213, Trans probs: [0.2941371017351976, 0.008390828368688255, 0.5946408416615107, 0.016963277376296382, 0.02762943299178426, 7.881828874717999E-4, 0.05585690887665014, 0.001593426102400961]
Timestep: 214, Trans probs: [0.5307098825968736, 0.015034720302428207, 0.29745909982583435, 0.008426853378742483, 0.09245925899054928, 0.00261932016696323, 0.051822754487471256, 0.0014681102511376648]
Timestep: 215, Trans probs: [0.4868199691180604, 0.013681601268912276, 0.34371397427322553, 0.009659746610392251, 0.0833100886256865, 0.0023413489309391214, 0.058820187081612935, 0.0016530840911710616]
Timestep: 216, Trans probs: [0.30454744051749977, 0.008488737893235801, 0.528216958555668, 0.014723142326601204, 0.05124213903608474, 0.0014282867937649775, 0.08887602793684302, 0.002477266940302561]
Timestep: 217, Trans probs: [0.2686480769010121, 0.007433653933499347, 0.5661888891058376, 0.015666787237624852, 0.044484413480401816, 0.0012309104872909463, 0.09375306513090684, 0.002594203723426544]
Timestep: 218, Trans probs: [0.27463042031909085, 0.007534719506453191, 0.5622634377369158, 0.015426176339676486, 0.04476122003968041, 0.0012280621985494545, 0.09164169587464929, 0.002514267984984661]
Timestep: 219, Trans probs: [0.2882492903009298, 0.007841021999249471, 0.5507375666996293, 0.014981287106714479, 0.046220684766962554, 0.0012573054584098641, 0.08831059890268003, 0.0024022447654247605]
Timestep: 220, Trans probs: [0.5520786473809914, 0.014902049815798566, 0.28897688701174445, 0.007800243654219039, 0.08708041963091852, 0.002350528783311302, 0.04558087639142709, 0.0012303473315896083]
Timestep: 221, Trans probs: [0.32369488324628964, 0.00867300879585571, 0.5194731188191222, 0.013918647349457256, 0.0501905018908205, 0.0013447931583036182, 0.08054689122930528, 0.002158155510845893]
Timestep: 222, Trans probs: [0.2693617492658353, 0.007156898120993261, 0.575937527644077, 0.015302566977828157, 0.041049124431965185, 0.00109066859833024, 0.08776944500003188, 0.002332019960938909]
Timestep: 223, Trans probs: [0.26721668916822544, 0.007040821509810596, 0.6265968985539794, 0.01651003511439384, 0.02407069483171601, 6.34232339509823E-4, 0.05644341592039311, 0.001487212561971766]
Timestep: 224, Trans probs: [0.5465821266233043, 0.01427420736588959, 0.28602904967592613, 0.007469761210388661, 0.09317773191064165, 0.002433373142646516, 0.04876035422893886, 0.0012733958422643176]
Timestep: 225, Trans probs: [0.5643663762969563, 0.01461607524836784, 0.27050835464784595, 0.007005680410635785, 0.09455795687198788, 0.0024488812073483364, 0.04532289379132769, 0.0011737815255302652]
Timestep: 226, Trans probs: [0.5223615808934025, 0.013438499535693127, 0.3145842214604287, 0.00809312948858515, 0.0861128667747885, 0.002215376785924753, 0.05186014849281307, 0.0013341765683641746]
Timestep: 227, Trans probs: [0.3518281344000692, 0.008978049936897938, 0.4871779806517171, 0.012431945631370612, 0.05707649913419358, 0.0014564942633820278, 0.07903408190558975, 0.0020168140767798893]
Timestep: 228, Trans probs: [0.3530357306545219, 0.008942564961957852, 0.5447900478875009, 0.013799794102511477, 0.03046193370351963, 7.716154410363456E-4, 0.04700758841128865, 0.0011907248376632307]
Timestep: 229, Trans probs: [0.5237013811352542, 0.013159923805973991, 0.30277329494976574, 0.007608292885127132, 0.09442287296060066, 0.0023727220482195857, 0.05458974406928423, 0.0013717681457744019]
Timestep: 230, Trans probs: [0.3531938096162075, 0.008804433683659178, 0.47557292237832804, 0.01185510658121071, 0.06260897533502845, 0.0015607197983965341, 0.08430253463260533, 0.00210149797456443]
Timestep: 231, Trans probs: [0.27783732618242835, 0.006881441519471796, 0.5532006840063877, 0.013701608087828311, 0.04840792455026784, 0.0011989616602232434, 0.09638480667984278, 0.0023872473135500547]
Timestep: 232, Trans probs: [0.2717871569609646, 0.006679453774157159, 0.5614983866076915, 0.013799410389905089, 0.046552603398372104, 0.001144078940090453, 0.09617530126461388, 0.002363608664205172]
Timestep: 233, Trans probs: [0.2865157410589674, 0.006988839838028473, 0.6149124646769665, 0.014999262219070166, 0.023762232852648724, 5.796206483710144E-4, 0.050997872283195085, 0.0012439664227527675]
Timestep: 234, Trans probs: [0.521766176286226, 0.01263329917825486, 0.299418338117439, 0.007249686960962432, 0.09859565668133315, 0.0023872540711579017, 0.0565796500632647, 0.001369938641361983]
Timestep: 235, Trans probs: [0.4871979426687199, 0.011714588997907305, 0.3361290646542105, 0.008082164348039022, 0.09065072605129146, 0.002179680793058794, 0.06254202058189848, 0.0015038119048745309]
Timestep: 236, Trans probs: [0.32658573715652506, 0.0077953932350846335, 0.4990185622158131, 0.011911254783960145, 0.05976408850746737, 0.0014265306724917462, 0.09131871397323545, 0.0021797194554225357]
Timestep: 237, Trans probs: [0.2622559198620973, 0.0062281389837302034, 0.5655863985712493, 0.013431729966139326, 0.0471897945753484, 0.0011206786080691414, 0.10177046137689781, 0.0024168780564685073]
Timestep: 238, Trans probs: [0.3299376572330897, 0.007796749894385871, 0.5000049272468481, 0.011815606003864486, 0.05842764034991833, 0.0013807023500976548, 0.08854432775985661, 0.0020923891619392073]
Timestep: 239, Trans probs: [0.44661052362325054, 0.01049191212688886, 0.38546370583514805, 0.009055432229668953, 0.07781316097482391, 0.0018280107701895802, 0.06715952223598937, 0.001577732204040603]
Timestep: 240, Trans probs: [0.2758690296900711, 0.006445314597510777, 0.558397030761904, 0.01304620724413962, 0.04725434328068147, 0.0011040351607606476, 0.09564931956363767, 0.002234719701294818]
Timestep: 241, Trans probs: [0.5380754109846242, 0.012476277190196783, 0.29816909624973365, 0.006913603964089048, 0.09078595584045628, 0.0021050409048981125, 0.050308127545881494, 0.0011664873201205016]
Timestep: 242, Trans probs: [0.26923462599254033, 0.006204347504035638, 0.6360601373611154, 0.014657617351797618, 0.02146630808483074, 4.946779579186436E-4, 0.050713621320950635, 0.001168664426811009]
Timestep: 243, Trans probs: [0.5395678604052784, 0.012338418501838819, 0.2845320590593418, 0.006506457999976411, 0.1005308305020715, 0.0022988609035021154, 0.05301324689764689, 0.0012122657303442253]
Timestep: 244, Trans probs: [0.6273690029711102, 0.014248016427875421, 0.2807104525995692, 0.006375143051655014, 0.0481637163345116, 0.0010938338016570032, 0.02155040900508214, 4.894258085396422E-4]
Timestep: 245, Trans probs: [0.5686444740975631, 0.012823023490294566, 0.24347535607852364, 0.0054904080713304914, 0.11611190585240885, 0.0026183419765244327, 0.04971540023709238, 0.001121090196262515]
Timestep: 246, Trans probs: [0.408868998399408, 0.009175182674262865, 0.5016408717120706, 0.01125702034845539, 0.030330185093149473, 6.806213967389261E-4, 0.03721206682061318, 8.350535553015317E-4]
Timestep: 247, Trans probs: [0.5500209598204386, 0.012259114746738584, 0.2503653839291005, 0.005580256380047957, 0.12219081477964716, 0.002723443884520693, 0.05562033538667915, 0.0012396910728274518]
Timestep: 248, Trans probs: [0.35026763138769623, 0.007748530191888227, 0.4526496411655485, 0.010013398603299624, 0.07653449886268944, 0.0016930764421739701, 0.0989052665521247, 0.002187956794579253]
Timestep: 249, Trans probs: [0.27209058963300575, 0.005989102772113978, 0.5334247486513561, 0.011741441132422406, 0.05841891611703107, 0.001285883840864606, 0.11452838441874529, 0.0025209334344609676]
Timestep: 250, Trans probs: [0.23198519232676984, 0.005066359949312248, 0.5759435627503942, 0.012578119189920758, 0.04901373388837255, 0.0010704183997594068, 0.12168511376194215, 0.002657499733528757]
Timestep: 251, Trans probs: [0.2373725177068564, 0.005158687717031836, 0.5730349386644453, 0.012453456398726902, 0.04930248076809317, 0.001071463977441792, 0.11901986091683608, 0.0025865938505685113]
Timestep: 252, Trans probs: [0.3174912026777125, 0.00685414636731167, 0.595797189642189, 0.0128623442432384, 0.02279769450416761, 4.921671329817631E-4, 0.04278166513385958, 9.235902985395459E-4]
Timestep: 253, Trans probs: [0.47533505950299654, 0.010194565132232637, 0.32330435425995846, 0.006933945290052359, 0.10734911501605474, 0.0023023286901306377, 0.07301467799773097, 0.0015659541108437203]
Timestep: 254, Trans probs: [0.5405264768269598, 0.011526194696671689, 0.26078453098298693, 0.005560973248961476, 0.11994234243442592, 0.0025576523085225978, 0.05786785450433365, 0.0012339749971381085]
Timestep: 255, Trans probs: [0.46905510600749883, 0.009949012136153582, 0.33469581201918003, 0.007099150298228211, 0.10240643333050879, 0.002172117593383892, 0.07307244696957783, 0.001549921645468979]
Timestep: 256, Trans probs: [0.33754160751982465, 0.00712585860851509, 0.468810147048311, 0.009897075642466467, 0.07240736480518858, 0.0015285956821979104, 0.10056629045267394, 0.00212306024082239]
Timestep: 257, Trans probs: [0.5441929591888109, 0.011398457092449866, 0.26472624547838547, 0.00554485444800435, 0.11474596649065633, 0.0024034250232216688, 0.05581893036275183, 0.0011691619157195366]
Timestep: 258, Trans probs: [0.26840874819350574, 0.005594606190431991, 0.5429730513782365, 0.011317516343723742, 0.05564137583866058, 0.001159766914477401, 0.11255880378466676, 0.002346131356297401]
Timestep: 259, Trans probs: [0.6010450651321033, 0.012446014290944446, 0.31490976911531926, 0.006520927820788019, 0.04183766616199454, 8.663446739014484E-4, 0.02192030274552169, 4.539100594272888E-4]
Timestep: 260, Trans probs: [0.5593150191419411, 0.011507715238286842, 0.24049175718610716, 0.004948035658149589, 0.12589960297695577, 0.0025903412747521827, 0.054133745228961104, 0.0011137832948461583]
Timestep: 261, Trans probs: [0.34224559633340584, 0.006991709508093464, 0.4600854980594263, 0.009399051984249078, 0.0757786616893403, 0.0015480765716787215, 0.10187030506494155, 0.002081100788864738]
Timestep: 262, Trans probs: [0.32662131467372507, 0.006621430593371971, 0.4783096734790438, 0.009696532843374395, 0.0710916005653804, 0.0014412044706439897, 0.1041077196309048, 0.00211052374355567]
Timestep: 263, Trans probs: [0.5412215434825202, 0.010898255928293524, 0.37719316027289973, 0.007595314053104884, 0.03644604538813995, 7.338923126717322E-4, 0.025400317494652817, 5.114710677173522E-4]
Timestep: 264, Trans probs: [0.4790458850446448, 0.009580346264771163, 0.3140097603822858, 0.006279820637014257, 0.11316145933345813, 0.002263094200548897, 0.07417619864639352, 0.001483435490883451]
Timestep: 265, Trans probs: [0.3288290317306984, 0.006537435761134222, 0.46692042240593873, 0.009282824728019636, 0.07634753635047882, 0.0015178620688847142, 0.10840960037741806, 0.002155286577427339]
Timestep: 266, Trans probs: [0.2620911009917392, 0.005171524404192378, 0.5362501470382995, 0.010581170866414602, 0.059850983393660365, 0.001180966542030678, 0.1224577962540163, 0.0024163105096468886]
Timestep: 267, Trans probs: [0.3354134136400969, 0.0065701568418467, 0.46570564119146857, 0.00912235164227479, 0.07522403164600025, 0.0014735060259712229, 0.10444500567379798, 0.002045893338543534]
Timestep: 268, Trans probs: [0.5046861515439476, 0.009815891905284087, 0.2990941986499104, 0.005817231787445694, 0.11122531150553545, 0.0021632763877706992, 0.06591590697023107, 0.0012820312498751177]
Timestep: 269, Trans probs: [0.3072166697079004, 0.005940747359515149, 0.6138924180786672, 0.011871034749496948, 0.019985205932660163, 3.8646034242445986E-4, 0.03993522359143446, 7.722402379012586E-4]
Timestep: 270, Trans probs: [0.5563671031370353, 0.010682877539012274, 0.3347916902774273, 0.006428379047119485, 0.05618981552022011, 0.0010789079993364643, 0.033811997884709365, 6.492285951398625E-4]
Timestep: 271, Trans probs: [0.5418777242199248, 0.010355398316094243, 0.2505129454253594, 0.004787355555078544, 0.1291505062405345, 0.002468093584712767, 0.059706963906051846, 0.0011410127522438849]
Timestep: 272, Trans probs: [0.5456017383745385, 0.010350507473578649, 0.24943382270844247, 0.004731961913828659, 0.12788251682434823, 0.0024260350600676045, 0.05846430241242512, 0.001109115232770688]
Timestep: 273, Trans probs: [0.3583819089466696, 0.006763227880669642, 0.43925483852451114, 0.008289426716207636, 0.082600719883843, 0.0015588049444898795, 0.10124050619972848, 0.0019105669038807505]
Timestep: 274, Trans probs: [0.39236582481036586, 0.007360376259818201, 0.5017947444553993, 0.009413149389797431, 0.038363277328262335, 7.196553263328557E-4, 0.04906260873436405, 9.20363695660025E-4]
Timestep: 275, Trans probs: [0.5076401702083903, 0.009481463241627157, 0.27832513770168466, 0.005198425414710657, 0.12639869293026096, 0.002360815063780348, 0.06930092549745659, 0.0012943699420893792]
Timestep: 276, Trans probs: [0.3470576992757613, 0.006437862583917419, 0.44172655149461904, 0.008193954043158985, 0.08491984431507267, 0.0015752489845030232, 0.10808390092205279, 0.002004938380914687]
Timestep: 277, Trans probs: [0.26557271712099667, 0.004903251300668809, 0.5260092848296808, 0.009711674218515157, 0.06384148438738697, 0.0011787010531524732, 0.12644828094210758, 0.00233460614749159]
Timestep: 278, Trans probs: [0.26351204093723724, 0.04509447650459575, 0.5164532232924931, 0.08837997558158273, 0.02497119033722033, 0.004273287671973112, 0.04894065445069904, 0.008375151224198645]
Timestep: 279, Trans probs: [0.46626222280800295, 0.012003119845711875, 0.30779111909853235, 0.007923553548336168, 0.12098457663629586, 0.003114540063105551, 0.07986488378210618, 0.0020559842179091016]
Timestep: 280, Trans probs: [0.6055453373613318, 0.015481617662909553, 0.28723628229166864, 0.007343599276533933, 0.05581422567442664, 0.0014269691280393991, 0.0264750955751216, 6.768730299684323E-4]
Timestep: 281, Trans probs: [0.557871482164838, 0.01418145323680511, 0.20449238375429782, 0.005198328414710931, 0.15575309783460384, 0.003959344300693821, 0.05709258005036988, 0.0014513302436808167]
Timestep: 282, Trans probs: [0.609044815591222, 0.015393382002572993, 0.28621245705652265, 0.007233913782008345, 0.05448612995176958, 0.001377116742017156, 0.025605027298128642, 6.471575757586736E-4]
Timestep: 283, Trans probs: [0.4297097235905517, 0.010804393286460353, 0.3211474184146221, 0.008074760288154926, 0.12854604017966406, 0.0032320934278918024, 0.09607003678245157, 0.002415534030203504]
Timestep: 284, Trans probs: [0.3084230885662806, 0.007721988727783463, 0.44573843990318024, 0.011159953116585354, 0.09054941480545244, 0.0022670856571907674, 0.13086359739522088, 0.003276431828306281]
Timestep: 285, Trans probs: [0.24888129515476645, 0.006192341599926772, 0.5086739222735942, 0.012656164810352442, 0.07167524973693667, 0.001783330604878015, 0.14649285070199752, 0.003644845117547871]
Timestep: 286, Trans probs: [0.3639912920265107, 0.009017411579727255, 0.5338882881723745, 0.013226389030470784, 0.03159836433723226, 7.828084427202338E-4, 0.046347253394796124, 0.001148193016167948]
Timestep: 287, Trans probs: [0.4435536181250199, 0.010929948512260593, 0.3023644318728887, 0.007450796335017385, 0.1367869778782283, 0.003370673948454553, 0.0932458110218871, 0.0022977423062434444]
Timestep: 288, Trans probs: [0.2506460357191485, 0.006136540694772822, 0.4987568647197726, 0.012211012188437998, 0.07582206942436313, 0.0018563438007288152, 0.15087722219167427, 0.0036939112611018145]
Timestep: 289, Trans probs: [0.2360784157749667, 0.005740851493859101, 0.5167994802926189, 0.012567303362843429, 0.07004539895433254, 0.0017033333263649286, 0.15333644822063705, 0.00372876857437738]
Timestep: 290, Trans probs: [0.2495746860250158, 0.00603115131244891, 0.5066955329885526, 0.0122446610169815, 0.07264591278468167, 0.001755540592732492, 0.14748835342292946, 0.0035641618566574864]
Timestep: 291, Trans probs: [0.24562562648869193, 0.00589557038755742, 0.5141703021197075, 0.012341249773781057, 0.07007525740994444, 0.0016819646157952984, 0.14668915775873317, 0.0035208714457892303]
Timestep: 292, Trans probs: [0.2514517906614864, 0.006005634298677212, 0.5117255872007258, 0.01222197197291277, 0.07034266390066883, 0.0016800529193721312, 0.14315324975471094, 0.003419049291446058]
Timestep: 293, Trans probs: [0.2279009344998254, 0.00540932913645013, 0.5385945877447973, 0.012783779946389427, 0.0625339276878478, 0.0014842703379033305, 0.1477854185943461, 0.003507752052440521]
Timestep: 294, Trans probs: [0.2252112130289386, 0.005314425406643258, 0.5444906040768405, 0.01284862623431044, 0.06063883811902677, 0.0014309260076125728, 0.14660583349242062, 0.0034595336342072703]
Timestep: 295, Trans probs: [0.2482671399865258, 0.0058192338228759055, 0.5245457753213247, 0.012295040405114362, 0.06562665867302278, 0.0015382497734219404, 0.1386578447605147, 0.0032500572571998684]
Timestep: 296, Trans probs: [0.46629900457620355, 0.010862143437168511, 0.30958818867403337, 0.007211663072038542, 0.1210081864791302, 0.002818809960365558, 0.08034052163772386, 0.0018714821633364293]
Timestep: 297, Trans probs: [0.5286001169085351, 0.012252418892839213, 0.250242397376606, 0.005800367005853377, 0.13472430825320653, 0.0031227739210884535, 0.06377927814196989, 0.0014783394999012738]
Timestep: 298, Trans probs: [0.4812924982358631, 0.01108337338683016, 0.3003837135418764, 0.006917342091784899, 0.1205661797269361, 0.0027764405068338408, 0.075247623693869, 0.001732828816006452]
Timestep: 299, Trans probs: [0.29663135041381916, 0.0068017995757695465, 0.4878247827962994, 0.011185892509489655, 0.07302860715969672, 0.0016745564772735666, 0.12009912093207954, 0.002753890135572324]
Timestep: 300, Trans probs: [0.3218591736660886, 0.04752186485066852, 0.37980395595164407, 0.05607729634951509, 0.07783565538044693, 0.01149227922703304, 0.09184852334907156, 0.013561251225532282]
Timestep: 301, Trans probs: [0.47358041663268435, 0.01415984449808176, 0.3107897387960793, 0.009292475403106045, 0.11266276314422466, 0.0033685666696048494, 0.073935554553971, 0.0022106403022481252]
Timestep: 302, Trans probs: [0.5230861970040391, 0.015569437515231457, 0.26393027027746396, 0.007855771907189887, 0.12234728950104375, 0.003641614880978642, 0.061731992491241866, 0.0018374264228113559]
Timestep: 303, Trans probs: [0.3588410692571059, 0.010632668841204451, 0.4308579710006225, 0.01276657137581019, 0.08248450954941881, 0.002444063820185959, 0.09903857576006904, 0.00293457039558328]
Timestep: 304, Trans probs: [0.45388893129021, 0.013368978914496961, 0.3385323990941686, 0.009971233474451608, 0.10251009893023093, 0.003019362792623389, 0.0764570081574495, 0.002251987346368918]
Timestep: 305, Trans probs: [0.5256529396427534, 0.015406462595650412, 0.26924870047415156, 0.007891461684969734, 0.11679782972402548, 0.0034232499415285085, 0.05982590698107326, 0.001753448955847521]
Timestep: 306, Trans probs: [0.5478092576648536, 0.015955079961540143, 0.24955010934095567, 0.007268208583984806, 0.11977645592397536, 0.003488518868635258, 0.05456320289239594, 0.0015891667636594034]
Timestep: 307, Trans probs: [0.3720103858998403, 0.010771359869301046, 0.4278147213268763, 0.01238714427192691, 0.08001609526117964, 0.0023168228363024583, 0.0920191069747256, 0.0026643635598478724]
Timestep: 308, Trans probs: [0.578329729426206, 0.016646798091599774, 0.22392248169097184, 0.006445444789044328, 0.12238344145036512, 0.0035227178129000306, 0.047385431758171906, 0.001363954980741171]
Timestep: 309, Trans probs: [0.3175782761299893, 0.009079700543521892, 0.48724726111484784, 0.013930610353723335, 0.06604642053267926, 0.0018882957855807022, 0.10133230113578456, 0.002897134403873111]
Timestep: 310, Trans probs: [0.25948822228958734, 0.007375786276504772, 0.5478505009634248, 0.015572299085207608, 0.05304019511659223, 0.001507633524913915, 0.11198233665262139, 0.003183026091147896]
Timestep: 311, Trans probs: [0.28369442844146575, 0.008022398588087216, 0.526087636002731, 0.014876868507656496, 0.05700545000640124, 0.001612017705659623, 0.10571184847688068, 0.002989352271117996]
Timestep: 312, Trans probs: [0.5014106092571683, 0.01408984506811138, 0.31073261268063956, 0.00873171466548318, 0.09910646674867554, 0.002784932620004804, 0.061417949237225114, 0.0017258697226922707]
Timestep: 313, Trans probs: [0.3371358650742061, 0.009416048151565692, 0.47743471285844225, 0.013334529817865945, 0.06550040262047069, 0.001829395827956599, 0.09275834806342405, 0.002590697586068588]
Timestep: 314, Trans probs: [0.2804191821718936, 0.007795630300848321, 0.6165922016747648, 0.017141212713815385, 0.023740177325495816, 6.599749855653668E-4, 0.0522004525221954, 0.0014511683054213248]
Timestep: 315, Trans probs: [0.4978195028742942, 0.013759508876240596, 0.30479471349489734, 0.008424389847223893, 0.10574577420974741, 0.00292276600346725, 0.06474385347995246, 0.0017894912141768297]
Timestep: 316, Trans probs: [0.47898711953863493, 0.013175964478278217, 0.32600903547681137, 0.00896784755961217, 0.10010123142693789, 0.0027535819142352875, 0.0681310719565286, 0.0018741476489616343]
Timestep: 317, Trans probs: [0.3494002923267804, 0.009554425822955489, 0.4579949564282996, 0.012523970169977226, 0.07183104460487748, 0.0019642352984090674, 0.09415634979847601, 0.0025747255502248383]
Timestep: 318, Trans probs: [0.2764628579434996, 0.00751336415315617, 0.533375815402773, 0.01449542539427352, 0.05588516290852462, 0.0015187775414519267, 0.10781844099051781, 0.0029301556658033797]
Timestep: 319, Trans probs: [0.26896125717880703, 0.007265760487592062, 0.5433343697341976, 0.014677717663034976, 0.05344182312068578, 0.0014436855734839963, 0.1079589662366147, 0.0029164200055839425]
Timestep: 320, Trans probs: [0.2519506901295917, 0.006761110466126636, 0.5627588862095131, 0.015101665304031743, 0.049219542778948036, 0.0013208091061371868, 0.1099371272203118, 0.0029501687853398153]
Timestep: 321, Trans probs: [0.24045328751118855, 0.006414255007345621, 0.5767203246869315, 0.015384406962158974, 0.046151282049529244, 0.0012311168420512388, 0.11069252844831313, 0.002952798492481841]
Timestep: 322, Trans probs: [0.26580461366425046, 0.007043661767306928, 0.5538187206034959, 0.01467586169614458, 0.05012439342452529, 0.0013282661602696797, 0.10443696614108264, 0.0027675165429245125]
Timestep: 323, Trans probs: [0.30805005952323966, 0.00812330928393675, 0.5921048346974342, 0.015613860643966668, 0.025376399558997995, 6.691780629730583E-4, 0.048776127131256106, 0.0012862310981956498]
Timestep: 324, Trans probs: [0.5559782803447514, 0.014580894918934075, 0.3186324527658845, 0.008356344979269199, 0.0634630164596436, 0.0016643592150090048, 0.03637080315784827, 9.538481586600484E-4]
Timestep: 325, Trans probs: [0.5398760381028717, 0.014082344496172702, 0.2680772185605931, 0.006992634376980276, 0.11133946332503557, 0.002904223502994913, 0.05528597592345326, 0.001442101711898588]
Timestep: 326, Trans probs: [0.4874047987991122, 0.012650556329206036, 0.3229619131267024, 0.008382453115488155, 0.09884124659967244, 0.0025654174124647108, 0.06549372959870113, 0.0016998850186529322]
Timestep: 327, Trans probs: [0.3385096622632411, 0.008746543093666284, 0.4741635126449679, 0.01225161955220132, 0.06753723777340974, 0.0017450531741482313, 0.09460200835294101, 0.002444363145424545]
Timestep: 328, Trans probs: [0.32649072312467403, 0.04269316031332841, 0.4128530337106551, 0.053986222289453226, 0.06403761003140064, 0.008373799797395774, 0.08097663945859788, 0.010588811274494818]
Timestep: 329, Trans probs: [0.4686449549702229, 0.015222806222361713, 0.3433266565084085, 0.011152142165556702, 0.09036605241653499, 0.002935324258647143, 0.06620166142619383, 0.002150402032074323]
Timestep: 330, Trans probs: [0.3430869525367021, 0.011077035130133537, 0.47110274777411487, 0.015210201520088593, 0.06511812418702265, 0.0021024283899309304, 0.08941560443374973, 0.0028869060282577024]
Timestep: 331, Trans probs: [0.27913226546514563, 0.008972700095324967, 0.5372112171903481, 0.017268641916623452, 0.05214864215779387, 0.0016763168732234278, 0.10036401732966437, 0.0032261989718760167]
Timestep: 332, Trans probs: [0.4665170172323288, 0.014932476750848408, 0.35204911424967594, 0.011268539023244362, 0.08572630656125226, 0.0027439643836711324, 0.06469189585372669, 0.002070685945252454]
Timestep: 333, Trans probs: [0.26324840162733404, 0.008388811608210991, 0.5573831686542537, 0.017761864332409016, 0.04763246863391359, 0.0015178812229583183, 0.10085355175519659, 0.003213852165723667]
Timestep: 334, Trans probs: [0.5380325952093662, 0.017058280016461706, 0.28482403403569834, 0.009030323016226399, 0.09573337078328578, 0.0030352187958158383, 0.050679392105826164, 0.0016067860373196068]
Timestep: 335, Trans probs: [0.39638969011338143, 0.012489045896821255, 0.4284719751632781, 0.013499862122511823, 0.06948493294512116, 0.002189261068926752, 0.07510878109510885, 0.0023664515948505203]
Timestep: 336, Trans probs: [0.25027112744708285, 0.029455149455512416, 0.5127136715831349, 0.06034278895218911, 0.04320470931644222, 0.005084890067340481, 0.08851058997206496, 0.010417073206233082]
Timestep: 337, Trans probs: [0.543375798319158, 0.020820923083916695, 0.2798926904217565, 0.010724850457176558, 0.0922895412700116, 0.003536325037252065, 0.04753831157691908, 0.001821559833809406]
Timestep: 338, Trans probs: [0.35958800016700665, 0.013691846970039752, 0.4656755710787908, 0.017731288735818283, 0.06015471003159914, 0.0022904798933703146, 0.07790187362769013, 0.002966229495684863]
Timestep: 339, Trans probs: [0.2762476047116194, 0.01045333433574989, 0.5510243919741938, 0.020851012273835182, 0.04550317128964149, 0.0017218605870775575, 0.09076407130822689, 0.003434553519655666]
Timestep: 340, Trans probs: [0.23422518168189108, 0.008805964579285421, 0.5950303528379378, 0.022370849167733606, 0.03799282843091593, 0.0014283839979421832, 0.09651774392585291, 0.0036286953784410835]
Timestep: 341, Trans probs: [0.27188711398441084, 0.010166525944810262, 0.5593315518538186, 0.020914778381144156, 0.04341744752756847, 0.0016234848363272255, 0.08931923233595773, 0.0033398651359626973]
Timestep: 342, Trans probs: [0.5295206673966766, 0.019710128276970003, 0.30367489249857693, 0.011303564627739389, 0.08320207964760186, 0.003096996517298166, 0.04771557400556734, 0.0017760970295696724]
Timestep: 343, Trans probs: [0.5664543019732932, 0.020991865736168503, 0.26859826223103234, 0.009953810286337706, 0.08765130201144626, 0.0032482132398235107, 0.04156202419250378, 0.001540220329394834]
Timestep: 344, Trans probs: [0.5777145490946953, 0.021305535594607936, 0.2593012666891116, 0.009562771745715968, 0.08794407249074257, 0.0032432895618129433, 0.03947279747477973, 0.0014557173485340426]
Timestep: 345, Trans probs: [0.6003722439071332, 0.022024366267812085, 0.23869483325597296, 0.008756404859177768, 0.08983150274501454, 0.003295425361386631, 0.035715034774611375, 0.0013101888288915623]
Timestep: 346, Trans probs: [0.6357437225194932, 0.023220382080317622, 0.23232070414552275, 0.008485456205605018, 0.07081854930014532, 0.002586629981348755, 0.025879320010855012, 9.452357567123873E-4]
Timestep: 347, Trans probs: [0.5775560828139421, 0.020978865739867736, 0.24924903422465036, 0.009053600473419535, 0.09649941393725622, 0.0035051976928408344, 0.04164510848871846, 0.0015126966293046555]
Timestep: 348, Trans probs: [0.4824112708094655, 0.01742974620502287, 0.34643916661328683, 0.01251701010098113, 0.07931770820001989, 0.0028657861189077395, 0.056961274309330664, 0.00205803764298544]
Timestep: 349, Trans probs: [0.3487364185941061, 0.012519124050831538, 0.48226712698883123, 0.017312679910951367, 0.056377542837131964, 0.0020238707941788014, 0.07796442860875592, 0.002798808215213205]
Timestep: 350, Trans probs: [0.2778382898617991, 0.009912965479477356, 0.5551193739226199, 0.019806050467058474, 0.04422708687754804, 0.0015779739563364615, 0.08836547615556507, 0.0031527832795955287]
Timestep: 351, Trans probs: [0.2421241943081942, 0.00858507666773366, 0.5928657395906142, 0.02102143423791576, 0.03791881970507119, 0.0013444999796411873, 0.09284809043178452, 0.003292145079045335]
Timestep: 352, Trans probs: [0.3810224396437123, 0.013432251274811012, 0.49061194435164823, 0.017295629415204936, 0.041227530856286464, 0.0014534014175634734, 0.05308537495359576, 0.0018714280871778165]
Timestep: 353, Trans probs: [0.5212315314385539, 0.018292268373507566, 0.32708790153177764, 0.011478928874532272, 0.07236497614395995, 0.00253959993712283, 0.045411121092384155, 0.0015936726081615914]
Timestep: 354, Trans probs: [0.5618368451221177, 0.019596354237418033, 0.2637666345075713, 0.009199938470924708, 0.09574390725176583, 0.0033394597361664545, 0.04494907802800695, 0.0015677826460290508]
Timestep: 355, Trans probs: [0.47350722577102483, 0.016424415391778614, 0.3497532402628523, 0.012131794807024792, 0.08237203673085482, 0.0028572162668297624, 0.06084360530455524, 0.0021104654650796906]
Timestep: 356, Trans probs: [0.3748233961651976, 0.012932910102429128, 0.45442866645227054, 0.015679611121723395, 0.062102667954029016, 0.002142791058369472, 0.07529207853673972, 0.002597878609241151]
Timestep: 357, Trans probs: [0.4749418147547211, 0.01630752772395686, 0.33618636784304423, 0.011543242442967706, 0.0911532144348002, 0.0031298224863417603, 0.06452257334696812, 0.002215436967200124]
Timestep: 358, Trans probs: [0.5404120982913144, 0.018468896939248653, 0.27287538621233215, 0.009325674612296582, 0.10210796785530252, 0.003489599031846852, 0.05155834085130416, 0.0017620362063546617]
Timestep: 359, Trans probs: [0.5451323643320487, 0.018511339724754626, 0.2704836035911854, 0.009184950671911387, 0.10128580278684966, 0.003439414034753255, 0.05025595749388638, 0.001706567364610727]
Timestep: 360, Trans probs: [0.2945602851727652, 0.009943149934905225, 0.5234031484290486, 0.01766794861085593, 0.053794914722679034, 0.001815896201041883, 0.0955879972712822, 0.003226659657421962]
Timestep: 361, Trans probs: [0.2626969749951225, 0.008819940402610964, 0.5575690130887939, 0.018720145010718458, 0.04715805342132094, 0.0015833118013137276, 0.10009201402415364, 0.003360547255965649]
Timestep: 362, Trans probs: [0.2450854179160519, 0.00818822897387087, 0.5772268712579419, 0.019284973508093606, 0.04332315144944687, 0.0014474132608708048, 0.10203498591158056, 0.003408957722143573]
Timestep: 363, Trans probs: [0.270569729258875, 0.008991883467313005, 0.5538786379622697, 0.01840712995216709, 0.047057272253291746, 0.0015638612255341263, 0.09633013246997589, 0.003201353410573499]
Timestep: 364, Trans probs: [0.39351627568684416, 0.01302028446382715, 0.4329264978035426, 0.014324251629724935, 0.06739040595335213, 0.0022297483226429347, 0.07413948097577787, 0.002453055164288345]
Timestep: 365, Trans probs: [0.5330188807801608, 0.017556458635196972, 0.29548855933402574, 0.009732737162197086, 0.08981469721398241, 0.0029582967383108005, 0.04979038537609942, 0.0016399847600268005]
Timestep: 366, Trans probs: [0.31292891482919083, 0.010258186219467762, 0.5175785838587402, 0.016966848523184447, 0.05190383038288795, 0.0017014699899558978, 0.08584796659357291, 0.002814199602999964]
Timestep: 367, Trans probs: [0.2793656711772596, 0.009100570911170386, 0.5531451871666527, 0.01801916813461547, 0.045617725209007205, 0.001486035636810369, 0.0903232850425726, 0.002942356721911715]
Timestep: 368, Trans probs: [0.5074759678602244, 0.016424355463963137, 0.3270482556544303, 0.010584849618370418, 0.08156207873844522, 0.002639739925475536, 0.052563544420501325, 0.0017012083185896153]
Timestep: 369, Trans probs: [0.35648393785438004, 0.011475733490906465, 0.48003887194319356, 0.015453145498930598, 0.05637522089601702, 0.0018147998880048946, 0.07591449311112312, 0.0024437973174442702]
Timestep: 370, Trans probs: [0.28090621355758544, 0.00899176457999402, 0.557689649587299, 0.01785155968705677, 0.04367605362357304, 0.0013980637416048305, 0.08671108670828043, 0.0027756085146065004]
Timestep: 371, Trans probs: [0.26528847801358085, 0.008451629688793242, 0.5751910680382456, 0.01832458742181734, 0.04060568756245388, 0.0012936266101957474, 0.08804011758203645, 0.002804805082876971]
Timestep: 372, Trans probs: [0.2592215002532239, 0.00821398040173093, 0.583301795768296, 0.018483148635645062, 0.039001473781998315, 0.0012358440213138637, 0.08776135340790196, 0.002780903729890066]
Timestep: 373, Trans probs: [0.2568269300870605, 0.02741268084529127, 0.5214065705637697, 0.05565285503610265, 0.04135862358672644, 0.004414454310531773, 0.08396571995110776, 0.008962165619409811]
Timestep: 374, Trans probs: [0.5066493454780635, 0.019549487635077245, 0.3170456535790497, 0.012233471018402758, 0.0855919167444544, 0.0033026355071660123, 0.053560801819893186, 0.0020666882178932188]
Timestep: 375, Trans probs: [0.5556106984769752, 0.021301950785394957, 0.2703867806645774, 0.01036654965522932, 0.09220641413328384, 0.003535166801771645, 0.04487205797596171, 0.0017203815068059507]
Timestep: 376, Trans probs: [0.5322951293938823, 0.020279845499834245, 0.29577708797170493, 0.011268774248013994, 0.08692570194531977, 0.0033117714366897354, 0.04830145829168007, 0.0018402312128750007]
Timestep: 377, Trans probs: [0.3356942566449653, 0.01270811631113376, 0.49459607066251154, 0.018723538662314482, 0.053867880039076645, 0.002039234426625253, 0.07936639151507638, 0.00300451173829666]
Timestep: 378, Trans probs: [0.2683660135898269, 0.010096310055388798, 0.5639979062699115, 0.021218401153412645, 0.04235837385716305, 0.001593582101486359, 0.08902034146899042, 0.003349071503820194]
Timestep: 379, Trans probs: [0.3783347591813723, 0.014159136060878938, 0.45610120203879534, 0.017069536489777815, 0.05871065589276655, 0.0021972397323678284, 0.07077858979470514, 0.0026488808093361937]
Timestep: 380, Trans probs: [0.46989441640247354, 0.01746796089471313, 0.3664400033749905, 0.013622123238277294, 0.07181776060443913, 0.0026697696120519558, 0.056005986706030596, 0.00208197916702382]
Timestep: 381, Trans probs: [0.2879362748261279, 0.010656394881433894, 0.54573024303851, 0.020197236253302876, 0.04512279286523274, 0.0016699747165077748, 0.08552195353569006, 0.003165129883194752]
Timestep: 382, Trans probs: [0.5092902660960336, 0.018726849571158007, 0.3146593334192214, 0.011570175978960269, 0.08689618773638154, 0.0031952148791696607, 0.05368784430025903, 0.001974128018816525]
Timestep: 383, Trans probs: [0.566667322267425, 0.020708452742273026, 0.2593994442971518, 0.009479567503743187, 0.09513023027901588, 0.003476466351036307, 0.04354711821302306, 0.0015913983463316506]
Timestep: 384, Trans probs: [0.550947999727763, 0.020034786841171954, 0.27726446346704064, 0.010082502208808995, 0.09093584303414988, 0.0033068097757169464, 0.04576344363033371, 0.0016641513150147886]
Timestep: 385, Trans probs: [0.3505444585514008, 0.01267327140316692, 0.4797571653521144, 0.017344712249187766, 0.05691395047786937, 0.00205761615520354, 0.07789276048775272, 0.0028160653233045433]
Timestep: 386, Trans probs: [0.29062611561281265, 0.02835990364459378, 0.4948412345076277, 0.04828764166777265, 0.046482217803593455, 0.004535831941039838, 0.07914401633205664, 0.0077230384905035395]
Timestep: 387, Trans probs: [0.5173252633297651, 0.022197743673695456, 0.3112398483999825, 0.013354890753554146, 0.08134924096143015, 0.0034905884690198076, 0.04894237188673633, 0.002100052525816679]
Timestep: 388, Trans probs: [0.3246976339192463, 0.013847839619795039, 0.505782016415024, 0.021570801614260348, 0.050285937570599154, 0.0021446155618795436, 0.07833048425632547, 0.003340671042870139]
Timestep: 389, Trans probs: [0.2771337666106737, 0.011755631688345779, 0.5553573210228171, 0.02355749067035268, 0.042216800509953724, 0.001790778380869701, 0.08459961238249049, 0.003588598734496725]
Timestep: 390, Trans probs: [0.2439612676670249, 0.010289026610927086, 0.590483681173285, 0.024903552793480225, 0.036570861804708164, 0.0015423701224849763, 0.0885160882652783, 0.0037331515628114616]
Timestep: 391, Trans probs: [0.25936665875842746, 0.010869074830857759, 0.5770005714780854, 0.024179909703367863, 0.038271432388022456, 0.0016038108541042895, 0.08514062086808737, 0.003567921119047314]
Timestep: 392, Trans probs: [0.47284892417207675, 0.04253431452764288, 0.32828351526549354, 0.02953018094942582, 0.0686657161860013, 0.006176706808913812, 0.04767235693140733, 0.004288285159038708]
Timestep: 393, Trans probs: [0.5450015646904766, 0.02658955801587177, 0.28929109565450795, 0.01411394548151296, 0.0778600971220873, 0.0037986415153228393, 0.04132874887617478, 0.0020163486440457306]
Timestep: 394, Trans probs: [0.2959569862753064, 0.014371226340296377, 0.5400374654614375, 0.026223407482487446, 0.04166641236237658, 0.002023258347045137, 0.0760293717348425, 0.003691871996208115]
Timestep: 395, Trans probs: [0.2914289764063242, 0.014072861942516203, 0.536151499482234, 0.025890308251183207, 0.044495305585007305, 0.002148641155417687, 0.08185948117959423, 0.003952925997723247]
Timestep: 396, Trans probs: [0.4909676489948679, 0.023550770308978196, 0.3330133947805494, 0.0159740096650885, 0.07760714863997123, 0.0037226650996179935, 0.05263935430520732, 0.0025250082057195152]
Timestep: 397, Trans probs: [0.27843472804889374, 0.013275302287900494, 0.5474548603409991, 0.026101732391409522, 0.04335594389596052, 0.002067138913415499, 0.08524591158882763, 0.004064382532593434]
Timestep: 398, Trans probs: [0.22914269393851766, 0.01085630401322649, 0.5988219002484805, 0.028370935538620305, 0.03509260559213273, 0.0016626146283619501, 0.0917080113014198, 0.004344934739240519]
Timestep: 399, Trans probs: [0.25634291089049505, 0.012064647159771999, 0.5734991174946841, 0.026991440781327803, 0.03867776653290505, 0.0018203491741843978, 0.08653122060692392, 0.004072547359707923]
Timestep: 400, Trans probs: [0.2565572183489343, 0.012016785382289898, 0.5751367177400364, 0.026938608654373763, 0.03811620466043409, 0.0017853103254686779, 0.08544693843419433, 0.0040022164542684625]
Timestep: 401, Trans probs: [0.26542493966571634, 0.012350703410442676, 0.5683005174224601, 0.026444052874329493, 0.038779977994183805, 0.0018045026479910809, 0.08303169094615759, 0.003863615038718948]
Timestep: 402, Trans probs: [0.2563985875346705, 0.0118563995905113, 0.5758940159198958, 0.026630527259075745, 0.03804860444871643, 0.001759445956948913, 0.08546054729398991, 0.003951871996191556]
Timestep: 403, Trans probs: [0.5096826724559869, 0.02343940385354873, 0.3117383004446166, 0.014336292590702621, 0.08352571700928482, 0.003841199865994884, 0.0510870125100063, 0.0023494012698592145]
Timestep: 404, Trans probs: [0.2571675748705496, 0.011767572579962452, 0.5662595291270817, 0.025911120838046947, 0.04148048398860977, 0.0018980799046444444, 0.09133623997184379, 0.004179398719261416]
Timestep: 405, Trans probs: [0.5739039294511161, 0.026106705677865855, 0.25163458517375076, 0.011446776570751011, 0.091035534163493, 0.00414117725053153, 0.03991554631314404, 0.0018157453993477768]
Timestep: 406, Trans probs: [0.27095790218022375, 0.012250931027921387, 0.556680560614731, 0.025169427050477942, 0.04226692790320057, 0.001911031988134536, 0.08683702129110085, 0.003926197944209885]
Timestep: 407, Trans probs: [0.4890395137023243, 0.021994841069990067, 0.34047777569720633, 0.015313189127866963, 0.07513357013129897, 0.003379176708131548, 0.0523092922386348, 0.00235264132454696]
Timestep: 408, Trans probs: [0.5608199709583771, 0.025075032500998504, 0.2705532753177503, 0.012096809177909411, 0.08488049840794193, 0.003795123865940323, 0.04094842916458154, 0.0018308606065009815]
Timestep: 409, Trans probs: [0.5754439137478315, 0.025591590118608877, 0.25793022932234605, 0.01147087413789011, 0.08565410178159366, 0.0038092759561842012, 0.038392589767849046, 0.0017074251676962701]
Timestep: 410, Trans probs: [0.592414291926462, 0.02620664568063115, 0.24288012321025898, 0.010744294016170374, 0.0867687941669351, 0.0038383932931023057, 0.035573779541238394, 0.0015736781652017353]
Timestep: 411, Trans probs: [0.3100192320446114, 0.013638453982049343, 0.5270871983118929, 0.023187769517697628, 0.04472118265055213, 0.001967386950737981, 0.07603387284399821, 0.003344903698460358]
Timestep: 412, Trans probs: [0.500572425803554, 0.02191372696238942, 0.33830380755854944, 0.014810039241123042, 0.07111833030869746, 0.0031133709970221765, 0.048064177510410776, 0.002104121618253711]
Timestep: 413, Trans probs: [0.5712650233937466, 0.02489173862635368, 0.2693433511826872, 0.011736101500764541, 0.07994500854365647, 0.0034834449435191743, 0.03769293695517488, 0.0016423948540976114]
Timestep: 414, Trans probs: [0.35208420877510793, 0.015257385743269018, 0.49045373172055395, 0.02125355692639436, 0.04844438015535596, 0.002099311973392001, 0.06748308056968243, 0.002924344136244434]
Timestep: 415, Trans probs: [0.2795158830229947, 0.012037470434151142, 0.5647555290273795, 0.024321437156511097, 0.03788845428954673, 0.00163168240521268, 0.07655276621458522, 0.003296777449619013]
Timestep: 416, Trans probs: [0.3182558660259148, 0.013614424899763743, 0.5278331516848432, 0.022579771719380505, 0.04246262080105206, 0.0018164760611073711, 0.0704250301686274, 0.003012658639310991]
Timestep: 417, Trans probs: [0.4916774065626227, 0.02089684308143067, 0.35616107169324257, 0.015137246348007522, 0.06459894428084072, 0.002745527827483934, 0.046794155920577014, 0.001988804285794966]
Timestep: 418, Trans probs: [0.2677071917480698, 0.011303662381468843, 0.5819191564081566, 0.02457094123768302, 0.03461568121026229, 0.001461611736876998, 0.07524462782204934, 0.0031771274554332394]
Timestep: 419, Trans probs: [0.5219822104511099, 0.021901181652458305, 0.329458215762994, 0.013823314446069528, 0.06638889995125376, 0.002785526649045588, 0.04190251714805633, 0.001758133939012441]
Timestep: 420, Trans probs: [0.5466148144123492, 0.04596625992926784, 0.2592642291331003, 0.021802202634236007, 0.07905493292872594, 0.006647934706269013, 0.03749645217166297, 0.003153174084388812]
Timestep: 421, Trans probs: [0.5565102547404173, 0.027215563168945286, 0.2764746689889587, 0.013520710093638769, 0.08043234966973783, 0.003933461557297814, 0.03995884543280801, 0.00195414634819617]
Timestep: 422, Trans probs: [0.38245971592587275, 0.030134315258035314, 0.4301059393391379, 0.0338884003483155, 0.05384508645896108, 0.004242498602820137, 0.060553021732404295, 0.00477102233445312]
Timestep: 423, Trans probs: [0.5741871325550617, 0.032131900636399216, 0.2405374474429443, 0.01346063839183756, 0.09322621986661311, 0.005217002373653615, 0.03905416142239905, 0.002185497311091493]
Timestep: 424, Trans probs: [0.30622985229399224, 0.01702856822597442, 0.526837479057454, 0.02929592882250242, 0.04199927879901055, 0.0023354600445160555, 0.07225551003257298, 0.004017922723977315]
Timestep: 425, Trans probs: [0.5772695377161658, 0.0319065003356826, 0.22590814171973003, 0.012486261146102646, 0.10381785024316978, 0.0057381587927513794, 0.040627984145082875, 0.0022455659013148237]
Timestep: 426, Trans probs: [0.2581847949443813, 0.014179464490222268, 0.5472638578897708, 0.030055636860418934, 0.04567507488694185, 0.002508467249541758, 0.09681560719877692, 0.005317096479946059]
Timestep: 427, Trans probs: [0.5359530540756322, 0.029256284829180173, 0.27162189655672647, 0.014827133666047357, 0.09335216208122511, 0.005095852001400678, 0.04731103054521462, 0.002582586244573422]
Timestep: 428, Trans probs: [0.5714042951189823, 0.031038150867973256, 0.238233177716798, 0.012940605058264323, 0.0979881975093248, 0.005322627924842403, 0.04085380503926175, 0.00221914076455329]
Timestep: 429, Trans probs: [0.35369852905454335, 0.019103230318224525, 0.45818724384869725, 0.024746657758263964, 0.05962832546685762, 0.0032205212668774655, 0.07724357286416493, 0.004171919422370994]
Timestep: 430, Trans probs: [0.2743544779406715, 0.014720528956190384, 0.539681231780792, 0.028956674077904414, 0.04551301368803439, 0.0024420072925621433, 0.08952840672980023, 0.0048036595340448865]
Timestep: 431, Trans probs: [0.28128819838519153, 0.015006307623086976, 0.5347945369248958, 0.028530494284198946, 0.04593586552537751, 0.002450610203214484, 0.08733480491864754, 0.004659182135387124]
Timestep: 432, Trans probs: [0.4782830108336438, 0.02536510911600138, 0.3398370684695811, 0.01802281103058282, 0.07688654201913651, 0.004077576421684259, 0.0546306192206245, 0.002897262888745678]
Timestep: 433, Trans probs: [0.30270276202356733, 0.01594129535914247, 0.5175325691391393, 0.02725491993357006, 0.04787831561510627, 0.0025214251941950527, 0.08185781827921129, 0.004310894456068169]
Timestep: 434, Trans probs: [0.24697936714693833, 0.012941405686784535, 0.5751764396770058, 0.030138516157554102, 0.03846812301516308, 0.0020156808712372236, 0.0895862609598272, 0.004694206485489587]
Timestep: 435, Trans probs: [0.26017059947067145, 0.01355869823688043, 0.5639537560779194, 0.029390249373960314, 0.03988546098311585, 0.0020786166100597346, 0.08645694625023588, 0.004505672997156945]
Timestep: 436, Trans probs: [0.2521331971610824, 0.013073730874486203, 0.5739722319120175, 0.029761882108097715, 0.03802825794132844, 0.0019718593804719754, 0.086569973062156, 0.004488867560359651]
Timestep: 437, Trans probs: [0.24412156645804403, 0.012577519647872092, 0.5840327572024137, 0.030090268489149353, 0.036213031332713086, 0.001865751230850329, 0.08663551050716642, 0.004463595131790981]
Timestep: 438, Trans probs: [0.25346304682000587, 0.0129754107222154, 0.5854961240535543, 0.029973018872668313, 0.033940130888603946, 0.001737480645682138, 0.07840123179478582, 0.0040135562024841255]
Timestep: 439, Trans probs: [0.47011135963694844, 0.02389422612954123, 0.34571422021197123, 0.017571525521787482, 0.07825690487618946, 0.0039775430713984905, 0.05754918338150255, 0.002925037170661006]
Timestep: 440, Trans probs: [0.3343152337624748, 0.016903375947519204, 0.4835818502365287, 0.024450473656107988, 0.054762299573185486, 0.0027688470160887007, 0.07921282513145407, 0.004005094676640959]
Timestep: 441, Trans probs: [0.2701001770873791, 0.013578572351473998, 0.5500404169234131, 0.0276518278439088, 0.04346990932619794, 0.002185334771945893, 0.08852347787121137, 0.004450283824469649]
Timestep: 442, Trans probs: [0.24843896814279076, 0.012409696330400134, 0.5738370487032272, 0.02866355294732665, 0.03932286578825443, 0.0019642040333738937, 0.09082680313466684, 0.004536860919960143]
Timestep: 443, Trans probs: [0.26768119491074, 0.013274691080001132, 0.5566876873753329, 0.027606933988814492, 0.04168723958929167, 0.0020673294876405856, 0.08669556711954544, 0.004299356448633716]
Timestep: 444, Trans probs: [0.2550743381496009, 0.012580010415461272, 0.5712375266988107, 0.028172861635962342, 0.0391070848680296, 0.0019287221855677297, 0.0875800937031606, 0.004319362343406942]
Timestep: 445, Trans probs: [0.2701389308390974, 0.013246879496202376, 0.5580849219478043, 0.027366968865711137, 0.04078096879452569, 0.0019997879523749296, 0.0842501438646945, 0.0041313982395898155]
Timestep: 446, Trans probs: [0.5129271971900956, 0.02502233099382058, 0.3172110768105476, 0.015474633831744564, 0.07621412665710456, 0.003717983983041286, 0.04713332675185825, 0.0022993237817876986]
Timestep: 447, Trans probs: [0.27573448014445257, 0.013365222279138552, 0.5565086794313879, 0.026974726544804213, 0.04026347751727408, 0.0019516250795604093, 0.08126286814298643, 0.003938920860395671]
Timestep: 448, Trans probs: [0.5048861643262851, 0.024346349344993957, 0.3292384745471829, 0.015876360822512845, 0.07255730236926557, 0.0034988192504140088, 0.04731493401327896, 0.00228159532606676]
Timestep: 449, Trans probs: [0.5595557568011783, 0.02678793409896036, 0.276507526510916, 0.013237403615298403, 0.07914190844831327, 0.003788806034449694, 0.039108405341939975, 0.0018722591489440488]
Timestep: 450, Trans probs: [0.3163753617227334, 0.01505590570231977, 0.5216420221560875, 0.024824288001391203, 0.04400308082171101, 0.002094051293551256, 0.07255260313554851, 0.0034526871666573163]
Timestep: 451, Trans probs: [0.2568997972194657, 0.01216156702164745, 0.5829017683644377, 0.02759441229509768, 0.03517864461629177, 0.0016653475357408043, 0.07981981448581241, 0.0037786484615065295]
Timestep: 452, Trans probs: [0.2599057227476835, 0.01222260506022565, 0.5818546570419032, 0.027362920678666018, 0.03499066369645294, 0.0016455084506627378, 0.0783340990322602, 0.0036838232921458606]
Timestep: 453, Trans probs: [0.2646202225369799, 0.012378167670857478, 0.5788972898195093, 0.027079138732828627, 0.035071475249538034, 0.0016405420452794116, 0.0767242268080714, 0.0035889371369358884]
Timestep: 454, Trans probs: [0.24740374579040775, 0.011510926510085525, 0.5978501575712725, 0.027816107657787886, 0.032280944772056556, 0.0015019319200690916, 0.07800677332861876, 0.0036294124497020623]
Timestep: 455, Trans probs: [0.27449117914389176, 0.012678872974784065, 0.5723902671559593, 0.02643896795484557, 0.0353185273652698, 0.0016313789154075115, 0.07364892881881784, 0.0034018776710241874]
Timestep: 456, Trans probs: [0.2664330324269717, 0.012225163828981958, 0.5822944987176644, 0.026718329850821215, 0.03371536148919333, 0.0015470147001074787, 0.07368556870971252, 0.0033810302765474604]
Timestep: 457, Trans probs: [0.2771658150958139, 0.012642993999510015, 0.5731641441320818, 0.026145038241787308, 0.03456538116287455, 0.0015767092578928925, 0.0714793673381743, 0.003260550771865223]
Timestep: 458, Trans probs: [0.2538896475388849, 0.011515125807224148, 0.5979864977046733, 0.02712158537711172, 0.031215329560839545, 0.0014157664579528726, 0.07352149163909776, 0.0033345559142159403]
Timestep: 459, Trans probs: [0.24348593175739525, 0.01096933554304504, 0.6099674630928018, 0.027479771519906996, 0.029510198688604126, 0.0013294701218293063, 0.07392731440183375, 0.003330514874583799]
Timestep: 460, Trans probs: [0.31617381175829135, 0.014139108850749395, 0.5388852219993737, 0.024098633500152906, 0.0377665809694497, 0.0016888995210517677, 0.06436919065718769, 0.002878552743743334]
Timestep: 461, Trans probs: [0.5018995040393172, 0.022328042066622415, 0.3450934922911843, 0.01535220089038302, 0.0654280489490994, 0.002910702675566066, 0.04498668303899044, 0.002001326048837262]
Timestep: 462, Trans probs: [0.5687682938141805, 0.025165010120738036, 0.2733007145185645, 0.012092121381701994, 0.07805461755836957, 0.0034535069239784947, 0.03750627976661634, 0.001659455915850492]
Timestep: 463, Trans probs: [0.6196317500476675, 0.02727259249473902, 0.23023474056732726, 0.010133596700204004, 0.07872374330573825, 0.003464962166113457, 0.02925114895273069, 0.0012874657654798449]
Timestep: 464, Trans probs: [0.5860837786796272, 0.02560565612466827, 0.24367158064314803, 0.010645868267092011, 0.09068194882331931, 0.0039618410929505455, 0.03770214192817306, 0.0016471844410216132]
Timestep: 465, Trans probs: [0.6064267919690395, 0.02630727732468277, 0.22545882379437981, 0.009780583380224977, 0.09224293517114063, 0.004001572009888742, 0.03429430220175425, 0.001487714148889531]
Timestep: 466, Trans probs: [0.5900259235236962, 0.025424792593375812, 0.26270283522157123, 0.011320121426718953, 0.0733168392691735, 0.0031592941220077494, 0.03264355137223489, 0.0014066424712217722]
Timestep: 467, Trans probs: [0.5849803295950472, 0.02505280058580535, 0.23462126502741731, 0.010048063957962936, 0.09944537121046929, 0.004258921074905095, 0.03988509974458969, 0.0017081488038031653]
Timestep: 468, Trans probs: [0.5932447691856977, 0.025222027847262785, 0.22864621037942048, 0.009720980925422514, 0.09912362102784893, 0.004214278590804308, 0.03820386033611892, 0.0016242517074245117]
Timestep: 469, Trans probs: [0.5871944323336756, 0.02480777953857444, 0.26854595136275516, 0.011345524396250129, 0.07117375714547829, 0.0030069475781298225, 0.03255041817874879, 0.0013751894663877504]
Timestep: 470, Trans probs: [0.5660882875990563, 0.04197945500191757, 0.21939091171241185, 0.016269389612568654, 0.10484862349967719, 0.007775267866582571, 0.04063471300377411, 0.0030133517040118554]
Timestep: 471, Trans probs: [0.5121651338696722, 0.02543003550762329, 0.2936848728609736, 0.014582048349286579, 0.09332970928367247, 0.00463400896321828, 0.05351696551077946, 0.002657225654774234]
Timestep: 472, Trans probs: [0.34758415946939075, 0.01715691489327475, 0.4604660260002393, 0.02272881604095727, 0.06233379865120909, 0.0030768251351439885, 0.08257740109399012, 0.004076058715794745]
Timestep: 473, Trans probs: [0.3684049230231569, 0.018076081155577423, 0.44192251668576366, 0.02168328047990489, 0.06496837772745893, 0.0031877252310060426, 0.07793323920512668, 0.003823856492005535]
Timestep: 474, Trans probs: [0.49652081116525865, 0.0242352381525464, 0.3160919561772937, 0.015428484896902503, 0.08606103494067559, 0.0042006490574827, 0.05478763482480986, 0.002674190785030516]
Timestep: 475, Trans probs: [0.28707861939941576, 0.013912906571862917, 0.5277319279823742, 0.02557586846546889, 0.04896123439151834, 0.0023728450455745174, 0.09000463592826337, 0.004361962215521973]
Timestep: 476, Trans probs: [0.5606220334452067, 0.027007721829742155, 0.25644736174782007, 0.012354239749539407, 0.0939803804108919, 0.00452746381727573, 0.04298978487220891, 0.0020710141273149823]
Timestep: 477, Trans probs: [0.31553346964577317, 0.015097945379108307, 0.5035746554157965, 0.024095518774303902, 0.05209193570197386, 0.0024925444543279314, 0.08313596209147728, 0.003977968537238997]
Timestep: 478, Trans probs: [0.2580652564427726, 0.012277763798138396, 0.5632451340040193, 0.026797062150385534, 0.04187627152067506, 0.001992313795218587, 0.09139783669206081, 0.0043483615967296815]
Timestep: 479, Trans probs: [0.2711531492954161, 0.01282530999343227, 0.5522168227293799, 0.026119379227185175, 0.04329488398259668, 0.002047810654788049, 0.08817217626065325, 0.0041704678565484925]
Timestep: 480, Trans probs: [0.2748075407155289, 0.01292503978226877, 0.5506583842653343, 0.02589914929021853, 0.04314997869509542, 0.002029475573290346, 0.08646377565716543, 0.0040666560210983116]
Timestep: 481, Trans probs: [0.5432816620380041, 0.025386186764519997, 0.28408242505991765, 0.013274457805248618, 0.08404645247417052, 0.003927279509860197, 0.04394795868312461, 0.002053577665154406]
Timestep: 482, Trans probs: [0.26225180371105505, 0.012184806724872422, 0.5671104389810939, 0.026349222361328962, 0.03991772073417821, 0.0018546667941292424, 0.08632068801184088, 0.00401065268150129]
Timestep: 483, Trans probs: [0.5034826196210767, 0.02322445039022986, 0.32790013246104494, 0.015125249735577058, 0.07541106008803478, 0.0034785320399089506, 0.04911251278247556, 0.002265442881652126]
Timestep: 484, Trans probs: [0.5588692288598787, 0.0256360452322568, 0.2744367052697824, 0.012588762140367589, 0.08238093277703368, 0.0037789185911272444, 0.04045374230837995, 0.00185566482117359]
Timestep: 485, Trans probs: [0.30716074589345366, 0.01400164862790503, 0.5280772189088432, 0.024071929002697775, 0.044558807746883346, 0.0020311735066779898, 0.07660644007235909, 0.0034920362411800473]
Timestep: 486, Trans probs: [0.597814393559502, 0.027065687389296243, 0.23935244658528457, 0.010836538171267271, 0.08534813267793648, 0.0038640854138137894, 0.03417161678947814, 0.0015470994134215116]
Timestep: 487, Trans probs: [0.2584193076443564, 0.011630676561016478, 0.5805031804959421, 0.026126703908213648, 0.03635112897377452, 0.0016360550903712617, 0.08165777617876513, 0.0036751711475604774]
Timestep: 488, Trans probs: [0.5954302010692906, 0.026630804001060673, 0.24538924305426435, 0.010975111480759912, 0.08240792661953456, 0.0036857205731209287, 0.03396203064359798, 0.0015189625583711776]
Timestep: 489, Trans probs: [0.315378256975087, 0.014014122899672694, 0.5271975374821087, 0.023426507437583746, 0.04299943699664856, 0.0019107195292013034, 0.07187939179821434, 0.0031940268814836976]
Timestep: 490, Trans probs: [0.25838520594039177, 0.011397899799671232, 0.5859504933407815, 0.025847474457213603, 0.03470775362532561, 0.0015310299854566722, 0.0787081647553827, 0.0034719780957769893]
Timestep: 491, Trans probs: [0.24172999151128036, 0.016958610810134063, 0.5835196778503842, 0.040936927415800996, 0.0319848964079897, 0.0022439061309454463, 0.07720935383889724, 0.005416636034567881]
Timestep: 492, Trans probs: [0.5569560335871732, 0.02881877565366941, 0.2842438750208817, 0.014707732695518626, 0.07256742463922426, 0.0037548822605851903, 0.03703496279030876, 0.0019163133526389055]
Timestep: 493, Trans probs: [0.2758926815166544, 0.014173068722445102, 0.574487145757332, 0.029512366012102755, 0.03268958114374286, 0.0016793184854026117, 0.06806901895343638, 0.0034968194088839384]
Timestep: 494, Trans probs: [0.487528857122754, 0.02486630862924471, 0.34169681279046693, 0.017428175338424372, 0.07187169712924125, 0.0036658010626708843, 0.05037307941900963, 0.002569268508188347]
Timestep: 495, Trans probs: [0.5838098928467201, 0.029610665778684077, 0.2473005187098406, 0.012543009455879307, 0.08472772558663864, 0.00429736528153132, 0.03589046835864779, 0.0018203539820579554]
Timestep: 496, Trans probs: [0.33725353454039275, 0.01700397227358031, 0.49572143470073365, 0.024993758901765226, 0.04819110205211568, 0.0024297452189617013, 0.07083502410624265, 0.0035714282062081198]
Timestep: 497, Trans probs: [0.2721352512604369, 0.013627338255517533, 0.5626517482284144, 0.028175128571744812, 0.038312525854763045, 0.0019185230389225203, 0.0792128529890411, 0.0039666318011597436]
Timestep: 498, Trans probs: [0.23804826029320425, 0.011845825620846025, 0.5985380873286507, 0.029784623509522514, 0.03301039079789558, 0.0016426725092895565, 0.082999876351996, 0.004130263588595503]
Timestep: 499, Trans probs: [0.2627071646858325, 0.012996101631323965, 0.5758213801098062, 0.028485835878688703, 0.03582014830427256, 0.0017720197634051357, 0.07851330304207915, 0.003884046584591778]
