Timestep: 0, Trans probs: [0.125, 0.125, 0.125, 0.125, 0.125, 0.125, 0.125, 0.125]
Timestep: 1, Trans probs: [0.14814814814814795, 0.07407407407407408, 0.29629629629629634, 0.14814814814814817, 0.07407407407407408, 0.03703703703703704, 0.14814814814814817, 0.07407407407407408]
Timestep: 2, Trans probs: [0.37117642455462685, 0.12694509858635947, 0.18558821227731354, 0.06347254929317973, 0.1255918101177927, 0.04295333340788759, 0.06279590505889635, 0.021476666703943794]
Timestep: 3, Trans probs: [0.31411519532008847, 0.08005548222755005, 0.31733213506321645, 0.08087535234612438, 0.08230561637295303, 0.020976431280435765, 0.08314853073156274, 0.021191256658069164]
Timestep: 4, Trans probs: [0.16916966621494406, 0.036368745356817764, 0.5064100000849637, 0.10886996913403595, 0.03692911297171243, 0.007939162711445503, 0.11054743159084461, 0.02376591193523619]
Timestep: 5, Trans probs: [0.22907761122218562, 0.04193222454826011, 0.33443849529586184, 0.06121833560035889, 0.11453880561109292, 0.020966112274130054, 0.16721924764793092, 0.030609167800179447]
Timestep: 6, Trans probs: [0.30504305493189054, 0.04791627566229643, 0.29387418330908005, 0.046161865185274154, 0.1351374486280278, 0.021227440310699064, 0.13018951491585856, 0.020450217056873447]
Timestep: 7, Trans probs: [0.3840898862108559, 0.055940075197548365, 0.25587642597880855, 0.037266658207908594, 0.1397835547434383, 0.02035852243043922, 0.09312225518671624, 0.013562622044284801]
Timestep: 8, Trans probs: [0.3333730789996311, 0.04409335240720849, 0.34179370141943693, 0.045207100022818913, 0.10271242561667782, 0.013585185681176065, 0.10530682393023032, 0.013928331922820444]
Timestep: 9, Trans probs: [0.29304170195698764, 0.03638773230793934, 0.4070484181072014, 0.05054423577102023, 0.0793007092304444, 0.00984697044835854, 0.11015233678846661, 0.013677895389581871]
Timestep: 10, Trans probs: [0.28859370929360084, 0.03373602795599328, 0.3795795796908423, 0.044372094399835846, 0.09811525184118818, 0.011469476888895729, 0.12904836403502704, 0.015085495894616876]
Timestep: 11, Trans probs: [0.322700424409002, 0.03509624241404666, 0.3125965454149783, 0.033997365066283994, 0.13542669257199202, 0.014728731889782467, 0.13118642881400583, 0.014267569419908662]
Timestep: 12, Trans probs: [0.4067595287382708, 0.04189449901933585, 0.3117899889317229, 0.03211304090664273, 0.10646475567107663, 0.010965416387149284, 0.08160754118107622, 0.008405229164725738]
Timestep: 13, Trans probs: [0.28738873042669155, 0.029756918713092783, 0.2906446722996917, 0.030094046746977632, 0.16314548041116964, 0.016892474495418683, 0.1649938208115491, 0.017083856095408897]
Timestep: 14, Trans probs: [0.26695763504122993, 0.02609899337480378, 0.3424332503699764, 0.033477833032714156, 0.1321014381021532, 0.012914837806746638, 0.16944982607776757, 0.016566186194608316]
Timestep: 15, Trans probs: [0.3192275379331195, 0.03177195470327471, 0.3129176863261396, 0.03114395023743395, 0.14005226426292353, 0.013939067491053728, 0.13728399116705509, 0.013663547878999918]
Timestep: 16, Trans probs: [0.3284039885591999, 0.029961839637245507, 0.3285238471089528, 0.029972774896170357, 0.1297089848108779, 0.011833960420102714, 0.12975632507272294, 0.011838279494727873]
Timestep: 17, Trans probs: [0.2501100010566778, 0.1250550005283389, 0.2983577168304197, 0.14917885841520984, 0.05390060023595, 0.026950300117975, 0.06429834854361915, 0.03214917427180958]
Timestep: 18, Trans probs: [0.2833408469868683, 0.05219623942298482, 0.2768059206298243, 0.05099239400369146, 0.14380482704349068, 0.026491313421149045, 0.14048813633507257, 0.025880322156918784]
Timestep: 19, Trans probs: [0.32069908732301405, 0.0556990919396358, 0.26393561443532393, 0.04584039879031608, 0.14667361604266524, 0.025474307685979428, 0.12071250746242308, 0.02096537632064216]
Timestep: 20, Trans probs: [0.33298380959119867, 0.055465039602782054, 0.27245345191177045, 0.04538251129613015, 0.13847445164312108, 0.02306565881923362, 0.11330233262114461, 0.018872744514619417]
Timestep: 21, Trans probs: [0.3152585375228757, 0.04884074056657351, 0.31247688441423177, 0.048409799032387096, 0.11958924470854833, 0.018527102616337124, 0.11853406061451009, 0.018363630524536417]
Timestep: 22, Trans probs: [0.3844344395620977, 0.05535814666564074, 0.2645370935392937, 0.038093057529735325, 0.13337626349080234, 0.019206038783750354, 0.09177889767414713, 0.013216062754532645]
Timestep: 23, Trans probs: [0.35842269204251, 0.04997256686865398, 0.3080564384892997, 0.04295032461253908, 0.11355747347299998, 0.01583258694985711, 0.09760015651516434, 0.013607761048975892]
Timestep: 24, Trans probs: [0.33444948547850634, 0.04554343332356959, 0.3472345217797244, 0.047284427026971054, 0.09737021860309272, 0.013259323907485396, 0.10109240037806838, 0.013766189502581981]
Timestep: 25, Trans probs: [0.31289330917320946, 0.040577872155481864, 0.3832187742686102, 0.049698098278106506, 0.08499334186534126, 0.011022443942288938, 0.10409632720077935, 0.013499833116182539]
Timestep: 26, Trans probs: [0.29058191195682337, 0.09807237096243922, 0.33836496802717947, 0.11419931282572801, 0.054847830646339905, 0.018511327003836855, 0.06386696383829464, 0.02155531473935861]
Timestep: 27, Trans probs: [0.2993747251182288, 0.06416779395231399, 0.30719465812056546, 0.06584391356934803, 0.1070635189169939, 0.022947928616760246, 0.10986011286658216, 0.02354734883920755]
Timestep: 28, Trans probs: [0.30675859626645363, 0.06203731186360895, 0.4106150220832945, 0.08304071178738062, 0.048923486446992286, 0.009894039231848634, 0.06548705957167128, 0.013243772748750158]
Timestep: 29, Trans probs: [0.3096107084762537, 0.058566820112378855, 0.272245665360265, 0.05149874494974852, 0.13785408642397856, 0.026076861233527746, 0.12121731081535245, 0.022929802628495196]
Timestep: 30, Trans probs: [0.22415685538174246, 0.05721252808848129, 0.34031757915833083, 0.08686073429894217, 0.09220414099685376, 0.023533663503946742, 0.13998541333471273, 0.035729085236989956]
Timestep: 31, Trans probs: [0.3232550930025081, 0.0875353952070364, 0.24695274662095687, 0.0668732117169175, 0.12285000789979979, 0.033266990143332655, 0.09385203057891625, 0.02541452483053239]
Timestep: 32, Trans probs: [0.21793505467201227, 0.05539948714637384, 0.37166364108151434, 0.0944775733204432, 0.07678056357345403, 0.01951775886252208, 0.13094058624459243, 0.033285335099087786]
Timestep: 33, Trans probs: [0.2937346031190694, 0.06916276125749601, 0.41454891157508783, 0.09760970310059211, 0.0419406109823269, 0.009875337919204362, 0.05919096507152056, 0.013937106974702866]
Timestep: 34, Trans probs: [0.34044373977547254, 0.07620581905516173, 0.22897457947517802, 0.051254270039522994, 0.14808300419959264, 0.03314728780332806, 0.0995972011010837, 0.022294098550660314]
Timestep: 35, Trans probs: [0.22801804377590776, 0.04769568638566415, 0.3613666814279446, 0.07558889473042903, 0.09193125354031678, 0.019229724829185706, 0.1456941365746659, 0.03047557873588604]
Timestep: 36, Trans probs: [0.2887218183184228, 0.0875893246547849, 0.385665269602995, 0.11699898782875054, 0.039753606802013564, 0.012060022317191301, 0.05310158260392105, 0.016109387871920792]
Timestep: 37, Trans probs: [0.3100720455950268, 0.054671597028859424, 0.3552279520506996, 0.06263344188488282, 0.08613297623588627, 0.01518688135406756, 0.09867655335904357, 0.017398552491533926]
Timestep: 38, Trans probs: [0.30381774470851713, 0.116922796586347, 0.18177815160784802, 0.06995644663440467, 0.147972554807452, 0.05694652543324199, 0.08853392525639256, 0.03407185496579667]
Timestep: 39, Trans probs: [0.2956546524407442, 0.10538512858347925, 0.2125304738364969, 0.07575578847911404, 0.1332492824929718, 0.047496268545926604, 0.09578585323388542, 0.03414255238738186]
Timestep: 40, Trans probs: [0.2870593417451696, 0.09589994239958534, 0.2422829328177128, 0.08094117111941103, 0.11943470298855664, 0.0399003950454328, 0.10080490655471547, 0.0336766073294163]
Timestep: 41, Trans probs: [0.23968951971425104, 0.07472345588632849, 0.30965659970605347, 0.09653576550043054, 0.0929329382955711, 0.02897193971348724, 0.12006072567380607, 0.03742905551007214]
Timestep: 42, Trans probs: [0.325598026009722, 0.09529505397972911, 0.24311315382908452, 0.07115362891245858, 0.11729615594436424, 0.03432988722111957, 0.08758111574918162, 0.025632978354340398]
Timestep: 43, Trans probs: [0.24042205810610617, 0.06607118755922936, 0.34617178398033954, 0.09513262238602035, 0.08108477927550665, 0.022283178598139823, 0.11674994764027147, 0.03208444245438673]
Timestep: 44, Trans probs: [0.3083289559203054, 0.04797939243562977, 0.3853502966194834, 0.05996476409913118, 0.07630172281232038, 0.011873391168856707, 0.0953620831055034, 0.014839393838769739]
Timestep: 45, Trans probs: [0.2624451856707907, 0.08303569081077637, 0.2882776132088075, 0.09120887737716754, 0.09956446827041875, 0.03150145193904381, 0.10936457912169208, 0.03460213360130314]
Timestep: 46, Trans probs: [0.2643986585063829, 0.09237942067169222, 0.2590495514961907, 0.09051047243457205, 0.10992442748129515, 0.03840698355186376, 0.10770052237922988, 0.03762996347877345]
Timestep: 47, Trans probs: [0.32548010272682193, 0.1067812109787655, 0.21743123325576447, 0.07133330178141077, 0.12593242748184483, 0.04131502047390381, 0.08412693367388818, 0.027599769627600614]
Timestep: 48, Trans probs: [0.26887187442899135, 0.0827766599703076, 0.2931773673588897, 0.09025950854992086, 0.09689769555375971, 0.0298315605296911, 0.1056570582026312, 0.03252827540580857]
Timestep: 49, Trans probs: [0.3618158062059732, 0.10408356753523669, 0.21802412095414866, 0.06271900765088, 0.12277461701398609, 0.03531857901838971, 0.07398191978024944, 0.02128238184113619]
Timestep: 50, Trans probs: [0.3498984317836797, 0.09470368872712452, 0.24698058252312627, 0.06684789094274822, 0.1114469234307737, 0.030164281366967718, 0.07866633162380068, 0.021291869601779288]
Timestep: 51, Trans probs: [0.3377564736955271, 0.08583227857752183, 0.27534962335629887, 0.06997315349590749, 0.10150924271240926, 0.02579601066814481, 0.08275350415116313, 0.0210297133430275]
Timestep: 52, Trans probs: [0.325419464253854, 0.0778846718539928, 0.30313295460492007, 0.07255070237322439, 0.09232708728669306, 0.02209721816439834, 0.08600402198882966, 0.020583879474087876]
Timestep: 53, Trans probs: [0.3131060505033601, 0.07087748997418689, 0.3300493805874439, 0.0747129339275483, 0.08386091740079682, 0.01898350837598171, 0.0883989427835434, 0.020010776447138882]
Timestep: 54, Trans probs: [0.2989162856292231, 0.06431387948779249, 0.35955375702086856, 0.07736044541616782, 0.07466165574025167, 0.016063964930949727, 0.08980734780073059, 0.01932266397401594]
Timestep: 55, Trans probs: [0.32267420313433415, 0.06620710507335756, 0.3477992109650597, 0.07136231741217988, 0.07665388756202912, 0.015728037564836834, 0.0826225380043136, 0.01695270028388896]
Timestep: 56, Trans probs: [0.3542360393252149, 0.06816149330329568, 0.330452635881451, 0.06358513145809847, 0.07964529743113691, 0.015325212019174153, 0.07429791311413846, 0.014296277467490624]
Timestep: 57, Trans probs: [0.2896769424093813, 0.052332115569658263, 0.3430311620081664, 0.06197091927612173, 0.09810434649489, 0.017723219376573052, 0.1161737199249865, 0.020987574940222836]
Timestep: 58, Trans probs: [0.25977420463979406, 0.07130722958876655, 0.27739005997260796, 0.07614272833415289, 0.11967190689112943, 0.03284957469831876, 0.12778711987818972, 0.03507717599704063]
Timestep: 59, Trans probs: [0.3114901122764601, 0.07842175021309422, 0.30259371987434497, 0.07618196591413993, 0.09373319721286201, 0.02359857051249738, 0.09105610644610812, 0.022924577550493423]
Timestep: 60, Trans probs: [0.300645870683802, 0.07456245871411239, 0.2667192641481129, 0.06614840269074604, 0.12394961381454427, 0.030740445367357774, 0.1099624275991733, 0.027271516982151158]
Timestep: 61, Trans probs: [0.2988412766509533, 0.09733371505270193, 0.24877574915625986, 0.08102718657797771, 0.1127983412443429, 0.036738839186254306, 0.09390099038902408, 0.0305839017424858]
Timestep: 62, Trans probs: [0.29168171431959133, 0.08860295434275976, 0.2755923525354952, 0.08371555510730942, 0.10269990018601928, 0.03119672615890363, 0.09703490382812986, 0.029475893521791474]
Timestep: 63, Trans probs: [0.29564740121582633, 0.08489936268688573, 0.2882485673190324, 0.08277468213877107, 0.09772566577748013, 0.02806331700714955, 0.09527999581533045, 0.027361008039524327]
Timestep: 64, Trans probs: [0.32500771108130455, 0.08826586877231347, 0.2755116483616121, 0.07482368624000534, 0.10061292394384774, 0.027324542891860232, 0.08529038412666005, 0.023163234582396452]
Timestep: 65, Trans probs: [0.28084829077139273, 0.07230318231335396, 0.29905783757354965, 0.07699115167454765, 0.10429722857305243, 0.02685087209034598, 0.11105961712033467, 0.028591819883422912]
Timestep: 66, Trans probs: [0.3293723988881296, 0.07985068900627727, 0.2517138427544589, 0.06102370400255678, 0.12684693368968802, 0.030751863506618172, 0.09693929797528676, 0.023501270176984584]
Timestep: 67, Trans probs: [0.3211491647640047, 0.07361401599525827, 0.2778145966413025, 0.06368083870277991, 0.11504154015934032, 0.026369895072378583, 0.09951830047525483, 0.022811648189680865]
Timestep: 68, Trans probs: [0.2843001407156943, 0.0622269108085011, 0.32957930970737204, 0.07213750319595195, 0.09565638713797817, 0.020937033149944634, 0.11089113766413135, 0.024271577620426366]
Timestep: 69, Trans probs: [0.35305834815287923, 0.07252692638557807, 0.2769074654477164, 0.05688364959280668, 0.11187360522089464, 0.02298160848708111, 0.08774367362870615, 0.01802472308433775]
Timestep: 70, Trans probs: [0.34156535292334644, 0.0672391750504622, 0.3019302559209853, 0.059436770027017416, 0.10192720556450255, 0.020064977781555273, 0.09009961636333647, 0.01773664636879445]
Timestep: 71, Trans probs: [0.33133699493884045, 0.062360929153379895, 0.3263585215332373, 0.061423930773841534, 0.09264933273516769, 0.017437529050663914, 0.09125723874592255, 0.01717552306894676]
Timestep: 72, Trans probs: [0.32031365115688726, 0.05798810141688869, 0.3498625875541712, 0.06333750414879924, 0.08437732142016525, 0.015275279883096397, 0.0921611298685803, 0.016684424551411673]
Timestep: 73, Trans probs: [0.27197830062152323, 0.059592057441589255, 0.3419107075922456, 0.07491466223654727, 0.09143678913003994, 0.020034342363563617, 0.11494746897076857, 0.02518567164372253]
Timestep: 74, Trans probs: [0.2582042852293551, 0.06666692678452549, 0.2938838213800987, 0.07587918684502207, 0.11350830494582409, 0.029307220244377766, 0.12919326410956042, 0.033356990461236274]
Timestep: 75, Trans probs: [0.25483144577310995, 0.06217060238489785, 0.26416583301893687, 0.064447889931599, 0.139879243117832, 0.034125995633686575, 0.1450029711528623, 0.03537601898707538]
Timestep: 76, Trans probs: [0.3128197260901474, 0.07199905178968619, 0.2965659610089001, 0.06825806112874278, 0.1044719841521902, 0.024045426711284776, 0.0990437360387955, 0.02279605308025313]
Timestep: 77, Trans probs: [0.3153931688916766, 0.06793251358837384, 0.3103376419479335, 0.06684360397752494, 0.09932122372133352, 0.02139279174553315, 0.09772917553470581, 0.021049880592918496]
Timestep: 78, Trans probs: [0.2736129835580795, 0.05485818328622929, 0.2832119092264681, 0.05678272508545125, 0.1357018730655775, 0.02720762051606322, 0.14046258352484955, 0.02816212173728169]
Timestep: 79, Trans probs: [0.31118963788667114, 0.05873399113695542, 0.29500529283397225, 0.055679354789363346, 0.12065335916389985, 0.022772137838205066, 0.11437842144509673, 0.02158780490583619]
Timestep: 80, Trans probs: [0.3283749498626091, 0.05936140861735057, 0.2934742245562526, 0.053052290894395907, 0.11884220018172548, 0.02148349138362721, 0.10621127633969425, 0.019200158164344925]
Timestep: 81, Trans probs: [0.31314200698583206, 0.053295902425965186, 0.3241464948695054, 0.05516883578978088, 0.10675829000246402, 0.018169965319892862, 0.11051000737862222, 0.01880849722793729]
Timestep: 82, Trans probs: [0.33410630238790257, 0.053868608009589, 0.3177527250598355, 0.051231888976323504, 0.10727304697410925, 0.01729584170110452, 0.10202232869561449, 0.016449258195521243]
Timestep: 83, Trans probs: [0.3658318318974134, 0.05649263499424837, 0.29929372566016993, 0.04621765993433288, 0.11061353166941124, 0.017081208700770154, 0.09049495728696144, 0.013974449856692628]
Timestep: 84, Trans probs: [0.355712120430406, 0.05368735538870738, 0.3213990595940822, 0.048508511638977826, 0.10073456740070201, 0.01520379039495585, 0.09101740809963933, 0.013737187052529394]
Timestep: 85, Trans probs: [0.28162550548731907, 0.05635775656125497, 0.29236448675306387, 0.05850679803689632, 0.12720609296815485, 0.025455968585666466, 0.13205673263912418, 0.02642665896852017]
Timestep: 86, Trans probs: [0.2717474509004931, 0.059731966400696654, 0.2593566090146606, 0.0570083737828144, 0.1477166223539902, 0.032469133727049515, 0.14098120200162864, 0.030988641818666725]
Timestep: 87, Trans probs: [0.33365870935336783, 0.06939521944052285, 0.2774092486625582, 0.057696308072032916, 0.11835568034791258, 0.024615926932323222, 0.09840282731984062, 0.020466079871441823]
Timestep: 88, Trans probs: [0.3074745861750003, 0.06151953929634893, 0.3183794813079997, 0.0637013915690935, 0.10190475257427759, 0.020389110880565213, 0.10551890701286351, 0.0211122311838514]
Timestep: 89, Trans probs: [0.2871503241570851, 0.05450868138572387, 0.2739019647353844, 0.05199379443680302, 0.1430021357383665, 0.027145565227279664, 0.1364043939531393, 0.02589314036621808]
Timestep: 90, Trans probs: [0.32057521302288133, 0.05905220917644436, 0.2834316388694571, 0.05221010154814116, 0.12761300726891323, 0.023507213573437134, 0.11282707558773854, 0.02078354095298715]
Timestep: 91, Trans probs: [0.31705140562889395, 0.08270213903791077, 0.26016481287264653, 0.06786340052423606, 0.1185893645828117, 0.030933766398830918, 0.09731160088747944, 0.02538351006719076]
Timestep: 92, Trans probs: [0.33712323486648393, 0.08221015254963053, 0.25698484354907064, 0.06266777547824369, 0.11907381342267277, 0.029037086008091635, 0.09076848507738078, 0.02213460904842605]
Timestep: 93, Trans probs: [0.3450400955656146, 0.07948415115969613, 0.26480664016875827, 0.06100140617211909, 0.11480962535687009, 0.026447783123565084, 0.08811251660462509, 0.020297781848751622]
Timestep: 94, Trans probs: [0.3368177157394432, 0.07437305305072678, 0.28663477078696564, 0.06329210732612739, 0.1057127092347294, 0.023342527915404067, 0.08996242407927894, 0.01986469186732468]
Timestep: 95, Trans probs: [0.3484264918343898, 0.0723017392797205, 0.2909254546639826, 0.060369739000636226, 0.10288946653080214, 0.02135052172575744, 0.08590955490501492, 0.017827032059696428]
Timestep: 96, Trans probs: [0.36787030114140135, 0.07281285491151104, 0.28524681164111937, 0.05645912335285944, 0.10231813240278984, 0.020251907550964444, 0.07933752996752856, 0.015703339031825896]
Timestep: 97, Trans probs: [0.3735160937442786, 0.07047968510077811, 0.2930183717322174, 0.05529036878011572, 0.09791387367181581, 0.01847561349822737, 0.076812122191854, 0.014493871280713163]
Timestep: 98, Trans probs: [0.36592498797241735, 0.06592825033685519, 0.31151993751293133, 0.056126160006383916, 0.09176768489663359, 0.01653366974532754, 0.07812383522401184, 0.014075474305439106]
Timestep: 99, Trans probs: [0.3993169755303875, 0.06869776441238831, 0.29016304349578675, 0.04991912096093253, 0.09482793871987066, 0.016314025681571177, 0.06890657045281498, 0.011854560746248294]
Timestep: 100, Trans probs: [0.38951200102941885, 0.06353307117124174, 0.31240321594453624, 0.05095590302808143, 0.08759481106281188, 0.014287537613160154, 0.07025431977385894, 0.011459140376890827]
Timestep: 101, Trans probs: [0.30802560885114266, 0.0476108726718709, 0.28651945176502347, 0.044286711052622885, 0.14070177047274335, 0.02174797772065094, 0.13087806006967675, 0.020229547396269153]
Timestep: 102, Trans probs: [0.36592897466442187, 0.05346666307774896, 0.3150347294598833, 0.04603039634472284, 0.10293376867384701, 0.01503987251639361, 0.08861750288068802, 0.012948092382294387]
Timestep: 103, Trans probs: [0.39727294503977156, 0.05508726407123776, 0.29613175426055205, 0.041062670767063665, 0.10588785962472343, 0.014682783103947179, 0.07893001025384515, 0.0109447128788591]
Timestep: 104, Trans probs: [0.3866238731980254, 0.05137114367229114, 0.31646201585407197, 0.042048659718784895, 0.09877613946492111, 0.013124495416887373, 0.08085092096043783, 0.010742751714580154]
Timestep: 105, Trans probs: [0.32161707864589584, 0.04167658148624361, 0.301263439280066, 0.03903906573881162, 0.13548757111703347, 0.01755708627727854, 0.12691319698031497, 0.01644598047435588]
Timestep: 106, Trans probs: [0.31497023959271375, 0.04040562007005779, 0.27350332497257024, 0.03508608131050508, 0.15940734572272477, 0.020449400730613555, 0.13842082076260329, 0.017757166838211647]
Timestep: 107, Trans probs: [0.2965582970867105, 0.05057797828566744, 0.239238433340849, 0.0408020831164693, 0.17628811711421233, 0.03006591502249151, 0.14221451016317638, 0.02425466587042355]
Timestep: 108, Trans probs: [0.36415593613411223, 0.06854357658152263, 0.2771004806870848, 0.05215748566503381, 0.11376566203650094, 0.02141364342684968, 0.08656873747731224, 0.01629447799158378]
Timestep: 109, Trans probs: [0.35432623159946935, 0.05528147573645681, 0.31237946168854613, 0.04873700023266539, 0.10540533740139199, 0.016445191132884833, 0.09292696848300659, 0.014498333725578747]
Timestep: 110, Trans probs: [0.34342888299870794, 0.08541363643321166, 0.2809082219797796, 0.06986422497076655, 0.09708200738641533, 0.024145107454869596, 0.07940838826083342, 0.019749530515415767]
Timestep: 111, Trans probs: [0.37240105771999465, 0.08783410533142999, 0.26448307332907994, 0.06238068780844779, 0.10073014126331813, 0.023758100720606714, 0.07153958557826175, 0.016873248248861026]
Timestep: 112, Trans probs: [0.34362430394330523, 0.0767364744975222, 0.30663431867479607, 0.06847605453115975, 0.08835151721870001, 0.019730222426259946, 0.0788407774867707, 0.017606331221485975]
Timestep: 113, Trans probs: [0.39718900886141156, 0.08539766775061701, 0.264236950995803, 0.05681229551961037, 0.0970509789625582, 0.02086645670300639, 0.06456486508963834, 0.013881776117355249]
Timestep: 114, Trans probs: [0.3892274932752963, 0.07971944334364764, 0.2848367454137202, 0.05833870212281647, 0.0900444746806797, 0.018442416123564613, 0.06589456180165676, 0.01349616323861845]
Timestep: 115, Trans probs: [0.37952219399081827, 0.07500487838137983, 0.3039613621105748, 0.06007180965625897, 0.0841238194922855, 0.01662536987270019, 0.0673752185344867, 0.013315347961495826]
Timestep: 116, Trans probs: [0.3696007735991156, 0.07066500022507458, 0.32274784542190665, 0.06170705853045309, 0.0785518962182106, 0.015018555588740705, 0.06859416177989665, 0.01311470863660226]
Timestep: 117, Trans probs: [0.3567766776770474, 0.06448837761917581, 0.3464650109889063, 0.06262451516158021, 0.07289118428072333, 0.013175284459762833, 0.0707844613814001, 0.01279448843140388]
Timestep: 118, Trans probs: [0.3946140686672009, 0.06743756151644346, 0.32085595415805745, 0.05483267035950365, 0.07643177931815925, 0.013061807038427091, 0.06214576070223214, 0.010620398239976117]
Timestep: 119, Trans probs: [0.3839118447739826, 0.062437888337816945, 0.3406372531670556, 0.055399881682386326, 0.07183106786558922, 0.011682317843613859, 0.06373426082801828, 0.010365485501537172]
Timestep: 120, Trans probs: [0.2735924984690645, 0.04121693739710989, 0.2883828324656569, 0.04344511351243135, 0.1495078451713795, 0.022523481196624694, 0.15759019749305891, 0.02374109429467429]
Timestep: 121, Trans probs: [0.3584439356080819, 0.07951851105473176, 0.29599239975592645, 0.065664034382892, 0.08982453855392827, 0.019927003507171838, 0.0741744470538798, 0.016455130083388045]
Timestep: 122, Trans probs: [0.3504053998168177, 0.07470340678892548, 0.31505120121508473, 0.06716619679951778, 0.08362659098372842, 0.017828467392039082, 0.07518907515900018, 0.016029661844886616]
Timestep: 123, Trans probs: [0.25795932390638365, 0.05241016116332601, 0.29477196601233796, 0.059889466335955, 0.12993139989322028, 0.026398447264699587, 0.14847354076319155, 0.030165694660885832]
Timestep: 124, Trans probs: [0.31498963087835474, 0.06054552694553591, 0.3285855436101732, 0.06315885646485386, 0.0955382238463398, 0.018363817532936758, 0.09966194484104583, 0.019156455880759916]
Timestep: 125, Trans probs: [0.3354222824834453, 0.062317466156614404, 0.3208276196750562, 0.059605951587889006, 0.09561573167675981, 0.017764264433149237, 0.09145536596501377, 0.01699131802207212]
Timestep: 126, Trans probs: [0.36395416788608764, 0.06379712287646626, 0.3050414489175458, 0.0534703776358426, 0.09893689220651078, 0.017342538226104307, 0.08292212485259662, 0.014535327398845815]
Timestep: 127, Trans probs: [0.3330554470350559, 0.05573029290980946, 0.34739774736203, 0.05813019540453908, 0.08624420030093405, 0.014431274393892227, 0.0899581171072414, 0.0150527254864978]
Timestep: 128, Trans probs: [0.304340503374994, 0.0442204010671412, 0.29153424277010204, 0.04235966293390336, 0.14160917541739762, 0.020575685662281747, 0.13565044174794394, 0.01970988702623609]
Timestep: 129, Trans probs: [0.34566154339490146, 0.07720122599220704, 0.27052040590681203, 0.06041894850899236, 0.11289585844823433, 0.025214545407757707, 0.08835415462379963, 0.019733317717295626]
Timestep: 130, Trans probs: [0.3405493649200614, 0.07272570984228284, 0.29022737669555077, 0.06197924342276216, 0.10433307602864729, 0.022280755143951985, 0.08891608112521245, 0.01898839282153114]
Timestep: 131, Trans probs: [0.3348477221326516, 0.06835583697871091, 0.3089940088295531, 0.06307805817052528, 0.09706024821352231, 0.01981388573211916, 0.08956619146898848, 0.018284048473929216]
Timestep: 132, Trans probs: [0.32877447913138586, 0.06495700619014422, 0.3265538875509871, 0.0645182769389723, 0.09015129830397367, 0.01781147507997596, 0.08954240306823422, 0.017691173736326744]
Timestep: 133, Trans probs: [0.3228416397603464, 0.0606472396927803, 0.34484900231175875, 0.06478142075025539, 0.08421142115564777, 0.015819490470583154, 0.08995191757276963, 0.016897868285858698]
Timestep: 134, Trans probs: [0.3006294119162939, 0.04144515508163209, 0.31319746533926895, 0.043177802994785935, 0.12979435899547304, 0.017893616273268076, 0.13522051616172565, 0.01864167323755228]
Timestep: 135, Trans probs: [0.31009587811436734, 0.07618985968395858, 0.29677380972703543, 0.0729166574495304, 0.10009676561397136, 0.024593550141075626, 0.09579649575882596, 0.02353698351123526]
Timestep: 136, Trans probs: [0.3118426599426179, 0.07339781895512473, 0.308907727658703, 0.07270702947667437, 0.09480861566939287, 0.022314925127846778, 0.09391631675502182, 0.02210490641461841]
Timestep: 137, Trans probs: [0.2859382588370708, 0.0640431540084187, 0.2970636187550411, 0.06653496165082183, 0.11477120827428008, 0.02570593455082296, 0.11923675620572798, 0.026706107717816507]
Timestep: 138, Trans probs: [0.283776582458446, 0.06070254531758934, 0.27228470669610677, 0.05824432236203715, 0.1366280890782238, 0.029226064734009453, 0.13109516944218344, 0.028042519911404155]
Timestep: 139, Trans probs: [0.3219204664368134, 0.06632866535215795, 0.2857382912844994, 0.05887367060157707, 0.11734485848648459, 0.02417779750227245, 0.10415591070079032, 0.021460339635404873]
Timestep: 140, Trans probs: [0.3403660708335198, 0.06758355536162731, 0.28033891772501623, 0.0556644812442376, 0.11714409354588395, 0.02326029240240656, 0.096484494832606, 0.019158094054702392]
Timestep: 141, Trans probs: [0.3596115653873945, 0.06733747040901922, 0.27551156069121324, 0.051589696636707746, 0.11729503973754832, 0.02196356298759004, 0.08986401598240308, 0.016827088168123783]
Timestep: 142, Trans probs: [0.3563830347162727, 0.04645014100220258, 0.25500957071327934, 0.03323735801838413, 0.15930687217206202, 0.020763689497462663, 0.11399189390879792, 0.014857439971538607]
Timestep: 143, Trans probs: [0.3007423975338083, 0.07558272427726231, 0.2776563312873643, 0.06978072298293056, 0.11478414899298724, 0.028847607639896734, 0.10597290558526015, 0.026633161700490356]
Timestep: 144, Trans probs: [0.2971679674519119, 0.07073092651074768, 0.29591787257145585, 0.07043338310497896, 0.10755509266319836, 0.02559990371858766, 0.10710264123696239, 0.025492212742157103]
Timestep: 145, Trans probs: [0.2922982754210231, 0.06631526794976622, 0.3137066551933438, 0.07117230119406731, 0.10084392240354773, 0.02287899826184095, 0.10822988793973128, 0.024554691636679532]
Timestep: 146, Trans probs: [0.2880845536685865, 0.06191091237189825, 0.3318318412801852, 0.07131243860903802, 0.09442686632420985, 0.02029283893254627, 0.10876612619337805, 0.023374422620157743]
Timestep: 147, Trans probs: [0.28271592829816317, 0.05809483313658753, 0.3487788182963923, 0.07166998821918424, 0.08866321779174272, 0.01821925943108483, 0.10938135857398949, 0.022476596252855884]
Timestep: 148, Trans probs: [0.383694868037231, 0.04838465445521225, 0.30076280673837014, 0.03792676339784605, 0.11411293420437653, 0.014389858583705062, 0.08944848950424063, 0.011279625079018286]
Timestep: 149, Trans probs: [0.2872303039385029, 0.07732594840187305, 0.3269741832532305, 0.08802549200517923, 0.08122344488134038, 0.021866355401210118, 0.09246228265934021, 0.024891989459323652]
Timestep: 150, Trans probs: [0.33834586176532705, 0.08620038358357617, 0.28881193918235887, 0.07358062490004143, 0.0916060705962745, 0.023338480875110947, 0.07819491792140297, 0.019921721175908094]
Timestep: 151, Trans probs: [0.3564537395306271, 0.08649187742771193, 0.2833726216395188, 0.06875907681453503, 0.09187214352609262, 0.022292357452452005, 0.07303626608297686, 0.017721917526085647]
Timestep: 152, Trans probs: [0.3741508051578024, 0.08624717595042353, 0.27720786466873537, 0.06390042504075855, 0.09265877423086909, 0.021359188579240934, 0.06865077020622314, 0.015824996165947035]
Timestep: 153, Trans probs: [0.392165853478999, 0.08522615074833435, 0.2711235531956375, 0.05892103203552587, 0.09352659419915618, 0.020325358634576858, 0.06465953706221807, 0.014051920645552104]
Timestep: 154, Trans probs: [0.4091036268343144, 0.08564069722244629, 0.2646008823916495, 0.055390865705702584, 0.09302662223231796, 0.019473952968525964, 0.06016794942410749, 0.012595403220935827]
Timestep: 155, Trans probs: [0.333500958755103, 0.06578561755718616, 0.3512408100083295, 0.06928493904166536, 0.0733006328259034, 0.01445911104958952, 0.07719969904734052, 0.0152282317148826]
Timestep: 156, Trans probs: [0.32732557427392617, 0.06093759333530367, 0.36997618890022926, 0.06887777892991712, 0.06841713283375117, 0.012737090363435994, 0.07733190453407332, 0.014396736829363169]
Timestep: 157, Trans probs: [0.3203066153562754, 0.05648166465732338, 0.38789636562275154, 0.0684001871785553, 0.06417597601919496, 0.011316550401373348, 0.07771811965372469, 0.013704521110801372]
Timestep: 158, Trans probs: [0.31225076554022735, 0.053416370803641554, 0.4042654872951796, 0.0691572209122163, 0.05987954633026768, 0.01024352348599556, 0.0775249787917696, 0.013262106840702406]
Timestep: 159, Trans probs: [0.30403393453864436, 0.050686826867104184, 0.41953205574987457, 0.06994202376541395, 0.05611270436634581, 0.009354794344183506, 0.0774291141290539, 0.012908546239379603]
Timestep: 160, Trans probs: [0.2956727297637989, 0.047864295235219935, 0.43455332605987296, 0.07034665899216512, 0.05281835002302704, 0.008550376293948244, 0.07762768550835485, 0.012566578123613021]
Timestep: 161, Trans probs: [0.288928290872121, 0.04438837398356018, 0.4518363695670731, 0.06941612291125279, 0.049169905619650865, 0.0075540271698330205, 0.07689365267789493, 0.01181325719861421]
Timestep: 162, Trans probs: [0.43765358476237887, 0.06497873283748888, 0.3115385633706797, 0.04625434769106143, 0.07099443040931586, 0.010540592576252516, 0.05053655134356208, 0.007503197009260826]
Timestep: 163, Trans probs: [0.31260925234343817, 0.044604148679228746, 0.4443896773440813, 0.06340702679520661, 0.04878450534556443, 0.006960738728505712, 0.0693496127430313, 0.0098950380209437]
Timestep: 164, Trans probs: [0.34965048172364643, 0.047790324659570435, 0.2721683119524384, 0.03720004024056984, 0.14503818703663357, 0.01982385956497727, 0.11289788116351666, 0.01543091365864741]
Timestep: 165, Trans probs: [0.31928874831844467, 0.042208230250922546, 0.414570764488727, 0.05480399285911927, 0.06499288567645391, 0.008591704836926074, 0.08438803572978716, 0.011155637839619335]
Timestep: 166, Trans probs: [0.31063967407147597, 0.0403670432806779, 0.4302261813381369, 0.055907085707800945, 0.06043288232400862, 0.007853139762785292, 0.08369764186506602, 0.010876351650048416]
Timestep: 167, Trans probs: [0.30218078543803134, 0.037632727698084435, 0.4460731096772535, 0.05555266475857499, 0.05694290880971843, 0.0070915064254224005, 0.0840579601049066, 0.01046833708800821]
Timestep: 168, Trans probs: [0.29323665479689015, 0.03601748062425405, 0.4610228705210278, 0.056626216520681706, 0.05300911097565881, 0.006510968517210666, 0.08334023767490176, 0.010236460369375127]
Timestep: 169, Trans probs: [0.3485410427959139, 0.04232075593040892, 0.2945098435030232, 0.03576014780357596, 0.134783985462793, 0.016365820525299463, 0.11388963017650755, 0.013828773802478038]
Timestep: 170, Trans probs: [0.30085221004509577, 0.034371577850198086, 0.4303162359066895, 0.049162504076183985, 0.06842639134655966, 0.007817536181050017, 0.09787193239004632, 0.011181612204176782]
Timestep: 171, Trans probs: [0.2935461433977159, 0.0315109547829758, 0.4472123490712656, 0.048006381371122765, 0.06431658174251428, 0.006904116932437628, 0.09798517286712782, 0.010518299834840063]
Timestep: 172, Trans probs: [0.38954913344270997, 0.04166216502875122, 0.3554146176498818, 0.038011488623520634, 0.08283925350322706, 0.008859633750969625, 0.07558040586574963, 0.008083302135189966]
Timestep: 173, Trans probs: [0.35795822292532614, 0.0383467439430253, 0.3051135465644049, 0.032685688704221574, 0.12965405593550788, 0.013889360729033377, 0.11051347978446918, 0.011838901414011654]
Timestep: 174, Trans probs: [0.3520018412496473, 0.0354369645225435, 0.28078313939575816, 0.02826718779075657, 0.1533927508444656, 0.015442457489407027, 0.12235759332893408, 0.012318065378487803]
Timestep: 175, Trans probs: [0.30207413286599827, 0.02978666666964513, 0.4181614397245865, 0.04123370412752472, 0.07969125593180443, 0.00785812692534995, 0.1103166629917513, 0.010878010763339822]
Timestep: 176, Trans probs: [0.38980912892425096, 0.03838006829452896, 0.33771605056578047, 0.03325105576835268, 0.09796670064904514, 0.009645666000373936, 0.08487468551970413, 0.008356644277963846]
Timestep: 177, Trans probs: [0.4047431532191672, 0.04017330558803671, 0.32751610927281677, 0.032508035375454505, 0.09808047312254374, 0.009735104318954484, 0.07936622200336058, 0.007877597099665961]
Timestep: 178, Trans probs: [0.3280308678933451, 0.030461684693591083, 0.4146409661744539, 0.03850449335383544, 0.07612820671487526, 0.007069436617748556, 0.09622836225171237, 0.008935982300438234]
Timestep: 179, Trans probs: [0.3455549604702537, 0.032456109160626696, 0.30433043942480986, 0.02858411278319181, 0.1405084895661093, 0.013197202752194288, 0.12374590228535103, 0.011622783557463452]
Timestep: 180, Trans probs: [0.32956170054262035, 0.030984459879175162, 0.3820433410781468, 0.03591863543079092, 0.09376296995076293, 0.008815329499175246, 0.1086944212583548, 0.01021914236097381]
Timestep: 181, Trans probs: [0.3215785357874593, 0.029240875626863026, 0.3992753870537452, 0.03630578734092693, 0.08734605250826483, 0.007942305762532865, 0.10844980321044867, 0.009861252709759264]
Timestep: 182, Trans probs: [0.31174449675517496, 0.0290060329239409, 0.41408588385138295, 0.03852831054068318, 0.0811952033558231, 0.007554746808103794, 0.10785046054074622, 0.010034865224144951]
Timestep: 183, Trans probs: [0.3048991066092072, 0.026526947399233582, 0.4319650322366262, 0.03758198512249491, 0.07576176390998501, 0.006591453640069917, 0.10733528593649234, 0.009338425145890691]
Timestep: 184, Trans probs: [0.298241053248064, 0.024507184682525027, 0.4489846279635982, 0.03689414678926368, 0.07058295160225986, 0.0057999709011071045, 0.10625854462549238, 0.008731520187689553]
Timestep: 185, Trans probs: [0.38537274000177985, 0.030731589191420952, 0.3687615473950932, 0.02940692791110853, 0.08789953173852318, 0.007009557291193159, 0.08411069070181822, 0.006707415769062982]
Timestep: 186, Trans probs: [0.40150248094207763, 0.03303888362126326, 0.35691518935522587, 0.0293698792996241, 0.08764170922236225, 0.007211871330339176, 0.07790900113274206, 0.006410985096365747]
Timestep: 187, Trans probs: [0.3545065224121275, 0.041724125557827375, 0.29311884745653655, 0.03449901996563038, 0.13524584272201237, 0.015917942734907414, 0.11182616689877892, 0.0131615322521795]
Timestep: 188, Trans probs: [0.2866104395727954, 0.043549522523013, 0.3946691072663817, 0.0599686850264548, 0.07859249069815583, 0.011941872909097973, 0.10822365084787633, 0.016444231156224932]
Timestep: 189, Trans probs: [0.2801221529793509, 0.04103374017290736, 0.4104225714832264, 0.06012081865078572, 0.07370177852225387, 0.010796217285914771, 0.10798458152012151, 0.015818139385439578]
Timestep: 190, Trans probs: [0.369324835668673, 0.05163437504348056, 0.33210570807303336, 0.046430862559450156, 0.09262236191068342, 0.012949299127556288, 0.08328823873989322, 0.011644318877229989]
Timestep: 191, Trans probs: [0.3047190812148711, 0.04006589653525349, 0.408550778455896, 0.05371817594668027, 0.07285058182124911, 0.009578736789787679, 0.09767409968346855, 0.01284264955279375]
Timestep: 192, Trans probs: [0.3306142869059559, 0.0416966440170032, 0.32264936934581767, 0.04069211896989194, 0.11880214707805892, 0.014983172329084976, 0.11594005265286149, 0.014622208701326044]
Timestep: 193, Trans probs: [0.36085839776687173, 0.04379607819721715, 0.32603654403729476, 0.03956987579109255, 0.10763013610268908, 0.013062680226651599, 0.0972441207585662, 0.011802167119616847]
Timestep: 194, Trans probs: [0.31161318541021166, 0.037382083036035164, 0.3836106741962299, 0.04601912482437261, 0.08859636143112334, 0.010628293970773365, 0.10906634099961399, 0.013083936131639976]
Timestep: 195, Trans probs: [0.30530464746464403, 0.035442232157582895, 0.40087198073953384, 0.04653646095736554, 0.08206144549487472, 0.009526356138266776, 0.10774855368583697, 0.01250832336189531]
Timestep: 196, Trans probs: [0.33962749544632637, 0.037587721633998664, 0.3329683758887451, 0.03685073438881423, 0.11500689417740487, 0.01272820128608876, 0.11275193935619116, 0.012478637822430914]
Timestep: 197, Trans probs: [0.3569919756389903, 0.037132025278316785, 0.3235520277006178, 0.03365381546721192, 0.1181548303203612, 0.012289710821532825, 0.10708709870676417, 0.011138516066205039]
Timestep: 198, Trans probs: [0.3743208429879701, 0.03871172343165124, 0.3153247932177202, 0.03261043678131305, 0.11758018718654924, 0.012159973917225233, 0.09904858066450505, 0.010243461813065928]
Timestep: 199, Trans probs: [0.3863067991332662, 0.038789887043533804, 0.3027628695332632, 0.030401063446258442, 0.12315761108902687, 0.012366517579844047, 0.09652315678066059, 0.009692095394146815]
Timestep: 200, Trans probs: [0.38291148681696047, 0.036590001024223565, 0.2792541577673492, 0.026684782960325157, 0.14492163598316307, 0.01384832524387257, 0.10569014195724573, 0.010099468246860295]
Timestep: 201, Trans probs: [0.4023755634998187, 0.03661910402503064, 0.2736259291657465, 0.024901950498469196, 0.1432017412665251, 0.013032400413169639, 0.09738093728006275, 0.008862373851177491]
Timestep: 202, Trans probs: [0.4199464380488144, 0.03689120332924205, 0.2671883393238355, 0.02347180130636654, 0.14185648385493888, 0.012461723484973531, 0.09025531570079384, 0.00792869495103536]
Timestep: 203, Trans probs: [0.44208974277543445, 0.03888720044567048, 0.2641596929802195, 0.023236076155258353, 0.13326872020219335, 0.011722614062713427, 0.07963139789551879, 0.007004555482991526]
Timestep: 204, Trans probs: [0.29702704012690995, 0.02598715904899311, 0.3582137928517683, 0.031340442285673925, 0.1198129794750461, 0.010482543785984707, 0.14449412347202326, 0.012641918953600761]
Timestep: 205, Trans probs: [0.29102446745436883, 0.025296762163029084, 0.3757446559353658, 0.032660907443174, 0.11053991551994753, 0.009608477173376793, 0.14271921150643302, 0.012405602804304975]
Timestep: 206, Trans probs: [0.40888762291117525, 0.03408921792431167, 0.2701400531307661, 0.022521745891193923, 0.14693911151703537, 0.012250406012404753, 0.09707835886444142, 0.008093483748671396]
Timestep: 207, Trans probs: [0.44551243747719166, 0.035686110619363186, 0.27653962945697474, 0.022151174641324208, 0.1257383896092144, 0.010071804293734745, 0.07804865755926069, 0.0062517963429363655]
Timestep: 208, Trans probs: [0.29792338849962235, 0.022720227452145168, 0.3534074906433135, 0.026951554932110097, 0.1270726990338716, 0.009690815613864472, 0.1507382281095749, 0.011495595715497933]
Timestep: 209, Trans probs: [0.42303507505317905, 0.04628165304412867, 0.28925165200586517, 0.031645235560889676, 0.11230760528987992, 0.012286880991108756, 0.07679070195027386, 0.008401196104675011]
Timestep: 210, Trans probs: [0.3430752272020585, 0.06440089484613455, 0.22043420815320738, 0.04137914700382792, 0.16952094961913963, 0.03182188623665678, 0.10892134824023979, 0.02044633869873539]
Timestep: 211, Trans probs: [0.28790651717512494, 0.03798483111925659, 0.31583071591691675, 0.04166899910459722, 0.13338450143750952, 0.017598030814801532, 0.14632153170608878, 0.0193048727257048]
Timestep: 212, Trans probs: [0.28430904317206823, 0.03586871008927007, 0.3343978188003111, 0.04218795956403471, 0.1237333273990784, 0.015610318966084509, 0.14553232051122295, 0.01836050149792993]
Timestep: 213, Trans probs: [0.2799243064833353, 0.034136792748587545, 0.3523556650627379, 0.042969803026924686, 0.11467621089076592, 0.01398477357522523, 0.1443490672993635, 0.017603380913059952]
Timestep: 214, Trans probs: [0.2750496224670113, 0.03250914690608813, 0.37014021226678756, 0.04374826050842822, 0.10619741321084711, 0.012551870735732579, 0.14291215059842952, 0.01689132330667554]
Timestep: 215, Trans probs: [0.38616791113668714, 0.04348457559567218, 0.2734917537220284, 0.03079663663537543, 0.13998879056921565, 0.015763487774361224, 0.09914283069638323, 0.01116401387027683]
Timestep: 216, Trans probs: [0.4032400526748056, 0.04434300912096339, 0.2681247527137344, 0.029484815003556885, 0.13788184883715562, 0.015162422581895705, 0.09168121167018364, 0.010081887397704764]
Timestep: 217, Trans probs: [0.41960182467257906, 0.04491120119865678, 0.262617347491854, 0.02810869695494673, 0.1359862548687531, 0.014555003561836276, 0.08511009116047091, 0.009109580090903072]
Timestep: 218, Trans probs: [0.4351981525585242, 0.046054891068850606, 0.25666727821983504, 0.02716184218581501, 0.1336272272731495, 0.014141115626794504, 0.07880947223380125, 0.008340020833230056]
Timestep: 219, Trans probs: [0.4513547027777385, 0.04621202491579316, 0.2508425559204616, 0.025682556031427578, 0.1317217226041455, 0.013486350068964415, 0.07320498349729293, 0.00749510418417641]
Timestep: 220, Trans probs: [0.31824934475751065, 0.03235754962678093, 0.3916614537987668, 0.03982162143286448, 0.08867231019454039, 0.009015631060693455, 0.10912677903217988, 0.011095310096663391]
Timestep: 221, Trans probs: [0.31083428742373176, 0.03077444370569099, 0.4089325220009357, 0.04048675254602308, 0.08211550094431445, 0.008129923124376926, 0.10803087128786606, 0.01069569896706111]
Timestep: 222, Trans probs: [0.3034342383944574, 0.028568117127127906, 0.42590279225103245, 0.04009844412475691, 0.07680745659966715, 0.007231367257651452, 0.10780757769653118, 0.010150006548775486]
Timestep: 223, Trans probs: [0.4560815585671385, 0.04260179880779499, 0.2812760102711696, 0.026273511335731158, 0.10961300742861861, 0.010238763662933621, 0.0676008683626863, 0.006314481563927237]
Timestep: 224, Trans probs: [0.3257597879181397, 0.030689081212056282, 0.4174449267632152, 0.039326527503193515, 0.0748202007342932, 0.007048639217600677, 0.09587835691919327, 0.009032479732308288]
Timestep: 225, Trans probs: [0.316638553400666, 0.029112886368043902, 0.4342460092900126, 0.03992613845806587, 0.06954201052192349, 0.006393942330731397, 0.09537164764941675, 0.00876881198113998]
Timestep: 226, Trans probs: [0.4377196472029023, 0.03840143799733247, 0.29748094369057126, 0.02609820255389642, 0.10963501144479838, 0.009618353028560025, 0.07450962476675631, 0.006536779315182927]
Timestep: 227, Trans probs: [0.31874684528943326, 0.028355576121833776, 0.39835673472903466, 0.03543763611212358, 0.08943365750151458, 0.007955977982575744, 0.11177051727312966, 0.009943054990354855]
Timestep: 228, Trans probs: [0.31162320809055477, 0.026202444970023303, 0.4178442712227835, 0.035133909280508184, 0.08243558988742233, 0.006931492749952415, 0.11053489626267111, 0.009294187536084415]
Timestep: 229, Trans probs: [0.30213086199525724, 0.025319633598413886, 0.4345191152180237, 0.03641423691764415, 0.07629721223813202, 0.006393975927160489, 0.10972926412209857, 0.009195699983269936]
Timestep: 230, Trans probs: [0.29346858610122833, 0.023311058321237487, 0.4526068509979992, 0.035951870830108736, 0.0709354934753285, 0.005634611347733014, 0.10940145503267946, 0.008690073893685335]
Timestep: 231, Trans probs: [0.4334543461132175, 0.03339671183230874, 0.3224153184169688, 0.024841396968438956, 0.09897435720174119, 0.007625758320095775, 0.07361986141899048, 0.0056722497282385795]
Timestep: 232, Trans probs: [0.32004008073353946, 0.02414489582657053, 0.442561294238503, 0.03338830662012472, 0.07018865677539739, 0.005295267399522573, 0.0970590393309029, 0.007322459075439394]
Timestep: 233, Trans probs: [0.3101234917927685, 0.022579956863060552, 0.46100801281310494, 0.033565793364022455, 0.0647490070956345, 0.0047143471095778535, 0.09625137044673293, 0.007008020515098465]
Timestep: 234, Trans probs: [0.4144384579192793, 0.03065210871427686, 0.3368215129890816, 0.024911514450860685, 0.09922829769313231, 0.00733898244794388, 0.08064460409425012, 0.005964521691175272]
Timestep: 235, Trans probs: [0.416229146887481, 0.03144437357730063, 0.31562210545700936, 0.023843931804053288, 0.11255782970663772, 0.0085032739124886, 0.0853513970930156, 0.006447941562013747]
Timestep: 236, Trans probs: [0.31767178653845674, 0.023369253259773487, 0.42424061943109787, 0.03120889829908867, 0.08116757638408863, 0.005971023330937667, 0.10839673002795323, 0.007974112728603528]
Timestep: 237, Trans probs: [0.4157229219547651, 0.029710922494778913, 0.34474839014716613, 0.024638508388471227, 0.09447877029931337, 0.006752217098268048, 0.07834882861550814, 0.005599441001728954]
Timestep: 238, Trans probs: [0.3207107846172262, 0.023137769541427593, 0.3875528167622281, 0.02796010670510487, 0.10163192576080543, 0.007332263799957936, 0.12281389024251159, 0.008860442570738498]
Timestep: 239, Trans probs: [0.3109468194408924, 0.022577226783710398, 0.40584926613135736, 0.02946790366894835, 0.0934888598123105, 0.006788039168653626, 0.12202210401928879, 0.008859780974838577]
Timestep: 240, Trans probs: [0.30229482198268365, 0.021215156697882466, 0.42463110009011734, 0.029800759629690535, 0.0862879833903643, 0.00605572095732331, 0.12120803482934622, 0.008506422422592055]
Timestep: 241, Trans probs: [0.38617566682190446, 0.02794084808674393, 0.34825431369028065, 0.025197136200870204, 0.1041638138095492, 0.007536532070340715, 0.09393522328359488, 0.006796466036716177]
Timestep: 242, Trans probs: [0.3260123951368987, 0.024173356313036132, 0.41462794459691255, 0.030744073512524412, 0.08377858122106482, 0.006212062870821258, 0.10655098226663716, 0.007900604082105012]
Timestep: 243, Trans probs: [0.3794215549612469, 0.02778932417457484, 0.37024169764871745, 0.027116979582132595, 0.09216173073335954, 0.006750044056144334, 0.08993193770566923, 0.006586731138155208]
Timestep: 244, Trans probs: [0.36575386664667214, 0.06456702645638512, 0.3320208143899657, 0.05861208496121446, 0.07976921882839788, 0.01408176845734845, 0.07241219687293503, 0.012783023387081132]
Timestep: 245, Trans probs: [0.3722783075564836, 0.05061459279381955, 0.3153577425100838, 0.04287572871568487, 0.10431334406749233, 0.014182339732853346, 0.0883640546093621, 0.012013890014220364]
Timestep: 246, Trans probs: [0.3798041974628048, 0.04981778728194935, 0.3002755397989854, 0.03938624972448692, 0.113907239287684, 0.014940873888745461, 0.09005576555659618, 0.011812346998747881]
Timestep: 247, Trans probs: [0.39776907592266375, 0.049851079908898595, 0.2937240761982953, 0.036811464942979884, 0.11339993237484708, 0.01421203766876363, 0.08373775739224908, 0.010494575591302586]
Timestep: 248, Trans probs: [0.4138933056817509, 0.05099232942634848, 0.28615291224723527, 0.035254504886434966, 0.11249225057073763, 0.013859228502296865, 0.07777363070185453, 0.009581837983341406]
Timestep: 249, Trans probs: [0.42809685700997824, 0.051527963657954944, 0.27754635938254424, 0.03340692295558736, 0.11340164311568762, 0.013649611412777386, 0.07352124333401505, 0.008849399131455169]
Timestep: 250, Trans probs: [0.3118433576023171, 0.03606274391030564, 0.36152671167152756, 0.041808314661528415, 0.10326085600295355, 0.011941475472254187, 0.11971253132395573, 0.013844009355157675]
Timestep: 251, Trans probs: [0.304651475049915, 0.033867573298889335, 0.38054243729669485, 0.042304239250350574, 0.09548667812422415, 0.010615087518974798, 0.11927312420464642, 0.01325938525630494]
Timestep: 252, Trans probs: [0.2965999568778575, 0.032114145561380154, 0.3986012269436545, 0.04315825921810469, 0.08835802385762095, 0.009566901052679738, 0.11874451058827416, 0.012856975900428289]
Timestep: 253, Trans probs: [0.28817250660396443, 0.030643004592764273, 0.4158561747341036, 0.044220327686635766, 0.08180497623808286, 0.008698783558903394, 0.1180511801541701, 0.012553046431375668]
Timestep: 254, Trans probs: [0.4221458301992359, 0.043664208383581246, 0.3017026130899039, 0.031206291346313038, 0.10638280166667424, 0.011003592806330807, 0.07603052536492565, 0.007864137143035275]
Timestep: 255, Trans probs: [0.29370795621078166, 0.029741976105676065, 0.3821465566449947, 0.0386976025547128, 0.10090481790446561, 0.010218002677831592, 0.13128833555808947, 0.013294752343448228]
Timestep: 256, Trans probs: [0.28666101117354886, 0.028126862744729676, 0.4007174837218324, 0.0393179582319754, 0.09311132116670831, 0.00913598029852378, 0.1301583852341535, 0.012770997428528195]
Timestep: 257, Trans probs: [0.3863456395886193, 0.06582358593821619, 0.3030566450187048, 0.05163323478628388, 0.09248100689228403, 0.01575643900448551, 0.0725438074222099, 0.012359641349196428]
Timestep: 258, Trans probs: [0.27388157383681305, 0.04487734611380066, 0.3469386253947393, 0.05684823755745914, 0.10516924940168088, 0.01723269199825762, 0.13322281711056572, 0.021829458586683524]
Timestep: 259, Trans probs: [0.2678163299963654, 0.042431440296952186, 0.36475400881337045, 0.05778974698162932, 0.09765777888966955, 0.015472395632283536, 0.13300558013882172, 0.021072719250907868]
Timestep: 260, Trans probs: [0.2623984151305888, 0.03961020843091092, 0.3834676246930971, 0.05788614436958624, 0.09059013760515322, 0.013674984395539196, 0.1323879371404759, 0.019984548234648524]
Timestep: 261, Trans probs: [0.35427301532395167, 0.052312548417909034, 0.3023232684644073, 0.04464156155089349, 0.11586543627656518, 0.017108884907978433, 0.09887520607561631, 0.014600078982678628]
Timestep: 262, Trans probs: [0.39688613734542433, 0.056417440870532104, 0.3162129103834917, 0.044949726118886285, 0.09040987343223438, 0.012851780922839482, 0.07203267263660589, 0.010239458289985954]
Timestep: 263, Trans probs: [0.273770937715054, 0.03674180139669712, 0.3606363300952362, 0.048399689636100716, 0.10670492907016718, 0.014320480269623428, 0.14056157437350067, 0.018864257443620722]
Timestep: 264, Trans probs: [0.38788086428647894, 0.051257813496178736, 0.3369230539159107, 0.04452382329289023, 0.08480703757466992, 0.01120710949008109, 0.07366552135996984, 0.009734776583820586]
Timestep: 265, Trans probs: [0.3369821281374899, 0.04285751218536031, 0.27233734930565073, 0.03463596520950678, 0.15366401614930617, 0.019543046632678755, 0.12418596521145013, 0.015794017168557193]
Timestep: 266, Trans probs: [0.2834268878773896, 0.034696208855092635, 0.34019745435001664, 0.04164587917715568, 0.12148808464815221, 0.014872180935003407, 0.14582221694167571, 0.017851087215514067]
Timestep: 267, Trans probs: [0.27802637448689776, 0.0327810968469512, 0.358982446372598, 0.04232633814908147, 0.112396358038538, 0.01325225315370052, 0.14512407193924767, 0.017111061012985224]
Timestep: 268, Trans probs: [0.34559658433497836, 0.039193525521548096, 0.30453962355771313, 0.03453732487316083, 0.13183443062600983, 0.014951120339635571, 0.11617246724833134, 0.0131749234986228]
Timestep: 269, Trans probs: [0.3029081048220706, 0.03395300301931664, 0.3581996946114241, 0.040150643442848646, 0.10909324052295116, 0.012228273413280132, 0.12900666841663355, 0.014460371751475137]
Timestep: 270, Trans probs: [0.29696520631848966, 0.03218021826009034, 0.3765838103963855, 0.040807976671769566, 0.10082501992279114, 0.010925761934930632, 0.12785696565777155, 0.013855040837771667]
Timestep: 271, Trans probs: [0.2901628663087343, 0.03128686154983512, 0.3934546066796295, 0.042424311428715215, 0.09297709261658912, 0.01002527118996087, 0.12607493808925882, 0.01359405213727702]
Timestep: 272, Trans probs: [0.3831462846697068, 0.03950729076542286, 0.36686292076243443, 0.03782826732642912, 0.07995725035205743, 0.008244616912273031, 0.07655914091813766, 0.007894228293538738]
Timestep: 273, Trans probs: [0.34850172242605554, 0.03502936963216577, 0.30961064997699456, 0.03112026484288155, 0.13268011386583883, 0.01333623466503943, 0.11787366790343518, 0.011847976687589192]
Timestep: 274, Trans probs: [0.29941541743792643, 0.029030383790652325, 0.3704583205343764, 0.035918481805577114, 0.10805084174336431, 0.010476272169128364, 0.13368828401386817, 0.01296199850510676]
Timestep: 275, Trans probs: [0.2935939454454795, 0.027468936588804654, 0.3885314845349832, 0.03635138556843123, 0.0999922430998817, 0.009355372028927106, 0.13232607571192045, 0.012380557021572165]
Timestep: 276, Trans probs: [0.2864437651628712, 0.02706542023238511, 0.4044903145808093, 0.03821937034598893, 0.09234044190258069, 0.008725038449052756, 0.13039492890504437, 0.012320720421267731]
Timestep: 277, Trans probs: [0.2795707464520118, 0.025811120537424397, 0.42112381219642686, 0.03887988144584871, 0.08569711439091787, 0.00791190987370743, 0.12908752422969005, 0.0119178908739729]
Timestep: 278, Trans probs: [0.33806273079145277, 0.055560883965335914, 0.32596197675332805, 0.053572115225784825, 0.09918665293218337, 0.01630140684710584, 0.09563632578376546, 0.015717907701043754]
Timestep: 279, Trans probs: [0.35388085588799256, 0.08652746208906366, 0.31582036783118517, 0.07722128634479276, 0.07071674170244163, 0.017290961307770893, 0.06311103583223202, 0.015431289004521379]
Timestep: 280, Trans probs: [0.3714486100870655, 0.060496103134810346, 0.3083094299237365, 0.050212919266891684, 0.09846168440819796, 0.0160359954325561, 0.08172507573014456, 0.013310182016597545]
Timestep: 281, Trans probs: [0.27082449981304785, 0.04256305430751525, 0.36967392020439493, 0.05809832992433605, 0.09458185150326585, 0.014864580142556594, 0.12910369574960348, 0.020290068355280185]
Timestep: 282, Trans probs: [0.26487438483832804, 0.03994795443414234, 0.38706150945681145, 0.05837603191576575, 0.08816912937783686, 0.013297534848579885, 0.12884173879368715, 0.019431716334848487]
Timestep: 283, Trans probs: [0.25880535915576786, 0.03809495066380713, 0.4041060384901649, 0.05948253795611671, 0.08150909359915777, 0.011997761211129665, 0.12727061380307444, 0.01873364512078157]
Timestep: 284, Trans probs: [0.3697199124283403, 0.051589344762047656, 0.3329411082011219, 0.04645736688519587, 0.09202149148828115, 0.012840337483383198, 0.08286742564986055, 0.011563013101769598]
Timestep: 285, Trans probs: [0.34991887972505487, 0.046623177052642684, 0.29359619680790683, 0.03911874511176152, 0.12991042647303014, 0.017309259846726467, 0.10900014074160244, 0.014523174241274936]
Timestep: 286, Trans probs: [0.36863240963269306, 0.04612237884372476, 0.288315880322891, 0.0360733725831768, 0.13009637527803655, 0.016277337938755222, 0.1017513652759894, 0.012730880124733321]
Timestep: 287, Trans probs: [0.4175785180941136, 0.05050641912931354, 0.3045008680704362, 0.03682959683414337, 0.09832285590528403, 0.011892219439372962, 0.07169764170573462, 0.00867188082160165]
Timestep: 288, Trans probs: [0.373530724891492, 0.08502222212713684, 0.25418038951988847, 0.057855967656743515, 0.11120313120786864, 0.025311806212287038, 0.07567156681544279, 0.017224191569140703]
Timestep: 289, Trans probs: [0.24636965408720132, 0.04667874484165301, 0.34830260642530936, 0.06599160336221908, 0.10193348932768395, 0.019312960261989913, 0.1441074394750435, 0.02730350221889994]
Timestep: 290, Trans probs: [0.2422519041685026, 0.04422998428760718, 0.3658027810780061, 0.06678771551859225, 0.0946431139189261, 0.01727979582217289, 0.14291204191049278, 0.02609266329570013]
Timestep: 291, Trans probs: [0.3559032604135769, 0.06109612725958035, 0.26708200591772646, 0.04584862808879996, 0.13168219277080861, 0.022605221424487423, 0.09881883112844518, 0.016963732996575134]
Timestep: 292, Trans probs: [0.37371796245826644, 0.061304458872938936, 0.26141628394615235, 0.042882562353911656, 0.13176994762936184, 0.021615459107175296, 0.0921732790644057, 0.015120046567787856]
Timestep: 293, Trans probs: [0.39161806303217556, 0.06193844128306084, 0.25546392490875847, 0.040404258144756136, 0.13094020016990346, 0.02070954500162945, 0.08541612510093465, 0.013509442358781458]
Timestep: 294, Trans probs: [0.4205756791350379, 0.0641636497634924, 0.2559326076185537, 0.03904545843465567, 0.11881933995526894, 0.018127254837223595, 0.07230504524847588, 0.011030965007292011]
Timestep: 295, Trans probs: [0.26415589975592946, 0.039336618541059264, 0.3619531317392495, 0.05390003511609635, 0.10306101028918972, 0.015347268987548096, 0.14121681729936789, 0.021029218271559735]
Timestep: 296, Trans probs: [0.2595365133679253, 0.03691217193031734, 0.3794315616560904, 0.05396405637839354, 0.09606880160513132, 0.013663234031972619, 0.14044858253832482, 0.019975078491844708]
Timestep: 297, Trans probs: [0.25449243766805857, 0.03487725206520076, 0.3963334634897132, 0.054316042687423634, 0.08940734097886362, 0.012252947067395535, 0.1392384050239551, 0.019082111019389662]
Timestep: 298, Trans probs: [0.24979041364555613, 0.03210470735293711, 0.4139800454254724, 0.05320743904607747, 0.083671359223692, 0.01075399356802697, 0.13866934517905694, 0.017822696559180968]
Timestep: 299, Trans probs: [0.24500825157801073, 0.029548482718347542, 0.43096104011445746, 0.05197475907071043, 0.078438172972108, 0.009459799756120137, 0.13797003321732704, 0.01663946057291856]
Timestep: 300, Trans probs: [0.23918401257745822, 0.028691215726412003, 0.44544878842453495, 0.053433618518371154, 0.07275812087189215, 0.008727669208692567, 0.13550243781420987, 0.01625413685842906]
Timestep: 301, Trans probs: [0.4140305691970328, 0.04670835931051144, 0.28223048022673664, 0.03183949123460782, 0.12033418734313805, 0.013575356212615547, 0.08202770038795323, 0.009253856087404467]
Timestep: 302, Trans probs: [0.2626971880102836, 0.02933377062906129, 0.4408529491068741, 0.04922732286628073, 0.0731849445152344, 0.00817211022383089, 0.12281744949055581, 0.013714265157879248]
Timestep: 303, Trans probs: [0.256074632257629, 0.028532803155293628, 0.45518849841982634, 0.05071882251460177, 0.06785939958871683, 0.00756115072247102, 0.1206242802347665, 0.013440413106695127]
Timestep: 304, Trans probs: [0.24981093877163132, 0.026927806385896022, 0.46977847553544055, 0.05063871060123604, 0.06356681953728144, 0.006852041858070509, 0.11953969559419356, 0.012885511716250499]
Timestep: 305, Trans probs: [0.24429532424427558, 0.025247834860886244, 0.48470401576012784, 0.05009398761182748, 0.05942570315151632, 0.0061416252820347995, 0.11790596912165092, 0.012185539967680948]
Timestep: 306, Trans probs: [0.4202644006630474, 0.041665996927584575, 0.3181811907619902, 0.0315452284223653, 0.09752143194156647, 0.00966850315477656, 0.07383324709641609, 0.007320001032253398]
Timestep: 307, Trans probs: [0.26721734189224644, 0.02593024756619024, 0.4786271909860433, 0.046445045318888545, 0.05936646050210729, 0.005760805069937578, 0.10633442435919976, 0.01031848430538701]
Timestep: 308, Trans probs: [0.3922230624085429, 0.03799526999251072, 0.3268244047396495, 0.03165999832332683, 0.10507844901296896, 0.01017911597580517, 0.08755783338884358, 0.008481866158352452]
Timestep: 309, Trans probs: [0.34855591848744555, 0.07536931764237141, 0.2697122411063119, 0.058320706933311345, 0.11497506744421998, 0.024861412242720555, 0.08896759878959522, 0.019237737354023947]
Timestep: 310, Trans probs: [0.32167270792492164, 0.09530493715107856, 0.23167498291542904, 0.06864048190058318, 0.1267809346499374, 0.03756255570052097, 0.09131011163024058, 0.027053288127288574]
Timestep: 311, Trans probs: [0.2545055169413156, 0.04239021273898693, 0.415456774983541, 0.06919811125142163, 0.07113624158160109, 0.01184838918360797, 0.11612335114431602, 0.01934140217520973]
Timestep: 312, Trans probs: [0.3802072828537239, 0.059641946840037506, 0.3027031359862536, 0.04748410974481667, 0.10104553860527579, 0.01585070279739327, 0.08044769995898424, 0.012619583213515055]
Timestep: 313, Trans probs: [0.39918577164249325, 0.05968545622822064, 0.2949259794439901, 0.044096741134436665, 0.10111351301605954, 0.015118289738559445, 0.0747045711037802, 0.011169677692460203]
Timestep: 314, Trans probs: [0.2818310801570841, 0.040848027818826786, 0.42237137888153253, 0.06121765500388654, 0.06771898330748007, 0.009815052734655183, 0.10148831115465917, 0.014709510941875666]
Timestep: 315, Trans probs: [0.3534555010893403, 0.048448740493022766, 0.28791090312460943, 0.039464432121174585, 0.13120842248661252, 0.017984959328574725, 0.10687720321016445, 0.01464983814650121]
Timestep: 316, Trans probs: [0.2863596091845868, 0.03795696148819874, 0.3964137217770442, 0.05254463230247588, 0.08396095859577038, 0.0111290236811213, 0.11622894784530642, 0.015406145125496337]
Timestep: 317, Trans probs: [0.3472773327919856, 0.04433137498566995, 0.3090787972126693, 0.039455175347024245, 0.12192589250195413, 0.01556433993981467, 0.10851473633655737, 0.013852350884324828]
Timestep: 318, Trans probs: [0.34475419306056726, 0.04266816586003077, 0.28489910154693354, 0.03526025894061481, 0.14247460836880743, 0.01763323069911207, 0.11773863446642216, 0.014571807057512022]
Timestep: 319, Trans probs: [0.28965950326864737, 0.035457336868614256, 0.371447373174743, 0.045469023080536006, 0.10069970041992636, 0.012326691028833011, 0.12913313313864902, 0.015807239020050778]
Timestep: 320, Trans probs: [0.284305699483345, 0.03423546961748813, 0.3857630908571879, 0.0464527464647723, 0.09438633675618964, 0.011365795937945419, 0.12806906462980744, 0.015421796253264163]
Timestep: 321, Trans probs: [0.27951422774043017, 0.03281739484841155, 0.4012976056482102, 0.04711581976610256, 0.08790745771662867, 0.010321098046878991, 0.12620843162611473, 0.014817964607222968]
Timestep: 322, Trans probs: [0.27381234552289113, 0.03132356465471624, 0.41621231759223826, 0.04761382623304627, 0.08226809316395907, 0.009411299298139407, 0.12505277530228445, 0.014305778232725202]
Timestep: 323, Trans probs: [0.268040429683887, 0.03007072462953697, 0.4313360732046225, 0.04839041742851573, 0.0765564555726777, 0.008588659915425297, 0.12319619455962995, 0.013821045005704944]
Timestep: 324, Trans probs: [0.2634077456503931, 0.027622296780320632, 0.448233256960761, 0.047004054569499264, 0.0716026605726627, 0.007508624834532083, 0.12184415335355409, 0.012777207278277119]
Timestep: 325, Trans probs: [0.3424715503308781, 0.03573524614607953, 0.30927182459747826, 0.03227101570148015, 0.13334883613706508, 0.013914304642377757, 0.12042179217577438, 0.012565430268866728]
Timestep: 326, Trans probs: [0.37216251772706954, 0.03756456092444623, 0.3114019414402577, 0.03143163710484687, 0.1223657494207509, 0.012351097787210014, 0.10238788196117769, 0.010334613634241097]
Timestep: 327, Trans probs: [0.27262596616281304, 0.025982873033211853, 0.4235463015755175, 0.04036647694427958, 0.08490614811281896, 0.008092059964812614, 0.1319085101113633, 0.012571664095183312]
Timestep: 328, Trans probs: [0.34962452831470187, 0.032504798700962956, 0.31874331126968375, 0.029633753730154914, 0.12898117881685445, 0.011991456302748383, 0.11758868356783596, 0.01093228929705792]
Timestep: 329, Trans probs: [0.27709562292337503, 0.0241760392157605, 0.3960290688053485, 0.03455274463381481, 0.10152609873261424, 0.008857949174684706, 0.14510256754086504, 0.012659908973537103]
Timestep: 330, Trans probs: [0.3431948400965835, 0.029823459292108737, 0.33880790831279733, 0.029442237122701432, 0.11978836456145384, 0.010409548736692562, 0.11825715452439574, 0.010276487353266696]
Timestep: 331, Trans probs: [0.34133648418848445, 0.02941009322478284, 0.3123521525279669, 0.026912757206863536, 0.13941134928605597, 0.012011903119127495, 0.12757333907582594, 0.01099192137089297]
Timestep: 332, Trans probs: [0.2794959758017135, 0.023205884606616264, 0.36947443112617206, 0.03067658126101926, 0.11816331623482412, 0.009810818468548498, 0.15620376615660725, 0.012969226344499218]
Timestep: 333, Trans probs: [0.2747509504482209, 0.02287043185199949, 0.3841944104794547, 0.031980570289038564, 0.11016408227487523, 0.009170123459428824, 0.1540465085800756, 0.012822922616906582]
Timestep: 334, Trans probs: [0.2711776705208655, 0.021361951245090858, 0.4003448115609479, 0.03153705955716594, 0.10315919439081972, 0.008126339004339154, 0.15229590312449487, 0.011997070596276159]
Timestep: 335, Trans probs: [0.26615464504234276, 0.021065911429151228, 0.41414537943259044, 0.03277925087698999, 0.09638215263022898, 0.007628564552522924, 0.14997379874856476, 0.011870297287608836]
Timestep: 336, Trans probs: [0.2617965680504981, 0.019966582895937682, 0.4292751221635268, 0.03273976192915003, 0.09018554988974348, 0.006878230953516353, 0.14787975730391098, 0.01127842681371646]
Timestep: 337, Trans probs: [0.3520995216188566, 0.02535380402586948, 0.3497139358483199, 0.02518202397392564, 0.11590055284165653, 0.00834570830919277, 0.11511528988990598, 0.00828916349227305]
Timestep: 338, Trans probs: [0.28365687254845406, 0.01988848194004619, 0.42720164553451806, 0.02995306313447393, 0.08923237288036738, 0.006256490176156407, 0.13438848206623638, 0.009422591719747592]
Timestep: 339, Trans probs: [0.277430894735553, 0.01950951414098998, 0.44072895345425794, 0.03099297126931577, 0.08349598122592947, 0.00587161003822532, 0.13264238814648655, 0.009327686989241916]
Timestep: 340, Trans probs: [0.324033256065176, 0.023412230058436945, 0.34840811599937227, 0.025173375921523276, 0.1253719200684328, 0.009058441319121034, 0.13480281314545275, 0.009739847422485003]
Timestep: 341, Trans probs: [0.32358462058271725, 0.022749628817697685, 0.32097445420016935, 0.0225661209728302, 0.145463689424546, 0.01022683010985481, 0.14429031959215532, 0.01014433630002942]
Timestep: 342, Trans probs: [0.3214239024380331, 0.02232404587309466, 0.2958690444630433, 0.0205491690907929, 0.16545943240302152, 0.01149175257684318, 0.1523045541764503, 0.010578098978721097]
Timestep: 343, Trans probs: [0.28064925534007146, 0.02017347441367252, 0.4097748085713768, 0.029455205951162602, 0.09857946519460553, 0.0070860345465985205, 0.14393546646058206, 0.010346289521930474]
Timestep: 344, Trans probs: [0.27479399172382435, 0.020103110494688284, 0.4232788960575953, 0.030965824122048208, 0.09201771669762326, 0.006731742257670565, 0.14173948017267976, 0.010369238473870244]
Timestep: 345, Trans probs: [0.26960283706289845, 0.01897774116296691, 0.4378400119520801, 0.03082020392715073, 0.08643032855849926, 0.006083958247185342, 0.1403644579609778, 0.009880461128241478]
Timestep: 346, Trans probs: [0.3573226108970256, 0.02634607363213446, 0.35469580781919446, 0.026152394460441628, 0.11006093165432576, 0.008115001180884752, 0.1092518353777348, 0.008055344978258676]
Timestep: 347, Trans probs: [0.28905979937727666, 0.020788999830460647, 0.43071425068188807, 0.030976699297836193, 0.0855933532071452, 0.006155820384381617, 0.1275385822220419, 0.009172494998969582]
Timestep: 348, Trans probs: [0.3506604027331212, 0.026473465065595645, 0.3741861860422502, 0.0282495680921156, 0.09915240790923786, 0.007485612251899027, 0.1058045364212399, 0.007987821484540466]
Timestep: 349, Trans probs: [0.309714528104341, 0.021921959516316626, 0.4247115163619477, 0.030061581950277153, 0.08411908435975494, 0.0059540479846748404, 0.11535249602942141, 0.008164785693266311]
Timestep: 350, Trans probs: [0.30191419196097846, 0.02229903113523292, 0.43807487223520364, 0.032355700644899, 0.07802231983175643, 0.005762637813979627, 0.11320970892354913, 0.008361537454400818]
Timestep: 351, Trans probs: [0.29434881664224877, 0.022360307815571898, 0.45124727758304967, 0.034279152682849805, 0.0725618929480521, 0.005512188839444233, 0.1112399805869695, 0.008450382901814126]
Timestep: 352, Trans probs: [0.2866348960825958, 0.022258796497205, 0.46413931535794206, 0.03604300351457377, 0.06763947619557523, 0.005252582139827837, 0.10952658103267952, 0.008505349179600729]
Timestep: 353, Trans probs: [0.2927896870494561, 0.02158252257634688, 0.33481511035115163, 0.024680359307994344, 0.1417016768339395, 0.010445312026506323, 0.1620407571188965, 0.01194457473570847]
Timestep: 354, Trans probs: [0.35181465014847946, 0.025018955328172585, 0.37289153671989655, 0.02651781753690862, 0.10141284227127009, 0.007211875257090924, 0.1074883907810734, 0.007643931957108286]
Timestep: 355, Trans probs: [0.2961912358583565, 0.01995633656123133, 0.43877021537548, 0.02956281290937459, 0.08137225722532816, 0.005482580020403805, 0.1205428064908048, 0.008121755559020912]
Timestep: 356, Trans probs: [0.30149663874729354, 0.020303288393288474, 0.3422476493021905, 0.023047529665933316, 0.13730235147516567, 0.009246170208263958, 0.15586046740449913, 0.010495904803365545]
Timestep: 357, Trans probs: [0.2997181700847228, 0.02028647154948787, 0.315791522316201, 0.021374398926919166, 0.15635546896028862, 0.010582944543445971, 0.16474053458779553, 0.011150489031138936]
Timestep: 358, Trans probs: [0.3556810588817054, 0.024777210687436102, 0.34861623699088296, 0.024285065896233325, 0.1164454951382308, 0.008111746449794328, 0.11413256150682863, 0.007950624448888546]
Timestep: 359, Trans probs: [0.30057886268374745, 0.021964363637878345, 0.40986078666820447, 0.029949981442171737, 0.09369842172622819, 0.006846876020206048, 0.12776450245168078, 0.00933620536988296]
Timestep: 360, Trans probs: [0.2948120711526559, 0.0202787133197469, 0.42574630324157164, 0.02928505334473675, 0.08800002505245837, 0.0060531011270746286, 0.1270832812400338, 0.008741451521722048]
Timestep: 361, Trans probs: [0.30512099136934356, 0.022109282141002082, 0.32073613422413183, 0.023240766400735146, 0.14946442298124546, 0.010830297459719276, 0.15711354704211827, 0.011384558381704324]
Timestep: 362, Trans probs: [0.34950284487530325, 0.024166442149263685, 0.34142717213219786, 0.02360804818760002, 0.12362658834253701, 0.008548184482895089, 0.12077005116568758, 0.008350668664515464]
Timestep: 363, Trans probs: [0.30089165390754524, 0.019550174458593507, 0.4011473735974493, 0.026064202963391233, 0.10155639478011141, 0.006598538741613091, 0.1353945199509765, 0.008797141600319863]
Timestep: 364, Trans probs: [0.3467104777056876, 0.02263167449821153, 0.36394774340974784, 0.02375684437838062, 0.11126716012066218, 0.007263011394564208, 0.11679898487492923, 0.007624103617816818]
Timestep: 365, Trans probs: [0.30442164354997536, 0.0837260796228873, 0.296936640516068, 0.08166745477385748, 0.09260596854006295, 0.025469722208720184, 0.09032900837587375, 0.024843482412554865]
Timestep: 366, Trans probs: [0.26593482187706485, 0.09306155413128683, 0.24160085407870113, 0.0845460959242256, 0.12220998196312785, 0.042766309321848384, 0.11102734049955862, 0.038853042204186755]
Timestep: 367, Trans probs: [0.35231014713808223, 0.045486598805361815, 0.2986187667569523, 0.03855452972207953, 0.12704292414746432, 0.01640245269316877, 0.1076818298941696, 0.013902750842721502]
Timestep: 368, Trans probs: [0.2954323158419132, 0.0375499761465058, 0.3653810815084374, 0.04644058946607573, 0.10122550357494782, 0.012865942690884443, 0.1251924112196375, 0.015912179551598]
Timestep: 369, Trans probs: [0.2967119680056683, 0.0966968730974141, 0.27182205841572765, 0.08858538219530589, 0.096901138003358, 0.03157957229526622, 0.08877251218392405, 0.028930495803336002]
Timestep: 370, Trans probs: [0.3150808006998301, 0.06116509434058993, 0.2694286496748535, 0.05230286561039913, 0.13633896738810136, 0.026466816715171343, 0.11658477380992592, 0.022632031761128824]
Timestep: 371, Trans probs: [0.28302933680153697, 0.052344878502665136, 0.32624886207008796, 0.06033811632278386, 0.10899912577022364, 0.020158850173683088, 0.12564365641751649, 0.023237173941502827]
Timestep: 372, Trans probs: [0.32341747462550213, 0.05740541103389107, 0.29876509408214835, 0.053029704249049556, 0.11803716357519921, 0.020951161962275273, 0.10903982328589237, 0.019354167186042114]
Timestep: 373, Trans probs: [0.305254489916187, 0.0524427153206295, 0.32860736195361795, 0.05645473827404894, 0.10571914268649928, 0.018162546619285926, 0.11380697003260185, 0.019552035197129666]
Timestep: 374, Trans probs: [0.32442408365271624, 0.052389681636463015, 0.32349519939832894, 0.052239680595182234, 0.10667639827141008, 0.017226657406687003, 0.10637096463789746, 0.017177334401315046]
Timestep: 375, Trans probs: [0.32908511845073496, 0.05114205098048766, 0.33088212899344455, 0.05142131856092517, 0.10248459313889535, 0.015926798245082467, 0.10304422310698057, 0.01601376852344924]
Timestep: 376, Trans probs: [0.324239883599094, 0.04881714879470719, 0.34787302449078134, 0.05237532474329679, 0.09505098298784102, 0.014310756369928535, 0.10197904269447029, 0.015353836319881001]
Timestep: 377, Trans probs: [0.3305757735171323, 0.04657319123666703, 0.3551346141557549, 0.050033165237315096, 0.09198423940657321, 0.01295920607569773, 0.09881785051127162, 0.013921959859588176]
Timestep: 378, Trans probs: [0.3487553809529758, 0.04792653453586477, 0.34748924006545184, 0.0477525393854319, 0.09163475155785987, 0.012592597347810718, 0.09130207567097183, 0.012546880483633248]
Timestep: 379, Trans probs: [0.3520594330848236, 0.04720346533876348, 0.35383073691388517, 0.047440958418175964, 0.08772097844388134, 0.011761463481254092, 0.08816232581425341, 0.011820638504962927]
Timestep: 380, Trans probs: [0.3034498073626676, 0.03952846717817541, 0.3251671112219331, 0.042357441565275454, 0.12364181802021006, 0.016106029487837747, 0.13249061893062788, 0.017258706233272685]
Timestep: 381, Trans probs: [0.3484122352507929, 0.04467961522674785, 0.3286227841973256, 0.04214185974872616, 0.10771039746139657, 0.013812543382786743, 0.10159255938668744, 0.013028005345536714]
Timestep: 382, Trans probs: [0.32050323776156076, 0.0392624932194949, 0.36777557092975904, 0.04505347890016652, 0.09433678668842746, 0.011556505555363047, 0.1082509051275999, 0.01326102181762833]
Timestep: 383, Trans probs: [0.37164401776278194, 0.0429884450895281, 0.32928086126398703, 0.03808825528442826, 0.10360312693938804, 0.011983880059062554, 0.09179355845307582, 0.010617855147748361]
Timestep: 384, Trans probs: [0.29165610017535626, 0.03270687738786215, 0.35751843665941235, 0.04009280678404818, 0.11231414099016337, 0.01259512431277694, 0.1376771343970021, 0.015439379293378658]
Timestep: 385, Trans probs: [0.31631205524165357, 0.033956033651054617, 0.3579021978812649, 0.038420726853923226, 0.10736308880355006, 0.011525405358039092, 0.12147967431957662, 0.013040817890937924]
Timestep: 386, Trans probs: [0.3350303514353585, 0.034846398654873566, 0.3505986747794343, 0.03646565493810709, 0.10758052062939993, 0.011189415207577751, 0.11257961496072551, 0.01170936939452341]
Timestep: 387, Trans probs: [0.35317819520761756, 0.035646378707371036, 0.3433563177951021, 0.03465505374276476, 0.1073873237953394, 0.01083863405024043, 0.10440088481272924, 0.010537211888835486]
Timestep: 388, Trans probs: [0.3706111824095608, 0.03599287626351451, 0.33631354906648625, 0.032661971715457816, 0.10723943695561135, 0.010414838969016252, 0.09731513066590876, 0.009451013954444136]
Timestep: 389, Trans probs: [0.36293316724872343, 0.03358857356678576, 0.30858063323239554, 0.028558379988204565, 0.13175482751194573, 0.012193585805926973, 0.11202334692436197, 0.0103674857216559]
Timestep: 390, Trans probs: [0.3702001766082914, 0.033200697009377, 0.3090776445095058, 0.027719039255321105, 0.12993681103241675, 0.011653135157784041, 0.10848337204190478, 0.009729124385399149]
Timestep: 391, Trans probs: [0.36422715540379474, 0.03203531885190751, 0.3261559576515745, 0.028686795983769678, 0.12069445328540568, 0.01061558765536883, 0.10807874813972364, 0.00950598302845538]
Timestep: 392, Trans probs: [0.35866198976049657, 0.0305833613119124, 0.34304308418958585, 0.029251526196931905, 0.11230737220625667, 0.009576528988948585, 0.10741664419078452, 0.009159493155083506]
Timestep: 393, Trans probs: [0.35324653102959447, 0.02890428519709202, 0.35954180487049653, 0.029419393979507727, 0.1048536205994298, 0.008579614200088757, 0.1067222369817607, 0.008732513142030031]
Timestep: 394, Trans probs: [0.34729294323409005, 0.027415781263912194, 0.37509999440741926, 0.02961090802192567, 0.0982859609092395, 0.007758828556976668, 0.10615552116915203, 0.008380062437284778]
Timestep: 395, Trans probs: [0.33998426152043687, 0.027114785328275923, 0.3896178936387577, 0.031073219386171257, 0.09158277096822598, 0.007304006260368721, 0.10495275916204747, 0.008370303735716008]
Timestep: 396, Trans probs: [0.2965764595591363, 0.09115429679925259, 0.2722826300682277, 0.0836874636355667, 0.10220815865709756, 0.03141420206911754, 0.09383585701627856, 0.02884093219532328]
Timestep: 397, Trans probs: [0.32063205213228807, 0.044856379167755055, 0.34408935214149156, 0.04813805215230898, 0.10252401386308543, 0.014343095174232037, 0.11002462565576389, 0.015392429713075036]
Timestep: 398, Trans probs: [0.3164603444024678, 0.04202877426724777, 0.3599334472670966, 0.047802392539844474, 0.09655197123865585, 0.01282296842566295, 0.10981560395499579, 0.01458449790402873]
Timestep: 399, Trans probs: [0.3359157707891079, 0.04401940344134009, 0.33133220851739736, 0.04341875978485755, 0.1091908130707536, 0.014308689471049118, 0.10770090716358888, 0.014113447761905623]
Timestep: 400, Trans probs: [0.341480099787712, 0.04312508608800947, 0.31400964805919745, 0.03965587779035123, 0.1210603943214268, 0.015288562730904329, 0.11132166073048229, 0.01405867049191657]
Timestep: 401, Trans probs: [0.35793357004772947, 0.04418828855323933, 0.30738293752975954, 0.037947616754964164, 0.12093781209933446, 0.014930242327731985, 0.10385787490276045, 0.012821657784480632]
Timestep: 402, Trans probs: [0.327427826214551, 0.038098697176069375, 0.34955841903797635, 0.04067375856915358, 0.10581604617789621, 0.01231249508115716, 0.11296807066897693, 0.013144687074219378]
Timestep: 403, Trans probs: [0.32092970218119166, 0.03708195022532185, 0.36294569175574154, 0.04193670447050997, 0.09974431245603345, 0.01152499629861417, 0.11280279836054864, 0.013033844252038903]
Timestep: 404, Trans probs: [0.35984697461821985, 0.03985159863223213, 0.33413507816698684, 0.03700410997810306, 0.10697885130751696, 0.011847475580328382, 0.09933496559690616, 0.011000946119706674]
Timestep: 405, Trans probs: [0.3397943588789248, 0.03773944858232785, 0.3611832451410546, 0.04011501707612539, 0.09649270749627013, 0.010717015977368398, 0.10256659157301576, 0.011391615274913058]
Timestep: 406, Trans probs: [0.3551845726961222, 0.03737985908462681, 0.3562382003175923, 0.037490743551593556, 0.09653559142523205, 0.010159469418210118, 0.09682195680649988, 0.010189606700123163]
Timestep: 407, Trans probs: [0.35962738362171204, 0.03663393585497282, 0.3602930015243578, 0.036701739934027866, 0.09372860233544816, 0.00954779241545432, 0.0939020803255727, 0.009565463988454325]
Timestep: 408, Trans probs: [0.35390339440253066, 0.03429841963320213, 0.37514252603965803, 0.03635680240391513, 0.08864117081507966, 0.008590627050996752, 0.09396087535927859, 0.009106184295339144]
Timestep: 409, Trans probs: [0.3356923035412422, 0.03206704820130931, 0.3622060426859313, 0.0345997763639174, 0.10337073040958314, 0.009874501618537722, 0.1115351850377154, 0.01065441214176351]
Timestep: 410, Trans probs: [0.3515765344308083, 0.03322110928105699, 0.3513467013235896, 0.033199391930712, 0.10540584878480946, 0.0099599912918303, 0.10533694272489727, 0.009953480232296204]
Timestep: 411, Trans probs: [0.3299256986326508, 0.03053919120396919, 0.3815323384777695, 0.03531610021153107, 0.09451794143500947, 0.008748944073323713, 0.10930234102180733, 0.010117444943938889]
Timestep: 412, Trans probs: [0.37095642420608316, 0.03340046583939496, 0.3493224859957284, 0.03145257232140829, 0.10152011299216639, 0.009140747658605352, 0.09559952580653876, 0.008607665180074515]
Timestep: 413, Trans probs: [0.3636699928943232, 0.03225359909026605, 0.3641911913734557, 0.03229982376406607, 0.09526903930638148, 0.00844933445030128, 0.09540557539504727, 0.008461443726159128]
Timestep: 414, Trans probs: [0.2681046267832494, 0.07750744426423319, 0.33199232016145425, 0.09597699435403785, 0.07847122391167909, 0.022685561553541303, 0.0971704367989481, 0.02809139217285676]
Timestep: 415, Trans probs: [0.34172553424078406, 0.051522210404450174, 0.3225812954674468, 0.048635819429001685, 0.1052872093477934, 0.01587423007463102, 0.0993887813008209, 0.014984919735072091]
Timestep: 416, Trans probs: [0.3364450961378888, 0.0487699518210861, 0.337544102433974, 0.0489292600848308, 0.09954058353505552, 0.014429068870297476, 0.0998657353333037, 0.01447620178356367]
Timestep: 417, Trans probs: [0.3306280341233685, 0.047046728757429906, 0.3513297538078842, 0.049992480751486004, 0.09379983300555794, 0.013347250824042572, 0.09967295218761402, 0.014182966542616967]
Timestep: 418, Trans probs: [0.32614053610872334, 0.043845144597528536, 0.36660877038892525, 0.04928554647088111, 0.08885989286110699, 0.011946000021651158, 0.09988582360041913, 0.013428285950764602]
Timestep: 419, Trans probs: [0.29840674219307856, 0.03866045136918103, 0.39453461137842294, 0.05111441532639757, 0.08283838147544025, 0.010732228082369408, 0.10952369374242792, 0.014189476432682374]
Timestep: 420, Trans probs: [0.32715861104334726, 0.04119697003519547, 0.3452644278721342, 0.043476918562240174, 0.10496388101070417, 0.013217423337828218, 0.11077285787717762, 0.013948910261372903]
Timestep: 421, Trans probs: [0.32186338631293454, 0.03904482362917217, 0.3602503531936783, 0.04370149604130011, 0.09895004543983361, 0.012003499734948315, 0.11075130112367823, 0.013435094524454703]
Timestep: 422, Trans probs: [0.28739680919227695, 0.033626283554086436, 0.4043860201528672, 0.047314370041844654, 0.08453029738200671, 0.00989029682224805, 0.1189396313644479, 0.013916291490221984]
Timestep: 423, Trans probs: [0.30537791001997144, 0.035529002872788075, 0.3940415422259317, 0.045844517977175855, 0.08573461345618001, 0.00997474024097809, 0.11062686003125738, 0.012870813175717324]
Timestep: 424, Trans probs: [0.344402394423889, 0.039334786304521134, 0.36184364068614977, 0.04132678086007051, 0.09326321387416471, 0.01065175111209581, 0.0979862550223257, 0.011191177716783454]
Timestep: 425, Trans probs: [0.29845127914972236, 0.034051037632878485, 0.4109349890225313, 0.04688457967323056, 0.07918128377630246, 0.00903398665727922, 0.10902402587151076, 0.012438818216545033]
Timestep: 426, Trans probs: [0.2608807161698249, 0.07115260264629504, 0.3294675861368279, 0.089858984540534, 0.08633067988392738, 0.02354582834695578, 0.1090274556452583, 0.029736146630376818]
Timestep: 427, Trans probs: [0.32086407279942497, 0.05945422256520341, 0.31701007819297833, 0.058740100067481434, 0.10352086585698023, 0.019181806629534563, 0.1022774456909684, 0.018951408197428573]
Timestep: 428, Trans probs: [0.31661146253403266, 0.055822963652055496, 0.3327592280786456, 0.05867003722874875, 0.09787539691467834, 0.01725678116853177, 0.10286722175043989, 0.018136908672867443]
Timestep: 429, Trans probs: [0.313234461250591, 0.051677549810308, 0.3500470255892888, 0.05775090176418607, 0.09213687627013305, 0.015200779613475565, 0.10296516978585651, 0.016987235916161126]
Timestep: 430, Trans probs: [0.30775710236714343, 0.04917901862358665, 0.36470637964340946, 0.058279408334262206, 0.08684279132504943, 0.01387731824562049, 0.102912718435018, 0.016445263025910307]
Timestep: 431, Trans probs: [0.2814085871946668, 0.04273605073214819, 0.3798414262137023, 0.05768453131677545, 0.08805373532772802, 0.013372260376396387, 0.11885371638354154, 0.018049692455041195]
Timestep: 432, Trans probs: [0.309789216685845, 0.044251326156299294, 0.34380221916350323, 0.04910985700606802, 0.10494822287989823, 0.014991154598166386, 0.11647090983145768, 0.01663709367876218]
Timestep: 433, Trans probs: [0.30613174508414875, 0.04153505258974992, 0.35986210874972585, 0.0488250299160239, 0.09861493550518478, 0.013379783698083169, 0.11592322330165142, 0.01572812115543232]
Timestep: 434, Trans probs: [0.2770213695463014, 0.036794849572971154, 0.39863853859447207, 0.05294842446846349, 0.08490731849037188, 0.011277657086939692, 0.12218309877830559, 0.016228743462174733]
Timestep: 435, Trans probs: [0.32698871880464786, 0.04143279061161456, 0.3604319323458166, 0.04567038531853959, 0.09519160331294689, 0.012061742626679103, 0.10492745330972632, 0.013295373670029082]
Timestep: 436, Trans probs: [0.274835795248972, 0.03439430667325896, 0.42059607496694834, 0.052635466842583065, 0.07640927529302784, 0.009562233495564636, 0.11693324463141118, 0.014633602848233814]
Timestep: 437, Trans probs: [0.2562632338011643, 0.06581322013401086, 0.3575500528920696, 0.09182558102802686, 0.07591972070169603, 0.01949761273570037, 0.10592662767029844, 0.02720395103703356]
Timestep: 438, Trans probs: [0.24256649842456318, 0.07988812866380424, 0.3096338452156044, 0.10197644203098993, 0.08787634618996291, 0.028941658870967443, 0.11217332628791636, 0.03694375431619173]
Timestep: 439, Trans probs: [0.2694934097196012, 0.051885530269559346, 0.3173296320268227, 0.06109543177729996, 0.11560500106229475, 0.02225741545283459, 0.13612537867151495, 0.026208201020072684]
Timestep: 440, Trans probs: [0.3109732693130734, 0.05681893159983662, 0.3220449947972766, 0.05884188236460401, 0.10438930514637766, 0.019073307496713345, 0.10810592597562269, 0.01975238330649557]
Timestep: 441, Trans probs: [0.2410370396515612, 0.07442765671588199, 0.30363059936312947, 0.09375535830719003, 0.09709414994091194, 0.029980828138982507, 0.12230798629052819, 0.03776638159181472]
Timestep: 442, Trans probs: [0.29079626678214165, 0.07268586933724464, 0.28337478199176547, 0.0708308349527566, 0.11438866989915489, 0.02859197611426072, 0.11146932783454737, 0.027862273088128834]
Timestep: 443, Trans probs: [0.25072110046576296, 0.05957176632098544, 0.33781606239782147, 0.08026567963866488, 0.09349888939746015, 0.02221549753933753, 0.12597833447660906, 0.02993266976335842]
Timestep: 444, Trans probs: [0.2700612553317865, 0.06077804808236289, 0.33295633337596997, 0.07493276299256728, 0.09551458473505138, 0.02149582699844098, 0.11775915755942185, 0.02650203092439926]
Timestep: 445, Trans probs: [0.27953581837162367, 0.06021498278204073, 0.31727959339841294, 0.06834539260431932, 0.105831081545803, 0.02279713844976145, 0.12012071553966995, 0.025875277308369023]
Timestep: 446, Trans probs: [0.2868908002118093, 0.05844977403274719, 0.3005461137157919, 0.06123184298743251, 0.11882731868302071, 0.024209315603051895, 0.1244832138468124, 0.025361620919334128]
Timestep: 447, Trans probs: [0.3131910797071932, 0.06119712869382596, 0.28782432080654025, 0.05624049707315576, 0.12273314672208306, 0.02398189687257889, 0.11279243530422195, 0.022039494820401094]
Timestep: 448, Trans probs: [0.3113286286201284, 0.05719179812277687, 0.3046832098202752, 0.05597101912751705, 0.11563166983570314, 0.021241808526103412, 0.11316347127654598, 0.020788394670950103]
Timestep: 449, Trans probs: [0.29536331109002933, 0.05245563147130545, 0.3326265461335786, 0.05907346940675999, 0.10403593061192726, 0.018476466883492304, 0.117161173964122, 0.020807470438785163]
Timestep: 450, Trans probs: [0.3145936439332173, 0.05261459411401596, 0.32783679534519267, 0.05482946097407069, 0.10493475221391392, 0.017549939430314587, 0.10935209133930954, 0.018288722649965367]
Timestep: 451, Trans probs: [0.3338341726628317, 0.052367876187629926, 0.32306113232640205, 0.05067793163221648, 0.1054553552176013, 0.016542563456903803, 0.10205224406696668, 0.01600872444944794]
Timestep: 452, Trans probs: [0.3366863724002668, 0.050888878408567206, 0.3029114242549811, 0.0457839220743745, 0.12059981247379062, 0.018228207899601567, 0.10850175105361823, 0.016399631434800038]
Timestep: 453, Trans probs: [0.3329853452042138, 0.048950747967533625, 0.27910604511083, 0.04103018306122867, 0.1413038912192661, 0.02077247922626763, 0.11843995780893372, 0.01741135040172653]
Timestep: 454, Trans probs: [0.35543969432192435, 0.05011045087493845, 0.2781077196868286, 0.039208066650783066, 0.13626931950227045, 0.019211464419320517, 0.1066216022449316, 0.015031682299002888]
Timestep: 455, Trans probs: [0.33624047574922616, 0.04559688541342476, 0.31056224442839564, 0.04211471281494031, 0.12153205137988629, 0.01648071371681039, 0.11225081264360966, 0.015222103853706724]
Timestep: 456, Trans probs: [0.34247920646594376, 0.04363982960207623, 0.291284811052874, 0.037116470956564306, 0.1368342543289065, 0.017435871813240845, 0.1163800288170777, 0.014829526963316615]
Timestep: 457, Trans probs: [0.3329301090116044, 0.040571704525893974, 0.2906173029545274, 0.03541535903913192, 0.1430008431531334, 0.01742644416447301, 0.12482655738396582, 0.015211679767269974]
Timestep: 458, Trans probs: [0.33014017654629896, 0.03874036590961818, 0.3078186465866642, 0.03612104145373062, 0.1330062977287561, 0.015607650956632392, 0.12401343872373836, 0.014552382094561209]
Timestep: 459, Trans probs: [0.32677044163233354, 0.03706906429980307, 0.3245162237652581, 0.036813344270038566, 0.1238423235322886, 0.014048758605959466, 0.12298800030460597, 0.013951843589712633]
Timestep: 460, Trans probs: [0.3221080733970054, 0.03645056646660514, 0.34012960379197754, 0.038489928549536326, 0.11483930993839918, 0.012995507550440683, 0.12126442090431296, 0.01372258940172262]
Timestep: 461, Trans probs: [0.31809832248454717, 0.03510466354265106, 0.35600378146954853, 0.03928783047577084, 0.10688580344795122, 0.011795693036729348, 0.11962260572666192, 0.013201299816139921]
Timestep: 462, Trans probs: [0.3142103015430758, 0.033922570042830065, 0.3718461653803812, 0.04014501602374889, 0.09915683281755025, 0.010705106070551309, 0.1173452553063886, 0.012668752815473892]
Timestep: 463, Trans probs: [0.3424211132902763, 0.035844379904088744, 0.3159045562993675, 0.033068647025360484, 0.12842994968157193, 0.013443948777617593, 0.11848453467095008, 0.012402870350767332]
Timestep: 464, Trans probs: [0.311304964785542, 0.0313693184225755, 0.3448084900446303, 0.03474537364500077, 0.11972914281981535, 0.012064766163187255, 0.13261473352498157, 0.01336321059426724]
Timestep: 465, Trans probs: [0.33615029211082537, 0.03336515517207764, 0.3353164788450779, 0.03328239365245642, 0.1192673621772232, 0.0118380799880295, 0.11897152215837437, 0.0118087158959354]
Timestep: 466, Trans probs: [0.3074148353129264, 0.029780771885897225, 0.31945339403179884, 0.030947005684200335, 0.13967158203301955, 0.013530666206247443, 0.14514120922245147, 0.01406053562345876]
Timestep: 467, Trans probs: [0.3290318000166888, 0.03136864557603134, 0.35441220098496357, 0.03378831687379342, 0.11049715610389202, 0.010534380345020121, 0.11902053325962159, 0.011346966839989184]
Timestep: 468, Trans probs: [0.2999359459609575, 0.02844731957351956, 0.2991207358681116, 0.028370001258249098, 0.15737131845894187, 0.014925827491481716, 0.15694359150970538, 0.014885259879033153]
Timestep: 469, Trans probs: [0.3605819858668062, 0.03310515181563717, 0.3343708708897749, 0.030698700648960565, 0.11464542429596307, 0.010525634460529997, 0.10631171791130185, 0.009760514111026282]
Timestep: 470, Trans probs: [0.35500699958971976, 0.03211341037464354, 0.30710021084361333, 0.027779832815572704, 0.1366921368970008, 0.01236496940126093, 0.11824607433162444, 0.010696365746564334]
Timestep: 471, Trans probs: [0.31851973611017037, 0.02800930618315176, 0.2576093254083602, 0.0226530969763903, 0.18965523764089345, 0.016677495985632826, 0.15338753706594194, 0.013488264629459257]
Timestep: 472, Trans probs: [0.3236155481135893, 0.09422801588290575, 0.24527505406165637, 0.07141740198987621, 0.11695583202435093, 0.03405434646706404, 0.08864329353090836, 0.02581050792964902]
Timestep: 473, Trans probs: [0.26242616315828743, 0.04076114893463461, 0.2565559693374513, 0.039849365438177575, 0.17524792195406602, 0.027220253351592415, 0.17132781255571844, 0.026611365270072403]
Timestep: 474, Trans probs: [0.2633475334546952, 0.03904050173340714, 0.27353323043326916, 0.040550501524676846, 0.1638375340364905, 0.024288435314504832, 0.17017440552156027, 0.02522785798139609]
Timestep: 475, Trans probs: [0.2631619445575831, 0.038058914468808415, 0.2895097861811463, 0.041869382781294574, 0.15283858170579673, 0.022103767771035388, 0.16814081984484208, 0.02431680268949349]
Timestep: 476, Trans probs: [0.2628499531655278, 0.03669100439772581, 0.30567909101841234, 0.04266948781149832, 0.14285184999806022, 0.019940569870299258, 0.1661283296109502, 0.02318971412752611]
Timestep: 477, Trans probs: [0.36196899305951535, 0.04775317450681429, 0.29741224418319734, 0.03923645137916084, 0.12300303752349705, 0.01622731678224716, 0.10106558885611046, 0.013333193709457479]
Timestep: 478, Trans probs: [0.26329874927612684, 0.03270915355443113, 0.2877633135554382, 0.035748344556493346, 0.16170598967927324, 0.020088458686689917, 0.17673100058317767, 0.02195499010836945]
Timestep: 479, Trans probs: [0.2634450017803989, 0.03118708179177318, 0.30449601105310936, 0.036046772335039, 0.15131479978595685, 0.017912911633693133, 0.17489325148225987, 0.020704170137769585]
Timestep: 480, Trans probs: [0.26187166668164696, 0.030538866335536825, 0.3200719776156681, 0.037326051596252637, 0.14112651140225188, 0.01645784640517598, 0.1724915191128031, 0.020115560850664467]
Timestep: 481, Trans probs: [0.31472473822397873, 0.08647944539815441, 0.27911173774813447, 0.07669377507717876, 0.1010225629016783, 0.027758781409232384, 0.08959125120692331, 0.024617708034719587]
Timestep: 482, Trans probs: [0.2467861662844765, 0.04442282181556297, 0.2811997351392418, 0.05061744714764346, 0.14932266190682117, 0.026878872923800208, 0.17014524602680664, 0.03062704875564735]
Timestep: 483, Trans probs: [0.2785183244355501, 0.047510670404639944, 0.2663739847612915, 0.04543904470204023, 0.15813889447327356, 0.026975908707983186, 0.15124350454125648, 0.02579966797396518]
Timestep: 484, Trans probs: [0.3485091545563343, 0.05632362820263712, 0.3111782720412108, 0.05029047033642598, 0.10628460889625149, 0.017176980050225665, 0.09489983407470384, 0.015337051842210849]
Timestep: 485, Trans probs: [0.256365419141648, 0.039490694957436366, 0.273635481662109, 0.0421509865567279, 0.16277711042211887, 0.025074291358231547, 0.17374259431344172, 0.026763421588286682]
Timestep: 486, Trans probs: [0.2554176715630137, 0.03823679052575163, 0.28980441167967347, 0.04338458852523265, 0.15204876452043775, 0.02276215550431477, 0.1725190057477899, 0.025826611933786082]
Timestep: 487, Trans probs: [0.28649877958989284, 0.04059154531401925, 0.2751525954259748, 0.03898400217093794, 0.16029902246203884, 0.022711388311583515, 0.15395071538459212, 0.021811951340960627]
Timestep: 488, Trans probs: [0.3037489579699466, 0.041324280790321216, 0.27258194290232257, 0.037084086879341255, 0.16017458009182084, 0.021791348248315957, 0.14373941736883927, 0.019555385749092144]
Timestep: 489, Trans probs: [0.37248668682391395, 0.04880344394567773, 0.31263402874688834, 0.040961510403385026, 0.10821221016618625, 0.014178032987202908, 0.09082423726959317, 0.011899849657152777]
Timestep: 490, Trans probs: [0.3292847065758676, 0.08458339274234407, 0.25861460800017616, 0.06643035804745559, 0.11634918732860057, 0.029886626407291558, 0.09137867283609297, 0.023472448062171435]
Timestep: 491, Trans probs: [0.27335669415786634, 0.08917733497650637, 0.20122945013911572, 0.06564721649666506, 0.16094907152885152, 0.05250652196429133, 0.1184814341713094, 0.03865227656539427]
Timestep: 492, Trans probs: [0.3737136885953651, 0.06985396670074491, 0.25827172819024447, 0.048275739560290035, 0.12449475583313957, 0.023270361225118243, 0.08603772545902469, 0.016082034436073055]
Timestep: 493, Trans probs: [0.28037854025501874, 0.08593222562231653, 0.1821651313270686, 0.055831145819785606, 0.1835884836139975, 0.05626738402028827, 0.11927952901553279, 0.036557560325991965]
Timestep: 494, Trans probs: [0.2417588781813213, 0.05888412247955869, 0.2562808814465464, 0.062421181492037764, 0.14858713794139516, 0.036190700814164325, 0.1575124891780809, 0.038364608466895524]
Timestep: 495, Trans probs: [0.3594754421067174, 0.08343446758172449, 0.2572026781193227, 0.059696897189178914, 0.11363715941360121, 0.026375253445988314, 0.08130675509781773, 0.01887134704564933]
Timestep: 496, Trans probs: [0.24394031179037715, 0.054423861022967784, 0.24261845322075795, 0.054128950163188264, 0.16596653853361348, 0.03702766369905374, 0.1650672025869609, 0.0368270189830806]
Timestep: 497, Trans probs: [0.24420305513343565, 0.05223704182876656, 0.2584952339693791, 0.05529425642122712, 0.15597920445314842, 0.033365234611764924, 0.16510801196751174, 0.03531796161476655]
Timestep: 498, Trans probs: [0.24356845940121788, 0.05023291727308623, 0.2742416997637502, 0.05655888554260868, 0.14638942454273063, 0.030190969187010083, 0.1648246440147864, 0.03399300027481002]
Timestep: 499, Trans probs: [0.2431273787836153, 0.04768807142195608, 0.2906181410528443, 0.057003118021433305, 0.137689349405246, 0.027006993458864773, 0.16458460156616803, 0.032282346289872234]
