Timestep: 0, Trans probs: [0.16666666666666666, 0.08333333333333333, 0.16666666666666666, 0.08333333333333333, 0.16666666666666666, 0.08333333333333333, 0.16666666666666666, 0.08333333333333333]
Timestep: 1, Trans probs: [0.14912291299041372, 0.07309930923180849, 0.29824582598082744, 0.14619861846361698, 0.07456145649520686, 0.036549654615904245, 0.14912291299041372, 0.07309930923180849]
Timestep: 2, Trans probs: [0.15225183611507032, 0.0752839767691641, 0.30450367223014063, 0.1505679535383282, 0.07079266573738159, 0.03500485471171733, 0.14158533147476318, 0.07000970942343467]
Timestep: 3, Trans probs: [0.2940812342434482, 0.1338075517350257, 0.16834667138698378, 0.07659807331461872, 0.1429975093592989, 0.06506415372201022, 0.08185886045805506, 0.03724594578055938]
Timestep: 4, Trans probs: [0.15886604175694885, 0.07419205320730525, 0.3037632625391802, 0.14186052530477755, 0.07521423323079925, 0.03512580997230039, 0.14381500680003598, 0.06716306718865253]
Timestep: 5, Trans probs: [0.13609350450553118, 0.05986616110290332, 0.34477790085691434, 0.151664323969128, 0.060459258255029104, 0.02659541840742668, 0.15316687026519923, 0.06737656263786812]
Timestep: 6, Trans probs: [0.23013322958843363, 0.10814351567026767, 0.23449962317512696, 0.11019535822299069, 0.10682541834117744, 0.05019907956370435, 0.10885225219900373, 0.051151523239295484]
Timestep: 7, Trans probs: [0.21679529936287936, 0.21679529936287936, 0.11653803397045395, 0.11653803397045395, 0.10839764968143968, 0.10839764968143968, 0.058269016985226976, 0.058269016985226976]
Timestep: 8, Trans probs: [0.08012370462585958, 0.1336588631396616, 0.0505816892430401, 0.08437816388393013, 0.14962667796542178, 0.24960068640870064, 0.09445856457406916, 0.15757165015931704]
Timestep: 9, Trans probs: [0.14815969231074622, 0.09311726743488158, 0.24995731278740324, 0.1570963166777634, 0.08036522194804169, 0.050508945772538116, 0.13558259069250742, 0.08521265237611854]
Timestep: 10, Trans probs: [0.15152816177105594, 0.07155497603649606, 0.3155203107652536, 0.14899572470196795, 0.06884464794217403, 0.032509977526066984, 0.14335212979128492, 0.06769407146570036]
Timestep: 11, Trans probs: [0.17390733277782, 0.08156405329077802, 0.28198828488047406, 0.13225496089201993, 0.08576645141252487, 0.040225212484336935, 0.1390690901170957, 0.06522461414495045]
Timestep: 12, Trans probs: [0.2954377059370609, 0.14713909595101377, 0.1509650786818237, 0.07518629054799579, 0.14635272356314388, 0.07288916411921097, 0.07478446381084504, 0.03724547738890594]
Timestep: 13, Trans probs: [0.32675196629266795, 0.15151055776875422, 0.14631558341148132, 0.06784459755347969, 0.1451447001810546, 0.06730167451207666, 0.06499404342391583, 0.030136876856569617]
Timestep: 14, Trans probs: [0.29764299446497283, 0.14089240077954837, 0.17413729656297572, 0.08242969676514635, 0.130557223744847, 0.06180061696257679, 0.07638305759744894, 0.036156713122483954]
Timestep: 15, Trans probs: [0.16979127468913255, 0.0762360371965899, 0.3060830688319479, 0.13743085599328675, 0.0764467537992288, 0.03432448208464729, 0.13781071523227084, 0.061876812172896076]
Timestep: 16, Trans probs: [0.2982019406210088, 0.13120041418615017, 0.17269726572016578, 0.07598190925289067, 0.14157104761783046, 0.06228725421955876, 0.08198783944136494, 0.03607232894103044]
Timestep: 17, Trans probs: [0.30624389616466446, 0.15248914956984677, 0.14886080189549006, 0.07412280659178697, 0.14298071096226034, 0.07119491128666897, 0.06950088983319698, 0.03460683369608549]
Timestep: 18, Trans probs: [0.3139455853963262, 0.15130436461148694, 0.15043220148798891, 0.07249998000294766, 0.1422499056324852, 0.06855656708979166, 0.0681613867535015, 0.03285000902547188]
Timestep: 19, Trans probs: [0.17691697749455132, 0.0808580981435212, 0.2968634849126411, 0.1356784246386604, 0.079366702742605, 0.036273741110498414, 0.13317589015967124, 0.06086668079785129]
Timestep: 20, Trans probs: [0.16464206618615815, 0.07808425731385932, 0.08045564899042375, 0.03815743900479526, 0.29100174389495886, 0.13801245073894794, 0.14220384076048706, 0.06744255311036954]
Timestep: 21, Trans probs: [0.1578412262835926, 0.07525252671257378, 0.2695351933440853, 0.12850384411396917, 0.09225071739437038, 0.043981535993018156, 0.1575305484788093, 0.07510440767958138]
Timestep: 22, Trans probs: [0.1382206916084895, 0.0628796260572777, 0.32159976315028616, 0.14630279020942935, 0.06838633146245422, 0.031110443015060527, 0.1591153086061641, 0.07238504589083845]
Timestep: 23, Trans probs: [0.13300766332662972, 0.059624856469323737, 0.34350936468537135, 0.15398884585271239, 0.05972055102523856, 0.02677160995155873, 0.15423598932763705, 0.06914111936152852]
Timestep: 24, Trans probs: [0.146815152175028, 0.06934170938119137, 0.32015277465705533, 0.15121014642538783, 0.06672801542890569, 0.03151605665291713, 0.1455105891349316, 0.0687255561445829]
Timestep: 25, Trans probs: [0.13183460280340298, 0.05810015052474402, 0.13495520606516637, 0.05947541555669343, 0.21115831850370037, 0.09305849775958938, 0.21615656117640564, 0.09526124761029761]
Timestep: 26, Trans probs: [0.15701311908433122, 0.07558950469450064, 0.273422314914597, 0.1316314042886921, 0.08922158211856054, 0.04295319550195937, 0.15537027520673014, 0.07479860419062898]
Timestep: 27, Trans probs: [0.13940888980668606, 0.06795888535875473, 0.311481724572417, 0.15184075306041844, 0.06844993805765168, 0.03336789712423858, 0.15293791366273338, 0.07455399835710012]
Timestep: 28, Trans probs: [0.12767768301660654, 0.058244425780655064, 0.34629445185351937, 0.1579737431216663, 0.05731141682838532, 0.026144510810169577, 0.15544318479646038, 0.07091058379253723]
Timestep: 29, Trans probs: [0.12236924585905011, 0.05969540930110386, 0.3269026889593636, 0.15947299243421306, 0.0606975727742294, 0.029610106893317816, 0.16215021686132888, 0.07910176691739333]
Timestep: 30, Trans probs: [0.23439205495837986, 0.11369918251685558, 0.22127304211380017, 0.10733539584276502, 0.11198324780619555, 0.05432096976754498, 0.10571550265328031, 0.051280604341178516]
Timestep: 31, Trans probs: [0.11913243551036541, 0.059566217755182706, 0.3287594566973251, 0.16437972834866255, 0.05819076469784149, 0.029095382348920746, 0.16058400976113457, 0.08029200488056729]
Timestep: 32, Trans probs: [0.1156448356105535, 0.20910677061121505, 0.12312118124397216, 0.22262535519066137, 0.0568311613435736, 0.10276101441018529, 0.060505250227092786, 0.10940443136274611]
Timestep: 33, Trans probs: [0.1441255706143879, 0.1089958857416084, 0.07297109811294998, 0.055184860246893605, 0.23388153143702117, 0.17687440590113507, 0.11841474142683552, 0.08955190651916838]
Timestep: 34, Trans probs: [0.1646478554218789, 0.07379399218239267, 0.3091732800726745, 0.13856925469346806, 0.07529910293515221, 0.0337485198279687, 0.141395529151225, 0.06337246571523976]
Timestep: 35, Trans probs: [0.07953379184767295, 0.14051460004659366, 0.035737785607342185, 0.06313895684471285, 0.16984696646316935, 0.30007344057490365, 0.0763191887687646, 0.1348352698468407]
Timestep: 36, Trans probs: [0.13247495864823353, 0.0971907891504522, 0.2260096743200663, 0.16581291156414973, 0.08068263654457575, 0.0591931425872613, 0.13764908171924156, 0.10098680546601978]
Timestep: 37, Trans probs: [0.13890065144249672, 0.06929672244367828, 0.3124191712704021, 0.15586409691225772, 0.06642769471343508, 0.03314038829426215, 0.149411000713458, 0.07454027421000992]
Timestep: 38, Trans probs: [0.1496710435155165, 0.07019505419197233, 0.31080529940359614, 0.14576630403813434, 0.07159256030377993, 0.03357659258749598, 0.1486683503878926, 0.06972479557161214]
Timestep: 39, Trans probs: [0.2659244963718325, 0.12196121314045026, 0.20060897411029904, 0.09200549096892006, 0.12485350237220098, 0.05726168450783098, 0.09418738539206668, 0.04319725313639942]
Timestep: 40, Trans probs: [0.17518958004308363, 0.08379086269968837, 0.29066055941786384, 0.13901910730311354, 0.07920235820857648, 0.037881442038472254, 0.13140622711954342, 0.06284986316965843]
Timestep: 41, Trans probs: [0.14708340048987187, 0.0677692381788716, 0.31354680826131825, 0.14446788868434848, 0.07150857552805556, 0.032947849115892075, 0.15243926605898098, 0.07023697368266127]
Timestep: 42, Trans probs: [0.1313538145136655, 0.061799575386160085, 0.33276940831025126, 0.15656194082538621, 0.06111029054354685, 0.028751277770644172, 0.15481571891258622, 0.0728379737377598]
Timestep: 43, Trans probs: [0.1308703501517429, 0.062275103342930016, 0.3209559094787432, 0.15272796632802954, 0.06538728939875424, 0.031114765108369073, 0.16036051644236748, 0.0763080997490635]
Timestep: 44, Trans probs: [0.23438843672500814, 0.10762042517656666, 0.22863551616155273, 0.1049789477824729, 0.1125333283452712, 0.05167014555953174, 0.10977126675316656, 0.05040193349643021]
Timestep: 45, Trans probs: [0.29392963497207397, 0.13671344659820484, 0.1663367763959138, 0.07736706779934202, 0.14194339082751442, 0.06602114204547363, 0.08032672875328571, 0.03736181260819168]
Timestep: 46, Trans probs: [0.07197983527327949, 0.12104878058566317, 0.07014463082879555, 0.11796250983654634, 0.11687632435259705, 0.19655138815618098, 0.11389643492811463, 0.19154009603882297]
Timestep: 47, Trans probs: [0.13018093773863415, 0.0758294204829439, 0.24186653890736218, 0.1408854460426712, 0.09092854599186527, 0.052965196500298295, 0.16893850274059408, 0.0984054115956308]
Timestep: 48, Trans probs: [0.1632269204373513, 0.07957110235977553, 0.2988330743279506, 0.14567742307533316, 0.07426019872386082, 0.03620092726175976, 0.1359543108783532, 0.06627604293561548]
Timestep: 49, Trans probs: [0.15072036815370377, 0.07299124455572063, 0.096870726470063, 0.0469128026469257, 0.25940850431149143, 0.12562701252643196, 0.1667265716836635, 0.08074276965200021]
Timestep: 50, Trans probs: [0.14135059687966575, 0.06717655770433886, 0.25118167329777535, 0.11937353320782312, 0.10274351887564762, 0.048828629498979245, 0.18257644156718303, 0.08676904896858705]
Timestep: 51, Trans probs: [0.1474027877414385, 0.06758618465378959, 0.31044842367007597, 0.14234482813478772, 0.07333203028700795, 0.03362373409591692, 0.15444628664053323, 0.07081572477645005]
Timestep: 52, Trans probs: [0.13424543433922176, 0.06254672185146504, 0.3364003438447694, 0.1567333655759839, 0.06033407199693805, 0.028110441430902418, 0.15118877349704507, 0.07044084746367432]
Timestep: 53, Trans probs: [0.14424773438912047, 0.06425819901646872, 0.33649622895780285, 0.14989935017164854, 0.06333237845722588, 0.028212745221443687, 0.14773962732958001, 0.06581373645670996]
Timestep: 54, Trans probs: [0.14035541413509176, 0.06188729675633595, 0.1264192799294695, 0.055742398972846496, 0.22476896493456697, 0.09910799465941045, 0.20245126183853973, 0.089267388773739]
Timestep: 55, Trans probs: [0.1489997603383664, 0.06850959962604648, 0.2708623830912307, 0.12454163266569243, 0.09410108594845025, 0.04326736974653041, 0.17106366032796136, 0.07865450825572204]
Timestep: 56, Trans probs: [0.12456555086304183, 0.05895952265000311, 0.3342951514612322, 0.15822900005504326, 0.05968959839423216, 0.028252355519735237, 0.16018829602254203, 0.07582052503417025]
Timestep: 57, Trans probs: [0.25721143812612657, 0.11763236977366474, 0.20246896288993058, 0.09259659711820369, 0.12673816826522405, 0.057962084355289135, 0.09976440268043789, 0.04562597679112316]
Timestep: 58, Trans probs: [0.08599553664746291, 0.168096443275477, 0.04346969360102203, 0.0849706992882885, 0.13881036936057609, 0.27133419115603, 0.07016694656474311, 0.13715612010640024]
Timestep: 59, Trans probs: [0.1378252380102383, 0.10917472704540099, 0.06487154120216912, 0.05138632739553251, 0.2415891207225337, 0.19136862517198594, 0.113711094028972, 0.09007332642316748]
Timestep: 60, Trans probs: [0.22800615759506096, 0.1167416156980139, 0.15552954566235774, 0.07963280746850752, 0.16516883143483968, 0.08456822591125399, 0.11266640156388316, 0.05768641466608303]
Timestep: 61, Trans probs: [0.1577531733305009, 0.07342862767997002, 0.2505853413851209, 0.11663878035643065, 0.10586917286053656, 0.04927842599068459, 0.16816944003933143, 0.07827703835742486]
Timestep: 62, Trans probs: [0.16404708424394931, 0.07358243097142168, 0.08016321396522731, 0.03595677536866193, 0.29969090587132863, 0.13442473236066207, 0.14644689554536974, 0.06568796167337931]
Timestep: 63, Trans probs: [0.14864448614471437, 0.06766384815786199, 0.2561262580736155, 0.11659018565049371, 0.10371244634748733, 0.04721051822201296, 0.1787047840629715, 0.08134747334084273]
Timestep: 64, Trans probs: [0.15071654299628515, 0.06910745720634455, 0.30979890446167624, 0.14205085989256944, 0.07367296117873301, 0.03378096996326055, 0.15143528512448468, 0.06943701917664645]
Timestep: 65, Trans probs: [0.27243389887125485, 0.12059258348635647, 0.19429480412714684, 0.08600439403739871, 0.13217550004545553, 0.05850734835173742, 0.09426511531105623, 0.041726355769593985]
Timestep: 66, Trans probs: [0.30108860430745776, 0.14497713481767077, 0.1489287763029848, 0.0717106757659302, 0.15051820524538156, 0.07247600148988106, 0.07445147972330927, 0.035849122347384486]
Timestep: 67, Trans probs: [0.08426180948576527, 0.13311946173523806, 0.054306750200957016, 0.08579551518606665, 0.15144641440974946, 0.2392598175970034, 0.0976072392270462, 0.15420299215817387]
Timestep: 68, Trans probs: [0.12466791924924381, 0.07925691600984484, 0.23517011998904658, 0.1495080575679862, 0.08713514076701513, 0.05539566694355666, 0.16436932318147848, 0.10449685629182828]
Timestep: 69, Trans probs: [0.15320435921355513, 0.07318223826786512, 0.2995512846964634, 0.14308883639234005, 0.0757915163786305, 0.03620388374571127, 0.14819060121301741, 0.07078728009241718]
Timestep: 70, Trans probs: [0.1327889771270702, 0.06387643800536691, 0.09928725187013807, 0.047760861827688766, 0.2535472185384935, 0.1219656445648278, 0.1895790380546007, 0.09119457001181418]
Timestep: 71, Trans probs: [0.15072471831680298, 0.07148115891948259, 0.2828593150591458, 0.13414595746067978, 0.08507329361448371, 0.040345987629441006, 0.15965379687119177, 0.07571577212877233]
Timestep: 72, Trans probs: [0.14013433666085942, 0.06383968124449113, 0.326384526831824, 0.14868792797374006, 0.06623495070383284, 0.03017403329499829, 0.15426670978946275, 0.07027783350079136]
Timestep: 73, Trans probs: [0.11985201028444996, 0.05545471239845242, 0.34188993439013926, 0.15819015416206836, 0.057604831173959974, 0.02665336474483664, 0.16432358459301927, 0.0760314082530741]
Timestep: 74, Trans probs: [0.11272973670605532, 0.05209257835531736, 0.34345463851261326, 0.15871089732842833, 0.056283441800172966, 0.02600866184694072, 0.17147923629174722, 0.07924080915872478]
Timestep: 75, Trans probs: [0.10152072586912433, 0.04801177050937324, 0.35633222389636515, 0.1685187020910576, 0.04901785871375587, 0.023181810051867268, 0.17205001694558025, 0.08136689192287615]
Timestep: 76, Trans probs: [0.09736469753333128, 0.04670168642303451, 0.35441544152567034, 0.16999794825991144, 0.048286227682121645, 0.02316084084777969, 0.1757658077016024, 0.08430735002654886]
Timestep: 77, Trans probs: [0.0949680061300055, 0.04475772505347238, 0.36990587020217297, 0.17433392474840348, 0.04388110614439319, 0.020680843621844226, 0.1709194434550433, 0.08055308064466472]
Timestep: 78, Trans probs: [0.0875039810432829, 0.041852260566103514, 0.37874628184863524, 0.18115047895399464, 0.039450824720443686, 0.018868926602676344, 0.17075626732159127, 0.08167097894327241]
Timestep: 79, Trans probs: [0.1356649506997875, 0.06639575952451995, 0.3176268899973658, 0.1554497200493162, 0.06527928186809027, 0.03194832179195909, 0.152835755838707, 0.07479932023025407]
Timestep: 80, Trans probs: [0.15903488803551855, 0.0729189949322327, 0.3052528923235454, 0.13996132787806131, 0.07581800490374671, 0.03476326976828858, 0.1455257118293476, 0.06672491032925922]
Timestep: 81, Trans probs: [0.14949063491732262, 0.07023587109959493, 0.30965698823515814, 0.14548756397216375, 0.07201928626772748, 0.03383715180407456, 0.1491817550500346, 0.070090748653924]
Timestep: 82, Trans probs: [0.139689886518036, 0.06610332769565347, 0.31923355316647134, 0.15106605569248885, 0.06692358688519458, 0.03166923465049396, 0.15294059551868341, 0.07237375987297827]
Timestep: 83, Trans probs: [0.12069420943858977, 0.05747433280426215, 0.33186561655247476, 0.15803371993362675, 0.05996738690730709, 0.02855634556574292, 0.16488872102153437, 0.07851966777646209]
Timestep: 84, Trans probs: [0.11941159242600274, 0.05946669134404599, 0.3419768513955495, 0.17030366529405283, 0.053358532683579527, 0.026572423407148684, 0.15281081703624905, 0.07609942641337152]
Timestep: 85, Trans probs: [0.2346944929833137, 0.10981458846336335, 0.22865659804235364, 0.10698943078838674, 0.11036575788738542, 0.051640624919614624, 0.10752642048865556, 0.050312086426926916]
Timestep: 86, Trans probs: [0.10971826181235965, 0.05329979117197285, 0.35134264327472825, 0.17067796378672168, 0.050445343851920635, 0.024505731757799798, 0.16153737907502846, 0.07847288526946876]
Timestep: 87, Trans probs: [0.05668419621558358, 0.0933598788412169, 0.07278613703182991, 0.11988006160954771, 0.10871556143949285, 0.17905646232583577, 0.13959774118225599, 0.22991996135423715]
Timestep: 88, Trans probs: [0.13975657623687818, 0.08919119985416755, 0.07233657723046752, 0.0461644545841886, 0.2624798771827817, 0.1675119397875554, 0.13585690504534384, 0.08670247007861728]
Timestep: 89, Trans probs: [0.1373066888703755, 0.06528335080903833, 0.2507393543321839, 0.1192156432084164, 0.10251145633103355, 0.048739733079734664, 0.18719886542716632, 0.08900490794205133]
Timestep: 90, Trans probs: [0.13648924515737432, 0.06164577469146358, 0.32270501210622066, 0.14575068127286286, 0.06826795059837537, 0.030833423515406105, 0.161407661086514, 0.07290025157178302]
Timestep: 91, Trans probs: [0.1399930069300152, 0.06802923241203933, 0.3104018885946396, 0.15083897891340467, 0.06918183850393572, 0.033618731917296515, 0.15339461448103828, 0.07454170824763064]
Timestep: 92, Trans probs: [0.1479798609096323, 0.0672176714904459, 0.32796544808459915, 0.14897347256617482, 0.0658217099473213, 0.029898541929839494, 0.14587962486159217, 0.06626367021039492]
Timestep: 93, Trans probs: [0.1360317481551648, 0.06711383002666907, 0.25512765647081226, 0.1258720438698884, 0.09684139685976506, 0.04777853064843312, 0.18162612011726673, 0.0896086738520004]
Timestep: 94, Trans probs: [0.14086820522619736, 0.06495707791601338, 0.12357165293695864, 0.056981300181595744, 0.22371807838405747, 0.10316077091689581, 0.1962487751824984, 0.09049413925578315]
Timestep: 95, Trans probs: [0.14568971051173957, 0.06548836991425348, 0.3150569060476004, 0.14161990668258553, 0.07245604540723337, 0.03256941267496372, 0.156687643967883, 0.07043200479374094]
Timestep: 96, Trans probs: [0.14429901043660504, 0.06493426438905055, 0.0732118779568473, 0.03294519778953983, 0.3132261173134391, 0.14095112262826093, 0.15891912359110258, 0.07151328589515475]
Timestep: 97, Trans probs: [0.13689618705746703, 0.06420450288125523, 0.32845949357600607, 0.15404796112271288, 0.06335916117287242, 0.029715535059935145, 0.152019705147128, 0.07129745398262333]
Timestep: 98, Trans probs: [0.144541917683183, 0.06999365819652716, 0.06806846143856884, 0.032961791985751374, 0.3134985425338349, 0.15181000904746997, 0.14763442879099595, 0.07149119032366875]
Timestep: 99, Trans probs: [0.15253191516740683, 0.06898125775176125, 0.29416786966889535, 0.13303491021958014, 0.08259705693085663, 0.037353814560258006, 0.15929387795074676, 0.07203929775049497]
Timestep: 100, Trans probs: [0.15304877668086195, 0.0706932820734459, 0.3165798863038156, 0.14622835730286235, 0.06987556863592068, 0.03227554895078923, 0.1445369251157196, 0.06676165493658455]
Timestep: 101, Trans probs: [0.27714676744516975, 0.13415828517449135, 0.18226660608481263, 0.08822969700251197, 0.1293451896700897, 0.06261205570489507, 0.0850643467787432, 0.04117705213928646]
Timestep: 102, Trans probs: [0.1682814613203388, 0.08085868693285977, 0.29534438036322025, 0.1419120002987683, 0.07688507759893376, 0.036943026109967816, 0.1349380699720054, 0.064837297403906]
Timestep: 103, Trans probs: [0.15572102798292609, 0.071621762933548, 0.317300708106276, 0.1459381330126227, 0.06977154343685615, 0.03209046978607262, 0.1421680836875134, 0.065388271054185]
Timestep: 104, Trans probs: [0.14224784528299622, 0.06332646817721344, 0.0955400011956122, 0.042532882191137766, 0.2716878614189709, 0.12095109543525902, 0.18247769274227887, 0.08123615355653177]
Timestep: 105, Trans probs: [0.23742552017161506, 0.11515669112986962, 0.14734493218892789, 0.07146558985473585, 0.1780952001946321, 0.08638015806262701, 0.11052487187090872, 0.05360703652668372]
Timestep: 106, Trans probs: [0.1520919503664204, 0.07443948871082759, 0.2953764682204649, 0.1445682905542907, 0.07611117355098257, 0.0372516548750045, 0.147814855299322, 0.07234611842268708]
Timestep: 107, Trans probs: [0.14137758089586444, 0.0636558391643521, 0.3191336596710008, 0.1436912471073591, 0.07031040024393778, 0.031657547831476916, 0.15871268415116202, 0.07146104093484679]
Timestep: 108, Trans probs: [0.14314321132516197, 0.06934908911293014, 0.31091123451884856, 0.1506282464201545, 0.06922542659382479, 0.0335378830284205, 0.15035964781793776, 0.07284526118272174]
Timestep: 109, Trans probs: [0.16114397852466528, 0.0788920762880316, 0.290348373966941, 0.14214732861147358, 0.07846400541616125, 0.03841402178244485, 0.1413760327633253, 0.0692141826469571]
Timestep: 110, Trans probs: [0.13299093115525834, 0.06399081095894286, 0.09269667582881197, 0.04460255603864444, 0.26485082923926445, 0.1274374064377616, 0.18460500462488427, 0.08882578571643203]
Timestep: 111, Trans probs: [0.13800884331685015, 0.061404325998816046, 0.11397451829126247, 0.05071072482396655, 0.24103385119927548, 0.1072432810831577, 0.19905765762599584, 0.08856679766067568]
Timestep: 112, Trans probs: [0.15562972653311627, 0.0738454705306648, 0.27140308960123377, 0.1287793103640428, 0.09153591915659058, 0.043433302693216366, 0.1596297302707211, 0.07574345085041428]
Timestep: 113, Trans probs: [0.14859122495115937, 0.07357134043302753, 0.301242276838995, 0.14915280568840283, 0.07234333049187587, 0.035819045151732516, 0.14666323397395575, 0.07261674247085126]
Timestep: 114, Trans probs: [0.14205174940814588, 0.06697108417885844, 0.24231032146902093, 0.1142385433767666, 0.10911313349135833, 0.051441991235693554, 0.1861239904678505, 0.08774918637230573]
Timestep: 115, Trans probs: [0.14132332345374826, 0.06943927431812977, 0.09573140092001271, 0.047037664037947687, 0.2584239647028563, 0.12697672356433942, 0.1750545314652533, 0.08601311753771244]
Timestep: 116, Trans probs: [0.15313342807685182, 0.06940855148727963, 0.2554990752807199, 0.11580633271446295, 0.10473320783818223, 0.047470890843090155, 0.1747445877095468, 0.07920392604986655]
Timestep: 117, Trans probs: [0.15086207343619154, 0.06680086396719889, 0.3161263752301175, 0.13997895234498808, 0.07304588019977627, 0.032344298308039636, 0.1530651727573898, 0.06777638375629842]
Timestep: 118, Trans probs: [0.13171821203501313, 0.06474793411434551, 0.3254446767473686, 0.15997689432879492, 0.06144879876106154, 0.03020601868274132, 0.15182550795627175, 0.07463195737440337]
Timestep: 119, Trans probs: [0.1267197744385284, 0.05640516439008756, 0.34003712718531737, 0.15135640938916806, 0.06114724338155273, 0.027217696134791424, 0.1640812025344232, 0.07303538254613132]
Timestep: 120, Trans probs: [0.11079194958762159, 0.053658447945041196, 0.3509059259160166, 0.16994977910809114, 0.05087587910130157, 0.024640063836555186, 0.16113668483389668, 0.07804126967147604]
Timestep: 121, Trans probs: [0.1344172325150538, 0.06714523054929113, 0.3093112317015066, 0.1545097572348613, 0.06759745857905203, 0.03376685307315999, 0.1555503917299929, 0.07770184461708221]
Timestep: 122, Trans probs: [0.1202807317336322, 0.056761075247877726, 0.10665057649243158, 0.050328937230964446, 0.23981823284682122, 0.11317141627120046, 0.21264214490439498, 0.10034688527267743]
Timestep: 123, Trans probs: [0.3028258039532977, 0.14981993710345265, 0.15199911282622267, 0.07519999031164891, 0.1426078954256249, 0.07055378255156189, 0.07158000838677761, 0.035413469441413666]
Timestep: 124, Trans probs: [0.11028631268066762, 0.05173042618597939, 0.08854539871416099, 0.04153272605598633, 0.26728387567363104, 0.12537103168252883, 0.21459378563063072, 0.10065644337641506]
Timestep: 125, Trans probs: [0.1276830805693269, 0.06021787782975755, 0.24584723382244075, 0.1159464403983061, 0.1045969399955319, 0.049329995218885134, 0.20139605223756465, 0.09498237992818714]
Timestep: 126, Trans probs: [0.13266797788600304, 0.059522188412098484, 0.3261427032976212, 0.1463256449992237, 0.06693523936436657, 0.03003084838059538, 0.16454942827971641, 0.07382596938037529]
Timestep: 127, Trans probs: [0.16569857337758928, 0.07891951097383229, 0.2978235099400713, 0.14184844975955377, 0.0764481227757578, 0.03641098617416517, 0.13740642293595673, 0.06544442406307364]
Timestep: 128, Trans probs: [0.14900617172404151, 0.07267070180981627, 0.0865287035083461, 0.04220027625627848, 0.27623264869347935, 0.13471938921104915, 0.16040981847644306, 0.07823229032054602]
Timestep: 129, Trans probs: [0.31196206479943844, 0.14605845293987377, 0.15180026351049497, 0.07107181976905538, 0.1462042661793825, 0.06845181302764783, 0.07114277226834397, 0.0333085475057632]
Timestep: 130, Trans probs: [0.09979119889584862, 0.04854785661981383, 0.09800476560930915, 0.04767876688028382, 0.23960857162132312, 0.11656822153315474, 0.23531916801839362, 0.11448145082187314]
Timestep: 131, Trans probs: [0.11695627690399178, 0.058062324674691426, 0.22544576811153894, 0.11192135840107786, 0.11130198731360913, 0.05525528253302831, 0.2145465184639522, 0.10651048359811037]
Timestep: 132, Trans probs: [0.27577780329027507, 0.13786722901787668, 0.1577930931167227, 0.07888414602847586, 0.14828548870488067, 0.07413109099931854, 0.08484521106450153, 0.04241593777794882]
Timestep: 133, Trans probs: [0.13642869321079362, 0.06803002642684355, 0.32236532507771876, 0.16074713513711336, 0.06199249896318148, 0.03091249533714401, 0.14648115151091312, 0.07304267433629204]
Timestep: 134, Trans probs: [0.16514605197483398, 0.07678189218318406, 0.07762415532479774, 0.03609005152522566, 0.29921412441803635, 0.13911459805440854, 0.14064062320265688, 0.06538850331685667]
Timestep: 135, Trans probs: [0.1414906794555226, 0.06769694685585678, 0.29628725358049723, 0.1417601677855523, 0.07711719717794299, 0.03689712155682257, 0.1614865561717859, 0.07726407741601966]
Timestep: 136, Trans probs: [0.250580363228036, 0.1202385902541878, 0.20242743940406968, 0.09713287038601894, 0.12320859021435084, 0.05912046340637581, 0.0995321385458263, 0.04775954456113452]
Timestep: 137, Trans probs: [0.15964065029787827, 0.07370614353523526, 0.07095607598879286, 0.032760444860180676, 0.31398149528758496, 0.14496536512406144, 0.1395565277210399, 0.06443329718522649]
Timestep: 138, Trans probs: [0.14807198114915493, 0.06562787525496257, 0.23903413904631748, 0.1059437615223576, 0.1169680697586996, 0.05184212321171814, 0.18882277142301834, 0.08368927863377128]
Timestep: 139, Trans probs: [0.1536961195164639, 0.06780746686920734, 0.3078031631521806, 0.135796224741009, 0.07739008135808371, 0.03414286186406546, 0.15498707393241037, 0.06837700856657969]
Timestep: 140, Trans probs: [0.14042967538700304, 0.06801618262963352, 0.3087401032999736, 0.14953622297617614, 0.07019729742921024, 0.03399959580404868, 0.15433148869672014, 0.07474943377723463]
Timestep: 141, Trans probs: [0.12529787061453393, 0.05669473894654162, 0.33435142511215843, 0.15128722196288613, 0.062377390795261306, 0.028224501102523405, 0.16645110890459508, 0.07531574256150012]
Timestep: 142, Trans probs: [0.16602680817178456, 0.08159823725637633, 0.29303353453124076, 0.1440190300473312, 0.07646221986894823, 0.03757936701138105, 0.13495407635084897, 0.06632672676208888]
Timestep: 143, Trans probs: [0.13473858476420839, 0.06456975545403944, 0.10748739947204436, 0.051510375520466285, 0.2413046337138076, 0.11563859911467622, 0.192500222589107, 0.09225042937165084]
Timestep: 144, Trans probs: [0.1254214048092262, 0.05547867478440998, 0.28939899122807955, 0.1280122204156485, 0.0842042643802068, 0.037246760280796376, 0.19429402186812184, 0.08594366223351087]
Timestep: 145, Trans probs: [0.30775771385839684, 0.136308384029541, 0.15439414210249586, 0.06838241599137203, 0.1537570244351201, 0.0681002314164092, 0.0771359508175173, 0.0341641373491476]
Timestep: 146, Trans probs: [0.17144554286950792, 0.083698604999919, 0.2925118774241378, 0.14280240638826183, 0.0768612848882456, 0.03752318209021036, 0.13113691010914505, 0.06402019123057252]
Timestep: 147, Trans probs: [0.13695150767572523, 0.06467758483429989, 0.33293250709585065, 0.1572328106293993, 0.06101410992611237, 0.028814909290223952, 0.14832681239275627, 0.07004975815563233]
Timestep: 148, Trans probs: [0.2993930926548671, 0.13519423713626552, 0.16556351402858455, 0.07476202198992185, 0.14420949342964792, 0.06511937960607324, 0.07974743263705836, 0.03601082851758157]
Timestep: 149, Trans probs: [0.1245334868019848, 0.06071343537929674, 0.32885079836645, 0.16032363831423208, 0.060118860229440615, 0.029309566682420577, 0.15875356653883935, 0.07739664768733587]
Timestep: 150, Trans probs: [0.3044300389059317, 0.15169441338085798, 0.15118961260952019, 0.07533625681783357, 0.1415230782646632, 0.07051952039412572, 0.07028484920554377, 0.0350222304215239]
Timestep: 151, Trans probs: [0.11504362426855337, 0.057340776656795336, 0.340086850683374, 0.1695082563065489, 0.05364711047247679, 0.026739134823359118, 0.15858920444176916, 0.07904504234712327]
Timestep: 152, Trans probs: [0.20494603981795548, 0.10035257805015296, 0.24379539242358636, 0.119375305656978, 0.10164400841350575, 0.049770360513953636, 0.12091153818189525, 0.05920477694197262]
Timestep: 153, Trans probs: [0.08406466738781655, 0.15826289420506956, 0.0375422098498482, 0.07067819299493416, 0.1557446480725339, 0.29320997188030906, 0.06955357634326674, 0.13094383926622186]
Timestep: 154, Trans probs: [0.11897512245841284, 0.07750924234578155, 0.22427217126555074, 0.14610757034616542, 0.0909078479251808, 0.05922413249399477, 0.17136439969948633, 0.11163951346542746]
Timestep: 155, Trans probs: [0.3068947395571784, 0.1518931918252613, 0.1382354405681476, 0.06841766763928235, 0.15429524016863833, 0.0763662373179689, 0.06949962887293475, 0.03439785405058835]
Timestep: 156, Trans probs: [0.1362180374697171, 0.06342211476680239, 0.3268230956078985, 0.15216642570330532, 0.064507104355573, 0.03003403258267295, 0.15476960265909712, 0.07205958685493347]
Timestep: 157, Trans probs: [0.31401283513425166, 0.15489120987809996, 0.1400274154045286, 0.06907047534804715, 0.14913161707144862, 0.07356124977948261, 0.0665021061469822, 0.03280309123715924]
Timestep: 158, Trans probs: [0.1290341373544299, 0.058231402405560545, 0.3449252486161155, 0.15566021026538432, 0.058556107639432246, 0.02642559819568581, 0.15652819013347546, 0.07063910538991626]
Timestep: 159, Trans probs: [0.3280156957440253, 0.14548043922124787, 0.14559610459323477, 0.06457430397372181, 0.15177331667319835, 0.06731400069621399, 0.0673675192240115, 0.02987861987434657]
Timestep: 160, Trans probs: [0.10896923882208354, 0.052986673953321614, 0.3472773303552902, 0.16886481794150687, 0.0517291101007587, 0.025153460925606646, 0.16485705004122436, 0.08016231786020803]
Timestep: 161, Trans probs: [0.16682193285473385, 0.08065374743335106, 0.07956508705983847, 0.03846749840636858, 0.28958890237074825, 0.14000814995741676, 0.13811832673558316, 0.06677635518195996]
Timestep: 162, Trans probs: [0.15155663026442096, 0.06895867480851801, 0.24381300293168426, 0.11093557275534942, 0.11189921205997759, 0.05091444275522981, 0.18001510636936638, 0.08190735805545354]
Timestep: 163, Trans probs: [0.12117029872590612, 0.05499915230656751, 0.3537579224930584, 0.16057058588971573, 0.05431218760688465, 0.024652281208375634, 0.15856498544520745, 0.07197258632428455]
Timestep: 164, Trans probs: [0.07654120316174845, 0.1235157519170071, 0.05206703109022977, 0.08402139278638703, 0.15116147536268335, 0.2439316671159507, 0.10282735196521109, 0.16593412660078255]
Timestep: 165, Trans probs: [0.10626845152058015, 0.06234967632023542, 0.33230838021125875, 0.19497150516643375, 0.04643848182600558, 0.027246320702187417, 0.14521616203357704, 0.08520102221972188]
Timestep: 166, Trans probs: [0.127396696480166, 0.06310915142556808, 0.061945596051758464, 0.030686305919919433, 0.3225492981296096, 0.15978289123879572, 0.1568369438200127, 0.07769311693416996]
Timestep: 167, Trans probs: [0.13009969163340762, 0.06397330321660658, 0.21998067643054875, 0.1081700528141145, 0.11902666098289169, 0.058528414466767806, 0.20125770528392686, 0.09896349517173614]
Timestep: 168, Trans probs: [0.1385891639018381, 0.06619829630457842, 0.3050040115109896, 0.14568776778529763, 0.07284264896073608, 0.034793912624573126, 0.16031051430433413, 0.07657368460765293]
Timestep: 169, Trans probs: [0.13464601726909872, 0.06212783403497676, 0.32383722515305785, 0.1494236947123869, 0.06630775865820009, 0.030595464379126403, 0.15947683418719438, 0.07358517160595879]
Timestep: 170, Trans probs: [0.12467287467278661, 0.0613015719112144, 0.33286196338707, 0.16366801229726075, 0.057996820357805484, 0.028516999091558127, 0.1548447129752449, 0.0761370453070597]
Timestep: 171, Trans probs: [0.10150880034130512, 0.050541908295989306, 0.3611492168249456, 0.17981860229420255, 0.044964628976561276, 0.022388188478785483, 0.15997569161598638, 0.07965296317222433]
Timestep: 172, Trans probs: [0.2513567203888496, 0.11695771899421514, 0.20380284508043808, 0.0948306289494253, 0.12551936743425882, 0.05840487925684648, 0.10177250942892888, 0.04735533046703774]
Timestep: 173, Trans probs: [0.1607268492208777, 0.07956542435287713, 0.2906056336014431, 0.14385997528676797, 0.07747244181139473, 0.03835157435274673, 0.14007571322642987, 0.06934238814746271]
Timestep: 174, Trans probs: [0.11939078692859005, 0.05321583439148777, 0.34382728850611166, 0.15325350066885268, 0.05888759348822968, 0.026247858008149678, 0.1695873033135998, 0.07558983469497858]
Timestep: 175, Trans probs: [0.07221922484138477, 0.13505798129975802, 0.044769433097363844, 0.08372381829553567, 0.14286588232312142, 0.26717508676599067, 0.08856401567045954, 0.16562455770638607]
Timestep: 176, Trans probs: [0.14244400280353145, 0.09855012189926689, 0.2291356190937383, 0.15852786181737422, 0.08414039151780797, 0.05821267078663169, 0.1353483496796573, 0.09364098240199228]
Timestep: 177, Trans probs: [0.11645093395994713, 0.05816925056758949, 0.3369476530115241, 0.16831116582482616, 0.054830916757275146, 0.027388988883520562, 0.15865178651283782, 0.07924930448247963]
Timestep: 178, Trans probs: [0.14489719572836682, 0.06505061802928037, 0.09218733492600013, 0.04138688179066366, 0.276901649394617, 0.12431312653016773, 0.1761719746609698, 0.07909121893993452]
Timestep: 179, Trans probs: [0.08999316848548577, 0.04148245110878851, 0.3059590774645618, 0.14103217706198104, 0.0655786931224272, 0.030228571535050198, 0.22295466185642127, 0.1027711993652842]
Timestep: 180, Trans probs: [0.258227649385191, 0.11579442467928633, 0.2168277744041858, 0.0972298956033585, 0.11705973788334363, 0.05249191956625226, 0.09829234978521387, 0.04407624869316856]
Timestep: 181, Trans probs: [0.1751223665933297, 0.08131467007899912, 0.08296255510817245, 0.038522051344803944, 0.2882603736623413, 0.13384810653932253, 0.13656060959363073, 0.06340926707940026]
Timestep: 182, Trans probs: [0.1433094027319766, 0.07052502360810381, 0.24493772472067116, 0.12053807000192159, 0.10406997626308616, 0.051214626485993196, 0.17787153328165292, 0.08753364290659463]
Timestep: 183, Trans probs: [0.3090577883660536, 0.14467539878557234, 0.14543866006733924, 0.06808240056115264, 0.15412066181879758, 0.07214659862679582, 0.07252722108096044, 0.03395127069332851]
Timestep: 184, Trans probs: [0.17747276389200028, 0.07974218228245689, 0.29916216902829046, 0.13441974808701584, 0.07943744129744784, 0.03569288484089805, 0.13390605250878837, 0.06016675806310223]
Timestep: 185, Trans probs: [0.144424188402762, 0.07076259085711627, 0.30864191579369776, 0.1512232947278815, 0.06952109372212757, 0.03406280322849345, 0.14857015152221079, 0.07279396174571069]
Timestep: 186, Trans probs: [0.13588690350788818, 0.06685562558546698, 0.31242452220959027, 0.15371118438466944, 0.06726951010780496, 0.033096237127988766, 0.15466276743501015, 0.07609324964158122]
Timestep: 187, Trans probs: [0.14996021194982306, 0.07354202517326529, 0.31160294796305293, 0.15281327990407356, 0.06803104658102063, 0.033363122625480565, 0.1413619945719396, 0.0693253712313444]
Timestep: 188, Trans probs: [0.26261270107402224, 0.12371574429773159, 0.2031263744446712, 0.0956919848055593, 0.12068135985196198, 0.05685248350855472, 0.09334494100828784, 0.04397441100921122]
Timestep: 189, Trans probs: [0.2793994446617108, 0.12619899828269737, 0.18701700095559298, 0.0844717433529833, 0.13324969406333934, 0.0601861536719575, 0.08919115137164431, 0.04028581364007433]
Timestep: 190, Trans probs: [0.16602448011143334, 0.0781494843192475, 0.30271146167619395, 0.14248949679976186, 0.07480888152495789, 0.03521333426101501, 0.1363985953010175, 0.06420426600637302]
Timestep: 191, Trans probs: [0.1408375877214936, 0.06698851031608827, 0.31524944150461, 0.14994640852649127, 0.0684239202065077, 0.03254540608637053, 0.15315941560511123, 0.07284931003332748]
Timestep: 192, Trans probs: [0.1589340923143004, 0.07424143479284043, 0.30208443839651644, 0.14110995198434761, 0.07604692651127298, 0.03552310806052659, 0.14454163202133855, 0.06751841591885696]
Timestep: 193, Trans probs: [0.23831808844907276, 0.11527249659237948, 0.21642843937934367, 0.10468465362074562, 0.11490080779414513, 0.05557657440569227, 0.10434710464550771, 0.0504718351131133]
Timestep: 194, Trans probs: [0.1704716257865562, 0.08163504826993358, 0.2931319894757976, 0.14037435262264955, 0.07816954900122305, 0.03743364842395392, 0.1344153040685168, 0.06436848235136926]
Timestep: 195, Trans probs: [0.14305636479891673, 0.06604552029480613, 0.31364714396144633, 0.14480298615885523, 0.07124358717269301, 0.03289136969964804, 0.15619960477600991, 0.07211342313762455]
Timestep: 196, Trans probs: [0.1547385962510899, 0.07154513666454841, 0.3113965671371671, 0.1439777178574665, 0.07226466958808407, 0.033412385706979, 0.14542570877737634, 0.06723921801728845]
Timestep: 197, Trans probs: [0.14683512260859521, 0.06893520810456719, 0.32394441088072584, 0.1520833366135458, 0.06541629472559263, 0.030711220927427205, 0.1443199874826241, 0.06775441865692194]
Timestep: 198, Trans probs: [0.13856109803903185, 0.06165745183677596, 0.3368747692093477, 0.1499038341317081, 0.06312983676356466, 0.0280917582553838, 0.1534835497908576, 0.06829770197333036]
Timestep: 199, Trans probs: [0.12656039413761444, 0.06025120159961068, 0.12220316565245738, 0.058176869786221205, 0.21811084396308592, 0.10383533110991956, 0.2106017113571599, 0.100260482393931]
Timestep: 200, Trans probs: [0.07938970493029349, 0.1540653713287257, 0.042529503228698876, 0.08253366999044605, 0.14204868780382254, 0.2756627430782069, 0.0760962662840165, 0.14767405335579006]
Timestep: 201, Trans probs: [0.13645086785344906, 0.275834186696516, 0.06712277052882841, 0.13568806933145688, 0.08538587190284082, 0.17260676243546266, 0.0420029302583395, 0.08490854099310666]
Timestep: 202, Trans probs: [0.06477093789907726, 0.11762084269310294, 0.043980708721731696, 0.0798668073967118, 0.14673339415364944, 0.2664606385422951, 0.09963478802913307, 0.18093188256429849]
Timestep: 203, Trans probs: [0.12790718752658756, 0.07690814724229908, 0.2388180038355823, 0.14359670131345062, 0.08990726138080461, 0.054059517921848446, 0.16786760078533125, 0.10093557999409614]
Timestep: 204, Trans probs: [0.27238249279431914, 0.12987374972969087, 0.18059152444387194, 0.08610721712807505, 0.1347936240895753, 0.06427047942977282, 0.08936912872014921, 0.042611783664545634]
Timestep: 205, Trans probs: [0.30149506645246754, 0.1462443718077733, 0.1493214261518292, 0.07243043284908235, 0.14883949007704264, 0.07219666305862452, 0.07371571676951115, 0.035756832833669296]
Timestep: 206, Trans probs: [0.16981296191420756, 0.0808758565450868, 0.2898374299166579, 0.13803922939156432, 0.080439913420525, 0.03831066147697458, 0.1372951599554711, 0.06538878737951281]
Timestep: 207, Trans probs: [0.31209628253081034, 0.1474334365881627, 0.1478685119453114, 0.06985268360933732, 0.14873186220667536, 0.07026052792898124, 0.07046786640653128, 0.033288828784190365]
Timestep: 208, Trans probs: [0.14024821294967107, 0.06396589422389662, 0.3235849108096739, 0.14758404219188423, 0.06740907255184107, 0.03074464561006124, 0.155528247174728, 0.07093497448824378]
Timestep: 209, Trans probs: [0.1693127626643527, 0.08105408567171758, 0.07920670954671206, 0.037918154073837765, 0.29141262829178105, 0.13950622367557314, 0.13632661261991652, 0.06526282345610922]
Timestep: 210, Trans probs: [0.1466467992661628, 0.06760608349625742, 0.2725769066950905, 0.1256615023675589, 0.09277995050719696, 0.04277276498468725, 0.17245294161978114, 0.0795030510632651]
Timestep: 211, Trans probs: [0.13190598495590758, 0.06050306626584656, 0.32731786403513236, 0.15013522263097306, 0.06500913756739249, 0.02981860269221489, 0.16131680498377565, 0.07399331686875747]
Timestep: 212, Trans probs: [0.29084017198317264, 0.13064042378688834, 0.1803283794259759, 0.08100041940002467, 0.13510618183820194, 0.06068738280278664, 0.08376930413424384, 0.037627736628705916]
Timestep: 213, Trans probs: [0.11385816786425851, 0.08473067863678238, 0.27592654493603286, 0.2053383068152442, 0.053616346368657634, 0.03990007479531235, 0.12993510683603215, 0.09669477374767983]
Timestep: 214, Trans probs: [0.07569627283787601, 0.1186269806288427, 0.07303574127184456, 0.11445754381625349, 0.1225567235472149, 0.19206406768941034, 0.11824916626067435, 0.18531350394788365]
Timestep: 215, Trans probs: [0.1401729918291699, 0.09644828306021688, 0.07004988792118984, 0.04819895281106091, 0.2548250247934028, 0.17533645962307523, 0.12734596153905892, 0.08762243842282541]
Timestep: 216, Trans probs: [0.14674060033182493, 0.07336375521517567, 0.23672374845181685, 0.11835131583056084, 0.10838083703697766, 0.054185584496836914, 0.1748413046268187, 0.08741285400998855]
Timestep: 217, Trans probs: [0.14479054692375676, 0.06860344291195747, 0.30795128889242335, 0.14591089761073842, 0.07220339342191154, 0.034210806464306374, 0.15356753972614573, 0.07276208404876056]
Timestep: 218, Trans probs: [0.15641733198000038, 0.0780902255698551, 0.28866845941118463, 0.14411564770331353, 0.07798891084138714, 0.038935401610928476, 0.14392867119494135, 0.07185535168838934]
Timestep: 219, Trans probs: [0.2702323338564413, 0.125171087251305, 0.19880916866686904, 0.09208801716074477, 0.12351980788090879, 0.05721413284962136, 0.09087317556802987, 0.04209227676607988]
Timestep: 220, Trans probs: [0.13668461972236792, 0.06192627947621104, 0.33086614597096464, 0.14990208456688414, 0.06450586985801728, 0.029225003755341858, 0.15614637986174332, 0.07074361678846988]
Timestep: 221, Trans probs: [0.23401687612012367, 0.11694931413787227, 0.2238765478539021, 0.11188171193956434, 0.10675572357774159, 0.0533508901567443, 0.10212982608126944, 0.051039110132782194]
Timestep: 222, Trans probs: [0.17635653403564558, 0.276562556795867, 0.08766883718918886, 0.1374823898470471, 0.08372937355903302, 0.1313045176183946, 0.041622823098893355, 0.06527296785593055]
Timestep: 223, Trans probs: [0.15905602106282743, 0.10316556212052613, 0.24754087696866992, 0.16055785596568767, 0.07822758386209996, 0.05073930938632195, 0.12174656817748114, 0.0789662224563857]
Timestep: 224, Trans probs: [0.14849464471711035, 0.07280707298446995, 0.3106562285669896, 0.1523150599097048, 0.06851617315288877, 0.03359354829840645, 0.1433383405042531, 0.07027893186617701]
Timestep: 225, Trans probs: [0.1541891031649868, 0.06900099596854739, 0.2801696917426441, 0.12537843059997286, 0.09104666889127812, 0.04074419465553604, 0.1654365751785269, 0.07403433979850789]
Timestep: 226, Trans probs: [0.1549776223981598, 0.07381825028873967, 0.10584807404213321, 0.050417082810505276, 0.24749785683557227, 0.1178870759475006, 0.16903841387046603, 0.08051562380692319]
Timestep: 227, Trans probs: [0.27633252437287414, 0.1219540435130378, 0.13653991389241696, 0.06025926422484068, 0.18802496734799506, 0.08298120209169933, 0.09290586734074618, 0.041002217216389664]
Timestep: 228, Trans probs: [0.24284702487352905, 0.12074291532386752, 0.204654880344086, 0.10175387942624013, 0.11961192450238502, 0.059470740806635905, 0.10080075763542842, 0.05011787708782795]
Timestep: 229, Trans probs: [0.171125635646054, 0.08220760974258799, 0.2922386583610237, 0.1403894950487187, 0.07834268129688043, 0.037635299620231995, 0.13378918937639334, 0.06427143090810987]
Timestep: 230, Trans probs: [0.3074448409001652, 0.14115941310620145, 0.15691473781180296, 0.07204541872413536, 0.14630514377523168, 0.06717415770992378, 0.07467171414811105, 0.03428457382442852]
Timestep: 231, Trans probs: [0.18186113536826534, 0.08070328604446483, 0.2936928304441959, 0.13033008100686494, 0.08301578074044468, 0.03683935155102835, 0.13406459586774616, 0.05949293897698983]
Timestep: 232, Trans probs: [0.1457630886735036, 0.0705044743646225, 0.316594012119365, 0.153134065795357, 0.06672089806296991, 0.03227238040764949, 0.14491622674981483, 0.0700948538267178]
Timestep: 233, Trans probs: [0.30816209066969596, 0.13992976387544306, 0.15742586542008224, 0.07148369265099105, 0.14702468579334083, 0.06676074114831579, 0.07510816255442945, 0.03410499788770166]
Timestep: 234, Trans probs: [0.1273239797813424, 0.06271752783404673, 0.32908786419538527, 0.1621028286891918, 0.059578488551624634, 0.029347303787267437, 0.15398951229072752, 0.07585249487041411]
Timestep: 235, Trans probs: [0.1570329092321164, 0.29213745605788066, 0.07766195879592212, 0.1444790597464935, 0.07688671884813428, 0.14303683577389664, 0.03802497973409658, 0.07074008181145972]
Timestep: 236, Trans probs: [0.10135316831683813, 0.0662828512797085, 0.3038325069844113, 0.19870010191919169, 0.04988215367020934, 0.03262188472390122, 0.1495347412921819, 0.09779259181355787]
Timestep: 237, Trans probs: [0.17308308627353855, 0.08261185431459643, 0.08050595150830568, 0.038425163779153726, 0.28893252518466683, 0.13790632112707688, 0.13439087759810342, 0.06414422021455848]
Timestep: 238, Trans probs: [0.0968592514082257, 0.045514491816248004, 0.3006529408581444, 0.1412778399302888, 0.06890919197641962, 0.03238066378457123, 0.21389542990118104, 0.10051019032492117]
Timestep: 239, Trans probs: [0.238781134917288, 0.11672440982285243, 0.2108826213377594, 0.10308665936307126, 0.11788819131168135, 0.05762779191373738, 0.10411446790880757, 0.0508947234248027]
Timestep: 240, Trans probs: [0.31686978005532984, 0.14347360520952665, 0.14224497024518212, 0.06440626398779503, 0.15820118872384034, 0.07163098636505746, 0.07101757503932915, 0.03215563037393935]
Timestep: 241, Trans probs: [0.17172065681058585, 0.07771025543586593, 0.3002629897531163, 0.13588064514212278, 0.0787563445987088, 0.03564029959838506, 0.13770978943621898, 0.06231901922499628]
Timestep: 242, Trans probs: [0.17080308982697162, 0.08170199996059131, 0.07651032221292665, 0.03659796991235843, 0.2963655048599873, 0.14176356230393972, 0.13275532832927522, 0.06350222259394966]
Timestep: 243, Trans probs: [0.1247567227153939, 0.05529401246686612, 0.2867200305790502, 0.12707853012062173, 0.08532472990318053, 0.03781717390702421, 0.19609611918709402, 0.0869126811207691]
Timestep: 244, Trans probs: [0.31476198169824365, 0.14765514035207417, 0.14276940713369207, 0.06697326257310621, 0.15352247321598667, 0.07201753594128724, 0.0696345612150746, 0.03266563787053547]
Timestep: 245, Trans probs: [0.12060309090333739, 0.059431751549185216, 0.33422577783583174, 0.16470244038432558, 0.057025263110282096, 0.02810136327197081, 0.1580333702608245, 0.0778769426842427]
Timestep: 246, Trans probs: [0.30827473349003687, 0.14478285467579094, 0.1535282968902427, 0.07210537446786922, 0.1459446618006475, 0.06854368024576855, 0.07268398260475677, 0.034136415824887315]
Timestep: 247, Trans probs: [0.17791883205753814, 0.08230793834118068, 0.28639973795162216, 0.13249284350421672, 0.08406579784834295, 0.03889010750512294, 0.13532250743796054, 0.06260223535401584]
Timestep: 248, Trans probs: [0.14383179655977577, 0.06452362008078057, 0.31958631292291373, 0.143367922332011, 0.07042372047868552, 0.03159241206413861, 0.15647761975039662, 0.07019659581129811]
Timestep: 249, Trans probs: [0.13197119947573455, 0.0653578224697912, 0.32568285436949074, 0.16129217785316763, 0.06088342219701599, 0.030152093146941283, 0.15025010611162073, 0.07441032437623786]
Timestep: 250, Trans probs: [0.12199008348898509, 0.0542109945056814, 0.34651132189632133, 0.15398565875376266, 0.058282464851554514, 0.025900059180879877, 0.16555061986584807, 0.073568797456967]
Timestep: 251, Trans probs: [0.11566386057952696, 0.051891776990433534, 0.3622328033902364, 0.1625131977954473, 0.05140762113388246, 0.023063667407625076, 0.16099693219340372, 0.0722301405094447]
Timestep: 252, Trans probs: [0.23910339858501747, 0.116663472492136, 0.21583004257016425, 0.10530792277888884, 0.11412704935710409, 0.055684937822190625, 0.10301838479469647, 0.05026479159980224]
Timestep: 253, Trans probs: [0.11772287365211503, 0.057077409757062665, 0.3497369689121284, 0.16956840809697646, 0.05188080539175383, 0.025154176890230525, 0.15413007735481832, 0.07472927994491473]
Timestep: 254, Trans probs: [0.16526185137657673, 0.08194381187095068, 0.08652423490885137, 0.042902373225220766, 0.2735264945353308, 0.13562599851825555, 0.14320710115392057, 0.07100813441089353]
Timestep: 255, Trans probs: [0.14542372537993054, 0.06723919896025182, 0.2826488001014403, 0.13068760861575351, 0.086882792695228, 0.04017177643465166, 0.16886733605957704, 0.07807876175316716]
Timestep: 256, Trans probs: [0.14005920262876292, 0.06297601451125497, 0.3207690154404459, 0.1442301097820902, 0.06959948367983756, 0.03129460979308174, 0.1593994356395121, 0.07167212852501466]
Timestep: 257, Trans probs: [0.11300381273042788, 0.05029995236368774, 0.34921502502716695, 0.1554416501454978, 0.056173590478203236, 0.02500383709964958, 0.17359291983808886, 0.07726921231727782]
Timestep: 258, Trans probs: [0.06344695813152797, 0.11383289184272434, 0.07048386477270523, 0.12645810597721305, 0.10609675796912425, 0.1903527155663841, 0.11786395694519797, 0.21146474879512286]
Timestep: 259, Trans probs: [0.1377780271292099, 0.08875097808935949, 0.08773916118511217, 0.05651798428363319, 0.23380550390023946, 0.15060795677065233, 0.14889093145042134, 0.09590945719137217]
Timestep: 260, Trans probs: [0.13366301800048683, 0.06408947480449839, 0.26570168314294434, 0.12740009601788677, 0.09255692208013566, 0.04437969914471908, 0.18398903714064596, 0.08822006966868279]
Timestep: 261, Trans probs: [0.14569993689740962, 0.06534447730350142, 0.3165904676729758, 0.14198659978780995, 0.07188558102212977, 0.03223972376087614, 0.15619972252125439, 0.07005349103404307]
Timestep: 262, Trans probs: [0.13661943867585002, 0.06819885706200417, 0.32454212195952997, 0.1620077054966702, 0.06098793443340084, 0.0304444774714597, 0.14487801916612172, 0.07232144573496331]
Timestep: 263, Trans probs: [0.12225673925704204, 0.05708115124712031, 0.3383150557081843, 0.15795785967638962, 0.05870060806693788, 0.0274070640827582, 0.16243930280617622, 0.07584221915539134]
Timestep: 264, Trans probs: [0.11924930420621696, 0.05742299692694433, 0.3405441832616576, 0.16398475210477112, 0.05580807651579929, 0.026873674673385174, 0.15937297045869175, 0.07674404185253378]
Timestep: 265, Trans probs: [0.11016995536637243, 0.05264755577075431, 0.35589717566078816, 0.17007464822822727, 0.049777287954680234, 0.023787361399901553, 0.16080242690678137, 0.07684358871249464]
Timestep: 266, Trans probs: [0.11081791741256818, 0.054762174312299045, 0.3473433958365237, 0.17164444192007833, 0.05106217167736036, 0.02523306349233931, 0.16004729671260187, 0.07908953863622903]
Timestep: 267, Trans probs: [0.14415515422755584, 0.06906836115078328, 0.31203282677956556, 0.14950277765920603, 0.06948427648755355, 0.03329166500122164, 0.15040305235925971, 0.07206188633485427]
Timestep: 268, Trans probs: [0.14599790030230536, 0.06591645685420779, 0.271456569735541, 0.1225596753769307, 0.09495032009718843, 0.04286903212320178, 0.1765428690104756, 0.07970717650014943]
Timestep: 269, Trans probs: [0.14719522661656131, 0.06862058613936799, 0.0887104609453471, 0.04135571490114017, 0.2783696523507527, 0.12977247392322397, 0.16776563167743974, 0.07821025344616692]
Timestep: 270, Trans probs: [0.30644933217232434, 0.1472771023119454, 0.1456617270976086, 0.07000386306153152, 0.15135315260566834, 0.07273911671964678, 0.07194129435339194, 0.034574411677883096]
Timestep: 271, Trans probs: [0.1412728976967023, 0.06656660677498784, 0.07024919244661948, 0.033100831412787836, 0.3127041318465014, 0.14734356922605907, 0.15549488327265143, 0.0732678873236904]
Timestep: 272, Trans probs: [0.20721456515259615, 0.0957629375101501, 0.17679291995387425, 0.08170376118740566, 0.16183991879304713, 0.07479332361898965, 0.1380798294147433, 0.0638127443691937]
Timestep: 273, Trans probs: [0.15713751278569518, 0.07181185251313707, 0.3002344768467163, 0.1372071734397337, 0.07866625573852994, 0.035950483463235136, 0.1503035253546255, 0.06868871985832718]
Timestep: 274, Trans probs: [0.14278742401819777, 0.06646018262381585, 0.3265410621169, 0.15198802535787834, 0.06481982007657079, 0.03017028361953465, 0.14823667448004527, 0.06899652770705751]
Timestep: 275, Trans probs: [0.1303686455180557, 0.06353009732239222, 0.32395718776091587, 0.15786795655469982, 0.06256318358560607, 0.03048773826097448, 0.15546524190094319, 0.0757599490964127]
Timestep: 276, Trans probs: [0.15363564939546076, 0.07518104211897067, 0.2941915454672479, 0.1439615548725094, 0.07671308794142931, 0.03753926851153921, 0.14689521597271146, 0.07188263572013127]
Timestep: 277, Trans probs: [0.27969253351156204, 0.1365208548568174, 0.17445824414954267, 0.08515489608924567, 0.1341600183969717, 0.0654849100517865, 0.08368232412481788, 0.040846218819256194]
Timestep: 278, Trans probs: [0.29892574169792024, 0.13883412594763872, 0.1569347565010122, 0.07288733190345759, 0.14884810687434205, 0.06913153982484128, 0.07814462975078079, 0.0362937675000071]
Timestep: 279, Trans probs: [0.17539624916082014, 0.08081215451732288, 0.2871674691562188, 0.13230968165415466, 0.08418640433188677, 0.038788085535901906, 0.13783417139772217, 0.06350578424597256]
Timestep: 280, Trans probs: [0.14399276218548118, 0.0715081948683714, 0.31387431468039567, 0.15587301276595242, 0.06613948541365748, 0.032845506535678526, 0.1441703412202405, 0.07159638233022278]
Timestep: 281, Trans probs: [0.13015582252939464, 0.06349772765253898, 0.3253905157010216, 0.15874478717259413, 0.061874220370599024, 0.03018591344938236, 0.15468600700088492, 0.0754650061235844]
Timestep: 282, Trans probs: [0.17392967664539244, 0.07855927736370559, 0.3012368121428325, 0.13606042817831088, 0.07822045056072273, 0.035330037918958106, 0.13547359844362908, 0.0611897187464487]
Timestep: 283, Trans probs: [0.28269988600549445, 0.13268977845418922, 0.18035980115569744, 0.08465479910708552, 0.13278822990278294, 0.06232631026523216, 0.0847176101819068, 0.03976358492761153]
Timestep: 284, Trans probs: [0.2594031728609179, 0.11874016362146574, 0.2070321944896143, 0.09476767912082713, 0.12210394274878791, 0.05589230841286117, 0.09745234394904516, 0.04460819479648069]
Timestep: 285, Trans probs: [0.17319841309229803, 0.0760179131837695, 0.3035108174052372, 0.13321287739253682, 0.07929948434945686, 0.03480506090770163, 0.13896346326159126, 0.06099197040740869]
Timestep: 286, Trans probs: [0.1507374328486971, 0.065926734163943, 0.32690228194024795, 0.14297443861004003, 0.0688233181267946, 0.030100662540670873, 0.14925622203564848, 0.06527890973395797]
Timestep: 287, Trans probs: [0.1279073619711164, 0.060968385953370015, 0.33820226781985063, 0.16120765901967332, 0.05792733815535574, 0.027611673444603052, 0.15316676718993452, 0.07300854644609625]
Timestep: 288, Trans probs: [0.11649394244730579, 0.056845770799384195, 0.3489249919130794, 0.17026559235421107, 0.05172099755675096, 0.02523839360966337, 0.15491576879535085, 0.07559454252425445]
Timestep: 289, Trans probs: [0.14191806570397947, 0.06851394950345661, 0.3232481541654511, 0.15605488703441556, 0.06383929632312028, 0.03081977127381198, 0.1454073841642788, 0.07019849183148615]
Timestep: 290, Trans probs: [0.12291218412627983, 0.06122160204827542, 0.32799200629053343, 0.16337026493243434, 0.05904621930219077, 0.029410462162644296, 0.1575652411554176, 0.07848201998222429]
Timestep: 291, Trans probs: [0.11078470452716536, 0.05333008502319498, 0.34075853952097074, 0.16403601889444058, 0.05483520325865653, 0.026396839387979334, 0.16866555592223936, 0.08119305346535301]
Timestep: 292, Trans probs: [0.10621820613325887, 0.049886369624967515, 0.3506597039761577, 0.1646905953503848, 0.051972924908643484, 0.024409568160381832, 0.1715789705615587, 0.08058366128464692]
Timestep: 293, Trans probs: [0.12246867900557694, 0.06093803415218671, 0.33977197344523075, 0.16906392956862457, 0.05444715388965588, 0.027091845442916273, 0.15105590323810159, 0.07516248125770728]
Timestep: 294, Trans probs: [0.11805041729540243, 0.0558393624282008, 0.3531018376948464, 0.16702170090400992, 0.052047784250281226, 0.02461926992654048, 0.15568067176527414, 0.07363895573544466]
Timestep: 295, Trans probs: [0.11359931918588174, 0.05352635930639133, 0.3424302489109355, 0.16134819004145676, 0.05572341446875434, 0.026256068487109388, 0.16797092468027947, 0.07914547491919152]
Timestep: 296, Trans probs: [0.15812628181681654, 0.07867868518692811, 0.29267885930314735, 0.14562783344680277, 0.07609613092377625, 0.03786305135430264, 0.14084773600099423, 0.07008142196723213]
Timestep: 297, Trans probs: [0.07229026356063313, 0.11725936711260343, 0.07336458708692874, 0.11900198763385719, 0.11699278476158029, 0.18976967605571957, 0.11873144353643428, 0.1925898902522435]
Timestep: 298, Trans probs: [0.14202474577291244, 0.08881974469078824, 0.25187271545729145, 0.15751670710442436, 0.07980784210387849, 0.04991040203179282, 0.1415346163522192, 0.08851322648669285]
Timestep: 299, Trans probs: [0.14472682650560406, 0.06937810215970168, 0.310037309036184, 0.14862344887247617, 0.07039536149215192, 0.0337456206226047, 0.15080264642444213, 0.07229068488683538]
Timestep: 300, Trans probs: [0.14338141012563557, 0.06848524198263409, 0.32180089627772807, 0.15370620384119374, 0.06521167283841252, 0.031147951401215526, 0.14635910435518254, 0.06990751917799805]
Timestep: 301, Trans probs: [0.1447202895139791, 0.06918356788722171, 0.30807841825857313, 0.14727695913102135, 0.07151922126276414, 0.034189780272625356, 0.15224906359511517, 0.07278270007870008]
Timestep: 302, Trans probs: [0.2600316034981241, 0.11828649356701418, 0.19924097225358564, 0.09063327559309316, 0.12912520962346455, 0.05873812287426625, 0.09893809814549225, 0.04500622444495987]
Timestep: 303, Trans probs: [0.1319102398650168, 0.06088461772118783, 0.3414540705113273, 0.15760187058790343, 0.058752602637521946, 0.027117908021172865, 0.1520830781919969, 0.07019561246387299]
Timestep: 304, Trans probs: [0.1655224501931124, 0.07670121353373513, 0.09065606920633476, 0.04200898738637384, 0.2760017707864375, 0.12789606927689412, 0.15116520812913503, 0.0700482314879771]
Timestep: 305, Trans probs: [0.14371523237285194, 0.2619076387812918, 0.07233460200948903, 0.13182308167125437, 0.09196829546900641, 0.16760366115218947, 0.04628938728625915, 0.08435810125765794]
Timestep: 306, Trans probs: [0.12971681408999206, 0.09623207268412667, 0.25433558986913607, 0.18868210063706192, 0.06418945641062947, 0.04761976678348633, 0.1258561842896526, 0.09336801523591468]
Timestep: 307, Trans probs: [0.14117577706832674, 0.0705743688164209, 0.32019963131565016, 0.1600691516960143, 0.06282988112004811, 0.031408923647801755, 0.14250394216359585, 0.07123832417214211]
Timestep: 308, Trans probs: [0.13871040453511488, 0.0645696107612588, 0.3353972818905415, 0.15612723511720472, 0.060929059639250265, 0.02836244100174886, 0.14732449998715094, 0.06857946706772998]
Timestep: 309, Trans probs: [0.17183401178851304, 0.08102552337381448, 0.29815835050184974, 0.14059170327361564, 0.0766212070762571, 0.03612947949168563, 0.1329495393696247, 0.06269018512463966]
Timestep: 310, Trans probs: [0.259611790799164, 0.11691626801529188, 0.20195982910329438, 0.09095268529629257, 0.128192296952412, 0.05773144933767141, 0.09972464773333885, 0.04491103276253491]
Timestep: 311, Trans probs: [0.16435973885984914, 0.08175162545446023, 0.2913162852431884, 0.1448991097527453, 0.07652153483663998, 0.0380613883823444, 0.1356291353609763, 0.06746118210979615]
Timestep: 312, Trans probs: [0.14875134743540355, 0.07199318953461534, 0.3095780152695859, 0.14983063423161166, 0.06995136600354702, 0.033855303079426156, 0.14558123624512714, 0.07045890820068333]
Timestep: 313, Trans probs: [0.14511738382474448, 0.06663185393637182, 0.3152891981403857, 0.14476765804693184, 0.07089343407635564, 0.032551309980397174, 0.154026577617651, 0.07072258437716242]
Timestep: 314, Trans probs: [0.2511681962214438, 0.11725888629909732, 0.2118152125175676, 0.09888678700036817, 0.11867047342812596, 0.055401789558182306, 0.10007720693497904, 0.04672144804023581]
Timestep: 315, Trans probs: [0.2983065138040735, 0.14271358340526571, 0.15526917471678098, 0.07428272361080271, 0.1465473062025632, 0.07011007215314426, 0.076278184478346, 0.036492441629023604]
Timestep: 316, Trans probs: [0.14878583774025467, 0.06805616149831396, 0.1158852478629505, 0.053007095726418846, 0.23693516560484446, 0.10837656419412285, 0.1845423651241635, 0.08441156224893126]
Timestep: 317, Trans probs: [0.1484246241412454, 0.06987929573572951, 0.27167668922007676, 0.12790718400234802, 0.0917882847377755, 0.043214532166593246, 0.16800943543584781, 0.07909995456038385]
Timestep: 318, Trans probs: [0.13767548826890266, 0.06419606356726676, 0.3198603914734884, 0.14914621536389308, 0.06754134058287031, 0.03149353779670395, 0.15691827144484402, 0.073168691502031]
Timestep: 319, Trans probs: [0.12653212719883747, 0.05774574818088766, 0.33993443930811207, 0.15513663576879966, 0.05972285577241253, 0.02725585245759539, 0.16044822718400348, 0.07322411412935168]
Timestep: 320, Trans probs: [0.11560889214697175, 0.05579374217086585, 0.34363359894638373, 0.16584022270957693, 0.05418533576714585, 0.026150260564650873, 0.16105942712530585, 0.07772852056909926]
Timestep: 321, Trans probs: [0.16948734097930507, 0.07588985205121343, 0.3047006388845442, 0.13643311807978473, 0.07739486968401668, 0.03465441829404911, 0.13913880590046776, 0.062300956126619]
Timestep: 322, Trans probs: [0.124559880062998, 0.21979662674968334, 0.1200305165630658, 0.2118041751022931, 0.05964819650374124, 0.1052543754585647, 0.05747921268692809, 0.10142701687272578]
Timestep: 323, Trans probs: [0.14254669720554006, 0.10160193723941574, 0.249481123127456, 0.17782078372440605, 0.06974994780159627, 0.049715145688516746, 0.12207434936589585, 0.08701001584717334]
Timestep: 324, Trans probs: [0.15316249908254734, 0.0764474006533342, 0.3088092353236685, 0.15413474890818304, 0.06799357646360234, 0.033937368565425945, 0.13708998273350192, 0.06842518826973679]
Timestep: 325, Trans probs: [0.13947503795478983, 0.06607675164143467, 0.10612020876988239, 0.05027479312317985, 0.24587176227763652, 0.11648254490475529, 0.18707263411521183, 0.08862626721310977]
Timestep: 326, Trans probs: [0.24551223798429286, 0.11636841528888098, 0.15193825243264533, 0.07201601762304032, 0.17356868090192062, 0.08226845433925035, 0.1074151018694411, 0.05091283956052844]
Timestep: 327, Trans probs: [0.16812062256358554, 0.08271812280830235, 0.2792954940766361, 0.13741799564237797, 0.08372577046166169, 0.041194461795715114, 0.13909198093287212, 0.06843555171884907]
Timestep: 328, Trans probs: [0.14657269211843893, 0.07002708004524219, 0.31736660394769783, 0.15162617440616885, 0.06721710476280267, 0.032113878155629966, 0.14554187384734318, 0.0695345927166763]
Timestep: 329, Trans probs: [0.17374036736827794, 0.07895277142814307, 0.2982426661708579, 0.1355303054148314, 0.07935350680938273, 0.03606058499843316, 0.13621820765850845, 0.06190159015156538]
Timestep: 330, Trans probs: [0.2615019128207288, 0.11570792625709653, 0.20318800783703164, 0.08990551072278802, 0.12862281181490767, 0.05691231342794222, 0.09994042725410174, 0.044221089865403365]
Timestep: 331, Trans probs: [0.1617120996438464, 0.07725586950024131, 0.30609861756147333, 0.14623466583276984, 0.0722121107493351, 0.034498404365995716, 0.13668752876407664, 0.06530070358226173]
Timestep: 332, Trans probs: [0.142184188961667, 0.06477624185337887, 0.3274719388266012, 0.14918959459933825, 0.0658023831484492, 0.029978235389462343, 0.15155295498322258, 0.06904446223788037]
Timestep: 333, Trans probs: [0.29295534142583357, 0.13936835962082347, 0.17264526197508118, 0.08213295187132098, 0.1334083974547796, 0.06346670254388438, 0.07862061028195037, 0.03740237482632646]
Timestep: 334, Trans probs: [0.17622455622852023, 0.07841617074674732, 0.30217086154560063, 0.1344595916753215, 0.07870369953719229, 0.035021468479716614, 0.13495261503249345, 0.060051036754407774]
Timestep: 335, Trans probs: [0.13665120482200127, 0.06586748450695931, 0.31568198633581196, 0.15216242235979519, 0.06719534524122017, 0.03238894503258163, 0.15522995268062048, 0.07482265902101]
Timestep: 336, Trans probs: [0.12190085018930953, 0.05660069193738904, 0.33751082002784083, 0.15671216337100413, 0.059303856290030675, 0.027535815339748863, 0.1641965017977932, 0.07623930104688369]
Timestep: 337, Trans probs: [0.10883602833708121, 0.05441311531759837, 0.3462447953778911, 0.17310681276116016, 0.05060714258103321, 0.02530129339732347, 0.16099870599246754, 0.08049210623544507]
Timestep: 338, Trans probs: [0.09779854639867977, 0.04717418922702519, 0.36266755414785384, 0.17493662693236328, 0.045479879819789584, 0.021937713142432567, 0.16865359848951794, 0.08135189184233778]
Timestep: 339, Trans probs: [0.1400569680538665, 0.06494780959110788, 0.3331174422937342, 0.1544746292469312, 0.062163079898338976, 0.028826526326639894, 0.14785130985322692, 0.06856223473615441]
Timestep: 340, Trans probs: [0.13215573172863782, 0.06191552705391569, 0.33964339354150413, 0.15912438640711454, 0.058589483741120704, 0.02744942438892509, 0.150576375488123, 0.07054567765065896]
Timestep: 341, Trans probs: [0.13306130372621702, 0.0664321663460288, 0.32290864887932563, 0.1612153231345214, 0.06158162890606599, 0.03074523472101787, 0.14944420375409123, 0.07461149053273196]
Timestep: 342, Trans probs: [0.0691818120686194, 0.12019138880185233, 0.06515496264243542, 0.11319543696773533, 0.1189535482351347, 0.20666114023015192, 0.11202964709507658, 0.19463206395899432]
Timestep: 343, Trans probs: [0.09960644847337638, 0.05894999220592128, 0.2702863297471318, 0.15996330836169997, 0.06956036563014757, 0.041167846806969235, 0.1887550074337452, 0.11171070134100843]
Timestep: 344, Trans probs: [0.2091533461751952, 0.10380200871531223, 0.2367256795139906, 0.11748605268531763, 0.10434135436155123, 0.05178421657061549, 0.11809649935965337, 0.05861084261836416]
Timestep: 345, Trans probs: [0.29704993265349033, 0.1374747015130286, 0.16032601877469058, 0.07419887753865756, 0.14693802208049653, 0.06800291299845111, 0.07930649193000845, 0.03670304251117701]
Timestep: 346, Trans probs: [0.16114686589760055, 0.07272252619363122, 0.2990684236055273, 0.1349639110149445, 0.08012645239576384, 0.036159549245322574, 0.14870467181367147, 0.06710759983353842]
Timestep: 347, Trans probs: [0.16699386274519318, 0.07748213638953791, 0.298023639408551, 0.13827758635174445, 0.07830497605033654, 0.03633209469242197, 0.1397460575058915, 0.06483964685632355]
Timestep: 348, Trans probs: [0.2635074977888856, 0.12768917784813108, 0.1946403413798863, 0.09431786714011876, 0.12391528476670034, 0.06004626421428676, 0.09153027345164856, 0.04435329341034251]
Timestep: 349, Trans probs: [0.17269652740486124, 0.08133741464481613, 0.2899009538691325, 0.13653890118764248, 0.08109212417762551, 0.03819314625361007, 0.13612713876553625, 0.0641137936967757]
Timestep: 350, Trans probs: [0.14732599891895093, 0.06831642230139036, 0.3185495649325585, 0.14771436651740572, 0.06872419381210502, 0.03186804149465323, 0.14859605364855158, 0.06890535837438456]
Timestep: 351, Trans probs: [0.13913082047264952, 0.0675581327946696, 0.32139896905469206, 0.15606257591023964, 0.06423206654145641, 0.03118934012134867, 0.14837920093150542, 0.07204889417343857]
Timestep: 352, Trans probs: [0.11863061552918819, 0.05838641482893578, 0.11497793410907471, 0.0565886750829069, 0.221691195564118, 0.10910972728574106, 0.21486523999246745, 0.10575019760756775]
Timestep: 353, Trans probs: [0.08321209069935666, 0.1465813374196842, 0.05212263093037455, 0.09181604364695971, 0.13943961649679837, 0.2456283131887058, 0.08734259176343204, 0.1538573758546887]
Timestep: 354, Trans probs: [0.13167342900742474, 0.09456416844169992, 0.22515729427443382, 0.16170166192333582, 0.08309442154431804, 0.05967608601610451, 0.14208876661944375, 0.10204417217323943]
Timestep: 355, Trans probs: [0.1413474468703055, 0.06986871454341843, 0.3065301230538182, 0.15151929617984095, 0.06985039589575996, 0.034527382557278385, 0.15147956983567792, 0.07487707106390074]
Timestep: 356, Trans probs: [0.13509783442096662, 0.06254742879244253, 0.3373914477038155, 0.15620507642392237, 0.06034439273462644, 0.027938172538215497, 0.15070324489511938, 0.06977240249089157]
Timestep: 357, Trans probs: [0.12024469195543967, 0.05831840051357845, 0.34689378273352395, 0.16824269103388667, 0.05309359137059823, 0.02575027035207725, 0.1531696447463984, 0.07428692729449746]
Timestep: 358, Trans probs: [0.15818132098963544, 0.075673489319423, 0.3105379113619331, 0.14856044425285164, 0.07008998040307639, 0.033530845173421586, 0.1375990286691076, 0.06582697983055129]
Timestep: 359, Trans probs: [0.2092723453163607, 0.10316167359562536, 0.24158190580140895, 0.11908880590609833, 0.10163372293212189, 0.050100766709437264, 0.1173249549170836, 0.05783582482186386]
Timestep: 360, Trans probs: [0.15126104902703014, 0.07357652065580496, 0.29794659011735375, 0.144927419075209, 0.07527545837006124, 0.03661554876993001, 0.1482739031968018, 0.07212351078780899]
Timestep: 361, Trans probs: [0.13056372101046532, 0.06475394338769346, 0.31873866165692155, 0.15808055325527307, 0.06368796347444249, 0.031586467890042554, 0.15547822997378863, 0.077110459351373]
Timestep: 362, Trans probs: [0.30111537991743953, 0.13698668331135058, 0.1742244283951728, 0.07926007168486167, 0.13428258165773058, 0.061089292392908244, 0.07769548682355848, 0.03534607581697821]
Timestep: 363, Trans probs: [0.13323630473227763, 0.05986064025404326, 0.3289786737366428, 0.1478041144969602, 0.06565955391961516, 0.029499639338697904, 0.1621224260911347, 0.07283864743062836]
Timestep: 364, Trans probs: [0.24825280212793166, 0.11550089310056395, 0.22415165793551653, 0.10428771179864697, 0.11039396088366227, 0.05136135812235856, 0.0996765762401734, 0.04637503979114663]
Timestep: 365, Trans probs: [0.30326517992698576, 0.13476956621915562, 0.16225734528083963, 0.07210637253058629, 0.14775485682628645, 0.06566153742426446, 0.07905395148482212, 0.035131190307059745]
Timestep: 366, Trans probs: [0.27902305553680234, 0.13435024269651805, 0.12879039885793214, 0.062012873130702, 0.1828006385437186, 0.08801892770537653, 0.08437642224308936, 0.040627441285860884]
Timestep: 367, Trans probs: [0.092453299988413, 0.16436984850253933, 0.04272047329880544, 0.07595140168021558, 0.15376381131720748, 0.27337190099812547, 0.07105060388891023, 0.1263186603257835]
Timestep: 368, Trans probs: [0.24795035268664925, 0.16597733834581807, 0.12132537972165575, 0.08121490202292576, 0.1542608953197783, 0.10326185278057194, 0.07548189183068837, 0.05052738729191242]
Timestep: 369, Trans probs: [0.3120322541039712, 0.15278255565188495, 0.14235534437572134, 0.06970245235346678, 0.14895885576577894, 0.07293577625886395, 0.0679580041212188, 0.033274757369094035]
Timestep: 370, Trans probs: [0.09553443991633667, 0.1657819250330955, 0.04447279626525627, 0.07717411420337511, 0.1539266600077907, 0.2671105627703862, 0.07165530039546754, 0.12434420140829198]
Timestep: 371, Trans probs: [0.13398907585033615, 0.07340616641023172, 0.2581832374926666, 0.14144617070788995, 0.08674178861876204, 0.04752165152017515, 0.167142550012896, 0.09156935938704246]
Timestep: 372, Trans probs: [0.2684177867049346, 0.1237911478778132, 0.20229198691295444, 0.09329470141994067, 0.12184027508249214, 0.05619131166888852, 0.09182443397297095, 0.042348356360005585]
Timestep: 373, Trans probs: [0.17566643969306645, 0.08072019303068684, 0.08434778854121386, 0.038758511783210416, 0.28723134942271966, 0.13198519882555415, 0.13791666277204867, 0.06337385593149991]
Timestep: 374, Trans probs: [0.15509853561704337, 0.06968031587092853, 0.29020372543312034, 0.1303783248155823, 0.08522983754543237, 0.038290767724960054, 0.15947292007202002, 0.07164557292091295]
Timestep: 375, Trans probs: [0.2767138842042122, 0.13028397937448047, 0.18916729637051144, 0.08906480500441324, 0.12711241989348251, 0.05984778081977675, 0.08689666178303486, 0.04091317255008842]
Timestep: 376, Trans probs: [0.31247170383659073, 0.15083752205910042, 0.14432419445197006, 0.0696687207098133, 0.1488758763566852, 0.07186592580479853, 0.06876267727507944, 0.03319337950596225]
Timestep: 377, Trans probs: [0.16038868334650866, 0.07880195718973523, 0.3006860386443883, 0.1477326694777805, 0.07286684707849402, 0.03580084357713172, 0.13660591969075306, 0.06711704099520847]
Timestep: 378, Trans probs: [0.13381366252792265, 0.06539923041838872, 0.0984022956209425, 0.048092506276551185, 0.2532580298981926, 0.12377570376390329, 0.1862378703013169, 0.091020701192782]
Timestep: 379, Trans probs: [0.29720292466488435, 0.14259773115545535, 0.1444984150139097, 0.06933022667854481, 0.15749353064366442, 0.07556527300924724, 0.0765724818442307, 0.03673941699006344]
Timestep: 380, Trans probs: [0.15245670404704229, 0.07200327112021382, 0.3010320917824252, 0.1421734482322725, 0.07588623201952159, 0.03584005683808477, 0.14984051573930257, 0.07076768022113739]
Timestep: 381, Trans probs: [0.13018114001604192, 0.06498866558683784, 0.3293151385501634, 0.16439978486347911, 0.05879262371057369, 0.029350289610526013, 0.14872585245903788, 0.07424650520334006]
Timestep: 382, Trans probs: [0.13428735061183752, 0.060955019705498145, 0.3414108292005958, 0.15497143794091875, 0.05987483410331766, 0.027178075045807323, 0.15222518477224187, 0.06909726861978285]
Timestep: 383, Trans probs: [0.1188021278883253, 0.05205048835659972, 0.365237636205221, 0.16002068034136663, 0.05186338286857425, 0.022722778237374307, 0.15944545523907144, 0.0698574508634672]
Timestep: 384, Trans probs: [0.10384098288538955, 0.04834731533561425, 0.3658238614681286, 0.17032390387918972, 0.04701698952285491, 0.021890636581335457, 0.165637267521255, 0.07711904280623248]
Timestep: 385, Trans probs: [0.16440961587508535, 0.07569459238013956, 0.29887303442466034, 0.13760188170124169, 0.07859169757139785, 0.0361838112720247, 0.14286840224476433, 0.06577696453068632]
Timestep: 386, Trans probs: [0.1482234572755174, 0.06852338881094412, 0.08399277357022304, 0.03882968044635291, 0.2882808357525658, 0.1332716167745186, 0.16335813107497493, 0.07552011629490313]
Timestep: 387, Trans probs: [0.16360124129218406, 0.07451687501930225, 0.10095001585176412, 0.04598057847854404, 0.26128329089984825, 0.11900896459485576, 0.16122464689026111, 0.07343438697324042]
Timestep: 388, Trans probs: [0.1578301203711973, 0.0759081440917309, 0.2703579742498032, 0.13002823553220638, 0.09106442128661865, 0.04379728784592763, 0.15599045611431855, 0.07502336050819734]
Timestep: 389, Trans probs: [0.12771538580495106, 0.06275593289930048, 0.24686212904565916, 0.12130146346993433, 0.10090510181561226, 0.04958207469543706, 0.19504030864232327, 0.09583760362678242]
Timestep: 390, Trans probs: [0.15349140325788038, 0.07110757907266807, 0.10308757608671365, 0.04775712393273291, 0.2553353009155383, 0.11828854720541475, 0.17148776219428494, 0.07944470733476704]
Timestep: 391, Trans probs: [0.1622042782243477, 0.07698736711562452, 0.27497877658133535, 0.1305137709893946, 0.08939841346258078, 0.04243136218194392, 0.15155374834350613, 0.07193228310126713]
Timestep: 392, Trans probs: [0.14350038158194797, 0.06335261749629613, 0.3268581445619084, 0.1443014909068687, 0.06814815455163048, 0.030086080056326715, 0.15522453046122237, 0.06852860038379904]
Timestep: 393, Trans probs: [0.13827773752180064, 0.061592174248097084, 0.3366771640696678, 0.1499639705304322, 0.06314325672579278, 0.028125499740941327, 0.15374052964390778, 0.06847966751936047]
Timestep: 394, Trans probs: [0.14417260917917132, 0.06986793885867724, 0.3119600140576832, 0.1511799176877433, 0.0687286977594344, 0.033306829086550284, 0.14871483315221118, 0.0720691602185291]
Timestep: 395, Trans probs: [0.2807712028049633, 0.13736744741075765, 0.17096309933160903, 0.08364377942608504, 0.13658007002089978, 0.06682186562767359, 0.08316434108779064, 0.040688194290221004]
Timestep: 396, Trans probs: [0.27334963119310857, 0.13466588948968908, 0.19022231736340556, 0.09371315943146864, 0.12169226077544686, 0.05995177849630808, 0.0846848914661384, 0.04172007178443495]
Timestep: 397, Trans probs: [0.16892542175107858, 0.07539676730366741, 0.29898557593309455, 0.13344673443526023, 0.08068565862604345, 0.036012565575448095, 0.14280768319996592, 0.06373959317544185]
Timestep: 398, Trans probs: [0.1681152966622177, 0.07647813860224076, 0.29088540874996904, 0.13232808108144778, 0.08362707129552972, 0.038043193429859685, 0.14469768842771807, 0.0658251217510173]
Timestep: 399, Trans probs: [0.3117662949815939, 0.1473687243206173, 0.15751291474067153, 0.0744547363938919, 0.13934800151585508, 0.06586836855225606, 0.07040244643297852, 0.033278513062135744]
Timestep: 400, Trans probs: [0.1731515421794572, 0.08220399104067186, 0.28866103899478307, 0.1370423223763433, 0.08108717866329149, 0.03849627687082416, 0.13518048379749467, 0.06417716607713424]
Timestep: 401, Trans probs: [0.14638143736417253, 0.06550294181950511, 0.3311952544709921, 0.1482036511947747, 0.06537174772268108, 0.029252628371622968, 0.14790681805072903, 0.06618552100552261]
Timestep: 402, Trans probs: [0.14898603333780897, 0.0738025466965573, 0.31261501251064205, 0.15485870414811867, 0.06685370476111888, 0.033117021488068644, 0.1402780601782502, 0.0694889168794353]
Timestep: 403, Trans probs: [0.15338343073896613, 0.07613259523140455, 0.310131118392417, 0.15393505538036212, 0.06776329245515231, 0.03363463244485109, 0.13701288055574806, 0.06800699480109865]
Timestep: 404, Trans probs: [0.14224485206340923, 0.06509239451191592, 0.32347843975296575, 0.14802634971361098, 0.06729557783216826, 0.03079500057552981, 0.15303659994472155, 0.07003078560567849]
Timestep: 405, Trans probs: [0.1405390367800143, 0.07006538993922673, 0.30105703744740425, 0.15009124301683302, 0.07183491387319894, 0.03581311902439481, 0.15388184558149862, 0.0767174143374293]
Timestep: 406, Trans probs: [0.07019754988501366, 0.1294758119284888, 0.05403097476277616, 0.09965738602212428, 0.12845879967323623, 0.23693572516841013, 0.09887459283935655, 0.18236915972059423]
Timestep: 407, Trans probs: [0.13630153152282656, 0.08731112870278143, 0.22695503874471704, 0.1453813495431354, 0.09241186581007982, 0.059196578492273146, 0.15387456289796586, 0.09856794428622077]
Timestep: 408, Trans probs: [0.14901105304433288, 0.0714976983845679, 0.3073938637333355, 0.14749210414568534, 0.07161704602790274, 0.03436291369992064, 0.14773830556808082, 0.07088701539617431]
Timestep: 409, Trans probs: [0.1411435219721255, 0.06714003363844344, 0.11201164122008375, 0.053282398329970115, 0.236672288720268, 0.11258175510955686, 0.18782336674371933, 0.08934499426583291]
Timestep: 410, Trans probs: [0.15510342397655422, 0.07528679406333517, 0.07831683672075385, 0.03801478656447022, 0.2922391010393912, 0.14185209103141838, 0.14756116514218007, 0.07162580146189698]
Timestep: 411, Trans probs: [0.13588203807190816, 0.06274919103187095, 0.2687321197148446, 0.12409824989129704, 0.09385737082342874, 0.043342550458595544, 0.18562048796246777, 0.08571799204558714]
Timestep: 412, Trans probs: [0.1390758855502546, 0.06531230844574835, 0.06868501368723541, 0.032255604785778436, 0.3164195667970973, 0.14859579907153977, 0.15626923524793576, 0.07338658641441026]
Timestep: 413, Trans probs: [0.14601671815336537, 0.07014601113581752, 0.24822997833658852, 0.11924896713781374, 0.10416541322461095, 0.05004076470439551, 0.17708231355404572, 0.08506983375336277]
Timestep: 414, Trans probs: [0.13720024419537186, 0.06581509477969336, 0.31594381892081047, 0.15155856689089517, 0.06741812624219184, 0.032340542792188884, 0.15525001718737408, 0.07447358899147441]
Timestep: 415, Trans probs: [0.12082383916845182, 0.05672271349471119, 0.3374350242037894, 0.1584143521073461, 0.05860082612836394, 0.027511109512074656, 0.16365951718698324, 0.0768326181982797]
Timestep: 416, Trans probs: [0.14716697432189646, 0.0681898280239621, 0.3106163930749654, 0.14392412783371245, 0.07251889277027343, 0.03360163412530889, 0.1530612218256431, 0.07092092802423812]
Timestep: 417, Trans probs: [0.07533597361540807, 0.13581743650158598, 0.05782089047602582, 0.10424083932044179, 0.12652071856721991, 0.22809447911115763, 0.09710554281237961, 0.17506411959578108]
Timestep: 418, Trans probs: [0.2045691152570381, 0.14327276342808754, 0.15699495994941393, 0.10995355642014781, 0.12817699935791305, 0.08977050559589096, 0.09836843091073244, 0.06889366908077617]
Timestep: 419, Trans probs: [0.16589695534000062, 0.0817476484018189, 0.2885865497553971, 0.1422043686971147, 0.07863174328035408, 0.03874670327572057, 0.1367840865314426, 0.06740194471815134]
Timestep: 420, Trans probs: [0.1677713829756273, 0.0770279172924698, 0.29165574286886925, 0.13390623621932446, 0.08249871486881934, 0.037877163989126994, 0.14341673498804014, 0.06584610679772285]
Timestep: 421, Trans probs: [0.14960110371602559, 0.0662116526590166, 0.09657309171057489, 0.04274209110572874, 0.27165863736962104, 0.12023285184768524, 0.17536578172889428, 0.07761478986245371]
Timestep: 422, Trans probs: [0.2615893719920543, 0.121031127400437, 0.1270105114716469, 0.058764716922775025, 0.19863465715498033, 0.09190349100649545, 0.09644386241355248, 0.044622261638058616]
Timestep: 423, Trans probs: [0.29079701871558655, 0.12970973798483, 0.16936605400218518, 0.07554556984517845, 0.1462167867584959, 0.06521986086101407, 0.08515960827777933, 0.0379853635549306]
Timestep: 424, Trans probs: [0.17341527372062662, 0.07847899957838568, 0.2876660169797821, 0.13018311905813962, 0.08551265495031458, 0.03869871129462199, 0.141850739690627, 0.0641944847275024]
Timestep: 425, Trans probs: [0.150895073875034, 0.06960741152013175, 0.3209673984741965, 0.14806122702615276, 0.06794214969717288, 0.03134149480221023, 0.1445190653016676, 0.06666617930343421]
Timestep: 426, Trans probs: [0.18131733329581198, 0.08136033413906539, 0.29671726512017293, 0.133142349913242, 0.08049865536774933, 0.03612118808178408, 0.13173225324024557, 0.05911062084192871]
Timestep: 427, Trans probs: [0.15527049356962022, 0.07061561633367211, 0.08542859819433152, 0.038852153911067805, 0.28814808887113097, 0.13104714503841716, 0.15853680077083682, 0.07210110331092322]
Timestep: 428, Trans probs: [0.162939780433028, 0.07175232689374557, 0.26362055253411854, 0.11608821376258427, 0.10226130802258912, 0.045031893269518036, 0.16544874709007643, 0.07285717799434]
Timestep: 429, Trans probs: [0.1483554520312483, 0.07165279361113484, 0.3179430093861812, 0.15356028052715345, 0.06618247597602023, 0.03196484677074638, 0.1418367528280144, 0.06850438886950116]
Timestep: 430, Trans probs: [0.0759610324288529, 0.14633705802774905, 0.05037200483335906, 0.09704042663160832, 0.1294998022643164, 0.249478179437397, 0.08587514488678068, 0.1654363514899366]
Timestep: 431, Trans probs: [0.21418178559572543, 0.15387967297086957, 0.13110176850759686, 0.09419053636022295, 0.1467863227988539, 0.10545916071275356, 0.0898486603710563, 0.06455209268292142]
Timestep: 432, Trans probs: [0.17164472545856502, 0.08577403535645756, 0.2767986333798982, 0.13832138274402067, 0.08357435088942722, 0.04176364469651703, 0.13477411583724952, 0.06734911163786478]
Timestep: 433, Trans probs: [0.15292253279317933, 0.06872397230697959, 0.3202678528883173, 0.14392960050223697, 0.07004732922864965, 0.03147953820905007, 0.14670112587633843, 0.0659280481952486]
Timestep: 434, Trans probs: [0.14123248459852272, 0.0698830152374477, 0.3153413322691925, 0.15603353003814208, 0.06570448100930462, 0.03251112702997689, 0.1467037745347907, 0.07259025528262288]
Timestep: 435, Trans probs: [0.1776246519134605, 0.08536132305746698, 0.2908383298685945, 0.13976857584780938, 0.07846888200147728, 0.037709898453452025, 0.12848305875405364, 0.06174528010368566]
Timestep: 436, Trans probs: [0.154068316884614, 0.06959563850764888, 0.09247058223540162, 0.041770750430580664, 0.27640399527507964, 0.12485703047980386, 0.1658954864446259, 0.0749381997422453]
Timestep: 437, Trans probs: [0.3183026213805274, 0.14327051952020703, 0.15566131376341882, 0.07006438462667121, 0.1448185177573789, 0.06518395665501517, 0.07082141087501478, 0.031877275421766736]
Timestep: 438, Trans probs: [0.11143919928452843, 0.054855827622858726, 0.08724764596977984, 0.04294756116829811, 0.26442208209393303, 0.13016148938747796, 0.20702054890236868, 0.10190564557075538]
Timestep: 439, Trans probs: [0.168253007313081, 0.08177651331840069, 0.28882647952531976, 0.14037919931891046, 0.07945648630997053, 0.03861847413443206, 0.13639659452658326, 0.06629324555330224]
Timestep: 440, Trans probs: [0.13028705531355755, 0.060577201631863406, 0.06613359765439274, 0.03074893564912582, 0.3224966410774319, 0.14994539561224837, 0.16369901871355466, 0.07611215434782558]
Timestep: 441, Trans probs: [0.13299395362031927, 0.06534590271362527, 0.20637081123302378, 0.10139924851218754, 0.1297828650016635, 0.06376815065221539, 0.2013880661898546, 0.09895100207711062]
Timestep: 442, Trans probs: [0.14515450785803935, 0.06839802243643697, 0.30043833350246074, 0.14156906443280617, 0.07626614585703861, 0.03593724805689105, 0.15785437257211046, 0.07438230528421653]
Timestep: 443, Trans probs: [0.13274348665357338, 0.06252943349081504, 0.3212763881373127, 0.15133872893235908, 0.06600762020451918, 0.03109319486414404, 0.15975691420695823, 0.07525423351031835]
Timestep: 444, Trans probs: [0.14764785972042957, 0.06550795847836346, 0.3208152919945187, 0.14233836417943732, 0.07066618926929852, 0.03135296238795972, 0.15354637844054733, 0.06812499552944548]
Timestep: 445, Trans probs: [0.1301790620025301, 0.0581659203274912, 0.10932245405214874, 0.048846881015931064, 0.24550256344953117, 0.10969415761747266, 0.2061694277062349, 0.09211953382866012]
Timestep: 446, Trans probs: [0.12344051310062275, 0.06029504766342857, 0.3360892992472263, 0.16416425862359435, 0.05703094432108213, 0.027857009175965914, 0.15527714225114783, 0.07584578561693214]
Timestep: 447, Trans probs: [0.1332972393412173, 0.0612460854908182, 0.06723301806654865, 0.030891556289240393, 0.32215838018906656, 0.14802211802853155, 0.16249158874248418, 0.07466001385209314]
Timestep: 448, Trans probs: [0.15072166440139964, 0.06893134423439141, 0.31166941396273495, 0.14253950649046054, 0.07294680223117093, 0.03336163487422463, 0.15084286119144957, 0.06898677261416823]
Timestep: 449, Trans probs: [0.13244174188112653, 0.0617652270921058, 0.06378538220077998, 0.029746804601256633, 0.32784230088073746, 0.15289178378876955, 0.1578924149308619, 0.0736343446243621]
Timestep: 450, Trans probs: [0.12996569013907144, 0.058198571308275764, 0.21457553694678852, 0.09608681856454807, 0.13057712317643386, 0.058472370717851434, 0.21558502315933165, 0.0965388659876991]
Timestep: 451, Trans probs: [0.14133988465111075, 0.0647748538080482, 0.3123226807662776, 0.14313479905202647, 0.07230252769068574, 0.03313562673888683, 0.15976890974741237, 0.07322071754555201]
Timestep: 452, Trans probs: [0.1363467183084436, 0.06147877978529796, 0.3327023321560809, 0.15001559015456026, 0.06400305250768687, 0.02885899726464681, 0.156175118100344, 0.07041941172293956]
Timestep: 453, Trans probs: [0.117369439112809, 0.0561861324106106, 0.34035226215652403, 0.1629306352005079, 0.05603890646623004, 0.026826484327245992, 0.1625037039346109, 0.07779243639146152]
Timestep: 454, Trans probs: [0.1358938775057182, 0.067619471232961, 0.3099228851299116, 0.1542146121674724, 0.06764645845362224, 0.033660219543179375, 0.15427615987986742, 0.0767663160872676]
Timestep: 455, Trans probs: [0.25934774278108863, 0.11520059712508952, 0.2099176355570868, 0.09324406182966286, 0.12333471506922984, 0.05478448614924326, 0.09982786621471847, 0.04434289527388053]
Timestep: 456, Trans probs: [0.08589904005506777, 0.16230417206739095, 0.043111926483368875, 0.08145894912943903, 0.1445328565848907, 0.2730913594553223, 0.07253969175353421, 0.13706200447098618]
Timestep: 457, Trans probs: [0.18835449995039416, 0.12343684131902119, 0.16854629597110968, 0.11045566947523892, 0.1304617388412434, 0.0854972138164541, 0.11674179726756144, 0.07650594335897716]
Timestep: 458, Trans probs: [0.1645198826915593, 0.07989740770316281, 0.28726873126793784, 0.13950913754002026, 0.08059494037569019, 0.039140113065124306, 0.14072710173119676, 0.06834268562530868]
Timestep: 459, Trans probs: [0.1762036231207015, 0.07857186841290915, 0.296542187228541, 0.132232659585192, 0.08157347570528761, 0.036374850219220524, 0.1372842196832118, 0.06121711604493644]
Timestep: 460, Trans probs: [0.07826169845817509, 0.1382407021704998, 0.0534367220430809, 0.09439010553640344, 0.1365486774292635, 0.2411982543205673, 0.09323479894877831, 0.16468904109323151]
Timestep: 461, Trans probs: [0.30520719608246805, 0.14530856000059286, 0.15250724679117136, 0.07260840735515382, 0.14652904865317273, 0.06976219870089886, 0.07321826638382013, 0.03485907603272224]
Timestep: 462, Trans probs: [0.06031393325431124, 0.1372657903907268, 0.037775380076750575, 0.08597130254599404, 0.12738907551754683, 0.2899191147811628, 0.0797853909644873, 0.18158001246902045]
Timestep: 463, Trans probs: [0.11919260699804723, 0.0771871195204438, 0.2366799451799348, 0.15326993575192976, 0.08409340394783396, 0.05445746833533696, 0.16698369754336806, 0.10813582272310523]
Timestep: 464, Trans probs: [0.12800353351344004, 0.06274580026517157, 0.3218616945102267, 0.15777275081728803, 0.06293714480087848, 0.03085103519053607, 0.15825388188302875, 0.07757415901943031]
Timestep: 465, Trans probs: [0.1119839161363473, 0.05368307977029622, 0.34099076269742457, 0.16346485233229388, 0.05512567591259465, 0.026426259765769993, 0.16785755421126522, 0.08046789917400811]
Timestep: 466, Trans probs: [0.11824554623946391, 0.05623376343814276, 0.3468452038245953, 0.16494837870702983, 0.05405551297738922, 0.025707056425973533, 0.15855899873401122, 0.07540553965339429]
Timestep: 467, Trans probs: [0.16835270732527347, 0.08307793079254688, 0.28941890055070596, 0.14282112697808083, 0.07789554608786305, 0.038439540947991825, 0.13391197364583013, 0.06608227367170774]
Timestep: 468, Trans probs: [0.2732043992760713, 0.12361912252745587, 0.1927686989041106, 0.08722369578392307, 0.13045691042286792, 0.059028949888254335, 0.09204833067074607, 0.041649892526570885]
Timestep: 469, Trans probs: [0.15708904510597868, 0.07068424890648384, 0.0977907475187371, 0.0440022124630157, 0.26797423761581857, 0.12057847636277258, 0.16681876826315514, 0.07506226376403845]
Timestep: 470, Trans probs: [0.1391351113004318, 0.0640634856796885, 0.26196562650246086, 0.12061966965170312, 0.09838441242013023, 0.04530020019585106, 0.1852396134722891, 0.0852918807774454]
Timestep: 471, Trans probs: [0.17258495455044143, 0.08345150817766979, 0.2807504179463483, 0.1357536979985488, 0.08403146388332695, 0.040632466565279086, 0.13669713369477013, 0.06609835718361552]
Timestep: 472, Trans probs: [0.07082850033306998, 0.12230764891206844, 0.054093234740298556, 0.0934089572985849, 0.1371002374187783, 0.23674661506489586, 0.10470637230451146, 0.18080843392779256]
Timestep: 473, Trans probs: [0.11292683095398016, 0.07808619037847038, 0.2252647293351363, 0.1557651480327677, 0.08448289340505448, 0.05841789096906018, 0.1685251941949409, 0.11653112273058994]
Timestep: 474, Trans probs: [0.125, 0.125, 0.125, 0.125, 0.125, 0.125, 0.125, 0.125]
Timestep: 475, Trans probs: [0.07407407407407407, 0.14814814814814814, 0.037037037037037035, 0.07407407407407407, 0.14814814814814814, 0.2962962962962963, 0.07407407407407407, 0.14814814814814814]
Timestep: 476, Trans probs: [0.11292683095398016, 0.07808619037847038, 0.2252647293351363, 0.1557651480327677, 0.08448289340505448, 0.05841789096906018, 0.1685251941949409, 0.11653112273058994]
Timestep: 477, Trans probs: [0.25143089383363226, 0.15256770874657757, 0.12571544691681613, 0.07628385437328879, 0.16347300637431164, 0.09919505771214517, 0.08173650318715582, 0.04959752885607258]
Timestep: 478, Trans probs: [0.14863373299548308, 0.07395370855768699, 0.296492315869051, 0.14752173598465576, 0.07433866425469948, 0.036987699898695665, 0.14828963976944254, 0.07378250267028556]
Timestep: 479, Trans probs: [0.07407407407407407, 0.14814814814814814, 0.037037037037037035, 0.07407407407407407, 0.14814814814814814, 0.2962962962962963, 0.07407407407407407, 0.14814814814814814]
Timestep: 480, Trans probs: [0.14955184315965198, 0.07441052041416414, 0.07772994937544443, 0.03867505650611677, 0.289831765788968, 0.14420773471772055, 0.1506407945646116, 0.07495233547332246]
Timestep: 481, Trans probs: [0.14959413789576215, 0.07299330365740792, 0.298408116995195, 0.1456059348585118, 0.0748190075522239, 0.036507356601171256, 0.14924782129274128, 0.07282432114698684]
Timestep: 482, Trans probs: [0.15495673772111498, 0.07402309949457309, 0.2964548868443014, 0.14161700812276384, 0.07734419224433069, 0.036947453347485726, 0.1479707439448278, 0.07068587828060253]
Timestep: 483, Trans probs: [0.26969011050621877, 0.1300804865699727, 0.19090498881569398, 0.09207980888571755, 0.12531242271296747, 0.06044233839041358, 0.08870464924198598, 0.04278519487702989]
Timestep: 484, Trans probs: [0.12946545488055822, 0.24973589071613192, 0.09978132085594923, 0.19247587755190987, 0.06334682822545745, 0.1221945775845886, 0.04882252333800179, 0.09417752684740303]
Timestep: 485, Trans probs: [0.13934513017383152, 0.10323511590778117, 0.2576072145706875, 0.19085066425866282, 0.062300951497545824, 0.04615623051190084, 0.11517571199198075, 0.08532898108760952]
Timestep: 486, Trans probs: [0.14136548914078956, 0.07055942523409499, 0.31118968067203917, 0.15532337588513373, 0.06700358098448304, 0.033443340320371884, 0.14749584992188952, 0.07361925784119798]
Timestep: 487, Trans probs: [0.1743341875369728, 0.0802637116515164, 0.2845968119694547, 0.13102878314107289, 0.08577932537308716, 0.03949292525281026, 0.140032903924216, 0.06447135115086985]
Timestep: 488, Trans probs: [0.24891466622976724, 0.11241525685719544, 0.21521258984237676, 0.09719466888986318, 0.1205389915862615, 0.05443802048999729, 0.10421848157521503, 0.047067324529323475]
Timestep: 489, Trans probs: [0.15128073278289303, 0.0721804482213896, 0.3063696100798896, 0.14617787321743758, 0.07250446520592624, 0.034593994227450624, 0.14683406356888315, 0.07005881269613001]
Timestep: 490, Trans probs: [0.3083735550960184, 0.14299188322648276, 0.15865336772649374, 0.07356708594668966, 0.1427380882349196, 0.06618721906456547, 0.07343651239568891, 0.034052288309141344]
Timestep: 491, Trans probs: [0.12075914498412911, 0.05800051535144965, 0.2596736270610118, 0.12472102377586608, 0.0936743461361202, 0.04499170933861039, 0.20143200936816763, 0.09674762398464502]
Timestep: 492, Trans probs: [0.08869869495612837, 0.1391383371951022, 0.04391568773523177, 0.06888890272040375, 0.17168843647347787, 0.2693212518894693, 0.08500481058541763, 0.13334387844476908]
Timestep: 493, Trans probs: [0.1284519570232538, 0.08937547536194657, 0.23665372273697352, 0.16466108774008256, 0.07901564594537636, 0.05497822751054563, 0.14557463506807294, 0.10128924861374868]
Timestep: 494, Trans probs: [0.14286154752127164, 0.07006204556061743, 0.305862774724176, 0.15000097667870577, 0.07075126782189427, 0.03469778002279391, 0.15147658321449817, 0.07428702445604281]
Timestep: 495, Trans probs: [0.1488651245342095, 0.07141256630602452, 0.3189488628226859, 0.1530039818649531, 0.06618624476242187, 0.031750415736608965, 0.14180640071024345, 0.06802640326285282]
Timestep: 496, Trans probs: [0.13050608439479475, 0.06385743170485288, 0.33064771454142794, 0.16178796527081366, 0.059514645349241856, 0.02912088289562792, 0.1507851649808238, 0.0737801108624172]
Timestep: 497, Trans probs: [0.1254763287149872, 0.06012740460045826, 0.3381251626115875, 0.16202728168850486, 0.05749880561232503, 0.027553037170447787, 0.1549439101123245, 0.07424806948936498]
Timestep: 498, Trans probs: [0.12848645617301221, 0.05877829418503239, 0.3414954073352325, 0.1562228277831813, 0.05908967184371508, 0.027031565959373324, 0.15705041727046357, 0.0718453594499896]
Timestep: 499, Trans probs: [0.11217729591929675, 0.05215878897533597, 0.35499964362293895, 0.1650632719063712, 0.051728986599832924, 0.024052293950014323, 0.1637031063855189, 0.07611661264069079]
