2016.0,0.5,1
935.0,0.36111111111111116,1
2256.0,0.6120794734275962,1
620.0,0.4616034666618983,1
649.0,0.6336886107211356,1
1596.0,0.6715236066018805,1
2100.0,0.6650988781387297,1
1558.0,0.4754357371069199,1
1748.0,0.6311758275925133,1
1610.0,0.6620297377240333,1
1560.0,0.661167672986855,1
2440.0,0.6629318230597372,1
1691.0,0.4862234727855996,1
890.0,0.6383897674290093,1
1936.0,0.6621542042877445,1
570.0,0.6752631725623882,1
880.0,0.6626776128789789,1
1326.0,0.6679268929751679,1
1044.0,0.6702640829809037,1
1560.0,0.6681405004575586,1
2268.0,0.6664715207206663,1
580.0,0.47769332587251334,1
1410.0,0.6340551910020211,1
1400.0,0.6664847156699761,1
1480.0,0.6695853370485834,1
600.0,0.6681904387937841,1
1625.0,0.6637591056485459,1
374.0,0.6714841481665432,1
1580.0,0.6745808452096624,1
770.0,0.679308357224325,1
900.0,0.6666169514079996,1
510.0,0.6741320908398786,1
1184.0,0.6651768121658734,1
1260.0,0.6663384559076759,1
1717.0,0.666260736510069,1
578.0,0.6618957306367109,1
492.0,0.6684056110971157,1
360.0,0.6672583240440781,1
1600.0,0.6774395181685494,1
680.0,0.6709967808105003,1
528.0,0.6639116923324013,1
2220.0,0.6667577327606159,1
1965.0,0.48687292952106603,1
2533.0,0.6373124894525617,1
1606.0,0.4659448257985812,1
2760.0,0.6343915392938835,0
513.0,0.2724188423450007,1
2250.0,0.5594405594405594,1
2624.0,0.49903163183381977,1
3000.0,0.36443876626364946,0
3667.0,0.463237740178155,0
1218.0,0.35073564699417725,1
3154.0,0.5379370302180502,0
3726.0,0.34722923739467887,0
1428.0,0.4002889253836972,1
3164.0,0.4429954204005252,0
2550.0,0.36246595118750663,1
2332.0,0.23234648759583812,1
693.0,0.45418388428903456,1
3672.0,0.45035357049253993,0
242.0,0.47135513886199987,1
2266.0,0.41896479386909574,1
1071.0,0.46300504866290343,1
2640.0,0.44681696802529114,1
1064.0,0.5301776944740108,1
3834.0,0.49470925678362954,0
2565.0,0.5398947979781136,1
2310.0,0.2888536610150068,1
1989.0,0.5484249877449952,1
4313.0,0.4901554099487625,0
559.0,0.5395801752908796,1
2618.0,0.45847570814338595,1
912.0,0.5420590128939556,1
3024.0,0.4813290924519176,0
1716.0,0.5437562443140066,1
2170.0,0.4565012548827776,1
1716.0,0.5480056608615184,1
3150.0,0.4778906917919902,0
1152.0,0.5508839840713575,1
3895.0,0.4566308951387727,0
1287.0,0.536043621814511,1
2541.0,0.43316227766881016,1
870.0,0.549527247291925,1
1590.0,0.4556571761839976,1
1560.0,0.7335891895330964,1
2850.0,0.5278469522068813,0
1332.0,0.5548199365350199,1
2982.0,0.45538475749814217,0
1001.0,0.5532648697698112,1
2314.0,0.43760589104869013,1
1521.0,0.546456518787967,1
3133.0,0.4525832721209332,0
1540.0,0.5440781767658364,1
3090.0,0.43560027711762594,0
1536.0,0.5450165617100936,1
2260.0,0.4207104286278077,1
1100.0,0.5531392904773478,1
3066.0,0.4394017258499697,0
1980.0,0.5579225639793696,1
2821.0,0.4254701409653627,0
1254.0,0.5619171658381877,1
3315.0,0.4124664089337643,0
2044.0,0.5492808187278437,1
2200.0,0.23748107454764017,1
1476.0,0.555935313094269,1
2316.0,0.41523691848222755,1
1420.0,0.5521720755001516,1
2651.0,0.42949696485763555,1
850.0,0.5579028668213677,1
3318.0,0.4449409473441453,0
1050.0,0.5550196983758695,1
2268.0,0.4315075624026176,1
250.0,0.5599765129638644,1
1970.0,0.4457131374923346,1
1391.0,0.7286407830682711,1
1694.0,0.5039736310411035,1
1500.0,0.7289294627242586,1
2268.0,0.5188255682643013,1
2023.0,0.5602078180964847,1
3944.0,0.30413142285026257,0
850.0,0.5583109836043553,1
2324.0,0.466884156592595,1
1937.0,0.5545929293287912,1
2101.0,0.47649325076393445,1
1500.0,0.5489543718262659,1
3618.0,0.48486574128105575,0
525.0,0.5542882168078398,1
2472.0,0.47388384181991705,1
1254.0,0.5498612268855249,1
4000.0,0.4826147400786292,0
1417.0,0.5481456726045436,1
2198.0,0.4698132464224096,1
2032.0,0.5474610499377749,1
1950.0,0.30312161243645347,1
1716.0,0.7259560856248194,1
2112.0,0.5470159238397088,1
363.0,0.5443067008836248,1
1620.0,0.4956501513148438,1
273.0,0.7258544026939397,1
2790.0,0.5682516831718291,0
1098.0,0.5440411473492204,1
1610.0,0.49069843407852065,1
570.0,0.7184101272857079,1
3880.0,0.5600744001738309,0
825.0,0.550037921900947,1
2210.0,0.48868832154303377,1
1260.0,0.5573367998809166,1
4212.0,0.4999443987224571,0
1705.0,0.5460355131883989,1
3852.0,0.48410312769499764,0
900.0,0.5460532989385278,1
3120.0,0.47242922248716473,0
1960.0,0.5475018130758048,1
1793.0,0.46123243666944047,1
1720.0,0.7288295539827464,1
3360.0,0.5251620357908677,0
1224.0,0.5516311182103718,1
4266.0,0.46044567346705834,0
2208.0,0.5417464591841453,1
2562.0,0.27597316309274844,1
429.0,0.5546393306609776,1
3179.0,0.4607081941186014,0
1316.0,0.5519487572247642,1
2296.0,0.4486970986342938,1
1440.0,0.5460959886514124,1
2720.0,0.45747074605818755,0
580.0,0.5412936004994505,1
1932.0,0.44525829384962223,1
1140.0,0.7207424666921495,1
3162.0,0.5055942763878644,0
1469.0,0.5455835770114027,1
3600.0,0.4460258292294681,0
1584.0,0.542123980568258,1
2736.0,0.43492858180211996,0
1236.0,0.548120911299208,1
4427.0,0.42656289254640056,0
1764.0,0.5379855727846368,1
3060.0,0.41494617727183225,0
276.0,0.5478403829774733,1
2057.0,0.4079347721736604,1
1350.0,0.5469808166978956,1
3294.0,0.4192298257971928,0
820.0,0.5515623330465618,1
2856.0,0.41113044265293486,0
572.0,0.5560703687039321,1
2673.0,0.4031591553199156,1
1534.0,0.5579762890130857,1
3672.0,0.41490827923804047,0
1620.0,0.558337840270635,1
2982.0,0.40628142478253093,0
1133.0,0.5478512765260171,1
3348.0,0.396026254259353,0
731.0,0.5556699873454398,1
3402.0,0.38940541377238125,0
1258.0,0.5438878323039268,1
4464.0,0.38002414160651543,0
1712.0,0.5541459770579767,1
4248.0,0.37428339122974325,0
1441.0,0.556307760399291,1
3760.0,0.3676669001350435,0
1962.0,0.5586515786594081,1
4320.0,0.36134759006394784,0
858.0,0.5446994225515261,1
3200.0,0.35363888490146683,0
1120.0,0.5455024514205093,1
3078.0,0.3478071611435801,0
1386.0,0.5470267152427726,1
2652.0,0.3422301894495316,1
2720.0,0.5485582272713587,0
1920.0,0.20548565114220932,1
2516.0,0.6676427790405525,1
2828.0,0.25443605508809725,0
994.0,0.5192523514423036,1
3690.0,0.4233222529458361,0
560.0,0.5008642357421825,1
2200.0,0.4198932912071619,1
690.0,0.5007223188786839,1
2587.0,0.42948069967489677,1
372.0,0.5383236100121005,1
2760.0,0.4370423569677622,0
742.0,0.5414373038468306,1
2790.0,0.43162659666563963,0
2128.0,0.5414020312377169,1
2651.0,0.26002861231351215,1
1494.0,0.5425053906041548,1
1815.0,0.43584158103346066,1
996.0,0.7275479859738223,1
3654.0,0.4399956621394322,0
1349.0,0.5516995167101214,1
3705.0,0.43953343305934706,0
1632.0,0.5605811920913498,1
3094.0,0.4340362278917222,0
429.0,0.5549072520349823,1
2528.0,0.42935204721330855,1
1162.0,0.5622162943081003,1
3781.0,0.4380901081452709,0
576.0,0.5573284179230139,1
2223.0,0.4333449423527969,1
1050.0,0.5493093680122085,1
3895.0,0.4423258497704856,0
1890.0,0.55063459388612,1
1820.0,0.43747442678524584,1
1420.0,0.7279831181859763,1
2440.0,0.7259101971372838,1
2444.0,0.27160693282071663,1
1840.0,0.5490362917276889,1
2050.0,0.45348757375300297,1
1904.0,0.5529742877000459,1
4541.0,0.46113373704287425,0
2780.0,0.5525895163223831,0
2328.0,0.2837971385965028,1
1872.0,0.31603554442960125,1
3300.0,0.5282553946888491,0
406.0,0.38008856356850584,1
3270.0,0.5180586881252942,0
1056.0,0.5018107115500697,1
2430.0,0.49954699171772077,1
975.0,0.5370323509109571,1
4165.0,0.5023202050506623,0
930.0,0.5388029281021177,1
3200.0,0.4976209724854769,0
1989.0,0.5432628758851409,1
3876.0,0.4926650749613736,0
1078.0,0.5466913837383838,1
3402.0,0.4879442570587462,0
630.0,0.5355313642776759,1
2244.0,0.4854355605292848,1
352.0,0.5463814847078199,1
2236.0,0.4912024170233289,1
671.0,0.5529170419898708,1
1510.0,0.4976766846739562,1
1292.0,0.7288130221772651,1
2431.0,0.486147398790624,1
1824.0,0.5503881855254317,1
3480.0,0.5117383077007985,0
1853.0,0.5448965663230334,1
2745.0,0.5077054580683441,0
1606.0,0.5446419033085387,1
3675.0,0.5032362444636513,0
1183.0,0.5409801695397612,1
2896.0,0.4992260393317983,0
702.0,0.5399941057780008,1
4302.0,0.4949818732293122,0
1443.0,0.5357440017679518,1
2758.0,0.4912800120134978,0
658.0,0.5372820677477291,1
3168.0,0.486966011296363,0
351.0,0.546094249486228,1
3528.0,0.48165941597471257,0
1876.0,0.5445161732657795,1
1540.0,0.4779618730703044,1
684.0,0.7173313811249747,1
2988.0,0.46037677121393256,0
1078.0,0.5477694925421364,1
2431.0,0.4808480397346538,1
310.0,0.5511349081336834,1
2884.0,0.48781291171675967,0
1397.0,0.5514006990909682,1
2353.0,0.48363091073547154,1
1036.0,0.5559011462802581,1
4000.0,0.490226695695123,0
2622.0,0.5517156492866431,1
1750.0,0.30937483422675705,1
1261.0,0.7316776113506209,1
2300.0,0.4708802492362584,1
1510.0,0.5439128109348872,1
2676.0,0.5013117717032675,1
1056.0,0.5438735881853518,1
4780.0,0.5078794495884963,0
583.0,0.5555792235611918,1
3417.0,0.5023681322959295,0
767.0,0.5525872906044192,1
2460.0,0.49850865250018167,1
1476.0,0.5480547715998862,1
2656.0,0.5056557171981629,1
1218.0,0.5516288074783685,1
3165.0,0.5117094515872911,0
320.0,0.5495141625061224,1
2856.0,0.5076108671500723,0
1635.0,0.5481327049521021,1
2015.0,0.5035672785947717,1
1275.0,0.5541319483446642,1
3029.0,0.5093493148292911,0
1316.0,0.5551183934292915,1
2260.0,0.5049843820736583,1
800.0,0.5585849177254723,1
4085.0,0.5110443231258012,0
520.0,0.549385248266788,1
3366.0,0.5076297988608569,0
561.0,0.5370059419402736,1
2587.0,0.5047554506815077,1
2698.0,0.5437877844682303,1
2888.0,0.3299019273915255,0
1404.0,0.5487497687276307,1
4338.0,0.5055576910134785,0
1530.0,0.5482559288860601,1
2464.0,0.5014252851562888,1
1216.0,0.5504618491267108,1
3990.0,0.5076380475924559,0
375.0,0.5513136086525917,1
3842.0,0.5033441114816741,0
869.0,0.5575120997336661,1
3536.0,0.4984871053804997,0
1278.0,0.5455941386097243,1
2610.0,0.49584125994762335,1
1830.0,0.5485510968019647,1
2352.0,0.501994786093656,1
798.0,0.5512148200596314,1
3315.0,0.5079500159046173,0
1490.0,0.5496041023107099,1
2354.0,0.5039811216049178,1
2322.0,0.5558626112035859,1
3128.0,0.32934564587996046,0
1551.0,0.5462953157140379,1
3172.0,0.5063864978889698,0
1548.0,0.5463495261113603,1
3240.0,0.5022680383371695,0
972.0,0.5325203337137092,1
1750.0,0.49989327955511514,1
2622.0,0.7156630217755651,1
2985.0,0.309239251556021,0
1260.0,0.5409906180392462,1
3078.0,0.5012079976768368,0
1479.0,0.5516605708441328,1
1989.0,0.4959464953913534,1
1584.0,0.7223818656994835,1
2123.0,0.48350204037231914,1
2180.0,0.5441814737706363,1
4248.0,0.3290066497868209,0
1104.0,0.5411161985240572,1
2712.0,0.5055867303298593,0
988.0,0.5536159499727399,1
3472.0,0.500292399397937,0
770.0,0.5464035493519285,1
3165.0,0.4972579097312485,0
1344.0,0.5450887276097649,1
3840.0,0.49365532789351646,0
1470.0,0.5454116751463308,1
2180.0,0.48993346701751234,1
420.0,0.5482947149616448,1
2550.0,0.4959486420999437,1
1300.0,0.5489289194055664,1
3834.0,0.5021561838116007,0
2432.0,0.5390622546691075,1
1969.0,0.32036396189488914,1
640.0,0.7152304516602856,1
1896.0,0.4867782121991792,1
1350.0,0.7240666140854011,1
3096.0,0.49413664571732546,0
798.0,0.5437858465722119,1
2148.0,0.5071548893237579,1
1606.0,0.5444962933907146,1
2964.0,0.5132514608661239,0
1296.0,0.5464417927155257,1
2860.0,0.5088905488691964,0
1080.0,0.5543398573469245,1
2015.0,0.5039679908379912,1
988.0,0.5499574372844636,1
1590.0,0.5105255028332107,1
1606.0,0.7189640871194692,1
2208.0,0.502265047845606,1
1577.0,0.544276329384799,1
3798.0,0.5227333350625614,0
660.0,0.5476867151969931,1
2904.0,0.518181710613786,0
450.0,0.5494749541300724,1
2172.0,0.5137867210461923,1
1836.0,0.5507960983757386,1
2992.0,0.5197727666566213,0
2592.0,0.5474283577819111,1
3553.0,0.3347303372518212,0
1220.0,0.5418053429736589,1
3780.0,0.5119910231223677,0
512.0,0.5472453771140954,1
4464.0,0.5072889813000394,0
2603.0,0.5480245977073945,1
2820.0,0.3235457675692982,0
325.0,0.5524885472162957,1
2506.0,0.49845236814779725,1
2622.0,0.5481345033876315,1
2655.0,0.3256022297543435,1
2840.0,0.5472508759166932,0
3105.0,0.3311958754164911,0
520.0,0.4303128562322732,1
2952.0,0.48057308361176554,0
1064.0,0.3806299130075837,1
4097.0,0.4786123065319318,0
600.0,0.3791235230048288,1
3774.0,0.4757563673864597,0
1695.0,0.3746871634660318,1
3248.0,0.47309479540396066,0
630.0,0.3749781270257592,1
2100.0,0.4703075943321134,1
972.0,0.3841126234383606,1
3600.0,0.47450011687209365,0
630.0,0.5062086069039188,1
3984.0,0.4659647617181506,0
1265.0,0.5045823485004808,1
3792.0,0.4622436668475594,0
288.0,0.4977886850956191,1
2392.0,0.4589309305536149,1
2664.0,0.5071289612950285,1
2568.0,0.2908492088878072,1
429.0,0.5450880864953797,1
2112.0,0.4695802494701375,1
2540.0,0.5413617593273328,1
2964.0,0.3004395923534845,0
2304.0,0.5488181627081523,1
2580.0,0.2966588907028025,1
1488.0,0.5461789867143213,1
3287.0,0.4782276617602032,0
2640.0,0.5454119993134512,1
2390.0,0.2985296878970913,1
364.0,0.5373090667999393,1
1914.0,0.48040828387949674,1
1350.0,0.7244598990764577,1
3078.0,0.4855185444696079,0
455.0,0.5371485955230485,1
2552.0,0.48206931488134996,1
2451.0,0.5450005607620145,1
1760.0,0.31075653068887815,1
793.0,0.7264482559365689,1
1824.0,0.730408680402191,1
3081.0,0.4960337715613444,0
1582.0,0.5426635775905096,1
4080.0,0.4897007770086575,0
1876.0,0.5484221287394723,1
4338.0,0.4852037945719938,0
559.0,0.5370662656606316,1
2610.0,0.480961488579986,1
1200.0,0.5462808651648794,1
3872.0,0.4870014209590782,0
1232.0,0.546398005693181,1
2595.0,0.4825208369753653,1
1140.0,0.5445999245962783,1
2340.0,0.48887462513458463,1
2250.0,0.5480728367139851,1
2340.0,0.316657568469701,1
871.0,0.5477054456087055,1
3582.0,0.5013888304054946,0
1617.0,0.5536904615519583,1
3122.0,0.4964196946013227,0
1479.0,0.5553879683186884,1
2870.0,0.4913998743882804,0
612.0,0.5482296999380356,1
4880.0,0.4865269965379032,0
1180.0,0.5538145139878625,1
3689.0,0.48176565676142763,0
1602.0,0.5494848560004317,1
3204.0,0.4772026064360616,0
2196.0,0.5426134859420253,1
2718.0,0.297661756592145,0
1320.0,0.5392181989529727,1
1848.0,0.468564126682984,1
1209.0,0.7296615979917768,1
960.0,0.7322120678198257,1
2265.0,0.47014479139011583,1
1246.0,0.5494624613475828,1
2110.0,0.4815810494039623,1
1674.0,0.5519606712926257,1
