126.0,0.5,1
55.0,0.4444444444444444,0
141.0,0.27058823529411763,1
31.0,0.5212765957446808,0
59.0,0.29010444906965627,0
133.0,0.2666005839813075,1
105.0,0.44750666982064013,1
82.0,0.452802688541406,0
92.0,0.3131959817871932,0
115.0,0.2820781171676992,1
78.0,0.4453025681511519,0
122.0,0.28344456834422815,1
89.0,0.4730118498387933,0
89.0,0.28830544005636416,0
121.0,0.30131916679069837,1
57.0,0.4386386289902533,0
55.0,0.27708656054406716,0
78.0,0.29038156296969136,0
58.0,0.256715462696234,0
104.0,0.23858330972349867,0
126.0,0.311396990816611,1
29.0,0.3292085398458541,0
141.0,0.226056317961063,1
100.0,0.37349350673478965,0
148.0,0.3260218755939405,1
60.0,0.3628928772496125,0
125.0,0.24803736315646321,1
22.0,0.4084338222780708,0
79.0,0.2457555003296512,0
70.0,0.27657689121408113,0
50.0,0.24807502164261036,0
30.0,0.23815355814260933,0
74.0,0.22497552797155174,0
90.0,0.21364843432632147,0
101.0,0.20306720972745573,0
34.0,0.2772173428278524,0
41.0,0.17290222394114566,0
30.0,0.17744375671346746,0
100.0,0.1681437083744792,0
40.0,0.23509474887648138,0
44.0,0.1477235670942723,0
148.0,0.14869087448107027,1
131.0,0.24087513668618313,1
149.0,0.2415131104016543,1
146.0,0.25309929283955346,1
138.0,0.26342210557654605,1
27.0,0.2734608148634025,0
225.0,0.3333333333333333,1
164.0,0.6799060643659918,1
150.0,0.2796602285328834,1
193.0,0.625,1
87.0,0.29950475377230856,0
166.0,0.5273926766623204,1
207.0,0.7114493459541946,1
119.0,0.37157965766325124,1
226.0,0.7312507706467095,1
150.0,0.3975239304356818,1
212.0,0.7444450008737056,1
63.0,0.4219703724534757,0
216.0,0.6522324543583895,1
22.0,0.39826986848617313,0
206.0,0.6883733873138698,1
63.0,0.3886569370593317,0
176.0,0.7113815234707261,1
76.0,0.2975691171384921,0
213.0,0.729850310475076,1
135.0,0.3671492657968305,1
154.0,0.8250546390595475,1
117.0,0.31227541433405964,1
227.0,0.8280568092955128,1
43.0,0.41598474353912146,0
238.0,0.7484451345987839,1
76.0,0.39645169521627005,0
189.0,0.7626475687279337,1
143.0,0.3048638806430394,1
217.0,0.8504825314679664,1
132.0,0.41229045096630623,1
175.0,0.8517861895853371,1
72.0,0.34613062239916753,0
205.0,0.784287219704789,1
117.0,0.4124152034474954,1
231.0,0.8618747118930631,1
58.0,0.43820387187516097,0
159.0,0.7898909756948302,1
78.0,0.3341633739542975,0
150.0,0.7906163184951989,1
74.0,0.32442756957411856,0
213.0,0.7898031662905807,1
91.0,0.3974947497153122,0
178.0,0.7964894738577,1
117.0,0.30680470176917296,1
241.0,0.8691845632595465,1
154.0,0.4102770911152689,1
206.0,0.872555677273086,1
128.0,0.4270131349560092,1
226.0,0.872838838350918,1
55.0,0.44309714173666914,0
219.0,0.8105540581918143,1
110.0,0.4251506313364126,1
217.0,0.8818573125164944,1
66.0,0.44875075563878614,0
195.0,0.8151927805603837,1
146.0,0.3446293511469045,1
200.0,0.8833732997541008,1
82.0,0.36588465522849123,0
193.0,0.8179845928203799,1
71.0,0.34853071842457994,0
241.0,0.82751642000834,1
50.0,0.42532478742273205,0
237.0,0.8318217586869638,1
70.0,0.4161567450222361,0
162.0,0.8312287640735014,1
25.0,0.3235660402932409,0
197.0,0.8392401450292309,1
107.0,0.31607928832426496,1
154.0,0.9017296875917769,1
125.0,0.3340594294238959,1
189.0,0.9036262710122862,1
119.0,0.34761973947804614,1
232.0,0.9019006504268039,1
50.0,0.44726108070896453,0
166.0,0.8445609471066516,1
149.0,0.34547580827686786,1
191.0,0.9008725003147418,1
150.0,0.36460259705656395,1
201.0,0.8988717240506814,1
35.0,0.46469644501187635,0
206.0,0.8395317844795427,1
66.0,0.4467387756555295,0
200.0,0.8378927074320395,1
109.0,0.35136153398522896,1
157.0,0.8973226276142486,1
127.0,0.3704329456438778,1
195.0,0.9001476473534765,1
143.0,0.38323579268103763,1
176.0,0.8980336001562637,1
33.0,0.394866149549191,0
162.0,0.8416990111334264,1
21.0,0.37676756942801853,0
155.0,0.8472913515118883,1
61.0,0.3681975995184082,0
161.0,0.8421404129383974,1
38.0,0.3584898654352176,0
194.0,0.8395322715615812,1
75.0,0.3494553584360844,0
170.0,0.8366718274027237,1
63.0,0.34075255682878136,0
234.0,0.833414513493756,1
155.0,0.41650025207571256,1
214.0,0.8971594961492114,1
75.0,0.4367868133486193,0
156.0,0.835692054853661,1
98.0,0.3365419170504511,0
163.0,0.8449096068319866,1
86.0,0.329405655175211,0
224.0,0.8383662191907045,1
68.0,0.4043745103924012,0
237.0,0.8308323814439578,1
138.0,0.39587808605677655,1
183.0,0.8949862876352133,1
33.0,0.3304513203334507,0
187.0,0.8424562327218719,1
94.0,0.31903542655283357,0
164.0,0.8467618258637217,1
80.0,0.31220758032720786,0
170.0,0.8429007075249475,1
58.0,0.30515143616644613,0
161.0,0.8371744446667088,1
60.0,0.2982853048200177,0
186.0,0.8423086232385688,1
113.0,0.2921765117415136,1
200.0,0.8943738942023159,1
132.0,0.30656229009309166,1
228.0,0.8944224588732915,1
103.0,0.40122397360757717,0
233.0,0.8946978037739157,1
98.0,0.3935793093445418,0
170.0,0.8378340539864735,1
23.0,0.3021623463202697,0
187.0,0.8439865503038986,1
75.0,0.2964411213436326,0
183.0,0.841945045506817,1
41.0,0.2905792414824322,0
238.0,0.8372575482042943,1
52.0,0.36358063388075146,0
243.0,0.8412797163262015,1
118.0,0.3576038300427685,1
216.0,0.9004798512864726,1
81.0,0.3724281379608111,0
213.0,0.8438056204878734,1
103.0,0.3639449500818446,0
186.0,0.9022033962422444,1
43.0,0.2811261471377852,0
189.0,0.8502344395003762,1
74.0,0.2747080275316154,0
248.0,0.849905943068457,1
107.0,0.34606774573720994,1
236.0,0.9066695852097316,1
131.0,0.3600377107104231,1
188.0,0.9080705251623111,1
109.0,0.29312438762971776,1
240.0,0.9081666746099354,1
78.0,0.3853526158697364,0
200.0,0.8501122290697417,1
70.0,0.295922310171417,0
162.0,0.8497230903482295,1
126.0,0.29047799864981916,1
156.0,0.8999923763317742,1
136.0,0.3029954321643503,1
192.0,0.9014681661278777,1
148.0,0.3137418541162562,1
202.0,0.9029472581659033,1
71.0,0.40766254029383975,0
246.0,0.8471170351024657,1
35.0,0.3968737848843746,0
200.0,0.8532466107161893,1
46.0,0.3092703005897355,0
199.0,0.8558935158616877,1
31.0,0.30382567956936235,0
230.0,0.8604162329912095,1
53.0,0.3790285242851641,0
186.0,0.8593201727268188,1
133.0,0.2932108886337111,1
241.0,0.9139031150144795,1
83.0,0.3869582020078489,0
165.0,0.8622636237442309,1
83.0,0.29782777308780356,0
203.0,0.8659352061878987,1
71.0,0.37252305459796714,0
247.0,0.8623908039813248,1
96.0,0.36675612115254197,0
182.0,0.8619074130226282,1
33.0,0.28285434213466215,0
158.0,0.8597156195203013,1
83.0,0.2780718664199318,0
199.0,0.8658487367781769,1
36.0,0.27350366194747916,0
171.0,0.8597058148209373,1
105.0,0.2689418404288869,1
205.0,0.9129471269683991,1
105.0,0.357353037886557,1
182.0,0.911956556215012,1
142.0,0.28922014929206974,1
122.0,0.2732910860528678,1
188.0,0.9137763047711661,1
115.0,0.3084069118657178,1
205.0,0.9126180949702907,1
119.0,0.40021176689380683,1
239.0,0.9125796383746152,1
139.0,0.410206298824904,1
194.0,0.9142602380550644,1
144.0,0.33564070684118325,1
165.0,0.9156223793235755,1
29.0,0.3446806787469762,0
218.0,0.8659402284677351,1
88.0,0.4188505558354703,0
243.0,0.8660090598441792,1
65.0,0.41287558190143886,0
245.0,0.8628967128288026,1
93.0,0.40677621630452004,0
160.0,0.8657789338896063,1
117.0,0.31849656046180524,1
228.0,0.9112659149469907,1
77.0,0.41474575652164225,0
243.0,0.8614939128069228,1
63.0,0.4046037015322223,0
187.0,0.860278848754563,1
22.0,0.31616915390450695,0
172.0,0.8661937130953021,1
61.0,0.3113425389581004,0
151.0,0.8694818812231522,1
76.0,0.3064113102261003,0
221.0,0.8723968626484973,1
152.0,0.38227534670151353,1
174.0,0.9145642079115248,1
109.0,0.31299921822396465,1
183.0,0.9151911930000134,1
146.0,0.3223883537096162,1
245.0,0.9145083077801216,1
91.0,0.4158089183228562,0
181.0,0.8609549926797201,1
54.0,0.3221288259496125,0
239.0,0.8570102358444448,1
111.0,0.3991090941589626,1
197.0,0.9075132247289319,1
47.0,0.3288889674746529,0
198.0,0.8529132318737576,1
27.0,0.31955721533572795,0
196.0,0.8520784419270769,1
134.0,0.3143812183218068,1
154.0,0.9010934248503382,1
38.0,0.3263235628651002,0
249.0,0.8423266185798424,1
98.0,0.39962392723375223,0
221.0,0.8433714699243382,1
31.0,0.39431472662196365,0
206.0,0.8487384232131174,1
127.0,0.3893449995986838,1
181.0,0.9025268389262466,1
74.0,0.319515898967919,0
200.0,0.8508685111743757,1
138.0,0.3113253311626652,1
175.0,0.9012973460870731,1
97.0,0.32319895278669586,0
230.0,0.848726395480822,1
151.0,0.3969006552242668,1
223.0,0.9053961963689616,1
88.0,0.4107492521295847,0
239.0,0.8496944900743867,1
53.0,0.4006122881059061,0
201.0,0.8460900121207344,1
59.0,0.3948085350650067,0
205.0,0.8403088905996099,1
123.0,0.38904523176541633,1
166.0,0.8996126776429058,1
87.0,0.31959528349438066,0
211.0,0.8453365836763785,1
32.0,0.39312471049793035,0
168.0,0.8445764963406313,1
109.0,0.30637339552852083,1
155.0,0.9008211937577905,1
75.0,0.3183733085787081,0
233.0,0.8479048992071366,1
94.0,0.3919146949179119,0
226.0,0.8524141670138814,1
50.0,0.38682314412725183,0
215.0,0.8490543353093176,1
26.0,0.3813644025598636,0
187.0,0.855398528876548,1
33.0,0.29630869919673725,0
199.0,0.851422618659947,1
142.0,0.29159410132350244,1
152.0,0.9038109387074447,1
108.0,0.302510596567029,1
241.0,0.904212576715295,1
90.0,0.3934157905535033,0
154.0,0.848295290895384,1
64.0,0.30365516571966655,0
210.0,0.841529400508074,1
25.0,0.3792467108892808,0
226.0,0.842505813971453,1
79.0,0.37430440493313144,0
208.0,0.8413457069731918,1
71.0,0.36933184366021904,0
174.0,0.843164465927948,1
122.0,0.28575982234201874,1
168.0,0.9019852508854247,1
42.0,0.2963838153908098,0
221.0,0.8445856433827016,1
149.0,0.3691391591405017,1
214.0,0.9048503278307922,1
129.0,0.38144383121726444,1
184.0,0.9035782487183003,1
141.0,0.3095759567433427,1
244.0,0.9024707562910378,1
86.0,0.40096453171003055,0
180.0,0.8467194585126647,1
54.0,0.3099785821935509,0
175.0,0.8545655231994433,1
138.0,0.30577890599237356,1
199.0,0.9057840558471799,1
126.0,0.3172022524070051,1
162.0,0.9048195959330039,1
87.0,0.3257905091816845,0
153.0,0.8496844071373242,1
132.0,0.31694689733629644,1
193.0,0.9009683150031649,1
109.0,0.3289593171299683,1
236.0,0.9019509934324632,1
69.0,0.42221912060095873,0
226.0,0.8482822581992548,1
76.0,0.4115185561016225,0
217.0,0.8444540986367862,1
55.0,0.40559208705858407,0
211.0,0.847606037140844,1
84.0,0.40030222800619214,0
240.0,0.8492683176972631,1
147.0,0.3949047402551301,1
218.0,0.9011959336648279,1
42.0,0.40837671582473134,0
150.0,0.8492558313126783,1
130.0,0.31615148260712933,1
213.0,0.9071604380605338,1
152.0,0.41305172715102995,1
179.0,0.9041719772398212,1
32.0,0.33792293925929173,0
158.0,0.8541576452232207,1
135.0,0.32816590833508824,1
172.0,0.9036521958631747,1
42.0,0.3411748044597145,0
179.0,0.8464705331339497,1
146.0,0.3305526283611837,1
247.0,0.9027015226185293,1
81.0,0.429223728022883,0
220.0,0.8493382673624761,1
90.0,0.4177854163880921,0
155.0,0.8514603195039225,1
52.0,0.3282613364082282,0
159.0,0.8525576685216637,1
146.0,0.3230088783078518,1
184.0,0.9029354206864038,1
83.0,0.33560360751693696,0
211.0,0.8456773308979119,1
55.0,0.40899857967516706,0
242.0,0.8423316977975677,1
25.0,0.40297661671731255,0
181.0,0.8373184147374313,1
108.0,0.31463280678361955,1
187.0,0.8949717102018209,1
144.0,0.32737304126605504,1
187.0,0.8929974424277193,1
61.0,0.33629258782107624,0
189.0,0.8325577376029618,1
32.0,0.3257658623541032,0
248.0,0.8392474447434065,1
137.0,0.40395171033941835,1
188.0,0.8937717225695985,1
25.0,0.3338271996961394,0
179.0,0.8356554988613147,1
138.0,0.3237437368135839,1
177.0,0.894683420574227,1
142.0,0.3373030099789247,1
207.0,0.8959041461412446,1
26.0,0.431657991132253,0
246.0,0.8386780305120286,1
76.0,0.4195414019313176,0
241.0,0.8406187948300833,1
30.0,0.4136435896274769,0
222.0,0.8436489546331369,1
113.0,0.40794090158347734,1
203.0,0.9026060182500717,1
35.0,0.4229535302595784,0
210.0,0.8490016869040711,1
81.0,0.4117957994975727,0
240.0,0.8547655885539394,1
35.0,0.40621066117771154,0
249.0,0.8522091156109147,1
115.0,0.399996452791877,1
237.0,0.9026197491664412,1
24.0,0.4141996799116725,0
184.0,0.8516857362759216,1
148.0,0.32078962824217105,1
214.0,0.9089239904407964,1
33.0,0.41897887183309096,0
176.0,0.8569243875416427,1
127.0,0.32462440274294757,1
228.0,0.9125247857078024,1
144.0,0.42331736027420475,1
215.0,0.9090996637173404,1
124.0,0.43322785114364376,1
173.0,0.9107449675718019,1
132.0,0.35712486761790657,1
239.0,0.9104932346222934,1
28.0,0.4529385687228155,0
174.0,0.8598436461761516,1
90.0,0.3538208620392884,0
162.0,0.8585788634545708,1
35.0,0.3475595930258507,0
232.0,0.8524773002618986,1
129.0,0.42600209258613275,1
176.0,0.9056443402039427,1
61.0,0.3551569811605773,0
152.0,0.20757387469519578,1
237.0,0.9047005172733724,1
113.0,0.43700360884954204,1
240.0,0.9010986635456573,1
134.0,0.44655973579653646,1
241.0,0.9029136478776314,1
43.0,0.4562887741260968,0
174.0,0.8523329530304911,1
120.0,0.35820083006868253,1
242.0,0.908600423998033,1
77.0,0.45952365828699065,0
173.0,0.8529552584311397,1
76.0,0.36044024947415687,0
180.0,0.8582042419473204,1
150.0,0.3545708857757417,1
180.0,0.9055655483367235,1
67.0,0.3675152661671476,0
199.0,0.8513111447073908,1
147.0,0.35632524527886733,1
223.0,0.9045784470906824,1
87.0,0.45688151736543153,0
205.0,0.8468715000238027,1
34.0,0.44443075524592884,0
244.0,0.8455803554632331,1
118.0,0.43768539436772813,1
217.0,0.8988690652420488,1
89.0,0.45198629532877266,0
178.0,0.8410571247536681,1
122.0,0.35378183790249335,1
151.0,0.8959940931021122,1
110.0,0.3674982496459628,1
168.0,0.8985811035502123,1
93.0,0.37685025224116653,0
64.0,0.22842643903066226,0
151.0,0.8415930342609588,1
89.0,0.36264298670327644,0
211.0,0.8457292140463806,1
93.0,0.4429912198681055,0
