162.0,0.5,1
61.0,0.44444444444444453,0
123.0,0.27058823529411763,1
170.0,0.521276595744681,1
135.0,0.5247988525147357,1
83.0,0.5785476587687379,0
128.0,0.39886547461598487,1
70.0,0.5978791295791022,0
78.0,0.3866956650928727,0
135.0,0.362720280479519,1
27.0,0.5241925965621788,0
107.0,0.34500058241658554,1
69.0,0.5418014867393416,0
84.0,0.3398574806226181,0
108.0,0.3553792492302769,1
129.0,0.491495021459411,1
48.0,0.4791042140437508,0
43.0,0.35193842667723807,0
127.0,0.34700283031235135,1
49.0,0.4848508545444839,0
156.0,0.3231580991549098,1
60.0,0.5024939286057241,0
39.0,0.3206117449727559,0
91.0,0.3470270829973829,0
86.0,0.31420204219903514,0
133.0,0.299014804338732,1
44.0,0.4292817086370383,0
104.0,0.2838636615248407,0
150.0,0.40358841544319096,1
152.0,0.39099763240559815,1
25.0,0.41249966153208834,0
103.0,0.2936816711892376,0
126.0,0.40705554311530207,1
35.0,0.397668993389358,0
131.0,0.2877924068099578,1
47.0,0.4349411890798549,0
172.0,0.28420529291272284,1
94.0,0.4452430653664072,0
104.0,0.2853514741415263,0
62.0,0.4225504693175001,0
114.0,0.2680279154671216,1
127.0,0.4239697503095554,1
64.0,0.39475319686346844,0
110.0,0.29106135749114576,1
124.0,0.43586350364326404,1
136.0,0.4092093105863258,1
110.0,0.4281692363197251,1
50.0,0.43583199310879017,0
44.0,0.31830298525321815,0
173.0,0.32732279104379847,1
156.0,0.4467242764379384,1
57.0,0.43357977811047216,0
59.0,0.32002224748690805,0
101.0,0.327747534765833,0
153.0,0.42464337549714304,1
93.0,0.4182416291794822,0
39.0,0.30601358451106264,0
49.0,0.3137689855751763,0
96.0,0.3031159833150133,0
79.0,0.2955283893849351,0
37.0,0.28795954103883065,0
111.0,0.2807684319089628,1
26.0,0.3952404939694457,0
33.0,0.27404977927154417,0
27.0,0.28007087438550526,0
105.0,0.27230198629028074,1
167.0,0.3848500896150632,1
140.0,0.3795563145945926,1
98.0,0.3878143836333568,0
114.0,0.2790274580113876,1
123.0,0.4014390227965363,1
72.0,0.3962281062999895,0
153.0,0.2872398078693496,1
163.0,0.4111904626169024,1
152.0,0.40487007350062326,1
52.0,0.41225043340253326,0
170.0,0.30014328407607127,1
105.0,0.42474828051535185,1
100.0,0.41913781519562854,0
156.0,0.414963948756977,1
135.0,0.42176312165094776,1
48.0,0.4273370545637251,0
172.0,0.3135835145140759,1
158.0,0.441039796337768,1
121.0,0.4329862289119156,1
150.0,0.4396146433806529,1
152.0,0.4447184797890279,1
105.0,0.4498315314270944,1
136.0,0.4548315862438287,1
115.0,0.45973089329107586,1
164.0,0.46453214865157133,1
24.0,0.4692385718833257,0
120.0,0.3512417184161197,1
110.0,0.4739226467877976,1
72.0,0.474163810184074,0
49.0,0.35595844382677794,0
26.0,0.35309007879306675,0
100.0,0.34658672885037606,0
57.0,0.45223221416640136,0
131.0,0.33501220764078243,1
172.0,0.4520357575865614,1
83.0,0.45599048630406686,0
99.0,0.33976382447188325,0
156.0,0.3342937815752591,1
106.0,0.4517484984292602,1
120.0,0.4555524162743941,1
161.0,0.4596164012695436,1
146.0,0.46361418395395665,1
29.0,0.46754605218879214,0
168.0,0.3504285511892007,1
118.0,0.4665656908109201,1
155.0,0.4718786565052485,1
144.0,0.4756614683568817,1
101.0,0.479354007446277,0
122.0,0.4751442259121788,1
76.0,0.47967336764985136,0
25.0,0.3617255533023994,0
152.0,0.3550430129046607,1
33.0,0.4736755939752869,0
130.0,0.35750324085779256,1
80.0,0.47596528746058975,0
129.0,0.35788194577905497,1
132.0,0.4781351081627233,1
55.0,0.4790387408402214,0
78.0,0.3614069285602037,0
94.0,0.35847367475804887,0
71.0,0.3533285189259608,0
81.0,0.3483339697461249,0
70.0,0.3434586031750749,0
172.0,0.3386990887056525,1
90.0,0.4553779378618771,0
150.0,0.3413650141932864,1
41.0,0.45770997393516927,0
156.0,0.34195627722124194,1
73.0,0.4599300198898947,0
50.0,0.34246739648794233,0
47.0,0.34052768647167575,0
147.0,0.33613350705567774,1
89.0,0.45225395853511025,0
117.0,0.33578562361767605,1
141.0,0.45444348601966394,1
33.0,0.45406008554980753,0
126.0,0.3392273113935597,1
52.0,0.4588296587863572,0
78.0,0.3395957720986901,0
46.0,0.33997813290188733,0
101.0,0.3357935240624752,0
153.0,0.44278604065790644,1
31.0,0.44399546864762296,0
68.0,0.33033588584319373,0
136.0,0.32995539053258527,1
123.0,0.444907639136353,1
90.0,0.44395370582460136,0
150.0,0.33041843020627243,1
53.0,0.4492000745452944,0
49.0,0.330826290437609,0
137.0,0.33190462553088484,1
85.0,0.44681013216646576,0
159.0,0.3283246422719915,1
41.0,0.44894495107248206,0
44.0,0.3287724650116237,0
64.0,0.33185823427549854,0
137.0,0.3280419613386368,1
126.0,0.442572691361694,1
58.0,0.43899927120257354,0
153.0,0.326385493936233,1
37.0,0.4467443693522138,0
112.0,0.326544819427698,1
103.0,0.4485980190298981,0
164.0,0.4373303939933164,1
80.0,0.4411932689963871,0
132.0,0.3280429814538641,1
87.0,0.452067652511746,0
107.0,0.3276487415908058,1
33.0,0.45384274587486373,0
93.0,0.32793224098374263,0
31.0,0.33668029304986874,0
129.0,0.3323952591823921,1
103.0,0.4471545151435926,0
35.0,0.43324755292734546,0
173.0,0.321779149125582,1
79.0,0.44613008661712605,0
33.0,0.3211247825338868,0
89.0,0.3301411970823927,0
45.0,0.32604077994086206,0
91.0,0.3232195393504033,0
94.0,0.3203351437764687,0
109.0,0.3175046991555266,1
160.0,0.43022237730407636,1
166.0,0.42295496244266484,1
92.0,0.4261755562368054,0
86.0,0.3150370045120192,0
155.0,0.31998236289007637,1
102.0,0.4323317613029051,0
164.0,0.42129007299560517,1
137.0,0.42488800775171637,1
141.0,0.4271327746694817,1
104.0,0.4294747375171484,0
144.0,0.42734077473898696,1
77.0,0.430104205993373,0
156.0,0.31859678131591584,1
42.0,0.4411956346776332,0
30.0,0.3181881645547907,0
69.0,0.32621734991075313,0
143.0,0.3226565872031223,1
133.0,0.43580097219229075,1
62.0,0.42756529358724643,0
140.0,0.31728208087157495,1
70.0,0.4397177123137045,0
139.0,0.3167630495061868,1
56.0,0.4413161068676214,0
161.0,0.3170859455845568,1
48.0,0.44280208112838754,0
43.0,0.31739149289488305,0
66.0,0.3277923676948988,0
136.0,0.32396675453439716,1
58.0,0.4371641917247128,0
110.0,0.31387007068713246,1
105.0,0.4398155604799763,1
119.0,0.4269834646966124,1
26.0,0.43080897922397166,0
116.0,0.31925939026920086,1
93.0,0.4441434831270907,0
142.0,0.3183291678445211,1
139.0,0.44566928992309085,1
174.0,0.43199207164680925,1
165.0,0.4359195913134937,1
124.0,0.43772685166963576,1
141.0,0.43975850815827466,1
91.0,0.4417487315525675,0
101.0,0.32919633691629774,0
92.0,0.44855409788356987,0
110.0,0.324153187847204,1
102.0,0.44864278289202897,0
62.0,0.4345913200734485,0
107.0,0.32359625741211334,1
75.0,0.44705990653588223,0
126.0,0.32287200303690644,1
154.0,0.4484431466384383,1
58.0,0.4368482807105055,0
126.0,0.3261664238460795,1
64.0,0.45094784476222305,0
129.0,0.3251303812751703,1
81.0,0.45231613723884423,0
168.0,0.32530449763559144,1
70.0,0.4535277751216086,0
102.0,0.32547558464968895,0
31.0,0.44946099939229217,0
62.0,0.3217962409952436,0
104.0,0.33315264261866395,0
131.0,0.44018537161476223,1
83.0,0.43004403853465034,0
128.0,0.32019129915289446,1
56.0,0.44528834149547447,0
53.0,0.3189289460776205,0
43.0,0.3307962936750485,0
68.0,0.32711676765242753,0
127.0,0.32516891404780385,1
97.0,0.43786316271274217,0
54.0,0.31429639126781594,0
156.0,0.32529300780671117,1
143.0,0.43644909546311134,1
34.0,0.4250666847506359,0
166.0,0.3159765092984467,1
118.0,0.44031422598062575,1
68.0,0.42706875211922846,0
154.0,0.3179724325598205,1
165.0,0.4427546999872661,1
144.0,0.42918512914637824,1
168.0,0.4327552082240804,1
139.0,0.4342706281405832,1
24.0,0.4360084232673664,0
54.0,0.32433503626628035,0
55.0,0.3331059145564143,0
138.0,0.33003150519627433,1
172.0,0.4432591397206439,1
46.0,0.4331526761964097,0
127.0,0.3228950041801711,1
124.0,0.44654329471895704,1
81.0,0.4350423183880783,0
70.0,0.324736514629611,0
111.0,0.3331231476272959,1
105.0,0.4454487498998852,1
158.0,0.4353187263341261,1
171.0,0.4381532988704928,1
50.0,0.4396591749242429,0
73.0,0.3276601438021818,0
112.0,0.3353026370800658,1
155.0,0.44798883365677244,1
35.0,0.4388328313260144,0
132.0,0.32782735229577814,1
116.0,0.4510822344063711,1
104.0,0.4406009973572209,0
78.0,0.44023518257349586,0
143.0,0.3278002556117647,1
136.0,0.45101451144390203,1
167.0,0.4406804565810746,1
32.0,0.4433464678270853,0
80.0,0.3309052303872996,0
135.0,0.33825463967105496,1
64.0,0.45123385017005674,0
104.0,0.32877010570263715,0
66.0,0.4487824337165413,0
139.0,0.3255912605437932,1
66.0,0.44877498267361443,0
157.0,0.3258567055040597,1
61.0,0.4497587421914255,0
151.0,0.32603036709258626,1
130.0,0.4507371899636898,1
162.0,0.43948983863264846,1
59.0,0.4422496324715192,0
126.0,0.32996105256340685,1
92.0,0.4537716104798519,0
173.0,0.32916554675813375,1
50.0,0.45480513057255667,0
27.0,0.3292888447899929,0
110.0,0.33977719195785433,1
97.0,0.45230688435046285,0
108.0,0.3281198925973787,1
56.0,0.4545340611749011,0
131.0,0.3281141716418172,1
50.0,0.45546306351832033,0
60.0,0.3282280125171381,0
75.0,0.3404329211528212,0
100.0,0.3371343220289937,0
120.0,0.4468957347257117,1
123.0,0.43588639181398536,1
78.0,0.4387580386379878,0
57.0,0.32687349321654585,0
92.0,0.3365800854655311,0
70.0,0.33369936064405764,0
37.0,0.3321097104910324,0
106.0,0.3304096790537495,1
148.0,0.4431680972538311,1
51.0,0.43284609554928,0
125.0,0.32285192764555554,1
85.0,0.4460680754173433,0
78.0,0.3218765696394576,0
131.0,0.332256438069221,1
24.0,0.44389187099912547,0
44.0,0.3208525773307022,0
75.0,0.3313655884843771,0
70.0,0.32854874473331425,0
170.0,0.3270499700615693,1
34.0,0.4393492108308429,0
101.0,0.3171712344537467,0
144.0,0.4375902981370685,1
64.0,0.42634706447242554,0
90.0,0.31728797686273935,0
66.0,0.32626725338179957,0
124.0,0.3236972193514708,1
161.0,0.4356802457031776,1
103.0,0.42520194817700685,0
152.0,0.4252139324871849,1
122.0,0.42665697293097593,1
92.0,0.42798126307223244,0
114.0,0.31755288387257263,1
62.0,0.44039764278636434,0
55.0,0.31663723286690487,0
93.0,0.3273646395429935,0
81.0,0.3246401130235303,0
51.0,0.32324965474395445,0
69.0,0.3217452418518761,0
96.0,0.3202646099205551,0
31.0,0.31879488087008956,0
151.0,0.3173371701250291,1
133.0,0.428351038061822,1
86.0,0.419159165763774,0
35.0,0.3106777475182766,0
64.0,0.3182033692207098,0
154.0,0.3160370436322607,1
119.0,0.4269262075560591,1
56.0,0.4181371042350172,0
172.0,0.30972768375148096,1
158.0,0.42947744483764266,1
98.0,0.41967597107049365,0
55.0,0.3111777650795355,0
97.0,0.31853515545840444,0
56.0,0.3164277506884024,0
52.0,0.3150879531942965,0
162.0,0.3137004528839852,1
52.0,0.42417290078644637,0
107.0,0.3060982003502167,1
158.0,0.4257388819643825,1
52.0,0.4163826579171527,0
152.0,0.3082414266584498,1
91.0,0.4274599566631049,0
36.0,0.3076803007257901,0
54.0,0.31607528837200805,0
67.0,0.3139395080980583,0
48.0,0.31266200973007907,0
145.0,0.31132840144464746,1
52.0,0.4214355148028521,0
75.0,0.30365426780617766,0
28.0,0.31136688144581637,0
115.0,0.3093787943730847,1
154.0,0.41926130945267737,1
110.0,0.41115800877735115,1
166.0,0.4131465449014668,1
79.0,0.41430026752383037,0
43.0,0.3056531778715343,0
103.0,0.31177724237257654,0
134.0,0.41819794301204694,1
118.0,0.41162247581496775,1
42.0,0.41341722394883773,0
27.0,0.30485096626552416,0
102.0,0.3106858064204714,0
130.0,0.41702559109466003,1
45.0,0.4107741391899241,0
64.0,0.30307154554154503,0
44.0,0.3088586043590602,0
25.0,0.30715818124685634,0
40.0,0.30594888210968946,0
131.0,0.3047184695097456,1
144.0,0.41382207540256327,1
156.0,0.4075675156057483,1
150.0,0.40922797842015773,1
28.0,0.41036504400371177,0
120.0,0.30225870265970306,1
95.0,0.41764104302955907,0
140.0,0.30217349708450164,1
144.0,0.4185027618220477,1
71.0,0.4117456089963584,0
85.0,0.303922085448071,0
39.0,0.3090546408550109,0
75.0,0.3074760873301523,0
123.0,0.30629422484373786,1
145.0,0.4155697078928974,1
58.0,0.4098241843530746,0
120.0,0.30217152351613624,1
161.0,0.41757112079108616,1
166.0,0.41126331787507286,1
141.0,0.4128537441778965,1
147.0,0.4139506769555988,1
34.0,0.4150714490187458,0
161.0,0.3063885911978347,1
53.0,0.4216669060380873,0
43.0,0.3063419631739703,0
26.0,0.31118188495320204,0
92.0,0.3096847783496526,0
76.0,0.30852004660342386,0
106.0,0.30734736655565803,1
139.0,0.41671864643145046,1
131.0,0.41197288091382606,1
163.0,0.41336770941460443,1
121.0,0.41444481925506355,1
77.0,0.4155324100152891,0
48.0,0.3068132365771775,0
115.0,0.3099074697016101,1
84.0,0.4194237481867828,0
149.0,0.30591449756778377,1
31.0,0.42039182844961925,0
114.0,0.30614449521133813,1
141.0,0.42116074345473126,1
33.0,0.41611532751592406,0
85.0,0.30761075765429613,0
57.0,0.3114698683254516,0
149.0,0.3100973882066701,1
49.0,0.41980488056520543,0
55.0,0.30569191783742194,0
156.0,0.3098360590509023,1
58.0,0.4192153434709216,0
41.0,0.30499323920704374,0
136.0,0.309362154179386,1
102.0,0.41864416620470574,0
82.0,0.41171346876481607,0
93.0,0.3036617430134161,0
75.0,0.30775689489138985,0
82.0,0.3064127620655177,0
120.0,0.3053315580720964,1
88.0,0.4143283334402141,0
171.0,0.3009153480310507,1
117.0,0.41532722133386957,1
66.0,0.4100407213243573,0
170.0,0.30236429611489407,1
84.0,0.41681417587091324,0
66.0,0.30230648686816175,0
169.0,0.30709744619913854,1
137.0,0.4159807097592444,1
47.0,0.4106227452697367,0
126.0,0.30290159337730344,1
160.0,0.4177778194166306,1
109.0,0.4119078327925749,1
122.0,0.41331841387395996,1
56.0,0.4143048178809644,0
97.0,0.3058048381312501,0
144.0,0.3098954926289733,1
169.0,0.41920203140187684,1
43.0,0.4142676358060171,0
75.0,0.3060491244339876,0
128.0,0.31008728317971773,1
149.0,0.4194144244255688,1
133.0,0.4145253560409153,1
75.0,0.41581778298860855,0
162.0,0.3071259811442329,1
124.0,0.4218336164420347,1
50.0,0.4167692615695608,0
69.0,0.3082448892634767,0
150.0,0.3121641921848577,1
72.0,0.4217641466617346,0
