Action: 0
[0.6712565498736599, 0.32874345012634004]
[0.34982929837828564, 0.6501707016217144]
[0.6861562356658415, 0.31384376433415856]
[0.6028257439638512, 0.39717425603614875]
[0.5680229054112197, 0.43197709458878036]
[0.6932366841683191, 0.30676331583168087]

Action: 1
[0.17076216842727754, 0.8292378315727224]
[0.6693713412568676, 0.33062865874313235]
[0.5954103389964891, 0.4045896610035109]
[0.2114366189569825, 0.7885633810430174]
[0.6671333939024748, 0.3328666060975251]
[0.6025565396341904, 0.39744346036580963]

