2027.1687829855423,0.5,1
1963.0,0.3611111111111111,1
966.0,0.6120794734275963,1
406.0,0.6997838383879338,1
672.0,0.7518880535732932,1
646.0,0.7883123257830247,1
544.0,0.8151802660474239,1
1365.0,0.8350947554538575,1
1547.0,0.8516397135924577,1
1155.0,0.8650672687759946,1
756.0,0.8750684240867208,1
1416.0,0.8846091162625174,1
990.0,0.8923637640823128,1
924.0,0.8993194951740687,1
1534.0,0.9047285094656144,1
1620.0,0.9098556592094387,1
1470.0,0.9138591416184665,1
1309.0,0.9179594139534011,1
407.0,0.9207935796803024,1
990.0,0.923990649438076,1
870.0,0.9268837565707766,1
2025.0,0.9285894953095222,1
1632.0,0.8585761935140073,1
273.0,0.9042538794098788,1
1498.0,0.9219043806205818,1
1350.0,0.9296038318832206,1
864.0,0.9328975483684392,1
1264.0,0.9351830197881319,1
1316.0,0.9372648835083337,1
2432.0,0.9383639123151939,1
880.0,0.8763912743102661,1
299.0,0.9173036355608888,1
1845.0,0.933121863432352,1
1008.0,0.9399408538803316,1
2125.0,0.9433009573211399,1
1326.0,0.8865638651245578,1
1946.0,0.9236653024494254,1
1430.0,0.9389736427372465,1
1908.0,0.9451761029719021,1
1905.0,0.9476483993108544,1
1935.0,0.9491417115354392,1
969.0,0.9503708858949766,1
2128.0,0.9508828187324128,1
2340.0,0.9003094345940442,1
1365.0,0.8633787484867448,1
1628.0,0.9180222937938144,1
315.0,0.9397255574134534,1
1728.0,0.9490167100776028,1
2980.0,0.952881243105372,0
1605.0,0.8553199429129963,1
2592.0,0.913145274123867,1
336.0,0.8535404735207243,1
924.0,0.9151289832836711,1
605.0,0.9302520759394203,1
1444.0,0.9348374987834593,1
810.0,0.9366172627660383,1
2660.0,0.9375929920371001,1
592.0,0.8747540342597375,1
2620.0,0.9250932194791102,1
1250.0,0.8729042612537746,1
882.0,0.9262968777751746,1
1024.0,0.9398910703651492,1
550.0,0.9439859868214945,1
560.0,0.9459698149025303,1
672.0,0.9471137731238373,1
374.0,0.9475613996375521,1
663.0,0.9487125886946534,1
2358.0,0.9493318497703056,1
2628.0,0.8972598057094979,1
770.0,0.8738991356307837,1
902.0,0.9332214902857374,1
1230.0,0.9480542606636169,1
1290.0,0.9521083290446039,1
1786.0,0.9536962058010507,1
1824.0,0.9541584058779038,1
1216.0,0.9550144170182705,1
950.0,0.955311631929279,1
1980.0,0.9560747753564633,1
1298.0,0.9561712827029681,1
1680.0,0.956304865424279,1
3020.0,0.956958542721532,0
546.0,0.8708672834966172,1
920.0,0.9263791321180328,1
1890.0,0.9359664202395391,1
1026.0,0.9381079730348423,1
1738.0,0.9394037459477869,1
1560.0,0.9403102852888535,1
2100.0,0.9409852683730677,1
780.0,0.8808119356792499,1
1710.0,0.9331025524943182,1
1520.0,0.941847108120288,1
1425.0,0.944072195243283,1
2641.0,0.9451482306155876,1
1510.0,0.8895473476803897,1
1807.0,0.938249032337686,1
480.0,0.9465205612961454,1
1568.0,0.9483751850345861,1
1380.0,0.949323691365934,1
972.0,0.9497332054244471,1
1102.0,0.9505917580911125,1
2640.0,0.9514475440158455,1
900.0,0.9000210068410962,1
1634.0,0.944148058458226,1
1159.0,0.952215260911909,1
400.0,0.9541318196216106,1
2430.0,0.9550804714516609,1
2128.0,0.9072934086022465,1
1339.0,0.8926512737415387,1
820.0,0.9456991974045572,1
663.0,0.9552239169946616,1
2600.0,0.9575571234584275,1
1440.0,0.9137956716412212,1
440.0,0.951684877015703,1
1400.0,0.9584957937176857,1
1494.0,0.9601247267443926,1
1562.0,0.9605872835377799,1
2295.0,0.9611376923623753,1
676.0,0.9194054583329699,1
1064.0,0.9541379387822445,1
1781.0,0.960700782395845,1
437.0,0.962480597637269,1
512.0,0.9627260243174639,1
2304.0,0.9633670965980424,1
940.0,0.9240617966941616,1
1540.0,0.9574720309517137,1
2159.0,0.9635226126046685,1
1122.0,0.9264967732261347,1
396.0,0.9585007924765668,1
1078.0,0.9647335283857607,1
1104.0,0.9656851104516023,1
1716.0,0.9663721259668009,1
1000.0,0.9662180008104811,1
1872.0,0.9665985606517645,1
1050.0,0.9667633750592917,1
2000.0,0.9672551406123511,1
1287.0,0.930778214473631,1
1932.0,0.960693319434666,1
1313.0,0.9658779416296659,1
2888.0,0.9670797089066809,0
975.0,0.8939787872196143,1
2500.0,0.9413151580008818,1
1000.0,0.8919221822740898,1
696.0,0.942482854975162,1
1440.0,0.9489898722260075,1
264.0,0.9502725482428492,1
774.0,0.9511858913141488,1
1287.0,0.9516577390014126,1
1040.0,0.9522009341019079,1
902.0,0.9525503574975485,1
1092.0,0.952991356699662,1
1250.0,0.9538521944824512,1
2600.0,0.9545624006995344,1
1180.0,0.9074750909346815,1
594.0,0.9504269277375169,1
1856.0,0.9561916955038342,1
1148.0,0.9571104841170524,1
1968.0,0.9576701750653404,1
1400.0,0.958252576639382,1
1342.0,0.9589024023695416,1
2448.0,0.9591737266771692,1
253.0,0.916227941366594,1
1140.0,0.9547194496387572,1
1890.0,0.9602014030562588,1
432.0,0.9610912223903892,1
1005.0,0.961941980661672,1
468.0,0.9624580798870813,1
2159.0,0.9629364091845469,1
960.0,0.9221553614226596,1
912.0,0.9577375811425086,1
1725.0,0.9625727625403042,1
2464.0,0.963702292450702,1
1792.0,0.9240411651745483,1
2356.0,0.9585882758668695,1
1170.0,0.9226356086777766,1
1768.0,0.958874869765778,1
2546.0,0.9639273219485309,1
700.0,0.9266082763325216,1
1807.0,0.9606414987861696,1
1079.0,0.9653953036895907,1
680.0,0.9663517186966281,1
1349.0,0.9669853195107769,1
741.0,0.9671123573561826,1
2006.0,0.967743423837728,1
984.0,0.9322093768092685,1
377.0,0.9635343405998282,1
1320.0,0.9678527140820835,1
1140.0,0.9681732015095377,1
1067.0,0.9685544567709349,1
1102.0,0.9686555248131176,1
528.0,0.9692258836478371,1
1180.0,0.9690560706588741,1
410.0,0.9688174632672544,1
930.0,0.968861556686326,1
1568.0,0.9686965311823705,1
2265.0,0.9683668038196713,1
2265.0,0.9324698265811023,1
1062.0,0.922627445177922,1
1984.0,0.962427684075944,1
2070.0,0.9677865479046355,1
2200.0,0.9347600974626549,1
1290.0,0.924855127122282,1
1653.0,0.9630129656377677,1
1160.0,0.9686804854125508,1
1280.0,0.970077856112004,1
1800.0,0.9701187658880378,1
1296.0,0.969856850401137,1
1221.0,0.969844189496744,1
1776.0,0.9699478610237124,1
1148.0,0.9700706412456707,1
1638.0,0.9700032034461774,1
1206.0,0.970431946214549,1
2300.0,0.9700876500096296,1
2533.0,0.9359975878692093,1
480.0,0.927300125608777,1
1232.0,0.9643693707335267,1
744.0,0.9696334380481322,1
410.0,0.9705742326836776,1
2041.0,0.971000993622965,1
1375.0,0.9380664552925724,1
2358.0,0.9664645744051847,1
1782.0,0.9374525775820204,1
1480.0,0.96609030560232,1
840.0,0.9704495892271209,1
637.0,0.9712066098771794,1
2680.0,0.9709157660414385,1
1425.0,0.9386234860094065,1
833.0,0.9668353311946797,1
516.0,0.9705195852188314,1
1040.0,0.9705819623601192,1
338.0,0.9702869120414748,1
300.0,0.9704708443369843,1
630.0,0.9706420712194529,1
1944.0,0.9704515360337247,1
1938.0,0.9707951492405569,1
1786.0,0.971459266747188,1
1672.0,0.9715999121036552,1
1610.0,0.9717867713275247,1
340.0,0.9721717057174887,1
1484.0,0.9720936653350609,1
1963.0,0.9719704888222332,1
1040.0,0.9717940025222588,1
960.0,0.9723920845797938,1
1950.0,0.9726542893951016,1
1110.0,0.9722697942300297,1
2413.0,0.9718919535358029,1
540.0,0.939417020843265,1
400.0,0.9674933649152581,1
546.0,0.9715190739675452,1
1116.0,0.9724138032915004,1
1276.0,0.9725332539181885,1
2358.0,0.9731428207188291,1
1620.0,0.942490355440591,1
392.0,0.9689789856769395,1
1050.0,0.9725833951494696,1
1071.0,0.9732616154845966,1
1007.0,0.9737083655238413,1
1140.0,0.9741560198105267,1
2272.0,0.9746961553572853,1
1547.0,0.947385398906292,1
280.0,0.9711834890182341,1
1136.0,0.9747667838639709,1
1190.0,0.9748313588093103,1
1218.0,0.9752977075128076,1
2754.0,0.975794828085667,0
1974.0,0.9105414635138882,1
2002.0,0.9513875393408413,1
697.0,0.9075432338933664,1
871.0,0.9521268111601069,1
576.0,0.9568782216950658,1
1200.0,0.9580573621353633,1
1080.0,0.9586869066940775,1
1170.0,0.958912287459301,1
1275.0,0.959689921770424,1
1664.0,0.9602701189468691,1
516.0,0.9608917237680323,1
1020.0,0.9616171220591527,1
650.0,0.9623296502791433,1
1260.0,0.9625979481347707,1
1131.0,0.9630300991010017,1
2142.0,0.963501669000382,1
2220.0,0.9243683099275545,1
574.0,0.9169068733834809,1
2144.0,0.959797894269697,1
1320.0,0.9252042845654092,1
910.0,0.9612634570614494,1
825.0,0.9652443414109781,1
3120.0,0.9661840535022853,0
2584.0,0.8944934200912658,1
551.0,0.8859284372620961,1
2640.0,0.9448344967977235,1
590.0,0.8963530173188099,1
902.0,0.947234882223435,1
800.0,0.9512062152145664,1
1410.0,0.952060927183836,1
2193.0,0.9525782321386993,1
688.0,0.9027445327639955,1
1023.0,0.9497334763474599,1
370.0,0.9540001785491128,1
1320.0,0.9546374246667484,1
1989.0,0.9554593598038461,1
840.0,0.9560411712345241,1
780.0,0.9566779431801038,1
1530.0,0.9575345328169721,1
1728.0,0.9581083217215765,1
572.0,0.9584433295912879,1
2220.0,0.9585670919562407,1
2900.0,0.9145494030624787,0
900.0,0.8773967639108712,1
910.0,0.9392989571211424,1
610.0,0.9434001713638824,1
684.0,0.9443260280981806,1
620.0,0.9450314508078185,1
1408.0,0.9457284987779239,1
2500.0,0.946663265794678,1
2160.0,0.89107886404472,1
2448.0,0.8866300045038434,1
2584.0,0.8879108199430311,1
588.0,0.8895035079476726,1
1404.0,0.9468504961219202,1
1122.0,0.9508148500510435,1
1100.0,0.9517192895808491,1
880.0,0.952145550987853,1
1792.0,0.9527673186306365,1
1820.0,0.9534143196603093,1
672.0,0.9537480474815968,1
852.0,0.9542523218848633,1
2261.0,0.9545371898773226,1
1064.0,0.90681628048026,1
1853.0,0.9528100109821696,1
1760.0,0.9564908362901472,1
1786.0,0.9574017070675283,1
528.0,0.9580611994660707,1
1040.0,0.9587280485440031,1
660.0,0.9593770965826918,1
935.0,0.9600708111610593,1
1180.0,0.9603024685563681,1
396.0,0.9607548566861267,1
1001.0,0.9610788109767822,1
830.0,0.9614066605221494,1
1463.0,0.9619216100328166,1
1690.0,0.9621254692368089,1
1200.0,0.9622790190650443,1
324.0,0.9624668502442556,1
540.0,0.9630793837729268,1
825.0,0.9631496033359621,1
891.0,0.9633680649763403,1
1500.0,0.9633957386811728,1
1273.0,0.9637146350369921,1
731.0,0.9642172155629004,1
473.0,0.9645215399200112,1
833.0,0.9645661747871626,1
928.0,0.9646524683137189,1
780.0,0.9646346150539679,1
714.0,0.9648167576888236,1
930.0,0.9648489314057859,1
2190.0,0.9652857350033026,1
671.0,0.9284807911125829,1
1568.0,0.9638661587610012,1
399.0,0.9664933752067388,1
1694.0,0.966856138186315,1
1764.0,0.9671830511501522,1
1560.0,0.9677872736042045,1
1164.0,0.9683107831231527,1
850.0,0.9686852726862697,1
1001.0,0.968656374832003,1
551.0,0.9684778135192399,1
2610.0,0.9690779429548112,1
1290.0,0.9347758065348953,1
1430.0,0.9664441419649474,1
1140.0,0.968612694166026,1
490.0,0.9691174904272783,1
1428.0,0.9689061946048003,1
1088.0,0.9693605149755117,1
364.0,0.9699532446521291,1
770.0,0.969983191695178,1
1599.0,0.9700876527910929,1
1710.0,0.9705523565954619,1
2466.0,0.970585781628461,1
847.0,0.9373142579642547,1
833.0,0.9677640599260302,1
1368.0,0.9704008562135061,1
364.0,0.9708828709016409,1
992.0,0.9712298145840814,1
1274.0,0.9713269847378896,1
2660.0,0.9714391657210597,1
442.0,0.9399698081054517,1
750.0,0.9691900210089527,1
2736.0,0.9716801881999904,0
1221.0,0.9004241348324781,1
900.0,0.948816888418337,1
1935.0,0.9518891012715538,1
1314.0,0.9525911753504869,1
520.0,0.9531732413346183,1
3120.0,0.953565354208499,0
663.0,0.8671543023184496,1
440.0,0.9330661286534986,1
684.0,0.9356955733397909,1
1545.0,0.9366536048101978,1
1656.0,0.9379461135917567,1
864.0,0.9393716085005034,1
900.0,0.9403009989087718,1
1820.0,0.9413575591414178,1
1411.0,0.9425489183093931,1
2088.0,0.9435792677333188,1
2016.0,0.8862588429361447,1
1692.0,0.8842790885138303,1
1400.0,0.9442446877586748,1
308.0,0.9468194576839537,1
1080.0,0.9479285796315228,1
1241.0,0.9484049655317071,1
552.0,0.948924546336528,1
1180.0,0.9500359784249754,1
1003.0,0.9509253315067213,1
798.0,0.9519162557473261,1
1380.0,0.9528008173572173,1
517.0,0.9535373004939043,1
1040.0,0.9538610583888141,1
1550.0,0.9541989788932691,1
1120.0,0.9545979065638758,1
1100.0,0.9550520669161241,1
1030.0,0.955414170824341,1
630.0,0.9559613765129784,1
2520.0,0.9568363928705067,1
1820.0,0.911558920604874,1
470.0,0.9559130803760054,1
2091.0,0.9580964232794678,1
2329.0,0.9133317156131265,1
2278.0,0.9095256174730859,1
1095.0,0.9104592813264133,1
1288.0,0.9574132600025829,1
1540.0,0.9600916988170991,1
1273.0,0.960594796722407,1
1617.0,0.9607153781157814,1
2448.0,0.9613239056077821,1
1254.0,0.9201777649992842,1
1980.0,0.9606463808635421,1
1470.0,0.9634822582259315,1
432.0,0.963889313382659,1
378.0,0.9646532045267151,1
1130.0,0.964647646175229,1
2114.0,0.9651083985022768,1
1375.0,0.9276137400779081,1
1695.0,0.9642431553617987,1
836.0,0.96629722138061,1
1760.0,0.9665457092473725,1
1377.0,0.9667687226819991,1
1494.0,0.9671297762370741,1
2224.0,0.9674311251032197,1
680.0,0.9311203680066334,1
630.0,0.9655248215362296,1
1501.0,0.9679103810862335,1
976.0,0.9686152628327808,1
552.0,0.9685553961557349,1
2567.0,0.9690676441397357,1
418.0,0.9358079175184886,1
341.0,0.9680794726402997,1
1185.0,0.9700866524578099,1
1957.0,0.9705059688541929,1
550.0,0.9707669798990649,1
310.0,0.9708255584483825,1
1785.0,0.9706331531532524,1
750.0,0.9704500094887457,1
1876.0,0.9708253034435202,1
585.0,0.9709607630041349,1
1980.0,0.9707046786019522,1
1819.0,0.9712697359827366,1
430.0,0.9713436986479134,1
948.0,0.9715533506138277,1
1000.0,0.9720182378807629,1
901.0,0.9724240008991835,1
826.0,0.972347652967224,1
400.0,0.9728938355071267,1
1130.0,0.9733643292449922,1
1736.0,0.9734582987272312,1
984.0,0.9735297317774221,1
455.0,0.9737667330545507,1
900.0,0.9734941871267786,1
1078.0,0.9738063929940155,1
1053.0,0.9741322530822132,1
385.0,0.9737425015878773,1
576.0,0.9735932011871562,1
550.0,0.9732526142994116,1
253.0,0.9736172008067492,1
308.0,0.9733412562384296,1
1430.0,0.9737228583610786,1
860.0,0.9739812625283686,1
1860.0,0.9744136039726815,1
1596.0,0.9741349977389314,1
1274.0,0.9742209301856621,1
1274.0,0.9747570828001253,1
820.0,0.9748985319944242,1
1577.0,0.9752163959088429,1
737.0,0.9757080245082423,1
1710.0,0.9759049516162794,1
1184.0,0.9758952099268312,1
2015.0,0.9756748505644627,1
774.0,0.9490127502486246,1
1408.0,0.9748318870333897,1
752.0,0.9767408279026446,1
2717.0,0.9767975713741779,0
