3773.6247072518827,0.5,0
4890.0,0.4545454545454545,0
4347.0,0.36585365853658536,0
754.0,0.3019066718452452,1
1440.0,0.45725105617894835,1
580.0,0.5489516122587337,1
1500.0,0.6178109260654507,1
2548.0,0.6706055024911896,1
1344.0,0.712361189394011,1
2461.0,0.7444451134621752,1
2430.0,0.7708059243362714,1
3381.0,0.792005084756742,1
1827.0,0.7620614590421861,1
1856.0,0.8026803964465925,1
2184.0,0.8274748339176831,1
3276.0,0.842539624853029,1
1064.0,0.8131246615202838,1
1760.0,0.8424277922471743,1
3408.0,0.8587808559800172,1
2460.0,0.8321941028338729,1
3484.0,0.8582657583679318,1
2460.0,0.8391193547430794,1
2160.0,0.866663589721116,1
2706.0,0.882683486640817,1
2200.0,0.8919837573063742,1
3696.0,0.8984547451412531,0
1742.0,0.8197295140511344,1
2106.0,0.8390368080263438,1
2916.0,0.8495719817562813,1
4860.0,0.857183596093095,0
4508.0,0.779349727436142,0
4134.0,0.7310164342452362,0
2484.0,0.6926270931861166,1
2180.0,0.7529591707685522,1
2737.0,0.7810141524419029,1
2889.0,0.7962024968496111,1
1035.0,0.8057884517057908,1
3875.0,0.8132440348723688,0
3910.0,0.7360534810985915,0
690.0,0.6897194974482458,1
2185.0,0.7443085912570093,1
3240.0,0.7687539002089312,1
2184.0,0.7289249429949229,1
2499.0,0.7702281333831593,1
966.0,0.7896346779016161,1
2050.0,0.8005806928872309,1
3318.0,0.8077926377793679,1
1323.0,0.7662329178928088,1
1450.0,0.7999298067137245,1
3304.0,0.8157735410119872,1
4380.0,0.7791266666516671,0
4844.0,0.7373151112486074,0
4640.0,0.70790648648695,0
2380.0,0.6836361879985757,1
1305.0,0.7446585403117149,1
2128.0,0.7723723017831865,1
1288.0,0.7863932436745742,1
2660.0,0.7948490583158442,1
2250.0,0.8007006165777518,1
2619.0,0.805564896076538,1
3289.0,0.810006999787993,1
2940.0,0.7669302814525798,1
2520.0,0.7978879288802337,1
5040.0,0.8134264566900826,0
2832.0,0.7502833215283444,1
920.0,0.783380114794182,1
1925.0,0.7983146971557926,1
3289.0,0.8062406332283706,1
3150.0,0.7635602428972982,1
2784.0,0.7471417778356124,1
3000.0,0.7933207678417052,1
3036.0,0.7659403894395068,1
828.0,0.7557556056092606,1
1953.0,0.8026330172914663,1
1624.0,0.8232815583320426,1
3332.0,0.8335565473704611,1
999.0,0.7967076595592193,1
3600.0,0.8262549322917533,1
2288.0,0.797028883379833,1
2784.0,0.8293565492906655,1
1232.0,0.8438615582633746,1
1050.0,0.8516370326819434,1
4564.0,0.8563799112032392,0
798.0,0.7979189574697211,1
2360.0,0.8238492593947758,1
1664.0,0.8352566248915705,1
3640.0,0.8409933907621795,0
3768.0,0.7809080440950018,0
2024.0,0.749226064269503,1
1000.0,0.7944425113531295,1
1869.0,0.8123107962622931,1
2622.0,0.8204173681041607,1
2975.0,0.8253305071955842,1
3848.0,0.82889921148107,0
1450.0,0.7658741568096914,1
4770.0,0.7981418280377044,0
2068.0,0.7413172466609884,1
2400.0,0.7817451561086068,1
1092.0,0.795351523320824,1
3960.0,0.8017405344098683,0
2976.0,0.7372224013802136,1
1080.0,0.7776701536931847,1
2835.0,0.7901248686098709,1
1197.0,0.795778069591029,1
1716.0,0.7998446278156822,1
840.0,0.8033624138353729,1
2200.0,0.8065337339897518,1
2610.0,0.8097729013822855,1
700.0,0.812856855267267,1
1824.0,0.8159540193227632,1
4293.0,0.8189842225549917,0
928.0,0.7577845332378093,1
1988.0,0.7958083989027683,1
1540.0,0.8068832023211809,1
2288.0,0.8117117086860167,1
3120.0,0.8150554927988019,1
3840.0,0.7710896112924246,0
3744.0,0.744745157904904,0
704.0,0.7305345890208346,1
2314.0,0.7843418189142527,1
3146.0,0.7990916019650649,1
888.0,0.7556487735497764,1
2997.0,0.796408354375908,1
945.0,0.8083884484758339,1
3432.0,0.8134561471972124,1
3828.0,0.769734789486726,0
2875.0,0.7431881949253315,1
2835.0,0.7919779879288285,1
1820.0,0.8047364938160455,1
616.0,0.8096165163988729,1
1647.0,0.8129483458378133,1
4368.0,0.8158928898151925,0
891.0,0.7557111263900901,1
3979.0,0.7954548874680323,0
1596.0,0.7410932881086474,1
2268.0,0.7856894261786513,1
740.0,0.7957667612294818,1
2976.0,0.7998821710688595,1
816.0,0.8028724938159753,1
975.0,0.8055206107139372,1
2020.0,0.8080889205976202,1
2568.0,0.8106167997444115,1
1650.0,0.8131168552862899,1
2088.0,0.8155519406410696,1
2940.0,0.8180635099561685,1
1222.0,0.8206393969755983,1
3588.0,0.8231436386075496,1
924.0,0.7801262173703336,1
2328.0,0.8184556881516639,1
1728.0,0.8282634270866126,1
2236.0,0.8320849398043192,1
1128.0,0.834587776385274,1
3792.0,0.8368351144219999,0
1342.0,0.7801889167085493,1
1632.0,0.8169416243831503,1
2700.0,0.8256429422042258,1
2925.0,0.8291363754846844,1
2314.0,0.8316168853976253,1
3570.0,0.8340377814893251,1
1344.0,0.793078565071505,1
3048.0,0.829868140265298,1
3250.0,0.7961865020190657,1
3612.0,0.7898264583178631,0
2639.0,0.7753255177617291,1
4617.0,0.8212986225597162,0
1000.0,0.7715375063461589,1
3696.0,0.812486744807481,0
1640.0,0.7590946703633222,1
999.0,0.8026256360239611,1
1768.0,0.810598551550916,1
1890.0,0.813791547580159,1
3984.0,0.8164576951423973,0
3300.0,0.7573864922410347,1
2856.0,0.7513040380711697,1
1148.0,0.8024881909714323,1
3528.0,0.8107296551267835,1
2266.0,0.7664249713976828,1
735.0,0.8103111672501706,1
3952.0,0.8179972413362343,0
1400.0,0.7596724123735905,1
1175.0,0.8035545720433022,1
780.0,0.8105350602321575,1
2175.0,0.8134905985582831,1
1247.0,0.8159030139196859,1
1518.0,0.8182770819382756,1
2673.0,0.8205982766920221,1
2050.0,0.822977248093743,1
1518.0,0.8253586506427052,1
2604.0,0.827581720460663,1
1860.0,0.8298992691710965,1
3770.0,0.8322023562734989,0
1056.0,0.7757922168971134,1
702.0,0.8169555960939044,1
2133.0,0.8236024519987721,1
1775.0,0.8263454552798662,1
3900.0,0.8285072314894298,0
3390.0,0.7714094677776149,1
1160.0,0.7663851523260703,1
1127.0,0.8153641286731265,1
2875.0,0.822352862797495,1
2940.0,0.8251777476674224,1
2322.0,0.8274259775377059,1
2520.0,0.8296325904768312,1
1674.0,0.8317934781001947,1
1078.0,0.8338937014689285,1
882.0,0.8360149825023357,1
4080.0,0.8381287875615316,0
2688.0,0.7835556510859003,1
2020.0,0.8241576276007714,1
2460.0,0.8300815142329112,1
3584.0,0.8324397176760034,1
3591.0,0.7908951976478723,1
2926.0,0.7876099271899448,1
1679.0,0.8331462803825831,1
1764.0,0.8398297981320211,1
3696.0,0.8422139420988212,0
3892.0,0.7884185339688468,0
1924.0,0.776927146348753,1
1680.0,0.82311702480211,1
2730.0,0.8302838332019639,1
2120.0,0.8328865059053069,1
3444.0,0.8349237179385204,1
900.0,0.793709610053909,1
1738.0,0.8334868723407413,1
3186.0,0.8400113341162346,1
2100.0,0.8004711602685823,1
1210.0,0.8390036234671917,1
2380.0,0.84549914384523,1
957.0,0.8478400711152545,1
3618.0,0.8496542125272387,0
1035.0,0.7965838163150935,1
2146.0,0.8341827779531914,1
1290.0,0.8403251792658288,1
4205.0,0.8428034072420356,0
1107.0,0.7891062644280652,1
2106.0,0.8286355143817868,1
3048.0,0.83439786103681,1
1782.0,0.7936539692194888,1
1764.0,0.8341845989104684,1
962.0,0.8402114041291283,1
1820.0,0.8426479697872716,1
1679.0,0.8445394070034127,1
3799.0,0.8463314120145278,0
1769.0,0.7932420289805473,1
1656.0,0.8323083676925138,1
2016.0,0.837829153393374,1
3164.0,0.8400541681580062,1
3120.0,0.7999041881791092,1
3750.0,0.7967559036985592,0
1380.0,0.7844907917198792,1
2331.0,0.8293619657662457,1
2664.0,0.8351606384817812,1
1944.0,0.8375784677795572,1
3000.0,0.8395058555886287,1
2700.0,0.7991641318313156,1
2304.0,0.8391567384354951,1
1958.0,0.844918585564962,1
3840.0,0.8472738076894043,0
1980.0,0.7937304845616946,1
3600.0,0.8333214538913722,1
2040.0,0.7957086037707107,1
1748.0,0.8370727037986665,1
2093.0,0.842563606012685,1
4930.0,0.844695336877069,0
3915.0,0.7907046124687254,0
2205.0,0.7812978520039933,1
2116.0,0.8268914475431121,1
2442.0,0.8329187522318019,1
3567.0,0.8352958283126214,1
690.0,0.7943213673162473,1
1512.0,0.8351654059073318,1
3586.0,0.8410446685283639,1
1300.0,0.8016093493468015,1
1512.0,0.8409251444490365,1
3900.0,0.8467061671374221,0
2304.0,0.7941795347370081,1
2398.0,0.8334049033485307,1
3360.0,0.8386693651193647,1
984.0,0.7986488622729297,1
1968.0,0.8388286553069154,1
1160.0,0.8443917660417403,1
4266.0,0.8466674645839136,0
3795.0,0.794152308375994,0
3875.0,0.7845750407496915,0
1170.0,0.7794074082853468,1
2392.0,0.8256083525849831,1
1311.0,0.8325481253322137,1
3100.0,0.8351218183464065,1
1586.0,0.7940563111899971,1
1080.0,0.8337912219529849,1
1254.0,0.840174412576673,1
3375.0,0.8425756313271473,1
4342.0,0.8028440185769081,0
1886.0,0.7858849783450506,1
675.0,0.8295906547823017,1
784.0,0.8361200591556062,1
3588.0,0.838477577122684,1
780.0,0.7978512448370132,1
4350.0,0.8371098248433039,0
1360.0,0.7883526888140036,1
3509.0,0.8283219071774235,1
3625.0,0.7903269166168958,0
1876.0,0.7751580655283592,1
2184.0,0.8211192865389808,1
2464.0,0.8269814836409991,1
2163.0,0.8291840649600095,1
2222.0,0.8311491533701848,1
4147.0,0.8330560718938472,0
3358.0,0.7783504333937675,1
3930.0,0.7741778496500764,0
2706.0,0.7639177602875235,1
3864.0,0.812306712097434,0
3052.0,0.7578992339203456,1
4128.0,0.7558336823991343,0
3510.0,0.7463491456587528,1
3024.0,0.7472964927218364,1
2480.0,0.749677249955393,1
2604.0,0.8017998239489937,1
1410.0,0.8058399812328737,1
4032.0,0.8080045059728103,0
1029.0,0.7496005663532412,1
3564.0,0.7988253679000306,1
3234.0,0.7528100546972198,1
3294.0,0.7533526773265793,1
3030.0,0.755620761581175,1
2508.0,0.7579824730656116,1
4980.0,0.8087042490178186,0
3696.0,0.7529728486797904,0
3799.0,0.7468546230318172,0
1100.0,0.7424936519453897,1
2024.0,0.7945590682796406,1
4131.0,0.7993888169953917,0
2140.0,0.7401319930077512,1
3825.0,0.7899923516491174,0
2328.0,0.7315826151099183,1
4472.0,0.7835370739840102,0
3400.0,0.7234796877652658,1
3402.0,0.7236502835807063,1
1311.0,0.7261136072167377,1
3630.0,0.7816469839216911,0
4950.0,0.7212703305526184,0
1590.0,0.7163570565985469,1
4704.0,0.7722108011207648,0
868.0,0.7105585542799826,1
3537.0,0.7667003718648739,1
1898.0,0.7143345062502405,1
4563.0,0.7710214860153493,0
3058.0,0.7087906074612305,1
3780.0,0.7101033840592552,0
2208.0,0.7026116204251863,1
1932.0,0.760366795100971,1
1300.0,0.7618341931146673,1
3224.0,0.7641963400216776,1
1364.0,0.7111800066772141,1
4470.0,0.7690455132656253,0
3068.0,0.7057640244471517,1
3611.0,0.7080683232225523,0
2784.0,0.7008050751142266,1
3300.0,0.7588082155961026,1
1650.0,0.7031296519068455,1
2323.0,0.763194703582927,1
1830.0,0.7641279704808327,1
1118.0,0.7664159617598473,1
1222.0,0.7686533396587987,1
609.0,0.7708497241677444,1
2599.0,0.7729915582034486,1
3952.0,0.7751351081837589,0
2375.0,0.7134140622863134,1
3718.0,0.7704580726682176,0
525.0,0.7069521244430915,1
1992.0,0.7656265157532172,1
2280.0,0.7660853920795663,1
2106.0,0.7682834427365611,1
1364.0,0.7704232490625508,1
1140.0,0.7725063563565543,1
3016.0,0.7745649472745462,1
2960.0,0.7228231979636018,1
2688.0,0.7792325318341432,1
2220.0,0.7806637359903251,1
2540.0,0.7826661501411565,1
1248.0,0.7845968997622277,1
1680.0,0.7865480548906512,1
3300.0,0.7884742814240643,1
2300.0,0.7387271473591323,1
2184.0,0.7918563662733594,1
638.0,0.7940550320523718,1
2415.0,0.795881471213201,1
1404.0,0.79767845879027,1
2178.0,0.799501365047423,1
2678.0,0.8012761163414757,1
3256.0,0.8030125012201084,1
3979.0,0.7555820914226249,0
3192.0,0.7472117279927436,1
2704.0,0.748104690114421,1
1650.0,0.7999813927615274,1
910.0,0.8023528774210484,1
1122.0,0.8040673950927085,1
1541.0,0.8057434355014518,1
880.0,0.8074131884756748,1
3197.0,0.8090535313904665,1
2047.0,0.7625570742407825,1
943.0,0.8110494758335416,1
1863.0,0.8139534716054989,1
3841.0,0.8155724062633096,0
3444.0,0.7603505942334539,1
1782.0,0.7598794784973926,1
540.0,0.8099381574929017,1
2548.0,0.8126284438952764,1
1020.0,0.8142386712480022,1
4234.0,0.8158652900344346,0
3630.0,0.760694574963488,0
2088.0,0.7561324762536912,1
1300.0,0.8059417560097328,1
3240.0,0.8089135889855567,1
4004.0,0.7624824160951796,0
4800.0,0.7534277450279586,0
1296.0,0.749816577451019,1
1120.0,0.8006211087674845,1
1460.0,0.803865054001761,1
1650.0,0.8055770824306515,1
2394.0,0.8072552836973378,1
1452.0,0.8089332954493851,1
4060.0,0.8106433694056943,0
870.0,0.7548519579094108,1
546.0,0.8031747206503446,1
2354.0,0.8062276820199286,1
1632.0,0.8079247990125709,1
700.0,0.8096012079540953,1
3799.0,0.811193173938087,0
4830.0,0.7554144528763151,0
3996.0,0.7502160696982871,0
2160.0,0.7467061830972515,1
2520.0,0.7979674554196798,1
3850.0,0.8020488111331968,0
2280.0,0.7450132808848929,1
3175.0,0.7942968340429076,1
1980.0,0.747485861304656,1
1352.0,0.7974997579881181,1
3332.0,0.8012631711141083,1
2352.0,0.7535824798715882,1
2900.0,0.8023207687975059,1
2500.0,0.8062041680701182,1
3920.0,0.807967967256623,0
3588.0,0.7519758385654945,1
3174.0,0.750118414014678,1
1530.0,0.7517677698358431,1
3552.0,0.8030322593757603,1
1170.0,0.7580260257142273,1
1872.0,0.8062061539399346,1
1782.0,0.8100024358641371,1
1485.0,0.8117310071558647,1
1272.0,0.8132670920521387,1
1260.0,0.8147858410167493,1
2079.0,0.8163803252704287,1
1674.0,0.8179573205518721,1
2856.0,0.8194415414527727,1
2376.0,0.8209581323200299,1
4089.0,0.8225023631140604,0
3234.0,0.7688451022349557,1
3440.0,0.7662302830724362,1
805.0,0.7677187972760204,1
3250.0,0.8164595495537259,1
1612.0,0.7742672058110153,1
2376.0,0.8194543345051576,1
2310.0,0.8235865030745223,1
2882.0,0.8252577180031319,1
4347.0,0.8267751978371795,0
1932.0,0.7736073711763909,1
2860.0,0.8177811677225416,1
3210.0,0.8215406011015154,1
2024.0,0.7773592724609003,1
1428.0,0.822012638963502,1
3220.0,0.8260210680132961,1
1533.0,0.7827876751861462,1
1617.0,0.8264101533758433,1
3136.0,0.8305502630695327,1
3818.0,0.7881335765687312,0
891.0,0.7764697046072871,1
1075.0,0.8224927656789358,1
3192.0,0.8265356973144549,1
4050.0,0.7834070715147338,0
4312.0,0.7722298842836447,0
1728.0,0.7687806833055114,1
2645.0,0.8165088385404659,1
1596.0,0.8207456705973425,1
4756.0,0.8224902464233278,0
4980.0,0.7682038263251838,0
2816.0,0.7621039877641411,1
4350.0,0.8107235572063222,0
3948.0,0.7578484054703394,0
3243.0,0.751887392383335,1
4200.0,0.7524648917486664,0
4680.0,0.7451103677343786,0
1430.0,0.7417734820938835,1
2016.0,0.7936755057622696,1
3570.0,0.7982107150397963,1
1500.0,0.7501150679638978,1
576.0,0.7988501621283145,1
2340.0,0.8034327068210259,1
1972.0,0.8053246851183514,1
