162.0,0.5,1
163.0,0.4444444444444444,1
161.0,0.5188284518828452,1
26.0,0.5761270268735695,0
48.0,0.38628354468208514,0
29.0,0.2788773660919429,0
50.0,0.210256899190232,0
98.0,0.16611592683969437,0
48.0,0.13656903356939237,0
107.0,0.11610639135733826,1
90.0,0.2543509417640064,0
147.0,0.19078870616027033,1
63.0,0.3237690829770645,0
64.0,0.22833602939840025,0
84.0,0.202221868164358,0
126.0,0.18361274735478966,1
38.0,0.30932498443532114,0
80.0,0.21428187088608824,0
142.0,0.19648173343922307,1
82.0,0.31799612909014413,0
134.0,0.21645781722279797,1
82.0,0.3419637344090289,0
108.0,0.22894268798787534,1
123.0,0.36169493506530154,1
110.0,0.3649048994596279,1
168.0,0.3833646529781145,1
67.0,0.3995355621851268,0
81.0,0.28284936463485516,0
108.0,0.26878826796353344,1
162.0,0.3935650177633394,1
161.0,0.4050767998920172,1
159.0,0.418445126383169,1
92.0,0.4311644548117784,0
109.0,0.311197575565864,1
119.0,0.4341439768032802,1
107.0,0.4474624017055491,1
45.0,0.45858223476491217,0
155.0,0.33591099884765113,1
170.0,0.4598986762642201,1
30.0,0.47156627342472385,0
95.0,0.3481036719498717,0
108.0,0.3321664989439788,1
104.0,0.45845219465494813,0
119.0,0.4500673193873205,1
46.0,0.46208459962644993,0
82.0,0.3405801675514343,0
158.0,0.33276498247478853,1
63.0,0.45732672720801526,0
58.0,0.33194689808677674,0
118.0,0.3271045037071313,1
146.0,0.45009475020655365,1
173.0,0.4510986224954184,1
160.0,0.45938069787489194,1
119.0,0.46708284689207025,1
45.0,0.47455180058024027,0
76.0,0.35328544374273446,0
56.0,0.3431167564685523,0
95.0,0.33252596545247326,0
75.0,0.32247604243457156,0
97.0,0.3129393571510269,0
143.0,0.30388301255140115,1
98.0,0.42225863264095187,0
105.0,0.3134148710428091,1
168.0,0.42867546216284025,1
118.0,0.4378038590755043,1
46.0,0.44433529796795707,0
77.0,0.32756335308219137,0
143.0,0.31551682616351917,1
126.0,0.4340537788524891,1
116.0,0.44416514473350793,1
125.0,0.45029434109269356,1
132.0,0.4560955154721013,1
36.0,0.4617502317430227,0
93.0,0.3435358791324069,0
56.0,0.32816494092726933,0
119.0,0.31968605754083207,1
37.0,0.43790687173543813,0
150.0,0.33102232758324057,1
104.0,0.4433819608889097,0
116.0,0.44407690419319473,1
56.0,0.45119373573225013,0
42.0,0.33468118777774475,0
163.0,0.32570428134035556,1
38.0,0.44380788898552603,0
118.0,0.3301130419703437,1
64.0,0.44781287287882277,0
130.0,0.33142283632504477,1
157.0,0.45152938075767657,1
92.0,0.4533048491177891,0
40.0,0.33696609850760234,0
89.0,0.33299709105911474,0
114.0,0.32662641690477334,1
119.0,0.44409277623648724,1
148.0,0.4470408496710925,1
50.0,0.451563568598474,0
159.0,0.3356403436208664,1
94.0,0.45424618790743376,0
96.0,0.33662745585357223,0
42.0,0.33302140230139166,0
132.0,0.3271546573161928,1
124.0,0.4441158846588325,1
54.0,0.44683838499363215,0
105.0,0.33171333543781695,1
57.0,0.45043409295490494,0
66.0,0.33264162771176664,0
30.0,0.33029268337518164,0
100.0,0.3248645783484702,0
87.0,0.4291361358524841,0
35.0,0.3149969754293257,0
76.0,0.3096545588760348,0
159.0,0.30485473595144186,1
32.0,0.4184069944682021,0
71.0,0.3081536669070531,0
70.0,0.30328774957970384,0
88.0,0.2987992122171241,0
120.0,0.29443023648400907,1
128.0,0.4062284783840532,1
156.0,0.4117847303666911,1
32.0,0.4155861127848632,0
89.0,0.3047914659290968,0
121.0,0.29809469649900344,1
37.0,0.41012496145413996,0
111.0,0.30247847902185987,1
45.0,0.41337402289285125,0
132.0,0.3038173113673124,1
174.0,0.41642696670272994,1
115.0,0.41924649463303865,1
135.0,0.42273292486204145,1
70.0,0.4261721433347333,0
28.0,0.3142295063553552,0
61.0,0.3090792519772537,0
168.0,0.30502246518611104,1
33.0,0.4176497481965895,0
173.0,0.30846327203447965,1
76.0,0.4205009933931486,0
108.0,0.30958403256585915,1
37.0,0.4232138080761053,0
124.0,0.31061317625804585,1
34.0,0.4258322466090427,0
39.0,0.3115577636078022,0
101.0,0.3109442011882289,0
107.0,0.41498707675881424,1
75.0,0.4168304815622084,0
72.0,0.3063783089558036,0
98.0,0.30587604162736276,0
47.0,0.30228790804447664,0
138.0,0.2988451035225192,1
44.0,0.41004925721198476,0
97.0,0.2985122668848809,0
72.0,0.29778449909971244,0
86.0,0.2944555849134358,0
47.0,0.29124197401098706,0
158.0,0.2880902334366266,1
61.0,0.39748053947058176,0
68.0,0.28869771039608855,0
135.0,0.2873006116589849,1
117.0,0.39645482133007065,1
89.0,0.39734286975050587,0
119.0,0.28978839066578804,1
56.0,0.40113678308944134,0
127.0,0.2908194072893056,1
130.0,0.4035810531147645,1
172.0,0.402562657257451,1
91.0,0.40548383246225744,0
171.0,0.29682509072518243,1
40.0,0.4100414607984387,0
168.0,0.29768517289877633,1
82.0,0.4123081920084124,0
37.0,0.2985400006695255,0
68.0,0.30027702469971623,0
90.0,0.2971949756636919,0
166.0,0.294346923062621,1
132.0,0.4042115947797398,1
136.0,0.40269991699077323,1
41.0,0.40548212630267505,0
126.0,0.2969445390512145,1
103.0,0.4103863426222617,0
35.0,0.4041434621298506,0
152.0,0.2954721821183381,1
56.0,0.40924033844016383,0
47.0,0.29619964837434176,0
39.0,0.29794877437465095,0
87.0,0.295097604422191,0
43.0,0.29245855090854017,0
69.0,0.2898563315438874,0
99.0,0.28729543469125957,0
82.0,0.2847743995970948,0
66.0,0.28229229572272885,0
124.0,0.2798479713029086,1
62.0,0.38704074356145185,0
145.0,0.2798067453670977,1
48.0,0.3892392189935478,0
26.0,0.280756874521667,0
79.0,0.2812264035946026,0
71.0,0.2788141937510934,0
130.0,0.276504964351047,1
113.0,0.38299501989956103,1
40.0,0.3828595048832333,0
49.0,0.2778775923884272,0
115.0,0.2775840086037637,1
140.0,0.3841548393177823,1
86.0,0.38405389696865466,0
84.0,0.27891427583815737,0
62.0,0.27859198802384055,0
49.0,0.2763461513195274,0
42.0,0.27416197169143336,0
170.0,0.27200762979612203,1
128.0,0.3775275506384464,1
101.0,0.3785791168036886,0
82.0,0.37686455479931885,0
128.0,0.27247938239179065,1
171.0,0.3787310944934742,1
133.0,0.37979007787342617,1
73.0,0.3820229917101206,0
84.0,0.27723889903018134,0
132.0,0.27547815620501176,1
139.0,0.38148415189265356,1
74.0,0.3831480650082494,0
80.0,0.2782155125231522,0
91.0,0.27645004139582235,0
106.0,0.2743907530084085,1
164.0,0.38013795710751597,1
45.0,0.38214231406526,0
79.0,0.27739484988587876,0
118.0,0.27535801302638674,1
100.0,0.381221691249556,0
55.0,0.37950762698844476,0
85.0,0.2748345198210476,0
33.0,0.2730276414513693,0
134.0,0.2710780957054515,1
45.0,0.37611752024736594,0
74.0,0.27237854010387563,0
43.0,0.27079353852533833,0
145.0,0.26889756373671286,1
41.0,0.37348936897704565,0
78.0,0.27001135773964297,0
127.0,0.2686473101595808,1
81.0,0.3731561877384401,0
84.0,0.2693080199248036,0
37.0,0.268403252193382,0
65.0,0.26658112405827017,0
73.0,0.2647856232145638,0
131.0,0.2630113827588837,1
61.0,0.3663972666456187,0
72.0,0.264013810216325,0
72.0,0.2628507031605468,0
113.0,0.2611216884861874,1
104.0,0.3641024388635138,0
125.0,0.3621797825991917,1
46.0,0.36466291045906335,0
111.0,0.2628478841898688,1
111.0,0.3677737032416243,1
81.0,0.3676138048582871,0
100.0,0.265356391270795,0
135.0,0.3661138146457829,1
96.0,0.3668955850875751,0
89.0,0.264760791313757,0
160.0,0.26504780772124137,1
99.0,0.3686132203800825,0
120.0,0.2641189964420083,1
102.0,0.3703918431205105,0
76.0,0.3657402487780456,0
91.0,0.26359390318825504,0
170.0,0.2646768987311228,1
145.0,0.3680727871896581,1
105.0,0.3665847562896419,1
92.0,0.36852887901966624,0
111.0,0.266146719509308,1
123.0,0.3725062050380724,1
30.0,0.3712309175926661,0
54.0,0.26848917770749664,0
163.0,0.26925855557232287,1
52.0,0.3734515073382932,0
72.0,0.2677993546982199,0
130.0,0.2690282402574196,1
96.0,0.3731263027530871,0
109.0,0.26717943256249216,1
112.0,0.3748139180409441,1
41.0,0.3723787218531999,0
82.0,0.2695433429302996,0
40.0,0.2712272197391855,0
158.0,0.26955839867450093,1
165.0,0.373780625395423,1
155.0,0.3718209057788927,1
45.0,0.373680039520009,0
92.0,0.2705276663871665,0
57.0,0.2715333732298188,0
124.0,0.26992596157119286,1
61.0,0.3741667699151417,0
40.0,0.2685233443917612,0
57.0,0.26974357549750855,0
135.0,0.2681631196495775,1
167.0,0.37204849045469507,1
82.0,0.3707363738536301,0
25.0,0.26815246380753033,0
28.0,0.2690377775774762,0
156.0,0.26750128924593725,1
39.0,0.3712251025222731,0
150.0,0.2662541279251605,1
68.0,0.37277696378089786,0
121.0,0.26693645841549574,1
125.0,0.37425719778726624,1
67.0,0.3718011564819902,0
78.0,0.2691325089528101,0
88.0,0.2708626706936375,0
103.0,0.26931780538000494,0
101.0,0.3692617662331946,0
143.0,0.36475967313593655,1
146.0,0.3668685482903291,1
131.0,0.3684695180519242,1
123.0,0.3700782054160701,1
161.0,0.3716765865801586,1
109.0,0.3732656237069607,1
172.0,0.3748450525708034,1
130.0,0.376416658908939,1
108.0,0.3779798155624406,1
124.0,0.37953464243692153,1
93.0,0.38108007353955586,0
47.0,0.2768789338312336,0
144.0,0.2750239331824488,1
49.0,0.37994916763824577,0
162.0,0.2762677005762091,1
147.0,0.3813239069318109,1
122.0,0.382601605230519,1
101.0,0.3841105107613715,0
114.0,0.3829393101633783,1
166.0,0.3848153503748745,1
154.0,0.3863089836648621,1
131.0,0.38779439718759057,1
55.0,0.3892717388343262,0
88.0,0.28387570128699924,0
153.0,0.281716603619989,1
107.0,0.3877143975810373,1
153.0,0.3899304926883254,1
97.0,0.39138899172206604,0
172.0,0.2856982519834657,1
136.0,0.39112411375211764,1
162.0,0.39345841921361585,1
57.0,0.39489661286930267,0
121.0,0.28871241166788414,1
165.0,0.39446783300302535,1
53.0,0.39691407803986883,0
168.0,0.29046427045343864,1
31.0,0.3967267113747005,0
131.0,0.29098371731126577,1
73.0,0.3979327687159988,0
169.0,0.2915007696079439,1
139.0,0.3991224002983352,1
126.0,0.40008257471293396,1
96.0,0.40145822143606713,0
92.0,0.2943866907161517,0
50.0,0.29293616164707625,0
124.0,0.2915035314765341,1
62.0,0.39897407820111463,0
149.0,0.2924354179430951,1
118.0,0.40013345363680736,1
157.0,0.4010915217466973,1
116.0,0.4024345215892597,1
110.0,0.40377043029010357,1
55.0,0.4050992533439035,0
101.0,0.2975593766929718,0
61.0,0.40160420085396986,0
43.0,0.2951351671120823,0
47.0,0.2926948524896461,0
29.0,0.29129056529402353,0
113.0,0.2899096740844988,1
152.0,0.39706351779664334,1
95.0,0.39999264695793535,0
169.0,0.29319797444473544,1
25.0,0.3991804209005736,0
83.0,0.2936639666239379,0
114.0,0.29136669433332674,1
78.0,0.3987083823354963,0
62.0,0.2929834193731722,0
57.0,0.29098805020379936,0
116.0,0.2896426312606974,1
148.0,0.3967041907660485,1
96.0,0.39891028531625133,0
74.0,0.2922749170834785,0
127.0,0.2900975731482891,1
52.0,0.3972024149964037,0
80.0,0.2916111105358082,0
110.0,0.28973945350418484,1
92.0,0.396776412541782,0
78.0,0.29096570394548155,0
29.0,0.2893864953863801,0
105.0,0.28809518150383184,1
54.0,0.39485472063067156,0
99.0,0.289233041662468,0
103.0,0.28776444837387527,0
148.0,0.39115625732631587,1
173.0,0.3933681267304987,1
133.0,0.39460386543433273,1
104.0,0.39583015276893074,0
75.0,0.3948283220323762,0
35.0,0.28858054299886826,0
51.0,0.28648175202593557,0
67.0,0.2852325835814665,0
44.0,0.28400125171706103,0
139.0,0.28277932775594317,1
89.0,0.3886075823783529,0
41.0,0.28481781519483956,0
69.0,0.2825270772110273,0
167.0,0.28131345148833514,1
123.0,0.3868774165027205,1
81.0,0.38950049827786026,0
27.0,0.2842795606401233,0
91.0,0.2818207624064076,0
34.0,0.2806195369602122,0
146.0,0.27944398189667935,1
165.0,0.3846649222673008,1
72.0,0.38765818867196855,0
50.0,0.2827304748248322,0
162.0,0.2799697370101599,1
154.0,0.3852346932143895,1
160.0,0.38821219185786765,1
48.0,0.38941228250068327,0
40.0,0.2842057035058809,0
73.0,0.2811862278195698,0
75.0,0.27999447659253096,0
114.0,0.27884581712294143,1
66.0,0.3839261967553224,0
140.0,0.2816664917941279,1
29.0,0.38504030475215095,0
26.0,0.2821630297460263,0
107.0,0.27957473367695174,1
68.0,0.38473203870730804,0
25.0,0.28167180440661926,0
131.0,0.27934691071269246,1
161.0,0.3844623742212348,1
148.0,0.3869686337403487,1
72.0,0.38811722493810463,0
105.0,0.28312725261443716,1
154.0,0.387157207156746,1
114.0,0.3897446835282423,1
127.0,0.39088240238883615,1
66.0,0.391990554675983,0
52.0,0.28644531036890786,0
119.0,0.2834930424019739,1
84.0,0.3892540819727133,0
100.0,0.28589485535997866,0
100.0,0.38735635335215535,0
140.0,0.3882279885933026,1
156.0,0.3896579558518788,1
138.0,0.3907535372870517,1
51.0,0.39183862021863664,0
148.0,0.28633071144864136,1
45.0,0.39027656029643193,0
78.0,0.2867372284764585,0
66.0,0.2841046658101973,0
55.0,0.2829838726764193,0
53.0,0.28189468621542835,0
42.0,0.2808129300090076,0
77.0,0.27973811572478613,0
62.0,0.27867043686914206,0
136.0,0.2776098213413206,1
108.0,0.38235317830502924,1
141.0,0.3862288306922776,1
147.0,0.38736953924808254,1
172.0,0.38842480386382666,1
35.0,0.3894731885875644,0
130.0,0.284331934254869,1
62.0,0.3864980556074935,0
99.0,0.2846798120553091,0
110.0,0.28094371420461345,1
131.0,0.38614494691413787,1
161.0,0.3903531399014516,1
92.0,0.39148899553365185,0
130.0,0.28606947345128286,1
107.0,0.38870817745871694,1
88.0,0.39290057943804374,0
51.0,0.28737174982551705,0
115.0,0.28348733210332294,1
73.0,0.38908575471043083,0
77.0,0.28680721282326166,0
112.0,0.2832553473592694,1
166.0,0.38882325404038826,1
33.0,0.39279261495635365,0
43.0,0.28727631061597214,0
114.0,0.28366422783160156,1
150.0,0.38928735070461806,1
154.0,0.3932328078280609,1
64.0,0.3943193654128974,0
115.0,0.28851669996978907,1
57.0,0.3917504571593483,0
164.0,0.28885287784099034,1
166.0,0.3926591257856688,1
128.0,0.3961712788470462,1
145.0,0.3972213617429281,1
141.0,0.39820128430305163,1
141.0,0.39917550286083914,1
150.0,0.4001458560231544,1
156.0,0.40111250816224076,1
65.0,0.4020754409459259,0
84.0,0.29520756737445913,0
119.0,0.29058129393484994,1
60.0,0.39721804886352174,0
24.0,0.2945562113942144,0
90.0,0.29030723147255044,0
68.0,0.2891659395885722,0
