Timestep: 0, Trans probs: [0.1111111111111111, 0.1111111111111111, 0.05555555555555555, 0.05555555555555555, 0.2222222222222222, 0.2222222222222222, 0.1111111111111111, 0.1111111111111111]
Timestep: 1, Trans probs: [0.06254219960435994, 0.1250843992087199, 0.02089353488754915, 0.0417870697750983, 0.18731956520267953, 0.37463913040535907, 0.06257803363874472, 0.12515606727748943]
Timestep: 2, Trans probs: [0.12506291324228558, 0.12493708675771444, 0.12506291324228558, 0.12493708675771444, 0.12506291324228558, 0.12493708675771444, 0.12506291324228558, 0.12493708675771444]
Timestep: 3, Trans probs: [0.13338701397347644, 0.0888352082487459, 0.26677402794695265, 0.1776704164974918, 0.06669350698673816, 0.04441760412437295, 0.13338701397347633, 0.0888352082487459]
Timestep: 4, Trans probs: [0.12499414720083672, 0.062434270280203395, 0.3749668273534218, 0.1872950115614465, 0.04173357286016383, 0.020845817392740953, 0.1251955052291738, 0.06253484812201285]
Timestep: 5, Trans probs: [0.11479062439709083, 0.045887894160356615, 0.45584482686898414, 0.18222532788522855, 0.028922446099993067, 0.011561834012715187, 0.11485386985501031, 0.045913176720621146]
Timestep: 6, Trans probs: [0.10536473952753807, 0.03508302760541854, 0.5189188775395713, 0.17278309031396097, 0.021252785056843138, 0.007076485437012651, 0.10466946927159082, 0.03485152524806446]
Timestep: 7, Trans probs: [0.09705301008209166, 0.027768015385569302, 0.5670119148724119, 0.16222882281199325, 0.01658398231047296, 0.004744873709344076, 0.09688844846870534, 0.02772093235941153]
Timestep: 8, Trans probs: [0.41776991117322426, 0.10486682865700696, 0.2791564181978593, 0.07007265840052422, 0.06139775809555918, 0.01541180445487293, 0.0410263587131055, 0.0102982623078478]
Timestep: 9, Trans probs: [0.18779196579023788, 0.041801667106077425, 0.5360013508860425, 0.11931154745551369, 0.024424758983553615, 0.005436844115669609, 0.0697138653145262, 0.015518000348379296]
Timestep: 10, Trans probs: [0.29836404513363246, 0.14918202256681623, 0.2992903854726543, 0.14964519273632715, 0.034452634934545534, 0.017226317467272767, 0.03455960112583434, 0.01727980056291717]
Timestep: 11, Trans probs: [0.23342317144584748, 0.07889876485020844, 0.44321012378323227, 0.14980831216971754, 0.024406014792680883, 0.00824941418682234, 0.04634069861324354, 0.01566350015824757]
Timestep: 12, Trans probs: [0.21661577798011594, 0.06578840278878903, 0.48353845001131757, 0.14685551814296452, 0.020693837771903294, 0.006284927844493398, 0.046193616800759056, 0.014029468659657247]
Timestep: 13, Trans probs: [0.20165113317347105, 0.055538016515556, 0.5173178240364958, 0.14247778032774355, 0.018255612584438682, 0.005027893953583451, 0.046833130218568546, 0.012898609190142794]
Timestep: 14, Trans probs: [0.3147781096845396, 0.07922453665877027, 0.4210908843442798, 0.10598173499688535, 0.02697258258990749, 0.006788560870123265, 0.036082269720775044, 0.009081321134719236]
Timestep: 15, Trans probs: [0.2580888732790822, 0.05989017413176529, 0.4934491729317857, 0.11450612541557958, 0.020644575222326354, 0.004790625760934972, 0.03947108776738817, 0.009159365491137824]
Timestep: 16, Trans probs: [0.24131876510221043, 0.05206220356880709, 0.5224650121212308, 0.11271680346579738, 0.018565401260360978, 0.004005306836971906, 0.0401948542643241, 0.00867165338029739]
Timestep: 17, Trans probs: [0.2899550960922613, 0.05838367417114352, 0.48491882093880495, 0.09764043751153055, 0.021523806159690028, 0.004333908604076896, 0.03599625888882882, 0.007247997633663941]
Timestep: 18, Trans probs: [0.28845966630349823, 0.05423347932610889, 0.4980463244613816, 0.09363799586699201, 0.020258894249277733, 0.0038088871713594778, 0.034978435452701045, 0.006576317168681031]
Timestep: 19, Trans probs: [0.2651907103662319, 0.04684941152120841, 0.5322541038351792, 0.0940296570343269, 0.01743101038445277, 0.0030794162344672804, 0.034985112405732266, 0.006180578218401239]
Timestep: 20, Trans probs: [0.3312652858666821, 0.05511426236354349, 0.4753084007690018, 0.07907943579129433, 0.0208571316642404, 0.0034701053075526394, 0.029926377193499044, 0.004979001044186261]
Timestep: 21, Trans probs: [0.24401601219239766, 0.03833683088843828, 0.5714714026650997, 0.08978264305162315, 0.014583214974487559, 0.0022911375416046933, 0.03415304693310918, 0.00536571175324]
Timestep: 22, Trans probs: [0.29878289047872225, 0.04477496108192308, 0.523221062393748, 0.07840878260594669, 0.017326694491577026, 0.0025965411550029197, 0.030342070408146224, 0.004546997384933817]
Timestep: 23, Trans probs: [0.345856466173062, 0.04931412509213862, 0.4833114408231504, 0.06891321453359309, 0.01920391111535734, 0.0027381997089138284, 0.026836190322833946, 0.003826452230950803]
Timestep: 24, Trans probs: [0.1634389634671943, 0.022214696875679747, 0.1900275271060297, 0.025828626314941063, 0.24362197966413315, 0.03311320823187939, 0.28325486996583316, 0.03850012837430953]
Timestep: 25, Trans probs: [0.35547605173436564, 0.046397746267162414, 0.4364222769288341, 0.056963078023080684, 0.04158892164418844, 0.00542830445133305, 0.051059225482043655, 0.006664395468992065]
Timestep: 26, Trans probs: [0.3372340907036081, 0.04204771394846024, 0.4627075167605862, 0.0576922495171196, 0.03760307568971275, 0.004688503961401031, 0.05159391133513656, 0.006432938083975362]
Timestep: 27, Trans probs: [0.3465915272098678, 0.04144927777152535, 0.4611885334252654, 0.055154065019630924, 0.03664364262716506, 0.0043822551983337356, 0.04875949489771787, 0.00583120385049401]
Timestep: 28, Trans probs: [0.21018278004321309, 0.02429312527650404, 0.23945061155374517, 0.027675929030982815, 0.20883985782337489, 0.024137909051290807, 0.23792068818541184, 0.027499099035477332]
Timestep: 29, Trans probs: [0.19373328893629407, 0.02156920081866864, 0.192955475534211, 0.021482603344578896, 0.2570812328395258, 0.028622013120574417, 0.2560490858635232, 0.028507099542623954]
Timestep: 30, Trans probs: [0.1495019451436628, 0.049930103817210955, 0.132268703701584, 0.04417460991053837, 0.24824145607388584, 0.08290675858159657, 0.21962641066866698, 0.07335001210285454]
Timestep: 31, Trans probs: [0.3376776311771658, 0.053609710188655145, 0.40478661579575087, 0.06426393446734212, 0.0548165672799387, 0.008702679757524753, 0.06571063852063332, 0.010432222812989344]
Timestep: 32, Trans probs: [0.376664001796797, 0.057328023394050825, 0.3753228666914842, 0.057123903477294284, 0.05806260995476693, 0.008837092596924757, 0.057855874497847896, 0.008805627590834189]
Timestep: 33, Trans probs: [0.40103513969665755, 0.058776893786109556, 0.35945282831690983, 0.052682467494196424, 0.05889532424710697, 0.008631872559569476, 0.052788618202577235, 0.007736855696873069]
Timestep: 34, Trans probs: [0.42359573894241004, 0.05953177333353575, 0.34500409851869346, 0.048486573173362434, 0.05962004038925862, 0.00837894814393337, 0.048558463641535224, 0.006824363857271063]
Timestep: 35, Trans probs: [0.37604669321174505, 0.05089709002591286, 0.40023428353792984, 0.05417082699678559, 0.05062507760330627, 0.006851992528740118, 0.053881318542009574, 0.007292717553570807]
Timestep: 36, Trans probs: [0.18679360609902151, 0.04698860290840515, 0.1692040255322426, 0.04256388070383658, 0.23244903285065865, 0.05847338958311186, 0.21056026975868727, 0.05296719256403634]
Timestep: 37, Trans probs: [0.186096667143203, 0.03293894085382857, 0.15445999270932192, 0.02733927824843892, 0.2781759720753808, 0.049236894092769344, 0.23088569654828012, 0.040866558328777565]
Timestep: 38, Trans probs: [0.3686278314038585, 0.0628542203818768, 0.35277935428443313, 0.06015191852423392, 0.06792121474119345, 0.011581152143855904, 0.0650010667598272, 0.01108324176072099]
Timestep: 39, Trans probs: [0.3549553322714358, 0.05833629169210677, 0.3754843619316574, 0.061710202022600975, 0.062400454705485796, 0.010255406234144502, 0.06600941805662833, 0.010848533085940542]
Timestep: 40, Trans probs: [0.3861397233246348, 0.06117334861339088, 0.35282430492350236, 0.05589542567268361, 0.06494079856833626, 0.010288105237784492, 0.059337827040362015, 0.009400466619305674]
Timestep: 41, Trans probs: [0.38084995313375664, 0.0582029567024008, 0.3659754807357248, 0.055929782540686646, 0.061505976605423764, 0.009399580238485944, 0.05910379972761787, 0.009032470315903542]
Timestep: 42, Trans probs: [0.3776629731575481, 0.0558361728773819, 0.3766987982159623, 0.05569362292531137, 0.05849206919857639, 0.008647851443898484, 0.058342738733555555, 0.008625773447765977]
Timestep: 43, Trans probs: [0.40511902422163437, 0.057852046545764466, 0.3566313490047921, 0.050927880866479966, 0.06025136429260326, 0.008604050965512155, 0.05304003031784252, 0.007574253785371158]
Timestep: 44, Trans probs: [0.39096683293992335, 0.054214307904786256, 0.37698673773164365, 0.052275726106272506, 0.056136709068165806, 0.007784324842334143, 0.0541293865248414, 0.0075059748820327015]
Timestep: 45, Trans probs: [0.3720288924953321, 0.05014656419503632, 0.40222719256450057, 0.054217057168961795, 0.051395360085535816, 0.00692768969251136, 0.055567220221494074, 0.007490023576628086]
Timestep: 46, Trans probs: [0.4128266510613664, 0.05410312627765754, 0.3672430680439178, 0.048129155503627966, 0.055070566270729565, 0.007217290340793648, 0.048989772496960945, 0.00642037000494621]
Timestep: 47, Trans probs: [0.3994219241573553, 0.050712633956010465, 0.3862461891624756, 0.04903977579403962, 0.05168793127326171, 0.006562561992895746, 0.04998290096896186, 0.006346082694999721]
Timestep: 48, Trans probs: [0.3654705543742213, 0.04503825868525238, 0.42573571081412115, 0.052464951952223955, 0.045766823324057175, 0.0056400112222461446, 0.05331365503011403, 0.006570034597763884]
Timestep: 49, Trans probs: [0.19616573459226833, 0.023372960607004282, 0.21085642253667877, 0.0251233420960456, 0.23447704257337632, 0.027937716496234586, 0.2520368323589543, 0.030029948739437814]
Timestep: 50, Trans probs: [0.17364468742147873, 0.03529851233659551, 0.17326098424948022, 0.03522051311098428, 0.2423457621617373, 0.049264074832441995, 0.24181025002461018, 0.04915521586267175]
Timestep: 51, Trans probs: [0.17292975717790354, 0.02655133483973478, 0.16099961123026965, 0.02471960093278977, 0.27600487579367916, 0.0423773096903057, 0.2569637431152259, 0.039453767220091515]
Timestep: 52, Trans probs: [0.3999168412911464, 0.059618024583503765, 0.3489713254269973, 0.05202326811512855, 0.06481662821981041, 0.00966260716141046, 0.056559620211415466, 0.008431684990587706]
Timestep: 53, Trans probs: [0.39809785706625267, 0.057451964410741234, 0.3572995375568321, 0.0515641065414556, 0.06244316053729883, 0.009011558774319283, 0.05604378920294174, 0.008088025910158666]
Timestep: 54, Trans probs: [0.386541993881448, 0.054212944476850745, 0.3747101856013067, 0.05255352020858154, 0.058773318731297916, 0.008243023308037606, 0.056974304263985906, 0.007990709528491706]
Timestep: 55, Trans probs: [0.3758483432711591, 0.051145686766275664, 0.3913572627559914, 0.05325615060695927, 0.05536452224186265, 0.00753404016072484, 0.057649071138080016, 0.007844923058947104]
Timestep: 56, Trans probs: [0.36557647685139455, 0.04837027614446889, 0.40693712527719955, 0.053842799987089456, 0.05235575951132042, 0.006927312629979223, 0.05827919359237585, 0.0077110560061721]
Timestep: 57, Trans probs: [0.35583544435324754, 0.045961907722174115, 0.42167266211477133, 0.054465850135611275, 0.04947371183039381, 0.006390330738285379, 0.05862741360726063, 0.00757267949825599]
Timestep: 58, Trans probs: [0.34674871229352744, 0.043650571129647195, 0.43583584058827674, 0.05486533240343707, 0.04679178557934169, 0.005890398701712438, 0.05881359173825968, 0.007403767565797694]
Timestep: 59, Trans probs: [0.38993672166191384, 0.06702461246560625, 0.36472870728740786, 0.06269171099565032, 0.05097775966818481, 0.00876235654739727, 0.047682229837039826, 0.008195901536799813]
Timestep: 60, Trans probs: [0.3525249446448853, 0.055760732079407155, 0.41337065979422966, 0.06538502015366028, 0.04489163801301381, 0.007100747444612671, 0.052639923235436425, 0.008326334634754807]
Timestep: 61, Trans probs: [0.3860776082548894, 0.0593537765723556, 0.3853435401531266, 0.05924092435516056, 0.047709732210032794, 0.007334672421747065, 0.04761901937973597, 0.007320726652951975]
Timestep: 62, Trans probs: [0.19263381995774143, 0.028766493276077866, 0.18091600183238027, 0.027016641996653254, 0.2560478309352752, 0.038236267175565164, 0.24047257050099136, 0.03591037432531551]
Timestep: 63, Trans probs: [0.39967351059799716, 0.05821759927180753, 0.354435469746027, 0.05162809542848013, 0.06293583933983157, 0.009167416347005549, 0.05581228975344927, 0.008129779515401793]
Timestep: 64, Trans probs: [0.36211220709717945, 0.05117524063214567, 0.3979161490815175, 0.056235206329839395, 0.05533765309595715, 0.007820553015612127, 0.06080917844684201, 0.008593812300906735]
Timestep: 65, Trans probs: [0.35388877401110125, 0.04880296058132558, 0.4111315551583667, 0.056697014863499026, 0.05263680860342627, 0.007258868559982095, 0.06115100158283373, 0.008433016639465359]
Timestep: 66, Trans probs: [0.39643890279153005, 0.05324929375180417, 0.3736689596728715, 0.05019085679897336, 0.05738721424485701, 0.007708195657400052, 0.054091110873334965, 0.007265466209228854]
Timestep: 67, Trans probs: [0.4096865801498472, 0.053527862599996354, 0.3657633249093854, 0.047789041546604606, 0.05758313837535237, 0.007523561835745398, 0.051409543713105105, 0.006716946869963572]
Timestep: 68, Trans probs: [0.4222175793812367, 0.05382794987594073, 0.3580413867402988, 0.04564621361150642, 0.05772067140272647, 0.007358730566417714, 0.048947249574259895, 0.006240218847613213]
Timestep: 69, Trans probs: [0.43452598728507963, 0.053925833689532, 0.3508722708587509, 0.04354418441763729, 0.0576493450648889, 0.007154437445049878, 0.046550855894302565, 0.00577708534475891]
Timestep: 70, Trans probs: [0.44619100300623993, 0.05402025680105301, 0.34385298146247895, 0.041630212700974306, 0.057584312516936326, 0.006971721368020253, 0.044376819368854, 0.005372692775443326]
Timestep: 71, Trans probs: [0.37939694727048784, 0.044933988001610844, 0.414687117378018, 0.049113589581420175, 0.04778853878787135, 0.00565984951633732, 0.05223366064545956, 0.006186308818794927]
Timestep: 72, Trans probs: [0.37121022696718375, 0.042788009185538455, 0.4277027969382293, 0.04929969562959071, 0.045411460312728615, 0.005234408536814155, 0.052322396253701414, 0.006031006176213657]
Timestep: 73, Trans probs: [0.36326611517992996, 0.04088862402673095, 0.44004795324921925, 0.04953105880857531, 0.043192871812539176, 0.00486171713346545, 0.05232234453425253, 0.005889315255287348]
Timestep: 74, Trans probs: [0.4444242941252402, 0.048860235164661994, 0.362782465104302, 0.03988449054861262, 0.05161182121598843, 0.005674230133735767, 0.042130603517327864, 0.00463186019013101]
Timestep: 75, Trans probs: [0.37835715493190014, 0.040618178521086075, 0.4327112204487775, 0.046453308391720356, 0.042910367885458996, 0.004606602413771615, 0.049074789297865865, 0.0052683781094193275]
Timestep: 76, Trans probs: [0.43751279370320345, 0.045888971881079564, 0.3771271369842142, 0.03955536120024993, 0.04856702272564019, 0.005094001300717474, 0.0418637866045878, 0.004390925600307487]
Timestep: 77, Trans probs: [0.3928549658689838, 0.04021421952646308, 0.42550388291753566, 0.04355629441811562, 0.04262023546983343, 0.004362779280802128, 0.04616226663486242, 0.004725355883403998]
Timestep: 78, Trans probs: [0.4306806584470959, 0.04316529108338293, 0.39091082573897135, 0.039179329857788416, 0.045769674717185724, 0.004587299878017999, 0.041543219985805326, 0.004163700291752423]
Timestep: 79, Trans probs: [0.40671464095087423, 0.04005460995229156, 0.41836430123912627, 0.04120190722644845, 0.04203161160571184, 0.00413941284384781, 0.043235536783889625, 0.004257979397810343]
Timestep: 80, Trans probs: [0.39855089242347697, 0.03836728784273806, 0.43000765784385175, 0.0413955354177118, 0.04022650953896666, 0.003872484291793467, 0.04340150148680356, 0.0041781311546578445]
Timestep: 81, Trans probs: [0.21869500107509204, 0.020669457064996358, 0.20849008545860334, 0.01970496284176307, 0.24904225602833843, 0.023537658350865007, 0.23742125328380598, 0.022439325896535873]
Timestep: 82, Trans probs: [0.39994333410937116, 0.03699777777433226, 0.4108492136143207, 0.03800665396239601, 0.05156343706182332, 0.004770007206001854, 0.05296949782968079, 0.00490007844207394]
Timestep: 83, Trans probs: [0.4075898585629165, 0.036880228952022864, 0.40718948948501366, 0.036844002085852964, 0.05114758285773769, 0.004628021346720399, 0.05109734139525892, 0.00462347531447702]
Timestep: 84, Trans probs: [0.4130102915327286, 0.03670018487868208, 0.4048864859562134, 0.035978301737537764, 0.05074646006278733, 0.004509341545295046, 0.04974829032295698, 0.004420643963798637]
Timestep: 85, Trans probs: [0.22544985134654558, 0.019567712067432685, 0.23552703950655832, 0.02044235232639373, 0.22456156908140573, 0.0194906144268929, 0.23459905267975406, 0.020361808565016994]
Timestep: 86, Trans probs: [0.21730576847723498, 0.018501359208320543, 0.21710162174041264, 0.018483978205802186, 0.24368091150180782, 0.02074693234099867, 0.24345198677855917, 0.02072744174686411]
Timestep: 87, Trans probs: [0.41375669403641785, 0.03477337967055932, 0.38789431336696123, 0.03259982599719111, 0.06235972229932802, 0.005240902034745851, 0.05846184970948936, 0.004913312885307229]
Timestep: 88, Trans probs: [0.4064333668297787, 0.03370796133273465, 0.39878906033022826, 0.03307397306077682, 0.059657612469565316, 0.004947764279327961, 0.05853555628036532, 0.004854705417222898]
Timestep: 89, Trans probs: [0.39943989195149193, 0.03243066072713833, 0.4093818307530161, 0.03323785012093417, 0.05732895077049468, 0.0046545570178216245, 0.058755851116705136, 0.004770407542398191]
Timestep: 90, Trans probs: [0.39787342680137633, 0.031547747316043005, 0.41488072443204504, 0.032896271474830124, 0.055699597399480126, 0.004416471938050141, 0.05808050440927218, 0.0046052562289030504]
Timestep: 91, Trans probs: [0.4080285216479502, 0.031961101492397365, 0.407661039573679, 0.03193231641672426, 0.055860083894627544, 0.004375551501937491, 0.05580977471669151, 0.004371610755992775]
Timestep: 92, Trans probs: [0.2374788483892218, 0.01820698534797096, 0.22773277781088794, 0.017459775373593833, 0.23664591840044183, 0.018143126422409925, 0.2269340310536356, 0.017398537201838014]
Timestep: 93, Trans probs: [0.40247106939206656, 0.03047623475218957, 0.39521809067241237, 0.02992701892297058, 0.06655891263290403, 0.005040026974646551, 0.06535944660008093, 0.004949200052729378]
Timestep: 94, Trans probs: [0.2455561369442366, 0.01818193179478537, 0.2453439806632898, 0.018166222918281568, 0.22017537861571604, 0.016302641696106693, 0.21998515087364276, 0.016288556493941137]
Timestep: 95, Trans probs: [0.4018411721096424, 0.029200633482613633, 0.3787420754718886, 0.027522089068766263, 0.07808036964868949, 0.0056738741934494324, 0.07359206399658845, 0.005347722028361717]
Timestep: 96, Trans probs: [0.39592579233242653, 0.028222187010436158, 0.38907755659627935, 0.027734034449072263, 0.07487661752617611, 0.005337318112274879, 0.07358149420287903, 0.005244999770455464]
Timestep: 97, Trans probs: [0.3902067612611174, 0.027283912594768683, 0.39913848157245113, 0.027908433491094925, 0.07182922906156161, 0.0050224204243191585, 0.07347337941426983, 0.005137382180417307]
Timestep: 98, Trans probs: [0.2528496157279677, 0.017325763798828164, 0.26278957848380946, 0.018006870022308243, 0.2060660726307175, 0.014120061409122702, 0.21416689208933049, 0.014675145837915668]
Timestep: 99, Trans probs: [0.3869324737963799, 0.025937044477145274, 0.3866110146909754, 0.0259154962751227, 0.08185155240354301, 0.005486712796122889, 0.08178355106327438, 0.0054821544974364336]
Timestep: 100, Trans probs: [0.39207214104841503, 0.026008467477820936, 0.3855524975415789, 0.02557598090618871, 0.08075449243577257, 0.005356923816590099, 0.07941165154723383, 0.005267845226399895]
Timestep: 101, Trans probs: [0.3834879009387059, 0.025168722915277317, 0.3979812000623007, 0.02611993370674447, 0.07701564577493832, 0.005054619569237436, 0.07992632636924314, 0.005245650663552565]
Timestep: 102, Trans probs: [0.40348492603485925, 0.026113740717437155, 0.3820166178541844, 0.02472430136717071, 0.0789565759599666, 0.0051101080102731395, 0.07475551664839028, 0.004838213407718394]
Timestep: 103, Trans probs: [0.3977730630916172, 0.025452687360594136, 0.39140509236242227, 0.025045213896122055, 0.07594898711165379, 0.004859820846796441, 0.07473311562181482, 0.0047820197089793156]
Timestep: 104, Trans probs: [0.39212422784181167, 0.024812470773934336, 0.4004329748090581, 0.02533822390688277, 0.07319030057712983, 0.004631267504180119, 0.07474113484028942, 0.004729399746713694]
Timestep: 105, Trans probs: [0.38693766305094307, 0.024026408733984296, 0.4095299071662268, 0.02542924578802494, 0.07047697191223148, 0.0043761791502675935, 0.07459193177784038, 0.004631692420481466]
Timestep: 106, Trans probs: [0.381776044513708, 0.023308223783502578, 0.41826837536021, 0.025536156693319666, 0.06796018048533478, 0.004149110762402831, 0.07445620197829615, 0.004545706423226044]
Timestep: 107, Trans probs: [0.3767616712815213, 0.02267094424506274, 0.426790217148693, 0.0256813204602397, 0.06549661551613434, 0.003941139005875887, 0.07419362660632307, 0.00446446573614998]
Timestep: 108, Trans probs: [0.37175447858051314, 0.022167856666069352, 0.4349487573930581, 0.025936154818605856, 0.06314412538654289, 0.0037653074852467094, 0.07387795024936099, 0.004405369420603084]
Timestep: 109, Trans probs: [0.2404153849085314, 0.03526620691726804, 0.25878736790461354, 0.037961168198830234, 0.17957541078601075, 0.02634167358483442, 0.19329814485617128, 0.02835464284374041]
Timestep: 110, Trans probs: [0.36280361133297284, 0.03083898847598739, 0.40924700724302704, 0.03478676437048194, 0.07030352133795505, 0.005975931376197649, 0.07930325059470968, 0.0067409252686684165]
Timestep: 111, Trans probs: [0.3586700220200322, 0.029860186051808794, 0.4174525897198463, 0.03475398341528475, 0.06794390761573454, 0.0056565020713647204, 0.07907926073701874, 0.006583548368909947]
Timestep: 112, Trans probs: [0.3546260629341673, 0.02891319828150336, 0.42546941549055417, 0.03468916376593962, 0.06569747699063028, 0.005356414480954906, 0.07882180712588141, 0.00642646093036906]
Timestep: 113, Trans probs: [0.35054209939443504, 0.028136981639028523, 0.4331467785802018, 0.034767415888047166, 0.06351989417230451, 0.005098554778803097, 0.07848825457489632, 0.006300020972283575]
Timestep: 114, Trans probs: [0.3722847125365681, 0.0292517775313583, 0.41511384230966, 0.03261701959958074, 0.06607514160106875, 0.005191766616733175, 0.07367669148778247, 0.005789048317248423]
Timestep: 115, Trans probs: [0.2649046714556742, 0.020561346958634916, 0.28439359200520026, 0.02207403624065509, 0.18261959574949593, 0.014174551354710007, 0.19605483935162327, 0.015217366884006338]
Timestep: 116, Trans probs: [0.24636287409702448, 0.03180118157038798, 0.255002516620594, 0.03291640983520789, 0.18884341522294107, 0.024376415309685835, 0.19546592117655168, 0.025231266167606924]
Timestep: 117, Trans probs: [0.3447445031496609, 0.0351421509511419, 0.4112193767192627, 0.041918386743440755, 0.06910231319936769, 0.0070440685764061135, 0.08242686947605132, 0.008402331184668566]
Timestep: 118, Trans probs: [0.3410707378543131, 0.03420314646332199, 0.4186601816864395, 0.04198394621205759, 0.06694862872218672, 0.006713720936920767, 0.08217862734521954, 0.008241010779540715]
Timestep: 119, Trans probs: [0.36895172221510447, 0.03612654324990864, 0.39512187074960137, 0.03868903841109624, 0.07085812797126911, 0.006938195624600385, 0.07588417236198586, 0.007430329416433802]
Timestep: 120, Trans probs: [0.35130148482181894, 0.03367702085451003, 0.41676894117386504, 0.03995296612692422, 0.06606968359576047, 0.0063336769368733115, 0.07838222514164322, 0.0075140013486048075]
Timestep: 121, Trans probs: [0.36648448864760524, 0.03437476684321848, 0.4056226687312267, 0.03804577027369663, 0.06746751912690219, 0.006328181168146694, 0.0746726151000715, 0.007003990109132622]
Timestep: 122, Trans probs: [0.361133134446384, 0.033370688248849506, 0.4145423144318694, 0.038305990288233366, 0.06505702046352602, 0.006011626575377753, 0.07467851952808148, 0.006900706017678406]
Timestep: 123, Trans probs: [0.3637694548928787, 0.03295084683847848, 0.415663868426563, 0.03765152978236292, 0.06417663598122735, 0.005813227236049628, 0.07333190958107165, 0.006642527261368334]
Timestep: 124, Trans probs: [0.25506882453799645, 0.02273449939557886, 0.2813643550340217, 0.025078242200098886, 0.18150901930592173, 0.01617805193236338, 0.2002211295024836, 0.01784587809153545]
Timestep: 125, Trans probs: [0.37101051018796694, 0.032590446972408746, 0.39556130984854415, 0.034747047695290974, 0.07389459357570204, 0.006491077118695384, 0.0787844048157063, 0.0069206097856856245]
Timestep: 126, Trans probs: [0.37915419675945505, 0.03267119497654341, 0.39115201717755527, 0.033705030638982336, 0.07400960689612246, 0.006377305902734285, 0.07635154054829622, 0.006579107100311004]
Timestep: 127, Trans probs: [0.3665349372387589, 0.030940964854422156, 0.4075263615733025, 0.03440124678340413, 0.07012625451907688, 0.005919692111187866, 0.07796882220890997, 0.006581720710937654]
Timestep: 128, Trans probs: [0.3630792289967851, 0.02994711237253322, 0.4150896560399113, 0.03423698075059385, 0.06795056303880075, 0.0056046256149725575, 0.07768435533320983, 0.0064074778531934004]
Timestep: 129, Trans probs: [0.359420706822965, 0.02924954940539234, 0.42219854046750216, 0.03435839069330911, 0.06581491288442222, 0.005355997886267302, 0.07731040430702148, 0.006291497533120418]
Timestep: 130, Trans probs: [0.26966449485711436, 0.021495819271919625, 0.28693108911960924, 0.022872194719139025, 0.17905568681280956, 0.014273101415805657, 0.19052060693967798, 0.015187006863924591]
Timestep: 131, Trans probs: [0.35978555699338644, 0.028240831555458083, 0.40975293921706213, 0.032162946818889725, 0.07372116752354461, 0.005786633269835233, 0.08395963786795672, 0.00659028675386714]
Timestep: 132, Trans probs: [0.26345329810537294, 0.03057581043140633, 0.2888546980496936, 0.03352384105002186, 0.16394778803549126, 0.019027419750185067, 0.17975515641472695, 0.020861988163102044]
Timestep: 133, Trans probs: [0.3507600058195415, 0.03645499835927837, 0.3876648288650621, 0.040290570377902624, 0.07953040259958218, 0.008265710594645544, 0.08789810526231569, 0.009135378121672037]
Timestep: 134, Trans probs: [0.3489933467185598, 0.035406138495633996, 0.3939457779395683, 0.03996666098264288, 0.07748625894876007, 0.007861150482220513, 0.08746695273194656, 0.008873713700667737]
Timestep: 135, Trans probs: [0.36039564109592886, 0.03576602290782253, 0.38687714221926883, 0.03839407349392492, 0.07834457736247574, 0.007774994004170362, 0.08410125634761298, 0.008346292568795885]
Timestep: 136, Trans probs: [0.34753812305125353, 0.033929684355707555, 0.4035611169035858, 0.03939913467494941, 0.074012452846076, 0.007225737255560609, 0.08594322796331481, 0.008390522949552356]
Timestep: 137, Trans probs: [0.36939781810803707, 0.03540306148272042, 0.385472440439994, 0.03694365218150831, 0.07715711308509543, 0.0073947324117164676, 0.08051466256770841, 0.007716519723219912]
Timestep: 138, Trans probs: [0.3660919964562161, 0.0345814231769951, 0.39224137995195674, 0.03705152059850999, 0.07500059676515354, 0.007084632825544814, 0.08035777306566293, 0.007590677159960741]
Timestep: 139, Trans probs: [0.36300041648006226, 0.03363138904270856, 0.3990619311318071, 0.03697242881473532, 0.07294910510937984, 0.006758614103093579, 0.08019608087938718, 0.007430034438826406]
Timestep: 140, Trans probs: [0.3490830902043454, 0.031718284318299185, 0.41666414731961554, 0.037858814307473294, 0.06881816694491545, 0.006252935895993268, 0.08214108232345768, 0.007463478685900033]
Timestep: 141, Trans probs: [0.3715694418662238, 0.03330831253051505, 0.39738901353483363, 0.03562283645428732, 0.07188926668115057, 0.0064443140161870496, 0.07688469920099175, 0.006892115715810867]
Timestep: 142, Trans probs: [0.36834713197580826, 0.03255884254478917, 0.4039461767155765, 0.03570550391883007, 0.06987043670231269, 0.006175969213941552, 0.07662309088699665, 0.006772848041745148]
Timestep: 143, Trans probs: [0.365228543021756, 0.03183039469489711, 0.4104456322232239, 0.03577115404609427, 0.06787836689307503, 0.0059157348206569735, 0.07628204242527822, 0.006648131875018476]
Timestep: 144, Trans probs: [0.3621425758656051, 0.03110811878190745, 0.4168137817552286, 0.03580438616416543, 0.06598829866101251, 0.005668407886192776, 0.07595028629469253, 0.0065241445911954415]
Timestep: 145, Trans probs: [0.3515886233687366, 0.02948948677610485, 0.4310459890187949, 0.036153971284023874, 0.06288469100468977, 0.005274451846689462, 0.0770963336883332, 0.0064664530126273476]
Timestep: 146, Trans probs: [0.37072392789450076, 0.030413215258144253, 0.4154069744063301, 0.03407889478326156, 0.06510242821793527, 0.005340831854218495, 0.07294916971265437, 0.00598455787295505]
Timestep: 147, Trans probs: [0.367630007887956, 0.02973470391095416, 0.4216621294068902, 0.034104937843369876, 0.0632881889440573, 0.005118884527744009, 0.07258991905957271, 0.005871228419455786]
Timestep: 148, Trans probs: [0.3646992447473355, 0.028890675782275377, 0.4279457202642215, 0.03390092311578956, 0.06163189438534543, 0.004882343750857087, 0.07232015369885895, 0.005729044255316689]
Timestep: 149, Trans probs: [0.3616303588755583, 0.0282228324110848, 0.43390930418408935, 0.033863720987573474, 0.060033941883534954, 0.004685247903478292, 0.07203290683644348, 0.005621686918237419]
Timestep: 150, Trans probs: [0.35884557393005506, 0.027366389729749183, 0.4400594783727232, 0.033559949082067886, 0.05849854450796247, 0.004461233700321521, 0.0717379308871041, 0.005470899790016538]
Timestep: 151, Trans probs: [0.2599201068667767, 0.01935872171751281, 0.3270823718178496, 0.024360934177251818, 0.1521791245009466, 0.011334226343399218, 0.19150157170582388, 0.014262942870439516]
Timestep: 152, Trans probs: [0.35876455543421315, 0.026156718493045055, 0.42861525974085757, 0.031249376564795, 0.06591648042172388, 0.004805822638628824, 0.07875028050908185, 0.005741506197654752]
Timestep: 153, Trans probs: [0.3559580783685354, 0.02554983613372329, 0.4344411576727313, 0.03118316752117991, 0.06423378978206455, 0.004610550800537325, 0.07839631600026553, 0.005627103720962857]
Timestep: 154, Trans probs: [0.3462695854445879, 0.02456903235984297, 0.4469653806004996, 0.03171374952149971, 0.061337655592800605, 0.004352120164413288, 0.07917475207063983, 0.005617724245716013]
Timestep: 155, Trans probs: [0.35381110067275906, 0.024744341795788074, 0.4423614853210777, 0.030937253718902314, 0.061531229450224954, 0.004303284350706787, 0.07693101206117478, 0.005380292629366243]
Timestep: 156, Trans probs: [0.3651293089297981, 0.025023767573975803, 0.43442589213202343, 0.02977293875611324, 0.06224646652136501, 0.004265998572115131, 0.07406000035951445, 0.005075627155094721]
Timestep: 157, Trans probs: [0.3517218622062339, 0.02374924028074642, 0.4507929292434363, 0.03043879480879801, 0.05883107553423034, 0.003972438164841531, 0.07540228720575529, 0.005091372555958205]
Timestep: 158, Trans probs: [0.3726112602010097, 0.02493977605838004, 0.432447104149786, 0.028944734329210676, 0.06119088329368804, 0.004095654343177344, 0.07101723191738159, 0.004753355707366617]
Timestep: 159, Trans probs: [0.34911505912600677, 0.023164814355758002, 0.4584200720194481, 0.030417524502862878, 0.05630588666476255, 0.0037360617298803087, 0.07393479010787402, 0.004905791493407544]
Timestep: 160, Trans probs: [0.35656170665788817, 0.023168935005209806, 0.4539336140187463, 0.02949604010609943, 0.05652692635482195, 0.0036730491757931377, 0.07196362225805547, 0.004676106423385807]
Timestep: 161, Trans probs: [0.2707429313471035, 0.017355201561710557, 0.3344855382838482, 0.02144123913968823, 0.14964908610977717, 0.009592826819294716, 0.18488185406008492, 0.011851322678492733]
Timestep: 162, Trans probs: [0.3742891209470362, 0.023525982226998057, 0.423988055477215, 0.026649814005756, 0.06685391586137611, 0.004202109942122838, 0.07573092617648697, 0.004760075363008604]
Timestep: 163, Trans probs: [0.2618623554773715, 0.027947244321916673, 0.331259366609488, 0.03535363620968696, 0.13706107347343735, 0.01462783491885808, 0.17338408303422878, 0.018504405955012508]
Timestep: 164, Trans probs: [0.3632981876365342, 0.032552357758632675, 0.4019081986566061, 0.03601190403373702, 0.07243097657754949, 0.006489983001837658, 0.08012867752686335, 0.007179714808239415]
Timestep: 165, Trans probs: [0.26750251477532294, 0.023627432378092575, 0.34630813004669797, 0.030588018701560516, 0.1329347082859396, 0.011741593657037459, 0.17209696246584175, 0.015200639689507398]
Timestep: 166, Trans probs: [0.36218687088987983, 0.03147046263730795, 0.39151753843459497, 0.034019008018937494, 0.07993907724147568, 0.006945916447517007, 0.08641271471110641, 0.007508411619180567]
Timestep: 167, Trans probs: [0.36010438197252803, 0.030686263582703332, 0.3975002900618997, 0.033872952637302375, 0.077891481281791, 0.006637515801300599, 0.08598031002362254, 0.007326804638852498]
Timestep: 168, Trans probs: [0.35789589330828336, 0.030004962140969683, 0.40324671014122265, 0.033807044164197254, 0.07594117975773096, 0.006366690051982647, 0.08556407456503068, 0.007173445870582813]
Timestep: 169, Trans probs: [0.35576051614023, 0.02937307118365033, 0.40897640691197357, 0.0337667969537233, 0.07396588750618369, 0.006106931995861597, 0.08502996126307198, 0.0070204280453055375]
Timestep: 170, Trans probs: [0.2660594672191833, 0.02605012599110879, 0.3523158662373633, 0.03449556897965629, 0.1258262692345799, 0.012319765204414593, 0.16661910776614672, 0.016313829367547116]
Timestep: 171, Trans probs: [0.32029776100194823, 0.03581982641468768, 0.41193141073955225, 0.04606748289869695, 0.07313213319074131, 0.008178578295501227, 0.09405442829639905, 0.010518379162473168]
Timestep: 172, Trans probs: [0.32745649357236956, 0.03567422612649047, 0.4093496748941449, 0.044595948327870595, 0.07330959935082253, 0.007986597535301813, 0.09164350455687946, 0.009983955636120688]
Timestep: 173, Trans probs: [0.3487909208028767, 0.037225534396806835, 0.39199792507220377, 0.04183690392416854, 0.07664101731368085, 0.008179693495603067, 0.08613503956246889, 0.009192965432191256]
Timestep: 174, Trans probs: [0.32701002721973405, 0.034155386122421735, 0.41794507915065593, 0.04365332671210306, 0.07044306878021292, 0.00735760378448508, 0.09003189965541367, 0.009403608574973419]
Timestep: 175, Trans probs: [0.3568799369893309, 0.036310117432172974, 0.3923150966919356, 0.039915405028006175, 0.07548140212926417, 0.00767972164078416, 0.08297606703419252, 0.008442253054313493]
Timestep: 176, Trans probs: [0.3551919180286765, 0.03523279926956649, 0.3982293548998797, 0.03950184171505739, 0.0737030666733383, 0.0073108796170400295, 0.08263342493366277, 0.008196714862778714]
Timestep: 177, Trans probs: [0.2724964582048555, 0.026333311990263515, 0.3559011579826756, 0.034393313926334414, 0.12292782315960761, 0.011879408418264011, 0.16055311286983306, 0.015515413448166317]
Timestep: 178, Trans probs: [0.3546753993613837, 0.033525586590846645, 0.38913605612048163, 0.03678296991722, 0.08097953374173465, 0.007654566331449104, 0.08884759541674898, 0.008398292520135353]
Timestep: 179, Trans probs: [0.3531293510428561, 0.03254061201081815, 0.3950011063446476, 0.036399063706956426, 0.07906041668343027, 0.0072853597049113514, 0.08843488077612052, 0.008149209730259595]
Timestep: 180, Trans probs: [0.35124526584450266, 0.031905709186861, 0.400415374352458, 0.0363721243539646, 0.07713476155354063, 0.007006611930862702, 0.08793269953059482, 0.007987453247215623]
Timestep: 181, Trans probs: [0.34948643347676717, 0.031127678593647762, 0.4058955529471649, 0.0361518648636477, 0.07533765368727535, 0.006710092425184065, 0.08749758408911593, 0.007793139917197174]
Timestep: 182, Trans probs: [0.34779062040279957, 0.03034349678305078, 0.411375479484367, 0.03589104997685953, 0.07356914205387705, 0.0064186464334725175, 0.0870194286798643, 0.007592136185709291]
Timestep: 183, Trans probs: [0.3459623542508681, 0.029704203165076794, 0.4166244773752952, 0.03577122761318085, 0.07183515924323447, 0.006167740906888937, 0.08650734771905769, 0.007427489726398126]
Timestep: 184, Trans probs: [0.34429187287377616, 0.028984792566598496, 0.4219910565455282, 0.035526029519192585, 0.07012129796440697, 0.00590327985100048, 0.0859461490256912, 0.007235521653805975]
Timestep: 185, Trans probs: [0.342547017362341, 0.02837500021903654, 0.4271961701178435, 0.035386941956184775, 0.0684246793613006, 0.005667981892864264, 0.08533357315375253, 0.00706863593667681]
Timestep: 186, Trans probs: [0.34077715171109185, 0.02773601854303914, 0.4322986873041059, 0.0351850009514822, 0.06685255196814757, 0.005441161802449787, 0.08480694880407104, 0.0069024789156124765]
Timestep: 187, Trans probs: [0.3326088527179934, 0.026687260037129092, 0.4437256061939246, 0.03560284262087951, 0.06400349082622751, 0.005135394891042652, 0.08538554381014746, 0.00685100890265574]
Timestep: 188, Trans probs: [0.3477975796127448, 0.027419220607245092, 0.4319356247975531, 0.034052388166816216, 0.06565414363187863, 0.005175957377353379, 0.0815369778644216, 0.006428107941987273]
Timestep: 189, Trans probs: [0.2746822842988748, 0.021130428218102563, 0.37414090401004013, 0.028781461228268006, 0.11843134781088373, 0.009110544205931041, 0.1613136851770132, 0.012409345050886618]
Timestep: 190, Trans probs: [0.34728405431288384, 0.026083399975218035, 0.42242231299369354, 0.03172679543283736, 0.07238616131836992, 0.005436694184169607, 0.08804760631276136, 0.006612975470066335]
Timestep: 191, Trans probs: [0.3455248991231577, 0.025594783012499157, 0.42739430667852346, 0.031659265563710494, 0.0706832806767139, 0.005235869357383791, 0.08743112816254608, 0.006476467425465464]
Timestep: 192, Trans probs: [0.3438504135783854, 0.025023669320092895, 0.43240398936743507, 0.03146814433059571, 0.06906099535448933, 0.0050259049936354225, 0.0868466307490992, 0.006320252306267051]
Timestep: 193, Trans probs: [0.34197400891336, 0.024611050637812805, 0.43708852986620944, 0.0314562149793957, 0.06751204596450538, 0.004858680304899263, 0.08628942594979996, 0.006210043384017419]
Timestep: 194, Trans probs: [0.27650732339498474, 0.01962235507856872, 0.38437590139973804, 0.027277253738905424, 0.11415957365847865, 0.008101339459804409, 0.15869449130540975, 0.011261761964110306]
Timestep: 195, Trans probs: [0.3264586015816935, 0.022775323898868275, 0.441427328482281, 0.030796095845801237, 0.07095533799501252, 0.004950186018565319, 0.09594363616379609, 0.006693490013982104]
Timestep: 196, Trans probs: [0.3425767870345943, 0.023338015876476124, 0.4290134536297733, 0.029226506789038313, 0.07309366987141301, 0.004979500341208697, 0.09153617214245974, 0.006235894315036736]
Timestep: 197, Trans probs: [0.34103141844117507, 0.022808161418399867, 0.43396798138621423, 0.029023753339551157, 0.07142443854605558, 0.004776862293284618, 0.09088875024815926, 0.00607863432716016]
Timestep: 198, Trans probs: [0.3270040787570202, 0.021631513291537764, 0.451088734865711, 0.029839786711532278, 0.06718375240141003, 0.00444424497263334, 0.09267723506532143, 0.006130653934833931]
Timestep: 199, Trans probs: [0.333534149998425, 0.021640444072509344, 0.44785769369153205, 0.02905801211906003, 0.06730473737463269, 0.004366882386638807, 0.09037438731614017, 0.005863693041061805]
Timestep: 200, Trans probs: [0.3490015353655543, 0.022389715103662205, 0.43531120300708925, 0.02792679352127328, 0.06915004106316702, 0.004436226096223819, 0.0862511608485257, 0.005533324994504403]
Timestep: 201, Trans probs: [0.3472061674220861, 0.022030187326511644, 0.4399516210466704, 0.02791487460670055, 0.06756504886915109, 0.004286993789205454, 0.08561297455279497, 0.005432132386879868]
Timestep: 202, Trans probs: [0.3453566887016507, 0.021724017302105565, 0.4444549728657813, 0.02795760973051321, 0.06603038656320544, 0.004153518107775792, 0.08497745846069159, 0.005345348268276344]
Timestep: 203, Trans probs: [0.3439008262180409, 0.021071272545753063, 0.4494012428006615, 0.027535426924066287, 0.06457671801213241, 0.003956703565699373, 0.08438728586316419, 0.00517052407048223]
Timestep: 204, Trans probs: [0.3423577531758557, 0.020529762444079207, 0.4541778956617838, 0.027235148667711807, 0.06313499362080786, 0.00378594148641308, 0.083756007507707, 0.005022497435641553]
Timestep: 205, Trans probs: [0.28530558064933276, 0.01703825909726132, 0.3906880073781607, 0.023331627375643527, 0.11296372090642955, 0.006746118113126237, 0.15468877589604502, 0.009237910584000947]
Timestep: 206, Trans probs: [0.33649294795622964, 0.019793339630152902, 0.4488323424949325, 0.026401418056329968, 0.06817913266271958, 0.0040104636268870585, 0.09094098407750789, 0.005349371495240322]
Timestep: 207, Trans probs: [0.34256829070880945, 0.019888108339882703, 0.4456109677475957, 0.025870343065515538, 0.0682157362727482, 0.003960325547557733, 0.08873465840407509, 0.005151569913815569]
Timestep: 208, Trans probs: [0.34078264487563925, 0.01960722634236332, 0.44992190909764795, 0.025886648984971287, 0.06675536636011786, 0.003840828156809057, 0.08813448198401536, 0.005070894198435931]
Timestep: 209, Trans probs: [0.336203493467963, 0.019150138033084785, 0.4571660250853218, 0.026040159172988672, 0.06472615656960018, 0.003686799384126612, 0.08801395670445053, 0.0050132715824643456]
Timestep: 210, Trans probs: [0.34239309368899756, 0.01919587271602921, 0.45380042905533996, 0.02544179609691019, 0.06481479432341321, 0.0036337664657394107, 0.08590413187426876, 0.004816115779301534]
Timestep: 211, Trans probs: [0.34848699021126645, 0.019291630380862134, 0.4504649988522987, 0.02493695461086135, 0.06481355410181405, 0.0035879650159800548, 0.08377999292423279, 0.004637913902684598]
Timestep: 212, Trans probs: [0.34941548726390054, 0.018900406593499935, 0.4525016219904991, 0.024476489885462003, 0.06395014042767885, 0.003459158794760787, 0.08281699960308114, 0.004479695441117529]
Timestep: 213, Trans probs: [0.3477076958303486, 0.018466740393167893, 0.4569363951175347, 0.024267871795804547, 0.06262559971176533, 0.0033260428391780213, 0.0822987702530745, 0.004370884059126555]
Timestep: 214, Trans probs: [0.2972058941148066, 0.015452205257919568, 0.3915212896087219, 0.020355812080706453, 0.11299625159061742, 0.005874854124794943, 0.14885451136652306, 0.007739181855910053]
Timestep: 215, Trans probs: [0.29300743270931945, 0.01492524504256015, 0.37667515683108643, 0.019187120835689048, 0.1233175642992523, 0.006281563741230879, 0.15853066402766042, 0.008075252513201351]
Timestep: 216, Trans probs: [0.34723445120267243, 0.0173078149375337, 0.4477446821047962, 0.022317722421533234, 0.06881216752204976, 0.003429925391323146, 0.08873048732747699, 0.004422749092614608]
Timestep: 217, Trans probs: [0.3456629760971575, 0.01696607562831061, 0.45221124091879544, 0.02219575321611531, 0.06729770559230892, 0.00330315377013351, 0.08804176629067689, 0.0043213284865019005]
Timestep: 218, Trans probs: [0.3439264327599992, 0.016751488098916748, 0.456404973383069, 0.022229935682925816, 0.06584501418758121, 0.0032070869420669787, 0.0873791284564099, 0.004255940489030967]
Timestep: 219, Trans probs: [0.3476109725475092, 0.016739104575866567, 0.4552619987176377, 0.021923008212610503, 0.06545674041472173, 0.003152050163916006, 0.085727922373552, 0.004128202994186355]
Timestep: 220, Trans probs: [0.35350597618069635, 0.01673908755600427, 0.4520649458997142, 0.021406016362641788, 0.06548094037348987, 0.003100629884687065, 0.08373730505838199, 0.003965098684384378]
Timestep: 221, Trans probs: [0.3509615202653156, 0.016454102858169735, 0.4571424474317289, 0.021432175371222547, 0.06389139553985498, 0.002995415546325566, 0.08322128564076785, 0.0039016573466149453]
Timestep: 222, Trans probs: [0.34922769805026715, 0.01612362630250939, 0.46133466403567913, 0.02129953541724615, 0.06260444795495802, 0.0028904085481654684, 0.08270134965148886, 0.003818270039685792]
Timestep: 223, Trans probs: [0.35301645914730123, 0.016210072018707136, 0.459765393189668, 0.021111848873323836, 0.062246324367254455, 0.0028582729636183117, 0.08106904099160087, 0.003722588448526217]
Timestep: 224, Trans probs: [0.3551014489630137, 0.015915977927761067, 0.4605835091096828, 0.02064378218193074, 0.06156461113337601, 0.0027593832545359884, 0.079852235792304, 0.003579051637395765]
Timestep: 225, Trans probs: [0.35311305685200584, 0.01580305236860142, 0.46441130006506903, 0.020784040558926346, 0.06031432070656854, 0.0026992781779292888, 0.07932488348517405, 0.0035500677857256374]
Timestep: 226, Trans probs: [0.35149842743143994, 0.015354534512214997, 0.46866787318837266, 0.020472856980394003, 0.0591336025359912, 0.0025831379889959287, 0.07884535910168532, 0.003444208260905938]
Timestep: 227, Trans probs: [0.34957666944840776, 0.015250675591125848, 0.4724568003080117, 0.020611459579633673, 0.057904925562305684, 0.0025261675393624798, 0.07825915813091218, 0.0034141438402407586]
Timestep: 228, Trans probs: [0.2932450927355242, 0.012855152911423074, 0.3888390949682103, 0.017045761881730414, 0.11862461030619915, 0.005200214913466578, 0.15729465643273258, 0.006895415850713668]
Timestep: 229, Trans probs: [0.3479496861414503, 0.014886501911783112, 0.46185793522441615, 0.019759894345458422, 0.06409132364713158, 0.002742050503284176, 0.08507289296254866, 0.0036397152639277347]
Timestep: 230, Trans probs: [0.34627342099126673, 0.014767586378138254, 0.4658207811896214, 0.01986594467244157, 0.06268143828769203, 0.0026731868463065783, 0.08432156434552958, 0.003596077289003814]
Timestep: 231, Trans probs: [0.3447691987068331, 0.014486164949597436, 0.4699623926323007, 0.019746406480957057, 0.06133651673590933, 0.002577175983825831, 0.08360913987983748, 0.0035130046307390323]
Timestep: 232, Trans probs: [0.2939161696404947, 0.012422336686799998, 0.3966685517014224, 0.01676515554869798, 0.11442992110350787, 0.00483636884874498, 0.15443434476897416, 0.006527151701357876]
Timestep: 233, Trans probs: [0.3429261677383719, 0.01452884037438785, 0.4592350611378047, 0.019456528912905204, 0.06720067902699473, 0.0028471083005207226, 0.08999286390127158, 0.00381275060774338]
Timestep: 234, Trans probs: [0.3415447800170672, 0.014195672088969049, 0.4633903034788921, 0.01925995413270697, 0.06583661872493142, 0.0027363763276338285, 0.08932372126854224, 0.0037125739612572407]
Timestep: 235, Trans probs: [0.3400655633590445, 0.01419257713241079, 0.4669886460210677, 0.01948968990904974, 0.06441975742359331, 0.002688547370261753, 0.0884632216184949, 0.0036919971660771987]
Timestep: 236, Trans probs: [0.3470641191245058, 0.0142342339610754, 0.4627309954946097, 0.018978110637097336, 0.06463344692876062, 0.0026508289235300793, 0.08617398800843559, 0.003534276921985532]
Timestep: 237, Trans probs: [0.34543265222443786, 0.01410560596732539, 0.4665325004780492, 0.01905067045722914, 0.0633046490900591, 0.002585020351185565, 0.08549763909603376, 0.003491262335680053]
Timestep: 238, Trans probs: [0.3437034667205302, 0.014162401361519283, 0.47014807216341303, 0.019372588123287217, 0.06190065278579715, 0.0025506344106948774, 0.08467320056612328, 0.0034889838686350096]
Timestep: 239, Trans probs: [0.34219211820470297, 0.013937424835598322, 0.47401233848739344, 0.019306439240842334, 0.060648301675231824, 0.0024701946685387393, 0.08401141280866134, 0.00342177007903114]
Timestep: 240, Trans probs: [0.3404099543056857, 0.013983265572639111, 0.4774473696893922, 0.019612450467090422, 0.05938890517312918, 0.002439560954667051, 0.08329684900512811, 0.0034216448322682658]
Timestep: 241, Trans probs: [0.29144768803343385, 0.011911241999166551, 0.4071182436102907, 0.01663860830270687, 0.10937938142390284, 0.004470250872979275, 0.152790169491312, 0.006244416266208008]
Timestep: 242, Trans probs: [0.3390643039510094, 0.013529590232709323, 0.46745280019805685, 0.018652641301710304, 0.0652096587494545, 0.002602043187130672, 0.08990164174520877, 0.0035873206347202336]
Timestep: 243, Trans probs: [0.337766033108187, 0.013236417407138212, 0.47142294515524863, 0.01847418113643957, 0.06390622648637852, 0.002504365169300127, 0.08919446762225855, 0.0034953639150492534]
Timestep: 244, Trans probs: [0.33615652094451387, 0.013252175122348138, 0.47491310469504133, 0.018722324986090555, 0.06258479125697715, 0.002467257250886299, 0.08841814949485416, 0.003485676249288562]
Timestep: 245, Trans probs: [0.33583249039464297, 0.013373008163221052, 0.4770709010081837, 0.01899718828907995, 0.06147377259508822, 0.0024479146188984193, 0.08732731024877263, 0.003477414682113207]
Timestep: 246, Trans probs: [0.3410067238082597, 0.013672439375091305, 0.4736684164519543, 0.018991422325960555, 0.06143754350265068, 0.0024632977306536623, 0.08533856346469418, 0.003421593340735622]
Timestep: 247, Trans probs: [0.2890257219193288, 0.01133340222829104, 0.41742829663093495, 0.016368379796000407, 0.10465872720323528, 0.004103923499328962, 0.1511544160633635, 0.005927132659517079]
Timestep: 248, Trans probs: [0.3391817120160748, 0.013306668583408588, 0.4633473128808466, 0.018177893775199017, 0.06750436264634523, 0.00264830959290214, 0.09221595366685306, 0.0036177868383706377]
Timestep: 249, Trans probs: [0.326436450169192, 0.012489751349263528, 0.4791978119579956, 0.01833453805592007, 0.06382371223953537, 0.0024419524708272785, 0.09369107904576929, 0.003584704711496984]
Timestep: 250, Trans probs: [0.33207977096412344, 0.012587469160947863, 0.47618055502053536, 0.018049603063631316, 0.06377289429983055, 0.002417308762809975, 0.09144613691702416, 0.003466261811097236]
Timestep: 251, Trans probs: [0.34601233208766574, 0.012833406976764786, 0.46498982896583535, 0.017246216859296545, 0.06537730718873196, 0.002424808344649967, 0.08785751277857132, 0.0032585867984845467]
Timestep: 252, Trans probs: [0.34455649132539723, 0.012748308289462959, 0.4686412413078648, 0.01733934252223126, 0.06403174948796615, 0.002369122345210292, 0.08709143295406788, 0.0032223117677995508]
Timestep: 253, Trans probs: [0.332079907823758, 0.011994124767982112, 0.4838815928289445, 0.017476926669108953, 0.06071299682948953, 0.0021928434748827714, 0.08846636282151565, 0.003195244784318506]
Timestep: 254, Trans probs: [0.3498880404445129, 0.012686906475275287, 0.46826121471243637, 0.016979106315003076, 0.06280568385191218, 0.0022773280165066957, 0.08405393272081718, 0.0030477874635363583]
Timestep: 255, Trans probs: [0.3483273585891107, 0.012738995347328246, 0.4717600861095379, 0.017253165431354238, 0.06143115854825812, 0.002246654543866508, 0.08319980596390891, 0.0030427754666353737]
Timestep: 256, Trans probs: [0.28800864353577815, 0.01066846823969893, 0.42635227885280236, 0.01579301818870356, 0.10076016273683214, 0.0037323761633954286, 0.1491598462915261, 0.00552520599126338]
Timestep: 257, Trans probs: [0.3458997694264012, 0.012707803497105282, 0.46107314060763394, 0.0169390886797966, 0.06754940845857252, 0.0024816570721070915, 0.0900411641089828, 0.0033079681494006456]
Timestep: 258, Trans probs: [0.32315881449492256, 0.011989473890962358, 0.4858992678160157, 0.01802728665849026, 0.06197824120952456, 0.0022994468089962534, 0.09319003744737886, 0.0034574316737094853]
Timestep: 259, Trans probs: [0.3509836101735202, 0.012927920807916986, 0.46057290854673827, 0.0169644676143725, 0.06613453828948672, 0.002435960110080211, 0.08678404282275673, 0.003196551635128516]
Timestep: 260, Trans probs: [0.3496311325052741, 0.012869393190966945, 0.4642375278028303, 0.017087881266428552, 0.06470921673089498, 0.0023818483989746604, 0.08592040012556686, 0.0031625999790634942]
Timestep: 261, Trans probs: [0.3480531815471056, 0.012929199130312565, 0.4675610509724104, 0.017368581165468706, 0.06339999121106651, 0.002355131786425017, 0.08516907212432967, 0.0031637920628815714]
Timestep: 262, Trans probs: [0.27086516915933695, 0.0248247016425793, 0.4135762901624409, 0.03790412787879668, 0.0916561639342452, 0.008400256594204266, 0.13994717876829296, 0.012826111860103755]
Timestep: 263, Trans probs: [0.24588463741714242, 0.04661353195845465, 0.3668698078767118, 0.06954927194187115, 0.09144396564303839, 0.017335471868778197, 0.13643808925741063, 0.025865224036592884]
Timestep: 264, Trans probs: [0.31633806592876895, 0.022272744083780324, 0.46144189858606904, 0.032489220943316605, 0.06362846152627269, 0.004479955442158029, 0.09281474869168989, 0.006534904797944492]
Timestep: 265, Trans probs: [0.33637136897479203, 0.02311243311868761, 0.4449291688773626, 0.030571554557611458, 0.06647605955917485, 0.004567640477957754, 0.08793001027421647, 0.006041764160197128]
Timestep: 266, Trans probs: [0.31634940813204376, 0.021139532159969367, 0.4685235743328919, 0.03130832210433566, 0.061462052248870795, 0.004107101188538987, 0.09102726183529422, 0.006082747998055258]
Timestep: 267, Trans probs: [0.3219978433963328, 0.02092701891960653, 0.46646291404882256, 0.030315973935202075, 0.06146816265795342, 0.003994888255550015, 0.08904599475644352, 0.005787204030089165]
Timestep: 268, Trans probs: [0.34381459628057526, 0.02188528739556393, 0.44788959645268883, 0.028510111687785975, 0.06446798647057346, 0.004103666414937311, 0.08398288134590724, 0.005345873951968009]
Timestep: 269, Trans probs: [0.34290240424672774, 0.021413056926335897, 0.4518924753491075, 0.02821910601790602, 0.06317460060056003, 0.00394503305373437, 0.08325437877080942, 0.005198945034819146]
Timestep: 270, Trans probs: [0.322779712431472, 0.019952145425799855, 0.47465191774060217, 0.029339898775100026, 0.05843050077120082, 0.0036117940619852878, 0.0859228389438581, 0.005311191849981593]
Timestep: 271, Trans probs: [0.3480590830098332, 0.021289418088181356, 0.45184672053002517, 0.027637703524219123, 0.061985193898252536, 0.0037913928197633173, 0.08046854097915287, 0.00492194715057254]
Timestep: 272, Trans probs: [0.3468747145536314, 0.020988959682530263, 0.4554831648020771, 0.02756072259231788, 0.06077792622080324, 0.003677597096340107, 0.07980784134347273, 0.004829073708827315]
Timestep: 273, Trans probs: [0.2786170061079857, 0.016422349270299806, 0.4158069283902375, 0.024508649713895915, 0.1002707845654782, 0.005910198622632004, 0.14964372605917436, 0.008820357270296536]
Timestep: 274, Trans probs: [0.34514530876682165, 0.02025215621343313, 0.44654819072967794, 0.026202192194920277, 0.0666499486326852, 0.0039108315745307, 0.08623154717208936, 0.005059824715841704]
Timestep: 275, Trans probs: [0.3160571214689768, 0.01817684917513923, 0.4786099352267956, 0.027525469338916794, 0.06003597615260394, 0.003452745752211291, 0.0909133593450627, 0.0052285435402937]
Timestep: 276, Trans probs: [0.3215238794498264, 0.018037935085216773, 0.47641709157511986, 0.026727658878788845, 0.06001329233433037, 0.003366828844032142, 0.08892452479328453, 0.004988789039401104]
Timestep: 277, Trans probs: [0.3519565150780557, 0.019415574401453174, 0.44875765776727206, 0.024755580076902442, 0.0646166028300719, 0.0035645552960943956, 0.08238857386251322, 0.004544940687637185]
Timestep: 278, Trans probs: [0.3511267690933214, 0.01883778843146794, 0.45279331903804887, 0.024292151718440902, 0.06340219303395817, 0.003401498272401332, 0.08175989968599355, 0.004386380726367932]
Timestep: 279, Trans probs: [0.35025068489069405, 0.0183375595363187, 0.4567475387302089, 0.023913258548362595, 0.06217331288888566, 0.003255116623186379, 0.08107766483187318, 0.004244863950470667]
Timestep: 280, Trans probs: [0.2816888958761129, 0.014529967700274801, 0.4234520725072351, 0.02184234105859298, 0.09819492355020794, 0.0050650525753878775, 0.14761264819367365, 0.007614098538514604]
Timestep: 281, Trans probs: [0.24942607627959934, 0.04360809771973274, 0.36702829378837626, 0.06416893510159181, 0.09497500227695209, 0.016604836358739283, 0.13975488673117534, 0.024433871743833165]
Timestep: 282, Trans probs: [0.2678975255196892, 0.02203403745891328, 0.3860369296064165, 0.03175076795118251, 0.11063890899350663, 0.00909982972200709, 0.15942926176717515, 0.013112738981109574]
Timestep: 283, Trans probs: [0.33905772369846093, 0.027186074361806457, 0.43582012437719236, 0.03494460524434849, 0.06602503529984996, 0.005293970300464111, 0.08486767026720225, 0.006804796450675593]
Timestep: 284, Trans probs: [0.33812611010417576, 0.026759219573207843, 0.4394655776145318, 0.03477920082134657, 0.0648222608754257, 0.005130018239238764, 0.08425008145369786, 0.006667531318375715]
Timestep: 285, Trans probs: [0.3372582245536434, 0.02634784700985393, 0.44317177462855745, 0.03462220123008874, 0.06357158950083064, 0.004966445270705935, 0.08353579567207897, 0.006526122134241005]
Timestep: 286, Trans probs: [0.3184159961404339, 0.024280439238860165, 0.4654337528253377, 0.03549110626403996, 0.05902349978999795, 0.00450076791897057, 0.0862755933908178, 0.006578844431541892]
Timestep: 287, Trans probs: [0.34300249824425394, 0.025451319160550982, 0.44434649208053434, 0.03297120121778114, 0.06254733868404781, 0.0046411098684102535, 0.08102766211760483, 0.006012378626816587]
Timestep: 288, Trans probs: [0.3420631794144389, 0.024972077188204708, 0.4479681292407085, 0.03270359212705848, 0.061452644217696764, 0.004486306235738707, 0.08047877621386114, 0.00587529536229283]
Timestep: 289, Trans probs: [0.34118968607060457, 0.024492639397764776, 0.45165428987942263, 0.032422450343885974, 0.06032375443960243, 0.0043304004339180064, 0.07985435547029174, 0.0057324239645100096]
Timestep: 290, Trans probs: [0.3207201131602908, 0.022400281464722685, 0.475454385301516, 0.0332074965596804, 0.055808164093061025, 0.0038978490353961913, 0.08273330940242926, 0.005778400982903677]
Timestep: 291, Trans probs: [0.2726037647209625, 0.018627325606679828, 0.39590230949884264, 0.027052455548514247, 0.10909486830198616, 0.007454576557147171, 0.15843842200579536, 0.010826277760072148]
Timestep: 292, Trans probs: [0.3412332844787861, 0.02302596340542422, 0.44540258655854187, 0.030055167902051084, 0.06513372193639351, 0.0043951360139362705, 0.08501728741663257, 0.005736852288234255]
Timestep: 293, Trans probs: [0.34053838956037563, 0.022451856647591417, 0.44925181124578234, 0.02961938381685104, 0.06396806823202496, 0.004217444910756943, 0.08438922422881767, 0.005563821357800086]
Timestep: 294, Trans probs: [0.33980775570312477, 0.021898493815864565, 0.4530342450101455, 0.029195235971591207, 0.06283872959440986, 0.004049564815177986, 0.0837770649474861, 0.005398910142199968]
Timestep: 295, Trans probs: [0.29451754172779243, 0.047604049084140024, 0.43371809978854897, 0.07010359243761703, 0.05363528084687226, 0.008669285119987819, 0.07898542122163653, 0.01276672977340501]
Timestep: 296, Trans probs: [0.33504452725645456, 0.03130059742109122, 0.4405222966993851, 0.04115456287828775, 0.06004490848583913, 0.005609527554714915, 0.0789480765672667, 0.007375503136960714]
Timestep: 297, Trans probs: [0.2648245348146987, 0.024156031899033835, 0.39537966524996454, 0.03606464866516348, 0.10277039691993656, 0.009374225798268321, 0.15343489665805393, 0.013995599994880814]
Timestep: 298, Trans probs: [0.33411114350710325, 0.029854990898771416, 0.4333191776503088, 0.03871987018816107, 0.0655408569866574, 0.005856499332213195, 0.08500198453078865, 0.00759547690599626]
Timestep: 299, Trans probs: [0.3067605839535315, 0.026705692851463878, 0.4642356533604376, 0.04041501880574244, 0.05925108581414625, 0.00515822886524435, 0.08966753870638176, 0.007806197643052222]
Timestep: 300, Trans probs: [0.269489887591875, 0.02306137609157271, 0.39969087923841157, 0.034203219159182584, 0.10148073409379395, 0.008684130584261767, 0.15051000316989577, 0.012879770071006607]
Timestep: 301, Trans probs: [0.3343544435260875, 0.028120567255674297, 0.42781119893718333, 0.03598066012095654, 0.07030227905419982, 0.005912707321972706, 0.08995275185522394, 0.00756539192870168]
Timestep: 302, Trans probs: [0.3339027219366241, 0.027481252565784826, 0.4317172387009452, 0.03553169739058235, 0.06905342145055292, 0.00568331550101713, 0.08928214858081827, 0.0073482038736752]
Timestep: 303, Trans probs: [0.3334485287676193, 0.026769791715955307, 0.4356090491840756, 0.03497140491020045, 0.06791042718059176, 0.005451959850249996, 0.08871653062364535, 0.007122307767662227]
Timestep: 304, Trans probs: [0.33296760397552116, 0.026144343885166878, 0.4394558036320136, 0.034505710211172345, 0.06671816118438084, 0.005238655438439234, 0.08805566304368696, 0.006914058629619055]
Timestep: 305, Trans probs: [0.3324859327291255, 0.02550742824706813, 0.4432902911510516, 0.03400804118642007, 0.06556176173570111, 0.005029722368997779, 0.08741089347642328, 0.0067059291052125455]
Timestep: 306, Trans probs: [0.2719009292174406, 0.020616233373972944, 0.4086961305604831, 0.03098840019019023, 0.09944610765755833, 0.007540261703048104, 0.14947811879834624, 0.011333818498960431]
Timestep: 307, Trans probs: [0.30967927304912585, 0.023207728613924252, 0.4563517408347506, 0.034199535698679805, 0.0664014621425812, 0.00497620359864488, 0.09785098803797801, 0.007333068024315271]
Timestep: 308, Trans probs: [0.28118274748103544, 0.02054411486416986, 0.406375527070588, 0.029691101537759907, 0.09993032945547137, 0.007301230908151663, 0.14442294438972858, 0.010552004293095236]
Timestep: 309, Trans probs: [0.3131958860278876, 0.02261154018127464, 0.44408517390573127, 0.032061244101985624, 0.0725352589856097, 0.005236767136099081, 0.10284883849992048, 0.007425291161491512]
Timestep: 310, Trans probs: [0.2903121210818693, 0.020424772922290533, 0.4039976851668066, 0.028423067386621672, 0.10033463122786784, 0.007058995853959005, 0.13962544383977932, 0.009823282520805582]
Timestep: 311, Trans probs: [0.31642113618709383, 0.0218951529548995, 0.4323057087774851, 0.02991392967934531, 0.07884049452595444, 0.005455465799430681, 0.1077146624183076, 0.007453449657483418]
Timestep: 312, Trans probs: [0.2779484935956618, 0.04161121377458594, 0.37293766463939676, 0.05583188700594197, 0.09347690538085023, 0.013994274415632273, 0.1254227297276356, 0.018776831460295476]
Timestep: 313, Trans probs: [0.3100326281982352, 0.030458866988029396, 0.4086571624459744, 0.04014814255836544, 0.08276337467846027, 0.008131010711555847, 0.10909124645076666, 0.010717567968612762]
Timestep: 314, Trans probs: [0.31492274074962323, 0.030197237033280595, 0.4079098237939472, 0.03911356038623669, 0.08263501946335444, 0.007923687136866937, 0.10703462108919375, 0.010263310347497116]
Timestep: 315, Trans probs: [0.3196929503111342, 0.030017593485456295, 0.40703475351419055, 0.038218558631182745, 0.08245483027233086, 0.007742102456805163, 0.10498192557355156, 0.009857285755348562]
Timestep: 316, Trans probs: [0.31541036357656915, 0.029049335671698786, 0.4149391674933881, 0.03821595150891265, 0.08003159206358272, 0.0073709200795841765, 0.10528583083786913, 0.009696838768395374]
Timestep: 317, Trans probs: [0.3152894823913177, 0.028337927180394882, 0.41896891196970887, 0.03765653845538437, 0.07869784105614382, 0.007073289195024247, 0.10457674829994784, 0.009399261452078223]
Timestep: 318, Trans probs: [0.3021395211278889, 0.026756975060962834, 0.38983419966424204, 0.034523070399358376, 0.09897300517394064, 0.00876488524659687, 0.12769948835662817, 0.01130885497038217]
Timestep: 319, Trans probs: [0.31403858291185155, 0.027371195898434432, 0.4118309078896854, 0.035894648206468094, 0.08391417502552331, 0.00731385074401452, 0.11004523891663184, 0.009591400407390755]
Timestep: 320, Trans probs: [0.3162477549623333, 0.027001213945070907, 0.41342810966337906, 0.03529846667609296, 0.08306729568579237, 0.007092280616878017, 0.10859319786891909, 0.00927168058153436]
Timestep: 321, Trans probs: [0.32073351188588783, 0.02700280429389955, 0.4122560744764888, 0.034708160156399645, 0.08285688648227699, 0.006975785838303041, 0.10650042324445522, 0.008966353622288975]
Timestep: 322, Trans probs: [0.3253691614217728, 0.026817970320599394, 0.41131284591312406, 0.033901724570266224, 0.08266754142646544, 0.006813724025855135, 0.10450351711323938, 0.00861351520867756]
Timestep: 323, Trans probs: [0.32259791477349115, 0.026124950166304443, 0.41757375546428627, 0.033816379625146616, 0.08059252802859614, 0.006526625505319542, 0.1043197213933976, 0.008448125043458045]
Timestep: 324, Trans probs: [0.3261501728947182, 0.02579443571413325, 0.41768357855297866, 0.03303359345239952, 0.08018557246135782, 0.00634168480028104, 0.10268949593594252, 0.0081214661881889]
Timestep: 325, Trans probs: [0.31132678623715115, 0.02413301771667703, 0.39221959365381565, 0.030403559285339353, 0.09934962246768203, 0.007701252526762613, 0.12516388013028687, 0.009702287982285418]
Timestep: 326, Trans probs: [0.30849086379934326, 0.023344084416051823, 0.3824291337938989, 0.028939132499720268, 0.10659192617909222, 0.00806601171959761, 0.13213959563032035, 0.009999251961975666]
Timestep: 327, Trans probs: [0.30565757142138406, 0.02257093072060114, 0.37294757119415917, 0.027539883120496825, 0.11378922223417766, 0.008402633835816143, 0.1388397279444589, 0.010252459528906185]
Timestep: 328, Trans probs: [0.32410255103999897, 0.023481728672974468, 0.4141536474777628, 0.030006069214170806, 0.08525015957310322, 0.006176505275875881, 0.1089367066749951, 0.007892632071118573]
Timestep: 329, Trans probs: [0.3238620971758254, 0.022943233092041354, 0.41799034450592903, 0.029611522891534098, 0.0838156002665169, 0.005937715065866627, 0.10817601669315609, 0.0076634703091303805]
Timestep: 330, Trans probs: [0.306880190840104, 0.021315473699264505, 0.37927435029321294, 0.02634387190762956, 0.11131875086069204, 0.007732046502285911, 0.13757925134418134, 0.009556064552629839]
Timestep: 331, Trans probs: [0.3309259169124846, 0.022583205103852994, 0.40264701856969637, 0.02747763091404859, 0.09137073357388326, 0.006235365413625805, 0.11117338225213574, 0.007586747260272729]
Timestep: 332, Trans probs: [0.3149858311922434, 0.021109947378905942, 0.3773960262129831, 0.025292598794711976, 0.11137107302281359, 0.0074639468135599815, 0.13343774935779035, 0.008942827226991669]
Timestep: 333, Trans probs: [0.3187346906568912, 0.021161232467612607, 0.40617444384212653, 0.02696647738855304, 0.09358031474593505, 0.006212925209521033, 0.11925257403944756, 0.007917341649912979]
Timestep: 334, Trans probs: [0.29472571913893014, 0.04122317458102009, 0.35762634550418676, 0.05002106133988893, 0.10162606329379238, 0.014214398938041077, 0.1233151885418047, 0.017248048662335945]
Timestep: 335, Trans probs: [0.31723027077582466, 0.030140924461415, 0.3791381844682209, 0.03602296637879848, 0.09879178049171733, 0.009386480003712389, 0.11807112922865215, 0.011218264191659161]
Timestep: 336, Trans probs: [0.3107217801557249, 0.0409081575898498, 0.36584898443690356, 0.04816594415084363, 0.09510838186674579, 0.01252151899866993, 0.11198218837426764, 0.014743044426994877]
Timestep: 337, Trans probs: [0.3032053049166919, 0.03717989863396522, 0.38156319642088704, 0.04678836661277476, 0.09121488948080714, 0.011185029713568348, 0.11478771719062589, 0.014075597030679753]
Timestep: 338, Trans probs: [0.30477958579545517, 0.0365465433892958, 0.36337505469214676, 0.04357280743798525, 0.10253055638908075, 0.012294581403877135, 0.122242591931674, 0.014658278960485167]
Timestep: 339, Trans probs: [0.30222685654473563, 0.03543737656066498, 0.3550621826581069, 0.041632541902987666, 0.10932508735078664, 0.01281882865166207, 0.12843730890710164, 0.015059817423954519]
Timestep: 340, Trans probs: [0.3034246687230762, 0.03483269344450839, 0.37713050105548274, 0.04329401161455537, 0.0965119566088745, 0.011079426773156596, 0.11995597690499091, 0.01377076487535537]
Timestep: 341, Trans probs: [0.30043016186990246, 0.037177582580171085, 0.35734574445567535, 0.044220762793872194, 0.10601008030453483, 0.013118518095260684, 0.12609336835705054, 0.015603781543532872]
Timestep: 342, Trans probs: [0.2937774237040907, 0.04232362532529298, 0.3606913154534672, 0.051963707424693584, 0.0985765547493434, 0.014201626239570529, 0.12102940640266883, 0.017436340700872747]
Timestep: 343, Trans probs: [0.29912325429802433, 0.04203499971829596, 0.3601667795080671, 0.050613284850388705, 0.09867965983533589, 0.01386719157998704, 0.11881769396114528, 0.01669713624875572]
Timestep: 344, Trans probs: [0.30013334678151626, 0.04108744023076107, 0.36405936538381056, 0.04983873860089622, 0.09733167542876102, 0.013324442084238745, 0.11806254909132949, 0.016162442398686635]
Timestep: 345, Trans probs: [0.3002302306826303, 0.035020582548622, 0.36589166094144665, 0.042679709790442756, 0.1034014936133306, 0.01206134550309279, 0.12601577181613502, 0.014699205104299945]
Timestep: 346, Trans probs: [0.29041567405593394, 0.04817458231330772, 0.3488263296122343, 0.057863828402447144, 0.0992573516279658, 0.01646495655493241, 0.11922076095915446, 0.019776516474024015]
Timestep: 347, Trans probs: [0.29488122683176216, 0.047730920670705654, 0.34915455309940113, 0.056515867269201624, 0.09919614379404977, 0.01605637402266708, 0.11745334088478779, 0.019011573427424815]
Timestep: 348, Trans probs: [0.28896325549565355, 0.04560312385337457, 0.3463412781954577, 0.05465831348692389, 0.10388152916787523, 0.016394202898201406, 0.12450877718410047, 0.019649519718413323]
Timestep: 349, Trans probs: [0.28978346355942, 0.0444902740160037, 0.35077101486768486, 0.05385365464491049, 0.10239963059752873, 0.015721351275406532, 0.12395055917124839, 0.019030051867797337]
Timestep: 350, Trans probs: [0.2904166534088704, 0.043551336889091075, 0.35499230801659026, 0.05323520334662148, 0.10087735572869953, 0.015127726500022696, 0.12330796087759015, 0.01849145523251445]
Timestep: 351, Trans probs: [0.2959152434075084, 0.043190896864631734, 0.35458615117953873, 0.051754325694306505, 0.10104845137783866, 0.014748727343460149, 0.12108325696279906, 0.017672947169916766]
Timestep: 352, Trans probs: [0.29681766279509064, 0.042246885820143305, 0.3585507877533075, 0.05103353367954274, 0.09965346628846312, 0.01418395580716039, 0.12037972573331344, 0.01713398212297889]
Timestep: 353, Trans probs: [0.29861126353349327, 0.041570813259618325, 0.3620632067492444, 0.050404200356840276, 0.09813552221662737, 0.01366182045489039, 0.11898835110678445, 0.01656482232250167]
Timestep: 354, Trans probs: [0.2962788583468367, 0.04032536503871218, 0.3541960963265057, 0.04820825542311498, 0.10463510708671095, 0.014241478155680254, 0.12508940622902398, 0.017025433393415147]
Timestep: 355, Trans probs: [0.30653471963037493, 0.040848872316189694, 0.3613873448764752, 0.04815854310189251, 0.09843658583493095, 0.013117677276040261, 0.11605124677715595, 0.015465010186940388]
Timestep: 356, Trans probs: [0.2984735124844732, 0.0388629985656865, 0.34708139423037937, 0.045192029315678034, 0.11061290250472967, 0.014402447425251357, 0.1286267585409535, 0.01674795693284851]
Timestep: 357, Trans probs: [0.30286259232771845, 0.038497400407984286, 0.3474434462889639, 0.04416415169702706, 0.11033793135370963, 0.014025249836454246, 0.1265794855392559, 0.016089742548886607]
Timestep: 358, Trans probs: [0.2985584800680095, 0.037043769001275255, 0.3564611229006807, 0.04422806376713895, 0.10693106602337124, 0.013267516996762445, 0.12766935261384976, 0.015840628628912147]
Timestep: 359, Trans probs: [0.2990983093478925, 0.0362017581646698, 0.36058292778468065, 0.04364363001058063, 0.10534731723572725, 0.012750851417981855, 0.12700320562138864, 0.015372000417078728]
Timestep: 360, Trans probs: [0.2993886715134809, 0.035590022715626626, 0.3644141623295187, 0.04331997015665181, 0.10371285136926955, 0.012328932546028242, 0.12623868386027573, 0.015006705509148564]
Timestep: 361, Trans probs: [0.29976770763657506, 0.03487058955096787, 0.3683616824286928, 0.04284980905897846, 0.10214660833987034, 0.01188224202508628, 0.1255201796054582, 0.01460118135437101]
Timestep: 362, Trans probs: [0.3001604558620993, 0.03410699872543244, 0.3723366453692699, 0.0423083229020542, 0.10063467945730661, 0.011435040215828965, 0.12483316248080298, 0.014184694987205537]
Timestep: 363, Trans probs: [0.30051405912352475, 0.033344929634202054, 0.3762732879493642, 0.041751145841546496, 0.09916766029101017, 0.01100360716578978, 0.12416770684464466, 0.013777603149917965]
Timestep: 364, Trans probs: [0.3151489226614214, 0.034207294704224456, 0.36578147693138185, 0.03970311772945798, 0.10235489753525802, 0.01110993531198219, 0.11879947193038609, 0.012894883195887967]
Timestep: 365, Trans probs: [0.3191248420367061, 0.03561695375463475, 0.3654746215336234, 0.040789969876925056, 0.1002209708283897, 0.01118548358835938, 0.11477709209183105, 0.012810066289530648]
Timestep: 366, Trans probs: [0.2942620663244191, 0.03901814463046398, 0.36420165914113434, 0.048291895685109845, 0.10031076504382769, 0.013300864727013454, 0.1241524179960088, 0.01646218645202281]
Timestep: 367, Trans probs: [0.3203921541160084, 0.03403655915718947, 0.371183537892907, 0.03943233404240082, 0.09839671167106012, 0.01045308212027036, 0.11399542431325568, 0.012110196686908123]
Timestep: 368, Trans probs: [0.28642363980838104, 0.04491615125364744, 0.35046301989334827, 0.05495862709122332, 0.102336717367458, 0.016048156776283, 0.12521744028728016, 0.019636247522378806]
Timestep: 369, Trans probs: [0.28701990551491374, 0.04401772145009141, 0.3544624781071258, 0.054360796328176114, 0.10091775272825317, 0.015476869177391007, 0.1246309263912709, 0.019113550302777695]
Timestep: 370, Trans probs: [0.297441703504097, 0.04462536838654476, 0.3485476718518466, 0.05229282939622123, 0.102933409442236, 0.01544316503546233, 0.12061926688222468, 0.018096585501367297]
Timestep: 371, Trans probs: [0.2928431049354006, 0.042999344865967216, 0.357577060684626, 0.052504495033027614, 0.09974796703531233, 0.014646399938891077, 0.12179759147691734, 0.017884036029857886]
Timestep: 372, Trans probs: [0.2932884111888926, 0.042166442815232553, 0.3614275389926062, 0.051962890702035136, 0.09836580307050034, 0.014142174910127382, 0.121218939339219, 0.017427798981386754]
Timestep: 373, Trans probs: [0.2937625813338677, 0.04128555439795611, 0.36532564180600097, 0.05134306619061224, 0.09702629586733481, 0.01363612886935512, 0.1206627258272477, 0.016958005707625394]
Timestep: 374, Trans probs: [0.30355533390186656, 0.041780308774779215, 0.35974615414357225, 0.049514219392754175, 0.0987199596059024, 0.013587474618059984, 0.1169939112877299, 0.016102638275335632]
Timestep: 375, Trans probs: [0.307554614636005, 0.04153151366980167, 0.35970443443270156, 0.04857371317094564, 0.09853083779266815, 0.01330539241469781, 0.11523800195402048, 0.015561491929159765]
Timestep: 376, Trans probs: [0.30102364881580196, 0.03989173766383499, 0.37017630010920044, 0.04905586624644655, 0.09498321550022464, 0.012587202135474098, 0.11680323265187366, 0.015478796877143677]
Timestep: 377, Trans probs: [0.30127291321931376, 0.03916354496053864, 0.37384623402989203, 0.04859761084495375, 0.09364213703557879, 0.012172876760826262, 0.11619949468134916, 0.015105188467547744]
Timestep: 378, Trans probs: [0.3111500960303188, 0.03956958150455902, 0.3679917124898367, 0.04679824382554578, 0.09531127593875324, 0.012120926040770108, 0.1127229594326577, 0.014335204737558631]
Timestep: 379, Trans probs: [0.3066147785107209, 0.038284925279118406, 0.3762718918638004, 0.04698254055009428, 0.09254310408043508, 0.011555235015174758, 0.11356715752719777, 0.014180367173458374]
Timestep: 380, Trans probs: [0.30679476048296483, 0.03756400841839109, 0.3798815655021735, 0.04651277062897429, 0.09125068166939193, 0.011172750698274385, 0.11298906067085171, 0.013834401928978352]
Timestep: 381, Trans probs: [0.31433954568465067, 0.037820136258992845, 0.3758892315206293, 0.045225559906675435, 0.09216494464766958, 0.011088934919993442, 0.11021142803174042, 0.013260219029648301]
Timestep: 382, Trans probs: [0.3118520306216216, 0.03683692951510486, 0.3819244982454222, 0.04511410682147717, 0.09016027964063074, 0.010650011993071782, 0.11041909682222033, 0.013043046340451368]
Timestep: 383, Trans probs: [0.3118601080839206, 0.03623953323467976, 0.38534263180640677, 0.04477852970001989, 0.08887462806272846, 0.010327627528854542, 0.10981585073167331, 0.012761090851716724]
Timestep: 384, Trans probs: [0.31192446902035015, 0.03555765230941546, 0.3888315163918648, 0.044324627401714646, 0.08765172773585732, 0.009991808814934064, 0.1092628427546566, 0.012455355571207033]
Timestep: 385, Trans probs: [0.318818415291523, 0.035656275882045244, 0.3854298903490112, 0.04310602475990724, 0.08835156776296312, 0.009881135228298674, 0.10681106686984877, 0.01194562385640266]
Timestep: 386, Trans probs: [0.31705168614451584, 0.03466519596241784, 0.3909467007654842, 0.04274458892711574, 0.08662591427831198, 0.009471339926930831, 0.10681575549944614, 0.011678818495777494]
Timestep: 387, Trans probs: [0.317008052505658, 0.03404810366289313, 0.39432300835392686, 0.04235208083510354, 0.08542368341178153, 0.009174891316108097, 0.10625762835158871, 0.011412551562940163]
Timestep: 388, Trans probs: [0.31696860939704913, 0.033406500745676616, 0.3977043300161095, 0.04191553864754934, 0.08426002863298214, 0.008880477832530305, 0.10572207228458236, 0.011142442443520586]
Timestep: 389, Trans probs: [0.32307251488228433, 0.03347050365119331, 0.3948144888658384, 0.04090301459393101, 0.08471318933211558, 0.008776336525804177, 0.10352472898705323, 0.010725223161779922]
Timestep: 390, Trans probs: [0.3164337116488727, 0.03210483915343579, 0.3816870231012596, 0.03872533182310608, 0.09507983140344531, 0.009646641876547598, 0.11468669888630674, 0.01163592210702597]
Timestep: 391, Trans probs: [0.3174916147429154, 0.04022560658869786, 0.3780599896554342, 0.04789950885197675, 0.0876392341205441, 0.011103730586152294, 0.10435830871266308, 0.013222006741616268]
Timestep: 392, Trans probs: [0.3118532625531796, 0.03881216455482167, 0.3870947875919367, 0.04817646117064424, 0.08493858102345417, 0.010571158232385606, 0.1054318999597692, 0.013121684913808622]
Timestep: 393, Trans probs: [0.31204348735117027, 0.037971354862834227, 0.39067342031257024, 0.04753952471205184, 0.08383634891334701, 0.010201718298996403, 0.10496175855013395, 0.012772386998896018]
Timestep: 394, Trans probs: [0.3120249304185147, 0.03731732766094556, 0.39399278682971944, 0.0471204589404222, 0.08271573353906454, 0.009892575337017295, 0.10444486704318408, 0.01249132023113215]
Timestep: 395, Trans probs: [0.3120033550838877, 0.0366518241336801, 0.3973083523237427, 0.04667281815702511, 0.08162400657146801, 0.009588578729031393, 0.10394086804692514, 0.012210196954240008]
Timestep: 396, Trans probs: [0.31208412284146403, 0.03588338369792659, 0.40075519365145884, 0.046078769569566705, 0.08057257787593432, 0.009264222419036466, 0.1034653053018986, 0.011896424642714544]
Timestep: 397, Trans probs: [0.31214868347248476, 0.035116736602816036, 0.4041836851446153, 0.04547067715449811, 0.0795452992549122, 0.008948848641141743, 0.10299871148300277, 0.011587358246528946]
Timestep: 398, Trans probs: [0.3305654601406521, 0.03203281557497444, 0.39786013561954703, 0.03855387778115894, 0.08315215677640549, 0.008057701193423613, 0.10007980978424694, 0.0096980431295915]
Timestep: 399, Trans probs: [0.3092613365043293, 0.0419445450590223, 0.39619572851722723, 0.053735296415723686, 0.07676673684564891, 0.010411731026750422, 0.09834612232566088, 0.013338503305637286]
Timestep: 400, Trans probs: [0.30939561797744153, 0.041106656443921134, 0.39965078443144275, 0.05309806131244146, 0.07578357469370206, 0.010068692599432293, 0.09789073701607864, 0.013005875525540155]
Timestep: 401, Trans probs: [0.30938734888147235, 0.04037346637421103, 0.4029234075835558, 0.05257944355601086, 0.07481892018619823, 0.009763486352021122, 0.09743867802653514, 0.012715249039995491]
Timestep: 402, Trans probs: [0.3091618498482838, 0.039445178525603565, 0.3760589332497523, 0.047980408208399314, 0.09097184898148049, 0.011606868136025496, 0.11065652667210234, 0.014118386378352556]
Timestep: 403, Trans probs: [0.32163926339334326, 0.040178155411565344, 0.38628548305003435, 0.04825355588579265, 0.08224929714628536, 0.01027432101532373, 0.09878056908687786, 0.012339355010777538]
Timestep: 404, Trans probs: [0.31076780681395194, 0.03813595470561319, 0.4004667377834894, 0.049143383060777784, 0.07841491583826954, 0.009622707413972914, 0.1010483224155793, 0.012400171968345997]
Timestep: 405, Trans probs: [0.31081974179807537, 0.037432554750222294, 0.4038008358781714, 0.04863042742958991, 0.07737324402263053, 0.009318192519962262, 0.1005192927263972, 0.012105710874951202]
Timestep: 406, Trans probs: [0.31082624474539833, 0.03672043696425756, 0.40707797710271204, 0.048091438385396895, 0.07639190851012337, 0.009024798608376985, 0.10004774084887458, 0.011819454834860315]
Timestep: 407, Trans probs: [0.31091814701805004, 0.035948603211575565, 0.4104695501238445, 0.04745881554150449, 0.07541390306191682, 0.008719415395369913, 0.09956032209696385, 0.011511243550774904]
Timestep: 408, Trans probs: [0.32112791081402076, 0.029574869272873942, 0.3897360780732327, 0.0358934654129578, 0.09251957115094896, 0.008520761135447861, 0.11228614390441803, 0.010341200236100074]
Timestep: 409, Trans probs: [0.3036732865960757, 0.043656809851524855, 0.36394380928769976, 0.05232144669954668, 0.09401547045013267, 0.013515892565164923, 0.11267487117860513, 0.016198413371250386]
Timestep: 410, Trans probs: [0.3030914128988323, 0.041985367446376765, 0.39596927844020885, 0.05485116022847539, 0.07772586558639569, 0.01076688051146396, 0.10154380362685735, 0.014066231261389709]
Timestep: 411, Trans probs: [0.30326888633468324, 0.041188787645114834, 0.39936160246396457, 0.054239722499418816, 0.07673921674576928, 0.010422418668777392, 0.10105453593283772, 0.013724829709434186]
Timestep: 412, Trans probs: [0.31938929287429185, 0.042526873142755134, 0.38677380633866687, 0.051499160942689734, 0.07975295935520245, 0.010619153681500884, 0.09657917890417643, 0.012859574760716594]
Timestep: 413, Trans probs: [0.30903962943461255, 0.040379606340226464, 0.36961688466146697, 0.04829472623506624, 0.09370663154942707, 0.012243856557675256, 0.11207479535483804, 0.014643869866687528]
Timestep: 414, Trans probs: [0.30682702249647703, 0.0392479369769349, 0.3624916776134291, 0.04636831007216329, 0.09960140375553106, 0.01274056497894091, 0.1176711218139514, 0.015051962292572264]
Timestep: 415, Trans probs: [0.3052445834640596, 0.0383747975274866, 0.3978128118018277, 0.050012307944958936, 0.08043575568707372, 0.010112237876369296, 0.10482863864821775, 0.013178867050006364]
Timestep: 416, Trans probs: [0.3053683789470801, 0.037683634802021325, 0.4011285673038248, 0.04950081108939882, 0.07938094486259371, 0.009795914517264968, 0.10427394216044318, 0.01286780631737315]
Timestep: 417, Trans probs: [0.30542871556296164, 0.03701214029297454, 0.40436522495014204, 0.04900135996665861, 0.07836854482252475, 0.00949677429701143, 0.1037542072550902, 0.012573032852636726]
Timestep: 418, Trans probs: [0.3055494075739892, 0.03629049051794061, 0.4076857204827554, 0.04842134989214982, 0.07737003400377365, 0.009189337029582618, 0.10323259438480717, 0.012261066115001605]
Timestep: 419, Trans probs: [0.32665497454848524, 0.03807419640711814, 0.3899041558727813, 0.045446384005544634, 0.0816230634085206, 0.009513807502433701, 0.0974274819541311, 0.011355936300985206]
Timestep: 420, Trans probs: [0.31012487560730295, 0.03558293133366199, 0.4095483335441723, 0.0469905234198982, 0.07644560147979589, 0.008771171880002558, 0.10095342604014916, 0.011583136695017062]
Timestep: 421, Trans probs: [0.3092244992480436, 0.03475739417175138, 0.3728736349360929, 0.041911672384443203, 0.09831090679788522, 0.011050324108425337, 0.1185467039666419, 0.013324864386716486]
Timestep: 422, Trans probs: [0.3097406988648803, 0.034230737813961895, 0.40488693543406223, 0.04474574565736334, 0.08055553565458816, 0.008902528568447421, 0.10530060816342292, 0.011637209843273717]
Timestep: 423, Trans probs: [0.3097748256121946, 0.033628423045389016, 0.40807719379833574, 0.04429989583919699, 0.07949695041064314, 0.00863000107882937, 0.10472410847133615, 0.011368601744074919]
Timestep: 424, Trans probs: [0.32507908486158477, 0.03465006028790984, 0.3959616282574965, 0.04220540456074883, 0.08234119591926664, 0.008776717837740975, 0.10029545279034098, 0.010690455484911463]
Timestep: 425, Trans probs: [0.3144181500211635, 0.03280463186831802, 0.4100294829164825, 0.04278018378177794, 0.07858859686290408, 0.008199494809576643, 0.10248658270096521, 0.010692877038812151]
Timestep: 426, Trans probs: [0.314323968197293, 0.03226154644784253, 0.41306842080432754, 0.04239646795102573, 0.07757654935701491, 0.007962292741143363, 0.10194711818552012, 0.010463636315832726]
Timestep: 427, Trans probs: [0.3105241421805562, 0.031375695947276835, 0.3820267785544782, 0.03860039983839135, 0.0967062056665689, 0.009771299854182722, 0.11897419620128788, 0.012021281757257854]
Timestep: 428, Trans probs: [0.2977979223158653, 0.04086966560503882, 0.36194543463868595, 0.04967324407745015, 0.09911447706826013, 0.013602430476669144, 0.12046434777811156, 0.016532478039918898]
Timestep: 429, Trans probs: [0.2986156268381492, 0.03689481878374662, 0.35860773712843114, 0.0443070164006321, 0.10577960125197736, 0.013069373697994612, 0.12703080492126892, 0.015695020977800123]
Timestep: 430, Trans probs: [0.307435964301586, 0.03733426302676029, 0.3999895037777981, 0.04857373591898468, 0.0800882951430844, 0.009725724454617089, 0.10419886139692898, 0.012653651980240415]
Timestep: 431, Trans probs: [0.32126532437193034, 0.03822983499281894, 0.3896423556935243, 0.04636654451736464, 0.08258594515309184, 0.0098275376033846, 0.1001632600080211, 0.011919197659864331]
Timestep: 432, Trans probs: [0.30237679070050094, 0.0353318862403548, 0.36240662247222133, 0.04234620497253172, 0.10488579317005205, 0.012255612952067495, 0.12570841154845147, 0.014688677943820219]
Timestep: 433, Trans probs: [0.3231509404830472, 0.037047610906665196, 0.3827876315141573, 0.043884654059870826, 0.0875275664622269, 0.010034590092953712, 0.10368055809520843, 0.011886448385870278]
Timestep: 434, Trans probs: [0.32664197422229313, 0.036856721347125455, 0.38246190977205224, 0.04315517645250597, 0.08729218063607866, 0.009849633027558747, 0.10220956505584036, 0.011532839486545376]
Timestep: 435, Trans probs: [0.31139111994264573, 0.03442235359739429, 0.40113291926946, 0.044342751935866426, 0.08213269118312179, 0.009079258709534622, 0.10580303699029998, 0.011695868371677076]
Timestep: 436, Trans probs: [0.3115108759657924, 0.033774023055173366, 0.40436429819841335, 0.04384119523178996, 0.08107217094861949, 0.008789848387355538, 0.10523771090631279, 0.011409877306543166]
Timestep: 437, Trans probs: [0.32950551006916856, 0.03506549069468542, 0.3896138580569592, 0.04146213248861578, 0.08462979574891519, 0.009006178120371244, 0.10006795097716495, 0.010649083844119727]
Timestep: 438, Trans probs: [0.31595413031332226, 0.03310416511511074, 0.40611884879209503, 0.042551193787022094, 0.08011319644413827, 0.008393878188444845, 0.10297532455323162, 0.010789262806635194]
Timestep: 439, Trans probs: [0.3158648524452412, 0.03259103407440632, 0.40909465054862404, 0.04221051374495347, 0.07908417904867655, 0.008159930280842803, 0.10242644707502521, 0.010568392782230289]
Timestep: 440, Trans probs: [0.3158544235123488, 0.03202065386512718, 0.4121735147513008, 0.04178527975470415, 0.0780606187275323, 0.007913620537514026, 0.10186502765040518, 0.010326861201067556]
Timestep: 441, Trans probs: [0.3094044433021672, 0.030798221961812342, 0.3694133044860465, 0.03677152411187799, 0.10513149928345837, 0.010464824666231248, 0.12552170919519165, 0.012494472993214755]
Timestep: 442, Trans probs: [0.3314562890160194, 0.03244884858203884, 0.3912299571889821, 0.038300560472905296, 0.08629187596583733, 0.008447786661064698, 0.10185345114462402, 0.009971230968528293]
Timestep: 443, Trans probs: [0.3350364915413162, 0.032073731363981874, 0.390996066082236, 0.03743085635299774, 0.08610850904555507, 0.008243344402797847, 0.10049080963727433, 0.009620191573840873]
Timestep: 444, Trans probs: [0.3181718536816577, 0.02977492842178855, 0.41117041137400484, 0.03847785222406088, 0.08074217593322634, 0.007555955943974394, 0.10434233358338957, 0.009764488837897831]
Timestep: 445, Trans probs: [0.3243272906582257, 0.04275225774185132, 0.3821555716365801, 0.05037508087257605, 0.08127945408994608, 0.01071411586523613, 0.0957717624594991, 0.012624466676085497]
Timestep: 446, Trans probs: [0.31450755663062674, 0.037119019802692305, 0.4025267133189718, 0.04750727519195183, 0.07781254789204177, 0.009183644224786732, 0.09958943274213385, 0.011753810196795056]
Timestep: 447, Trans probs: [0.314548306045141, 0.03644943121184231, 0.40560349072593815, 0.04700078255190649, 0.07687468932018549, 0.008908134764857795, 0.09912831109719752, 0.011486854282931277]
Timestep: 448, Trans probs: [0.31476009616131195, 0.03564971771413584, 0.40890407257793904, 0.04631246125968042, 0.0759422400455685, 0.008601215507369081, 0.09865637866437162, 0.01117381806962364]
Timestep: 449, Trans probs: [0.3147140240804854, 0.035057804895925526, 0.41187326476033886, 0.04588093142656739, 0.07501214482761438, 0.00835603416744744, 0.09817006749887837, 0.010935728342742517]
Timestep: 450, Trans probs: [0.3147627433348627, 0.034368603847126304, 0.41496828903200894, 0.0453099391108315, 0.07411669784118614, 0.008092722155019903, 0.09771194317981687, 0.010669061499147526]
Timestep: 451, Trans probs: [0.3149333545719043, 0.03360237418054929, 0.41822787474088713, 0.04462356665549873, 0.07320854137911685, 0.0078111154786294846, 0.09722010142586465, 0.010373071567549663]
Timestep: 452, Trans probs: [0.3148398446170172, 0.033089579349879404, 0.4211384473247627, 0.044261532675411996, 0.07226019514714695, 0.007594526239421386, 0.0966572271837825, 0.010158647462577929]
Timestep: 453, Trans probs: [0.3147056796211628, 0.03256800025551061, 0.42399348081232924, 0.043877885547071616, 0.0713675487868534, 0.0073856256738783896, 0.09615134834429236, 0.009950430958901652]
Timestep: 454, Trans probs: [0.3388720845178113, 0.03426039091381419, 0.4031160650937731, 0.04075553757519772, 0.07590195835555431, 0.007673782772887733, 0.09029158842853661, 0.009128592342424989]
Timestep: 455, Trans probs: [0.34229988815400275, 0.03397493678225769, 0.40265045827359064, 0.03996502581104439, 0.07570467776065914, 0.007514059250531797, 0.08905209802484551, 0.008838855943068064]
Timestep: 456, Trans probs: [0.3160856862972409, 0.030702261007505866, 0.3677112689122397, 0.035716794030743515, 0.10524054772016665, 0.010222300169704449, 0.12242925580252505, 0.011891886059873874]
Timestep: 457, Trans probs: [0.3346183308210365, 0.042165316252306566, 0.38502065544157366, 0.048516522273392745, 0.07832716013120841, 0.009870019583128685, 0.09012529127916817, 0.011356704218185259]
Timestep: 458, Trans probs: [0.32371560507400643, 0.05616774791574378, 0.3684521610848788, 0.06392996747282315, 0.07481863333446778, 0.01298174715911554, 0.08515835106311771, 0.014775786895846754]
Timestep: 459, Trans probs: [0.3108984611747911, 0.037848603617855414, 0.4148609242154985, 0.0505049353343108, 0.07098770213099126, 0.008642002889128917, 0.09472553708601464, 0.011531833551409474]
Timestep: 460, Trans probs: [0.3391795715981352, 0.04048716220110703, 0.3897171229659147, 0.0465197249224797, 0.07653078831543102, 0.009135321521004236, 0.0879338295643015, 0.010496478911626613]
Timestep: 461, Trans probs: [0.3152278941680811, 0.03697778918104714, 0.41665213313700167, 0.04887535343797529, 0.07026202572514983, 0.008242082705131935, 0.09286875761477213, 0.01089396403084094]
Timestep: 462, Trans probs: [0.31530681528155885, 0.03626958607630192, 0.4197445487796725, 0.048283006596062106, 0.06939949645730258, 0.007982989546745015, 0.09238639608850428, 0.010627161173852704]
Timestep: 463, Trans probs: [0.34191564337416086, 0.038417008028597294, 0.396554993128184, 0.04455618410566435, 0.07432175649973712, 0.008350654822263765, 0.08619864053946094, 0.009685119501931797]
Timestep: 464, Trans probs: [0.3452918011203439, 0.0380888201075343, 0.3961895964532683, 0.0437033089659888, 0.07412141932727535, 0.008176265401354675, 0.08504729946246763, 0.009381489161767046]
Timestep: 465, Trans probs: [0.31868094961915516, 0.03442085872826037, 0.3617874807327527, 0.03907681265176818, 0.10399183220367846, 0.011232200008985472, 0.11805833713848876, 0.012751528916910816]
Timestep: 466, Trans probs: [0.3174871308547733, 0.03374619195798248, 0.4186774368397491, 0.04450186410400709, 0.07234858828026508, 0.007690041928381856, 0.09540771438074887, 0.010141031654092024]
Timestep: 467, Trans probs: [0.3443963174724603, 0.03599124614086908, 0.3946254140959914, 0.04124045377839141, 0.0775269531528894, 0.00810197877246581, 0.08883401023591365, 0.009283626351019042]
Timestep: 468, Trans probs: [0.3478773596142519, 0.03552123782739059, 0.3944397750294296, 0.04027565655016776, 0.07734131073472007, 0.007897205772564335, 0.08769322970747993, 0.008954224763995747]
Timestep: 469, Trans probs: [0.3232020432249886, 0.032302550772430695, 0.42224559229976294, 0.042201495843277516, 0.07097001625695448, 0.007093125187530545, 0.09271840069736487, 0.009266775717690256]
Timestep: 470, Trans probs: [0.3230403230518768, 0.031823062569475404, 0.4250425938176472, 0.04187142004429874, 0.07005922343722361, 0.006901612250596929, 0.09218091961177721, 0.009080845217104]
Timestep: 471, Trans probs: [0.3504051060817496, 0.03371981046614169, 0.400975780617955, 0.03858627368516783, 0.07500541816111805, 0.007217841408214374, 0.08583024498140124, 0.008259524598252133]
Timestep: 472, Trans probs: [0.3273854444214211, 0.030975196088841608, 0.4267841049216401, 0.04037968566657381, 0.06919330247985307, 0.006546644479371188, 0.09020132742194747, 0.008534294520351666]
Timestep: 473, Trans probs: [0.3272007208234339, 0.03049731449512075, 0.42956333835804683, 0.040038200993294, 0.06830379875037557, 0.006366374824784464, 0.08967219797043352, 0.008358053784511035]
Timestep: 474, Trans probs: [0.35251874619709056, 0.03224897135436003, 0.40708695149976004, 0.03724095691157846, 0.07266591906721767, 0.006647592979712826, 0.08391425361096463, 0.007676608379315845]
Timestep: 475, Trans probs: [0.303092060320397, 0.050464308715507764, 0.346380073332296, 0.057671688710893204, 0.09697236333974762, 0.016145732340452496, 0.11082208583530948, 0.018451687405396544]
Timestep: 476, Trans probs: [0.3190238391125817, 0.03722402844146147, 0.4149942676278118, 0.04842195637853165, 0.07018906212023808, 0.00818973168873826, 0.09130370479866252, 0.010653409831974454]
Timestep: 477, Trans probs: [0.3192775296576226, 0.03641612985482222, 0.4182466274596604, 0.047704338959416684, 0.06930595227734236, 0.007904892525791801, 0.09078929179251295, 0.010355237472830911]
Timestep: 478, Trans probs: [0.34396539209685995, 0.03852490283179727, 0.3966577908977005, 0.044426570820549634, 0.07368392399219599, 0.008252766345939603, 0.0849716372256084, 0.00951701578934858]
Timestep: 479, Trans probs: [0.32039917831658304, 0.03505347960035073, 0.3656891504300348, 0.04000845833007357, 0.10054159033787918, 0.010999817803569132, 0.11475362997721111, 0.012554695204298447]
Timestep: 480, Trans probs: [0.3180701435968671, 0.03413426145292772, 0.35934202942832183, 0.03856342706305113, 0.10596126820641666, 0.011371421385044609, 0.11971050387662831, 0.01284694499074259]
Timestep: 481, Trans probs: [0.3204497777575868, 0.03384129668159216, 0.4159699444274424, 0.043928762873548945, 0.07313140557867236, 0.007723087250202041, 0.09493052835715657, 0.010025197073798798]
Timestep: 482, Trans probs: [0.3457235837539403, 0.035688910002293864, 0.3940967139158447, 0.04068244926314496, 0.07785779056704009, 0.008037229194355958, 0.08875153694188449, 0.009161786361495429]
Timestep: 483, Trans probs: [0.3248701349778094, 0.032959316427847093, 0.41791155735305274, 0.04239872421204395, 0.07221378832484092, 0.00732636473344827, 0.09289550959573238, 0.009424604375225156]
Timestep: 484, Trans probs: [0.3187754796934491, 0.031751681541767406, 0.3666176459724105, 0.036517008001063084, 0.10419338148625616, 0.010378198068725157, 0.11983083605781354, 0.011935769178515094]
Timestep: 485, Trans probs: [0.31656606859486097, 0.030797415123711515, 0.36041345444197376, 0.03506314755049065, 0.10959034741471399, 0.010661595659521364, 0.12476964401318118, 0.012138327201546539]
Timestep: 486, Trans probs: [0.34700037428267816, 0.03325924285748373, 0.39112683056885356, 0.037488669206362776, 0.08199090882905113, 0.007858653047531727, 0.09241731906502856, 0.00885800214301032]
Timestep: 487, Trans probs: [0.32254567686962554, 0.030211812904143476, 0.3599756743838445, 0.033717760008680944, 0.10955999334556568, 0.010262131096779065, 0.12227394542324288, 0.011453005968117953]
Timestep: 488, Trans probs: [0.32005463050017374, 0.029473321723550407, 0.35370582152045416, 0.032572206366373424, 0.11491686898680634, 0.010582511635023509, 0.12699946096082088, 0.011695178306797612]
Timestep: 489, Trans probs: [0.3501256184940919, 0.03175153740022845, 0.38319476672103475, 0.034750450479589974, 0.08762860078245406, 0.007946698693573968, 0.09590506795631631, 0.008697259472710685]
Timestep: 490, Trans probs: [0.32594046587250486, 0.02889078631128385, 0.3533066480128291, 0.031316476285848244, 0.1148446268102667, 0.010179624562089228, 0.12448705941437514, 0.011034312730802902]
Timestep: 491, Trans probs: [0.32349677655949494, 0.028069601782779053, 0.3473289948343104, 0.03013750763237972, 0.12023736091936607, 0.01043291644607216, 0.12909532562830064, 0.011201516197297118]
Timestep: 492, Trans probs: [0.3203654096087678, 0.02729790367099997, 0.4084379613004562, 0.03480244679591128, 0.08469705368492753, 0.0072169215007705, 0.10798135784219923, 0.009200945595967548]
Timestep: 493, Trans probs: [0.320508978811297, 0.026788286898704845, 0.4114826655513742, 0.03439190920490213, 0.08357619221908263, 0.006985336334007178, 0.10729856766724064, 0.008968063313391412]
Timestep: 494, Trans probs: [0.3529107645753627, 0.02888466507207392, 0.3822602267764501, 0.031286828652275146, 0.09081099202307681, 0.0074326015320204525, 0.0983631951445415, 0.00805072622419939]
Timestep: 495, Trans probs: [0.32482154038143085, 0.02615600455269447, 0.41332616210888845, 0.03328277110308862, 0.08243403538565212, 0.0066379372572157, 0.10489496304059676, 0.00844658617043309]
Timestep: 496, Trans probs: [0.3248180382132414, 0.025737117433362083, 0.4161996358118308, 0.03297778338153558, 0.08134028074511661, 0.006445037255675308, 0.10422387687941381, 0.008258230279824386]
Timestep: 497, Trans probs: [0.32478904712720946, 0.025336606159483424, 0.41904205550751955, 0.032689228958192165, 0.08025707997569907, 0.006260808499672149, 0.10354749354856202, 0.00807768022366225]
Timestep: 498, Trans probs: [0.32482915359560377, 0.02485290723482949, 0.4219744960980146, 0.03228556578404916, 0.0792162924865491, 0.00606089430970943, 0.10290718900920998, 0.007873501482034383]
Timestep: 499, Trans probs: [0.32485371929924883, 0.02438814998985701, 0.4248885027862764, 0.03189818653537405, 0.07817631707955613, 0.005869028529836638, 0.10224977072427996, 0.007676325055570926]
