Timestep: 0, Trans probs: [0.125, 0.125, 0.125, 0.125, 0.125, 0.125, 0.125, 0.125]
Timestep: 1, Trans probs: [0.14814814814814814, 0.07407407407407407, 0.2962962962962963, 0.14814814814814814, 0.07407407407407407, 0.037037037037037035, 0.14814814814814814, 0.07407407407407407]
Timestep: 2, Trans probs: [0.14384685288463783, 0.047981040825198384, 0.4178783376020157, 0.13938600097513582, 0.04818137366027191, 0.016071206357650757, 0.13996797235934652, 0.04668721533574309]
Timestep: 3, Trans probs: [0.13071128311623645, 0.03273316479934386, 0.5082890604344226, 0.12728747805274132, 0.03287801596426586, 0.008233424760100845, 0.12785075201628704, 0.03201682085660231]
Timestep: 4, Trans probs: [0.12346270611158085, 0.024728540086455513, 0.5699855117734702, 0.11416329692183066, 0.02486934325423076, 0.004981119975049549, 0.11481333747392392, 0.02299614440345851]
Timestep: 5, Trans probs: [0.19042963882728572, 0.0317925833949365, 0.38085927765457145, 0.063585166789873, 0.09521481941364286, 0.01589629169746825, 0.19042963882728572, 0.0317925833949365]
Timestep: 6, Trans probs: [0.2001547277137838, 0.02864501767001177, 0.42311483857979976, 0.060553813372292785, 0.08077664897915646, 0.011560299193337167, 0.1707568898532655, 0.02443776463835283]
Timestep: 7, Trans probs: [0.18438080487488817, 0.023084259885961536, 0.48079721577139684, 0.06019524586002749, 0.061966914766122365, 0.007758184837966385, 0.1615868859543786, 0.020230488049258578]
Timestep: 8, Trans probs: [0.1787235186406813, 0.01988649058399525, 0.5200882448306886, 0.05786999977583185, 0.0514217619047819, 0.00572167777195455, 0.1496381343572771, 0.01665017213478952]
Timestep: 9, Trans probs: [0.2691604799779863, 0.026950592167798132, 0.45699292967104194, 0.04575794363325109, 0.06776942575978387, 0.006785640132783184, 0.11506201959002582, 0.011520969067329663]
Timestep: 10, Trans probs: [0.24658970259007293, 0.022444137614298604, 0.5024477800092259, 0.04573186552429818, 0.055154831602748075, 0.0050200905292603175, 0.1123827248441602, 0.0102288672859356]
Timestep: 11, Trans probs: [0.14733237522315734, 0.01229310378818123, 0.5443338057122935, 0.04541806889966666, 0.049274013415081676, 0.004111320136218276, 0.18204764027135747, 0.01518967255404382]
Timestep: 12, Trans probs: [0.1989909636465526, 0.015327980640733378, 0.3565095895657455, 0.02746140823161052, 0.13360858324404296, 0.010291672244163153, 0.23937137798578478, 0.018438424441367066]
Timestep: 13, Trans probs: [0.28434183841329636, 0.020343478444632156, 0.4140019684354854, 0.02962012262388446, 0.09563814762570498, 0.0068425125390097945, 0.139249227604044, 0.009962704313942701]
Timestep: 14, Trans probs: [0.2635464590439437, 0.017602152139965715, 0.4561089768851823, 0.030463318052770402, 0.07973774351248686, 0.005325648835108536, 0.13799882094621235, 0.00921688058433027]
Timestep: 15, Trans probs: [0.22455200568122302, 0.014064602134803395, 0.5136544414365494, 0.03217225930208574, 0.06170450671730905, 0.003864803319259885, 0.141146786179196, 0.008840595229573396]
Timestep: 16, Trans probs: [0.17703378784910095, 0.08851689392455048, 0.26662005043039927, 0.13331002521519963, 0.08899011423281951, 0.044495057116409754, 0.1340227141543468, 0.0670113570771734]
Timestep: 17, Trans probs: [0.2765757298749029, 0.03468273611998036, 0.37294677635580387, 0.04676771398920715, 0.10179083960772821, 0.012764622662816073, 0.13725920749236978, 0.01721237389719159]
Timestep: 18, Trans probs: [0.2599473471266956, 0.03067478519839888, 0.4091826820081385, 0.04828512780084995, 0.08753406184017472, 0.010329355441284962, 0.13778721955324247, 0.016259421031214995]
Timestep: 19, Trans probs: [0.24460801812325933, 0.02725652247629174, 0.44199699731476205, 0.04925145620407492, 0.07593169225849218, 0.008461022220717063, 0.1372055594774912, 0.015288731924911566]
Timestep: 20, Trans probs: [0.24692460011404416, 0.026062553314140275, 0.4554342153387743, 0.04807045759259423, 0.07107565659401062, 0.007501938196774948, 0.13109380707969526, 0.013836771769966113]
Timestep: 21, Trans probs: [0.27553304402590784, 0.02762430568671531, 0.37288827004621616, 0.03738491546508869, 0.11067560618195701, 0.011096080283370382, 0.14978107424975773, 0.01501670406098682]
Timestep: 22, Trans probs: [0.27411496050024947, 0.02617067117537735, 0.39658786650107547, 0.03786356872825499, 0.09896402632009002, 0.009448426259872484, 0.14318055456373047, 0.013669925951349726]
Timestep: 23, Trans probs: [0.2623303684071152, 0.02390516983385078, 0.4233663787775583, 0.03857976965485566, 0.0882935149085907, 0.008045852571067592, 0.1424940082361373, 0.012984937610824487]
Timestep: 24, Trans probs: [0.3190763635116646, 0.02781082160272886, 0.3803933911993525, 0.03315523790315324, 0.10052034346386254, 0.008761392754861064, 0.11983737658883181, 0.010445072975545555]
Timestep: 25, Trans probs: [0.30019348461198064, 0.02507470897308875, 0.41183157078095234, 0.03439966992158447, 0.08891047486036285, 0.007426557857057991, 0.12197513403048144, 0.010188398964491556]
Timestep: 26, Trans probs: [0.28312304829346613, 0.022700848675360024, 0.44054947780000364, 0.03532332351543688, 0.07906736253325007, 0.006339633042403079, 0.12303161287999866, 0.009864693260081643]
Timestep: 27, Trans probs: [0.2676686011373583, 0.020638073224043756, 0.4667080276762911, 0.03598462579661911, 0.07072435536516077, 0.005453065539056095, 0.1233152647000719, 0.009507986561398812]
Timestep: 28, Trans probs: [0.2536038185904794, 0.01883024864483504, 0.49072760236152807, 0.03643684397462859, 0.06356012592179532, 0.00471938073194834, 0.12298989965039256, 0.009132080124392672]
Timestep: 29, Trans probs: [0.26204754774825106, 0.018760243370707096, 0.4915823819278649, 0.03519286938940714, 0.062436169688081, 0.004469867199858131, 0.11712577079028995, 0.008385149885540804]
Timestep: 30, Trans probs: [0.2830705328085591, 0.019565585040961314, 0.4174808902103874, 0.028855910148414383, 0.09487441810597419, 0.006557635926447905, 0.13992363011469547, 0.009671397644560166]
Timestep: 31, Trans probs: [0.28064219300949644, 0.01875531439122499, 0.44724348065946057, 0.029889276445719957, 0.08076315825271879, 0.005397400896901992, 0.1287076459125821, 0.008601530431895025]
Timestep: 32, Trans probs: [0.2739373781142771, 0.017715343790299907, 0.4631443731381593, 0.029951231376912326, 0.07513934991659937, 0.0048592106163654085, 0.12703767318899695, 0.008215439858389857]
Timestep: 33, Trans probs: [0.31888694960187036, 0.01997570359317354, 0.4268312419491994, 0.02673754565412086, 0.08352887236576384, 0.005232412295121206, 0.11180367329239246, 0.007003601248358347]
Timestep: 34, Trans probs: [0.30164065812835583, 0.0183299323233312, 0.45212402758114123, 0.02747442231009768, 0.07561339112670992, 0.004594832641892695, 0.11333561976492218, 0.006887116123549299]
Timestep: 35, Trans probs: [0.2519868928573803, 0.014866489452375214, 0.4818395144518514, 0.02842712165743601, 0.07227047651269103, 0.004263746675912013, 0.13819278819310654, 0.008152970199247286]
Timestep: 36, Trans probs: [0.32203776663712885, 0.018456667647782518, 0.40867655363191135, 0.023422120345048127, 0.09478936163175795, 0.005432579422133898, 0.12029082811360398, 0.0068941225706331535]
Timestep: 37, Trans probs: [0.24175841722332933, 0.013475308351254229, 0.5154225908256131, 0.02872900320223989, 0.060671976849412175, 0.0033817792394410682, 0.12935105986133155, 0.007209864447378527]
Timestep: 38, Trans probs: [0.26348554371722416, 0.014296347231876175, 0.4453706838909045, 0.024165173747201323, 0.08908944090657196, 0.004833865129469746, 0.15058824353035855, 0.008170701846393569]
Timestep: 39, Trans probs: [0.34273829979832304, 0.018115054825206475, 0.37459830205338146, 0.01979898010557693, 0.11106906309044412, 0.005870432830097025, 0.12139373530423238, 0.0064161319927383605]
Timestep: 40, Trans probs: [0.25088757212923407, 0.01292267936040816, 0.4744592248342803, 0.024438374448308414, 0.0780556423338319, 0.004020478294681045, 0.1476128101577511, 0.007603218441505038]
Timestep: 41, Trans probs: [0.37507152286868317, 0.018844240385972853, 0.35795907266358956, 0.017984481365102917, 0.11212336384415408, 0.005633271235851408, 0.10700779157693494, 0.005376256059711139]
Timestep: 42, Trans probs: [0.1981114263386937, 0.06631105512922614, 0.41463614356064143, 0.13878533248866576, 0.04412479062879629, 0.014769271404615565, 0.09235072080328278, 0.030911259646078198]
Timestep: 43, Trans probs: [0.25533609481592906, 0.019303717666210033, 0.43943009284631807, 0.033221446628832044, 0.08634602708626922, 0.00652786410661546, 0.14860038776258008, 0.011234369087245967]
Timestep: 44, Trans probs: [0.3811608179633183, 0.028108683797538853, 0.32150259202679715, 0.02370919116938213, 0.12403503720626793, 0.009146957075169458, 0.10462141984329838, 0.007715300918227753]
Timestep: 45, Trans probs: [0.24517762421286596, 0.01764711358010494, 0.4649474411594132, 0.03346545317608456, 0.07690002127522402, 0.005535021452765799, 0.14583087764149888, 0.010496447502042764]
Timestep: 46, Trans probs: [0.27879580761889633, 0.01959463412016281, 0.43849136978055997, 0.030818533567922742, 0.08436126193681019, 0.005929171158221438, 0.13268379327157886, 0.009325428545847655]
Timestep: 47, Trans probs: [0.31070400395237824, 0.02133998468274627, 0.4133860235050858, 0.028392461305429523, 0.09081445100911989, 0.006237380171655803, 0.12082697455424969, 0.008298720819334731]
Timestep: 48, Trans probs: [0.4164521424669554, 0.02796466455121113, 0.31408525751653543, 0.021090752024712212, 0.11773972490412725, 0.007906195155562333, 0.08879846696760159, 0.005962796413294521]
Timestep: 49, Trans probs: [0.39566631887075016, 0.025984726521576403, 0.3410739256616059, 0.022399462019541867, 0.10828732491264562, 0.007111589714380909, 0.09334629015874067, 0.0061303621407586715]
Timestep: 50, Trans probs: [0.3766839705691354, 0.024205549307109466, 0.36598348384829543, 0.023517940650600883, 0.09989533901155588, 0.006419231352853215, 0.0970576054415505, 0.006236879818899109]
Timestep: 51, Trans probs: [0.30111033725679553, 0.018944557776339774, 0.4472718721580197, 0.028140408267029803, 0.07742236220168007, 0.004871079575921571, 0.11500383947067641, 0.007235543293537208]
Timestep: 52, Trans probs: [0.33192147512148473, 0.020456384820833715, 0.42190493042101085, 0.02600208260505113, 0.08283267847176844, 0.00510499402287455, 0.10528850365715708, 0.006488950879819555]
Timestep: 53, Trans probs: [0.4050459866021438, 0.02446554431475661, 0.3540083515447751, 0.021382774546584753, 0.09817758096273142, 0.005930111733507044, 0.08580675959001412, 0.005182890705487232]
Timestep: 54, Trans probs: [0.3254799014702727, 0.01927610906863043, 0.46106785819965423, 0.02730612330453867, 0.06519130779935625, 0.003860867456916758, 0.09234861054248192, 0.005469222158148959]
Timestep: 55, Trans probs: [0.27551000159582534, 0.0693509738798811, 0.33806473981280505, 0.08509716091853813, 0.08321629436616006, 0.020947083675874473, 0.1021106121016696, 0.025703133649246302]
Timestep: 56, Trans probs: [0.4062655315047629, 0.0321737829277308, 0.322530015157806, 0.025542434419503095, 0.11027541561792936, 0.008733148665640513, 0.08754651505641488, 0.006933156650212611]
Timestep: 57, Trans probs: [0.38870129152403626, 0.03018114290188074, 0.3455387258059082, 0.026829737613663206, 0.1025478085811745, 0.007962438336461644, 0.09116059010865432, 0.007078265128221055]
Timestep: 58, Trans probs: [0.37243557366060065, 0.028366929556815433, 0.3670547569496755, 0.027957094247323632, 0.09555745963250972, 0.007278229894585377, 0.09417687944090662, 0.007173076617582817]
Timestep: 59, Trans probs: [0.27612311522562816, 0.055643640783169857, 0.37697943418604785, 0.07596795437191325, 0.07575421123453888, 0.015265799512303262, 0.10342408191748606, 0.02084176276891284]
Timestep: 60, Trans probs: [0.3744051328715688, 0.03570823491001253, 0.3364230205869132, 0.03208575736159656, 0.10645087016505189, 0.010152565615420725, 0.09565179571754628, 0.009122622771889997]
Timestep: 61, Trans probs: [0.35964062007094005, 0.03365425810674645, 0.3566115521919255, 0.033370805608518905, 0.0995079464284203, 0.00931170153169512, 0.09866984220044522, 0.009233273861308318]
Timestep: 62, Trans probs: [0.34546556034412995, 0.03173050647452102, 0.3759810957493034, 0.03453331377254169, 0.09310364842033346, 0.008551433943401231, 0.10132764526937213, 0.009306796026397057]
Timestep: 63, Trans probs: [0.29209446046388254, 0.026342011407679913, 0.44095016434503087, 0.039766294235598465, 0.0734106254007268, 0.006620404675527814, 0.11082177759795134, 0.009994261873602249]
Timestep: 64, Trans probs: [0.35582403212399427, 0.0315174690019226, 0.35296260417137904, 0.031264015163351186, 0.1053459186401167, 0.00933111995106034, 0.10449875900761128, 0.009256081940564565]
Timestep: 65, Trans probs: [0.3429139606167459, 0.029842340361258348, 0.37107070086663724, 0.03229270145034772, 0.0989173176782344, 0.00860835253387591, 0.10703944025111753, 0.009315186241782993]
Timestep: 66, Trans probs: [0.3304241260109613, 0.02826077678576997, 0.38858489417065917, 0.03323519710577897, 0.092922461800859, 0.007947546031342753, 0.10927853671243751, 0.009346461382191312]
Timestep: 67, Trans probs: [0.27198841699810056, 0.022868940738782522, 0.45188099140140076, 0.03799441067158789, 0.0746116370941984, 0.006273388866933576, 0.12395961898790478, 0.010422595241091653]
Timestep: 68, Trans probs: [0.3520221011819109, 0.02910568998778946, 0.37657690041494296, 0.031135915850851733, 0.09423040897515066, 0.007791104768265846, 0.10080331665981798, 0.008334562161270343]
Timestep: 69, Trans probs: [0.24639859981642565, 0.04134105544926573, 0.4487696793266255, 0.07529512022719884, 0.05712104503598669, 0.009583838105866176, 0.10403546563454388, 0.01745519640408746]
Timestep: 70, Trans probs: [0.2756169762353953, 0.027380974296118032, 0.4283920252797505, 0.042558303893548165, 0.08050110485978731, 0.007997325538802828, 0.12512303058824825, 0.012430259308349683]
Timestep: 71, Trans probs: [0.3196122897318965, 0.0312314338651659, 0.4301641486106907, 0.042034188265318885, 0.06871815543173015, 0.006714906139881421, 0.09248732847595909, 0.0090375494793576]
Timestep: 72, Trans probs: [0.3496327387730935, 0.03361435548834011, 0.3432213752289257, 0.032997954821472046, 0.11073354942707699, 0.010646133734470223, 0.10870298145336725, 0.010450911073254236]
Timestep: 73, Trans probs: [0.3375906951188573, 0.031941759599078544, 0.36020621398181374, 0.034081568181405286, 0.10438593605461617, 0.00987666580622852, 0.11137884830013697, 0.010538312957863538]
Timestep: 74, Trans probs: [0.32603671615440805, 0.030367122575542096, 0.37658324153874084, 0.03507503569102951, 0.09845592497399047, 0.00917020382623898, 0.11371986508979909, 0.01059189015025095]
Timestep: 75, Trans probs: [0.2850334572171466, 0.026140059895959748, 0.4222629639769968, 0.038725205377539734, 0.08410355412703223, 0.007713031178192027, 0.12459525416212794, 0.011426474065004699]
Timestep: 76, Trans probs: [0.33362449394920973, 0.03013300264991832, 0.43039125509063225, 0.03887298764137522, 0.06687465054741451, 0.006040126125944406, 0.08627143781364843, 0.007792046181857054]
Timestep: 77, Trans probs: [0.3382040512492686, 0.03009142563790756, 0.35820267918024284, 0.03187078701167642, 0.10775837157372806, 0.009587711954056204, 0.11413032238741694, 0.01015465100570347]
Timestep: 78, Trans probs: [0.2897484059112978, 0.025401215319443202, 0.41135347347618273, 0.036061900390120374, 0.09021711542032894, 0.007909014605562254, 0.12808051067074727, 0.011228364206317239]
Timestep: 79, Trans probs: [0.3567967791849458, 0.03082609113621539, 0.3488594783443058, 0.030140333939505107, 0.10861702512952585, 0.009384160706932279, 0.10620073088259399, 0.009175400675975763]
Timestep: 80, Trans probs: [0.27787243874764633, 0.023664975170348247, 0.4322334108913942, 0.03681111010016073, 0.08272833082562805, 0.007045549042921863, 0.12868476186868952, 0.01095942335321124]
Timestep: 81, Trans probs: [0.30304196352070556, 0.02544534137296225, 0.41139841131016464, 0.034543641726919545, 0.08826805128868002, 0.007411550107690428, 0.11982939804020233, 0.010061642632675161]
Timestep: 82, Trans probs: [0.3767949986877671, 0.03119862164986287, 0.341833399903089, 0.028303801664045232, 0.10743591477922733, 0.008895692534341604, 0.097467281011111, 0.008070289770555916]
Timestep: 83, Trans probs: [0.2905309266919776, 0.02372732491507156, 0.43218246702513, 0.035295842458019526, 0.08111719769254298, 0.006624747760129617, 0.12066677725534011, 0.009854716201788374]
Timestep: 84, Trans probs: [0.3162872318675564, 0.025482995116231092, 0.4103934222387662, 0.03306505138665571, 0.08650908928342683, 0.006969964252753309, 0.11224848058568203, 0.009043765268928352]
Timestep: 85, Trans probs: [0.39581127241584846, 0.031464664904129656, 0.3347191025648272, 0.026608197222206233, 0.10610306649541544, 0.008434568859553173, 0.08972640667850676, 0.007132720859512928]
Timestep: 86, Trans probs: [0.3036868594080327, 0.043648965754787765, 0.43248241215219396, 0.06216077322007369, 0.056995361417206146, 0.00819195332827621, 0.0811674612304526, 0.01166621348897712]
Timestep: 87, Trans probs: [0.39673413210386926, 0.03683544833283566, 0.31351954620277267, 0.029109250026571342, 0.11439052884676795, 0.010620781208705521, 0.09039723026539187, 0.008393083013085719]
Timestep: 88, Trans probs: [0.2955446948539539, 0.03714460026147843, 0.4595598033212242, 0.057758320443024355, 0.052151911422124296, 0.006554548047645058, 0.08109406994370452, 0.010192051706845175]
Timestep: 89, Trans probs: [0.39694545286289207, 0.04215453517923476, 0.2938379057286274, 0.031204792106054216, 0.12251964207212089, 0.013011255134998151, 0.09069486695827704, 0.009631549957795506]
Timestep: 90, Trans probs: [0.25653064702390405, 0.0286420868721169, 0.43407414279892775, 0.048465122788342925, 0.07761893927481472, 0.008666287741533083, 0.13133859412726503, 0.014664179373095703]
Timestep: 91, Trans probs: [0.2783270450640389, 0.03327340066287926, 0.410513274535269, 0.04907598058930919, 0.08257902610979641, 0.009872145272369856, 0.12179839155934766, 0.014560736206989775]
Timestep: 92, Trans probs: [0.4086518391136644, 0.04820984956974319, 0.2842069123271972, 0.03352871852893913, 0.1189149737389617, 0.014028746347941276, 0.08270232574781033, 0.009756634625742755]
Timestep: 93, Trans probs: [0.39637319419233713, 0.04615328134568741, 0.3003984760861851, 0.034978085263490014, 0.11316742384944431, 0.0131770968083064, 0.08576594523815476, 0.009986497216395015]
Timestep: 94, Trans probs: [0.29521456583695177, 0.03393325382074717, 0.4736662664772147, 0.054445273054630365, 0.049155621169287095, 0.005650162162984738, 0.0788692776374864, 0.009065579840697736]
Timestep: 95, Trans probs: [0.30476209389293074, 0.03458671133822896, 0.4294076939423888, 0.04873243836557217, 0.06804061926714365, 0.007721764960355602, 0.09586876451958234, 0.010879913713797833]
Timestep: 96, Trans probs: [0.4022958001046316, 0.04508417875692425, 0.2867946458466768, 0.03214028353395056, 0.12267871856608127, 0.013748265023062894, 0.08745703940963998, 0.00980106875903272]
Timestep: 97, Trans probs: [0.2936577720728073, 0.032502630236965944, 0.44960939193674493, 0.04976366780295519, 0.062061027433842744, 0.006869038788145112, 0.09501952088835423, 0.010516950840184568]
Timestep: 98, Trans probs: [0.4069168057779274, 0.044488456086600014, 0.27368666752129944, 0.029922325931542273, 0.132035674803887, 0.01443553875625148, 0.0888053855674938, 0.009709145554998695]
Timestep: 99, Trans probs: [0.25766090701886457, 0.027830416132658967, 0.4269325895127532, 0.046113753786730556, 0.08202019045964333, 0.00885914769990581, 0.13590378420386828, 0.014679211185575088]
Timestep: 100, Trans probs: [0.4207136738915846, 0.044900424758429, 0.2677986397806465, 0.02858065573352183, 0.1314087947724102, 0.014024528006653087, 0.08364619141029894, 0.008927091646455762]
Timestep: 101, Trans probs: [0.4093440308831418, 0.043172460776594215, 0.2829976596944761, 0.02984703438002641, 0.12549368823955365, 0.013235496121791375, 0.08675934519333547, 0.009150284711080982]
Timestep: 102, Trans probs: [0.39863673571539715, 0.04155375482409758, 0.29740838656738683, 0.031001746880836425, 0.12001589514919507, 0.01251041521066627, 0.08953949935072207, 0.00933356630169857]
Timestep: 103, Trans probs: [0.2509465583444393, 0.0258575794208136, 0.4487441050643134, 0.0462386749309229, 0.07420349611957826, 0.007645941856594287, 0.13269112626410026, 0.01367251799923801]
Timestep: 104, Trans probs: [0.29605472307445496, 0.03015848612745291, 0.4598376704113008, 0.046842718332488174, 0.05939851105372616, 0.006050804233089862, 0.09225886574346667, 0.009398221024020402]
Timestep: 105, Trans probs: [0.4050190461645553, 0.04079449985311409, 0.2864370105891475, 0.028850629858176827, 0.127129705364403, 0.012804812010513391, 0.08990849469055286, 0.009055801469537033]
Timestep: 106, Trans probs: [0.39455566122846536, 0.03929866383872073, 0.3005401750067286, 0.029934502196334544, 0.12165615339133308, 0.01211723654186646, 0.09266768981856101, 0.009229917977990325]
Timestep: 107, Trans probs: [0.28489841146875483, 0.02806442369575444, 0.4794972815631032, 0.0472337307932839, 0.05439002360777458, 0.005357785813832372, 0.09154094025877407, 0.009017402798722627]
Timestep: 108, Trans probs: [0.2766943957853217, 0.026959788848382772, 0.41023237076219027, 0.03997109541423836, 0.09034359273674489, 0.008802650943016093, 0.1339451278959902, 0.013050977614115769]
Timestep: 109, Trans probs: [0.4010026525813088, 0.038651162939561924, 0.2895729059491678, 0.027910861683026717, 0.12862718155181058, 0.012397898419406556, 0.09288453955664705, 0.008952797319070624]
Timestep: 110, Trans probs: [0.39060296525744925, 0.03724804863932931, 0.30356790218859164, 0.028948351630170274, 0.12310005937561132, 0.011738868894927446, 0.09567061724509712, 0.009123186768823625]
Timestep: 111, Trans probs: [0.3804050563480579, 0.03589340053108257, 0.31728881606862624, 0.029938020983517173, 0.1178168877992093, 0.011116699614090775, 0.0982688852813198, 0.009272233374096222]
Timestep: 112, Trans probs: [0.3706118189210998, 0.03460487127883246, 0.3305535971678863, 0.03086454369979216, 0.11281497556068516, 0.010533791714918994, 0.10062117310384722, 0.009395228552937857]
Timestep: 113, Trans probs: [0.3611839236846203, 0.03337673596788232, 0.3433526317629803, 0.03172895963176143, 0.10810414254765972, 0.009989822874835755, 0.1027671482981895, 0.009496635232070639]
Timestep: 114, Trans probs: [0.27207916634971385, 0.024885737777908618, 0.4357959249120629, 0.039860101225476126, 0.08007174710837359, 0.007323767301597708, 0.12825289623817304, 0.01173065908669436]
Timestep: 115, Trans probs: [0.37479530567247316, 0.03393441515097523, 0.3363290083493622, 0.030451630593838853, 0.10849328093680029, 0.009823111390883054, 0.09735831009028234, 0.008814937815384886]
Timestep: 116, Trans probs: [0.36536816732148847, 0.032750044793518944, 0.34894506268141745, 0.03127794771250062, 0.10405084423201914, 0.009326674062449644, 0.09937381416878822, 0.008907445027817654]
Timestep: 117, Trans probs: [0.3563446765496271, 0.031624985393968866, 0.36108792990512933, 0.03204594108086198, 0.09986203808796995, 0.008862586433234364, 0.10119128748727195, 0.008980555061936504]
Timestep: 118, Trans probs: [0.2854599703893722, 0.025085572967179243, 0.49218641520743733, 0.043252222773299306, 0.051969471776002384, 0.004566958983861812, 0.08960509586953636, 0.007874292033311414]
Timestep: 119, Trans probs: [0.282688053219997, 0.024600805884599102, 0.4269067120921221, 0.037151372459442215, 0.0837982024719805, 0.007292502420989104, 0.12654944094401696, 0.011012910506852908]
Timestep: 120, Trans probs: [0.3302459097312427, 0.033169134306592525, 0.44380416721001, 0.04457466268089145, 0.05746045895634421, 0.005771195416144533, 0.07721879479257872, 0.00775567690619589]
Timestep: 121, Trans probs: [0.354874716375002, 0.03433771547257737, 0.33972523337400423, 0.032871849878773826, 0.11095658310443857, 0.010736170836198744, 0.10621988366650731, 0.010277847292497961]
Timestep: 122, Trans probs: [0.3462190909951104, 0.033177433824903596, 0.35160691595495785, 0.03369373754909086, 0.10653410439904075, 0.010208935008856756, 0.10819197688985685, 0.010367805378182972]
Timestep: 123, Trans probs: [0.337792946028089, 0.03206112282494854, 0.3631856165665256, 0.034471230965331584, 0.10232189640197115, 0.009711732961861388, 0.1100136680471589, 0.010441786204113861]
Timestep: 124, Trans probs: [0.3199060810585416, 0.029198645623687836, 0.4655710457426717, 0.04249385923614991, 0.053306022173134106, 0.004865376881525931, 0.07757820797094049, 0.007080761313348485]
Timestep: 125, Trans probs: [0.2981436197413734, 0.03114546795861665, 0.3883877965779661, 0.04057279402567786, 0.0950561774657736, 0.009930010013620262, 0.12382843996152343, 0.012935694255448524]
Timestep: 126, Trans probs: [0.35930236442542074, 0.03717935225336429, 0.4220421233961227, 0.04367144312171446, 0.0574273155297901, 0.00594237779776799, 0.06745501445805957, 0.006980009017760142]
Timestep: 127, Trans probs: [0.3293026596638579, 0.033755788672181444, 0.35013803952711325, 0.03589155848432506, 0.11030208542521944, 0.01130672278661605, 0.11728103254908905, 0.012022112891597722]
Timestep: 128, Trans probs: [0.3390568804361716, 0.0344330336309043, 0.34364791791813804, 0.03489927796080532, 0.11179438202414618, 0.011353315440853448, 0.11330814631492202, 0.011507046274059055]
Timestep: 129, Trans probs: [0.31796447205344813, 0.031993948684582316, 0.36798020107575047, 0.03702658851829471, 0.10319993089114549, 0.010384095027537352, 0.11943325326593024, 0.012017510483311424]
Timestep: 130, Trans probs: [0.3356131474656537, 0.03346201363412658, 0.35350537254205355, 0.035245942195842504, 0.10724964258754152, 0.010693231268261893, 0.11296734095255004, 0.011263309353970137]
Timestep: 131, Trans probs: [0.35232737058524016, 0.03481121901129881, 0.33991058303934224, 0.03358439547511134, 0.11087512974646771, 0.010954863989417663, 0.10696764754348433, 0.010568790609637769]
Timestep: 132, Trans probs: [0.3554924806791681, 0.034809521306908904, 0.33980363515622963, 0.03327328289908614, 0.1101903818498263, 0.010789748456816593, 0.1053273820033802, 0.010313567648584156]
Timestep: 133, Trans probs: [0.3465923444291953, 0.033636945320136884, 0.3517137765796799, 0.03413398264936685, 0.10583257143455775, 0.01027109939285154, 0.1073964095937821, 0.010422870600429724]
Timestep: 134, Trans probs: [0.3377604865711829, 0.032491591113406514, 0.36351865350881896, 0.03496945297482397, 0.10160835810113733, 0.009774432938090194, 0.10935717761758665, 0.010519847174953554]
Timestep: 135, Trans probs: [0.3856541930624306, 0.03677544997885278, 0.4057470587763247, 0.03869147783822964, 0.05922797254611927, 0.005647897471105866, 0.06231379326396309, 0.005942157062973967]
Timestep: 136, Trans probs: [0.3533137709005749, 0.03340030128918067, 0.34100208185399256, 0.032236423293464864, 0.11160177967041718, 0.010550205999328703, 0.10771286697718951, 0.010182570015851355]
Timestep: 137, Trans probs: [0.3464951795772163, 0.03247501946629133, 0.35080373874613374, 0.032878836174659365, 0.10783369905010444, 0.010106638366649903, 0.10917457736572059, 0.010232311253224241]
Timestep: 138, Trans probs: [0.33772186533623477, 0.03138391841959284, 0.36248777990951375, 0.033685372729578264, 0.10358371525007652, 0.009625858443515906, 0.1111797453161553, 0.01033174459533272]
Timestep: 139, Trans probs: [0.32924848597467443, 0.030338752318036274, 0.3738150537609879, 0.03444535908869866, 0.09954554039868399, 0.009172669346011967, 0.11301987137660807, 0.010414267736298647]
Timestep: 140, Trans probs: [0.32100911135219856, 0.029332395600499574, 0.38488609047038275, 0.035169191987265425, 0.09567111858216494, 0.008742004505646094, 0.11470852851157136, 0.01048155899027117]
Timestep: 141, Trans probs: [0.3131223576000169, 0.028375042256791834, 0.3955515465203286, 0.03584474750790865, 0.09200755881328504, 0.008337693894749478, 0.11622846882956984, 0.010532584577349515]
Timestep: 142, Trans probs: [0.30545658804623504, 0.027453000474687305, 0.40596358621788, 0.03648609642512697, 0.08849831699758984, 0.007953812206453758, 0.11761767645080312, 0.010570923181223935]
Timestep: 143, Trans probs: [0.2981083198457792, 0.026574284117084325, 0.41598867603460177, 0.037082498308507954, 0.08518563276617655, 0.00759370690825768, 0.1188704112984967, 0.010596470721096003]
Timestep: 144, Trans probs: [0.3903308179306262, 0.03451397701917987, 0.4101297219363406, 0.03626464308618671, 0.057687172839005076, 0.005100836690841927, 0.060613262055981824, 0.005359568441837706]
Timestep: 145, Trans probs: [0.359788575779219, 0.03155818477415492, 0.3475509369336367, 0.030484783076916898, 0.10784434395597939, 0.00945936575679035, 0.10417618931817928, 0.009137620405123307]
Timestep: 146, Trans probs: [0.30841906090811194, 0.02683755344371465, 0.401617388991721, 0.03494734764205021, 0.09117996613910319, 0.00793416336541965, 0.1187328040663812, 0.010331715443498373]
Timestep: 147, Trans probs: [0.3943828694868067, 0.032988007611555285, 0.41339011016304233, 0.03457786114885072, 0.05616593250349046, 0.004697978417131086, 0.05887284367914121, 0.004924396989982304]
Timestep: 148, Trans probs: [0.31411349912102077, 0.029834243267033576, 0.38328136744644276, 0.03640375083565844, 0.09722749378145637, 0.009234587847504085, 0.11863701138036593, 0.01126804632051805]
Timestep: 149, Trans probs: [0.30640791227651276, 0.028872489253243375, 0.39372535732150915, 0.037100318537910244, 0.09354703041331011, 0.00881483643883097, 0.12020524438222836, 0.011326811376454844]
Timestep: 150, Trans probs: [0.2987841937194267, 0.027933555640807215, 0.40403626283310046, 0.03777364956377343, 0.08999061373032399, 0.008413289151925282, 0.12169141482698566, 0.011377020533657292]
Timestep: 151, Trans probs: [0.3828640819368784, 0.029558266505224914, 0.43331109116693994, 0.03345292838019165, 0.05261137113744214, 0.004061757168284585, 0.05954356052420814, 0.0045969431808301625]
Timestep: 152, Trans probs: [0.3052198203180955, 0.030927526203630124, 0.3853950039427315, 0.039051572963921, 0.09607160591670373, 0.009734810492703527, 0.12130770833448873, 0.012291951827726015]
Timestep: 153, Trans probs: [0.2975631804345007, 0.029917268974156683, 0.39575121240223476, 0.0397891817495627, 0.0924172282866989, 0.009291710998860671, 0.12291248563720025, 0.012357731516785266]
Timestep: 154, Trans probs: [0.2899395234407421, 0.028925908871918725, 0.40603385090194083, 0.04050809641516225, 0.08886466783970924, 0.008865611881265693, 0.12444686003442873, 0.01241548061483251]
Timestep: 155, Trans probs: [0.31498159067671766, 0.031183645063368945, 0.3836168259684657, 0.03797863524543131, 0.0952785228278896, 0.009432715199779515, 0.11603993881570264, 0.011488126202644739]
Timestep: 156, Trans probs: [0.33150303747973003, 0.03256986047499765, 0.3697103954724548, 0.036323697327902575, 0.09896057531606263, 0.009722783100491914, 0.11036626908288974, 0.010843381745470617]
Timestep: 157, Trans probs: [0.30601771679885903, 0.02983922835743353, 0.3977598166853968, 0.03878483287060034, 0.09017219126683702, 0.008792525592463853, 0.1172052214610581, 0.011428466967351484]
Timestep: 158, Trans probs: [0.29788711140771607, 0.02882901808937706, 0.4084317330744378, 0.03952734230573224, 0.08664450846633454, 0.008385311100292338, 0.11879791168894176, 0.011497063867168065]
Timestep: 159, Trans probs: [0.2897971470243556, 0.027837726391991613, 0.41900122597613815, 0.040248986597692396, 0.08322732242468145, 0.007994762728984467, 0.12033365576135938, 0.011559173094796881]
Timestep: 160, Trans probs: [0.3228929232747169, 0.030788157204843094, 0.38835467066609286, 0.03702999907969481, 0.09156878702549716, 0.008731173732163842, 0.11013299941022599, 0.010501289606765546]
Timestep: 161, Trans probs: [0.30575664452778833, 0.028940885911028443, 0.4079289878342033, 0.038611838885607694, 0.08561769305572266, 0.008104000128984686, 0.11422789821251532, 0.01081205144414949]
Timestep: 162, Trans probs: [0.29675544484265215, 0.027884694557735186, 0.4193205829203569, 0.03940155633102325, 0.08206729519710737, 0.007711472525682588, 0.1159625093955547, 0.01089644422988792]
Timestep: 163, Trans probs: [0.2879895399427593, 0.026865699120948855, 0.43042454254505225, 0.04015304256045484, 0.07867394938540544, 0.0073392618817515595, 0.11758482159163268, 0.010969142971995218]
Timestep: 164, Trans probs: [0.27944878211783825, 0.025882172923021054, 0.44128908355273144, 0.04087160546198782, 0.07541057953669088, 0.0069844271461910815, 0.11908395263606496, 0.011029396625474636]
Timestep: 165, Trans probs: [0.31539532549233895, 0.02900370555036172, 0.40763246675470594, 0.037485818853102454, 0.0840833418412531, 0.007732291163945459, 0.10867345606414745, 0.009993594280144985]
Timestep: 166, Trans probs: [0.3322763874033636, 0.03034039300489188, 0.3930022928523204, 0.035885318575129985, 0.08752720538874673, 0.00799217130915389, 0.10352343322842213, 0.009452798237971375]
Timestep: 167, Trans probs: [0.2970288323843209, 0.026931684497088614, 0.4304766875907492, 0.03903143758968571, 0.07731341208357072, 0.007010027965682554, 0.1120484542625531, 0.01015946362634941]
Timestep: 168, Trans probs: [0.2882874849600093, 0.02595703677428062, 0.4414113957191274, 0.03974411803848274, 0.07415590465050709, 0.006676902898890231, 0.1135438167811397, 0.010223340177562905]
Timestep: 169, Trans probs: [0.3225639503816467, 0.02884251976556207, 0.40929480830180304, 0.03659768422484691, 0.08200693893681082, 0.007332768446069939, 0.10405692983312821, 0.009304400110132309]
Timestep: 170, Trans probs: [0.3045751560930993, 0.027047073813587477, 0.42940354981080614, 0.03813216303170598, 0.07654494520417911, 0.00679739217587927, 0.10791645521048736, 0.009583264660255358]
Timestep: 171, Trans probs: [0.29561378782123776, 0.026072246500941698, 0.44046397820544175, 0.038847597397933864, 0.07344322827736484, 0.006477471722767936, 0.10943026960183776, 0.00965142047247448]
Timestep: 172, Trans probs: [0.28700119274266306, 0.025141156830076252, 0.4511376929551035, 0.03951942980499336, 0.07049928232450789, 0.006175700861694716, 0.11081794914833872, 0.009707595332622613]
Timestep: 173, Trans probs: [0.31419040181055635, 0.02733748796864649, 0.42597631595560365, 0.03706390247842833, 0.0763177461053519, 0.006640353918918402, 0.10347086397500717, 0.009002927787487803]
Timestep: 174, Trans probs: [0.3035478467630886, 0.026235133828419934, 0.4386214991875783, 0.03790932419359065, 0.07291581449078034, 0.006301992162925397, 0.10536211739756107, 0.009106271976055513]
Timestep: 175, Trans probs: [0.2947943871445099, 0.025309246044380642, 0.4493599662591888, 0.038579302878562954, 0.07003078030104555, 0.006012415183638735, 0.1067490781558069, 0.009164824032866434]
Timestep: 176, Trans probs: [0.28633535159940265, 0.024420926692206222, 0.45977215648848696, 0.039212978998246516, 0.0672779707862346, 0.005737993521909414, 0.10802905592961035, 0.009213565983903342]
Timestep: 177, Trans probs: [0.27791536497196734, 0.02354732341508974, 0.4701201390818232, 0.03983252584837572, 0.06459154451130071, 0.005472738035341003, 0.10926270986213876, 0.009257654273963634]
Timestep: 178, Trans probs: [0.26954608018249093, 0.02268965758350369, 0.48039228003400375, 0.04043811853005086, 0.061971945397993555, 0.005216630195149094, 0.11044806931612262, 0.009297218760685537]
Timestep: 179, Trans probs: [0.26127259962916005, 0.021851120959710646, 0.4905382318898855, 0.04102538978676805, 0.059430308191403144, 0.0049703599030531355, 0.11158015935180443, 0.009331830288215003]
Timestep: 180, Trans probs: [0.3332054899672086, 0.027687996937251765, 0.48186790879107877, 0.040041228564632325, 0.04423503955823305, 0.003675748679675417, 0.06397087277677836, 0.005315714725141748]
Timestep: 181, Trans probs: [0.2765935767276848, 0.022836859253523144, 0.4693812496917748, 0.03875431115310119, 0.06590917575912099, 0.0054417697913810995, 0.11184833592295976, 0.009234721700454251]
Timestep: 182, Trans probs: [0.32230343257151006, 0.026442096315217888, 0.4967147321881429, 0.04075097396548027, 0.04138348520586944, 0.003395142561599022, 0.06377774697290776, 0.005232390219272812]
Timestep: 183, Trans probs: [0.3312830096789397, 0.027007063917060065, 0.4649609843368043, 0.03790484466768452, 0.05341273319240663, 0.0043543467584112126, 0.07496562237021745, 0.006111395078476184]
Timestep: 184, Trans probs: [0.325117074295874, 0.026338368659989047, 0.41543675324952034, 0.03365534211235251, 0.08100131185152751, 0.006562074348475233, 0.10350401336943113, 0.008385062112830131]
Timestep: 185, Trans probs: [0.34212005403211065, 0.027542984104311375, 0.40036281940406604, 0.03223192163347574, 0.08432648586229952, 0.006788853890043402, 0.09868228778865618, 0.007944593285037103]
Timestep: 186, Trans probs: [0.38603122344060337, 0.030885581072443956, 0.4148610015842427, 0.03319219358482005, 0.06026312616975983, 0.004821531409832757, 0.06476372729272481, 0.005181615445572563]
Timestep: 187, Trans probs: [0.28955394175762394, 0.023023896093154583, 0.44721329913494773, 0.03556018774345967, 0.07450396919916734, 0.005924186819757057, 0.11507066925753864, 0.009149849994351075]
Timestep: 188, Trans probs: [0.28027750650682126, 0.022149589287536884, 0.4584200715500699, 0.0362277245596596, 0.0713550807865534, 0.005639003117657275, 0.1167079072713127, 0.009223116920389051]
Timestep: 189, Trans probs: [0.34343231429294807, 0.026975070685099, 0.3971726575796298, 0.031196134045966002, 0.08651580428165116, 0.006795429080925165, 0.10005381112702148, 0.007858778906759295]
Timestep: 190, Trans probs: [0.298718100410051, 0.023321388267010325, 0.44378653960928494, 0.03464710770353055, 0.07445882081248555, 0.0058131163384075165, 0.11061874853382313, 0.008636178325407114]
Timestep: 191, Trans probs: [0.28880045373968, 0.02241121064940415, 0.4555720194324463, 0.03535285475236147, 0.0712385668653838, 0.005528185664905071, 0.1123762007576, 0.008720508138219294]
Timestep: 192, Trans probs: [0.33320441819138114, 0.025702519682516866, 0.4130184418111314, 0.03185916527612131, 0.08134002693412933, 0.006274357508819459, 0.10082378668194546, 0.007777283913955066]
Timestep: 193, Trans probs: [0.3074485071080937, 0.02357527696391988, 0.44058415262154516, 0.0337841725811829, 0.07428916273939483, 0.005696523308806284, 0.10645889330336804, 0.008163311373689301]
Timestep: 194, Trans probs: [0.29702631313882044, 0.022641842154066793, 0.4528094055611368, 0.034516938847099436, 0.07103854139095192, 0.00541515471821966, 0.1082965322474086, 0.008255271942296335]
Timestep: 195, Trans probs: [0.3231544360144384, 0.02448899335694546, 0.42845641800404316, 0.03246889166569529, 0.0765078566406866, 0.005797848286211359, 0.10143844104300281, 0.0076871149889770046]
Timestep: 196, Trans probs: [0.31588408698290965, 0.023797956082485635, 0.43747146396933606, 0.03295805998434553, 0.07404255996678274, 0.005578190427869316, 0.10254238323331015, 0.007725299352960931]
Timestep: 197, Trans probs: [0.3127308471286157, 0.023423679276280526, 0.44234776636551515, 0.033132044066198546, 0.07257917850127767, 0.005436212688832261, 0.10266092324905954, 0.007689348724220514]
Timestep: 198, Trans probs: [0.3345142359215966, 0.024910571907872235, 0.42227202391058977, 0.031445709888331744, 0.07687026162504758, 0.005724366780720534, 0.09703671015828871, 0.007226119807552702]
Timestep: 199, Trans probs: [0.32240294691379007, 0.0238710140885241, 0.43606525500142, 0.032286677107942766, 0.07336515920703003, 0.005432024631915421, 0.09922985246902202, 0.007347070580355406]
Timestep: 200, Trans probs: [0.3032826326470872, 0.022326751284541885, 0.4568441051744139, 0.03363148302628728, 0.06834856141184364, 0.005031614629493773, 0.10295557350455514, 0.007579278321777157]
Timestep: 201, Trans probs: [0.3413961983489264, 0.024989874399736902, 0.4203670202014186, 0.030770462844722388, 0.07620179736511472, 0.005577898507358723, 0.09382858581110008, 0.0068681625216220005]
Timestep: 202, Trans probs: [0.3289801997048022, 0.023945449757828727, 0.43439400703522646, 0.0316181942861532, 0.07273550972278485, 0.005294192462767794, 0.09604185768803573, 0.006990589342401163]
Timestep: 203, Trans probs: [0.317346512243507, 0.022968756789898834, 0.44762018826549343, 0.032397643717066577, 0.06950428269635325, 0.005030548323417332, 0.09803643306445785, 0.007095634899805963]
Timestep: 204, Trans probs: [0.31158521717175186, 0.022425797971699055, 0.4986717077664299, 0.035891019073628766, 0.04714680765345579, 0.0033933085563046697, 0.07545537397983995, 0.005430767826890015]
Timestep: 205, Trans probs: [0.3316283451889753, 0.023736273226051745, 0.42799780389786096, 0.030633909799479563, 0.07577932006226794, 0.005423898988059761, 0.09780039323551167, 0.007000055601792934]
Timestep: 206, Trans probs: [0.282389179243073, 0.02009995167314809, 0.4788429755365896, 0.03408317802088012, 0.06392414676398224, 0.004550005294633777, 0.10839518967104247, 0.007715373796650599]
Timestep: 207, Trans probs: [0.3205715163190671, 0.02298481597677931, 0.49308490820409373, 0.035353939133874676, 0.04705840160512109, 0.0033740636519263663, 0.07238256193852735, 0.005189793170610296]
Timestep: 208, Trans probs: [0.34365948109797656, 0.026374699262111837, 0.4078467225645829, 0.03130085228060996, 0.08104050612651742, 0.006219583904122975, 0.0961769036986122, 0.007381251065466165]
Timestep: 209, Trans probs: [0.28631680127019304, 0.021852315928924223, 0.46682749172626886, 0.03562928123062852, 0.06688780858391355, 0.00510502184463058, 0.10905775619792744, 0.008323523217513687]
Timestep: 210, Trans probs: [0.3605114267251843, 0.027363919072154887, 0.3942410167893375, 0.029924098041339196, 0.083446041165482, 0.006333809549633458, 0.09125328540890432, 0.006926403247964161]
Timestep: 211, Trans probs: [0.2987405402832173, 0.022551256088669185, 0.5150747941831312, 0.03888184568934084, 0.042580309788901746, 0.003214292474245536, 0.07341502522550214, 0.005541936266992203]
Timestep: 212, Trans probs: [0.293044930030896, 0.022001156398386304, 0.456608068383647, 0.03428111014995051, 0.07056359136119522, 0.005297756249889044, 0.109948686524798, 0.008254700901237883]
Timestep: 213, Trans probs: [0.33725049470664326, 0.025183369445869228, 0.4800605307568717, 0.03584736536249245, 0.046712229099466956, 0.0034881233430813026, 0.06649270452170213, 0.00496518276387293]
Timestep: 214, Trans probs: [0.3463607731820965, 0.025725303760526442, 0.4514618927805614, 0.03353149440504394, 0.05775668345816336, 0.004289770497136154, 0.07528260603876603, 0.005591475877706018]
Timestep: 215, Trans probs: [0.3702753710212217, 0.027354353023688226, 0.3745979044900806, 0.02767368321877457, 0.09262594640430108, 0.006842806828087036, 0.09370724639007404, 0.006922688623772678]
Timestep: 216, Trans probs: [0.3575472659248769, 0.026273876869500806, 0.3889726133643606, 0.028583125989531152, 0.08861891866281885, 0.006512041285597229, 0.09640776387042156, 0.007084394032892888]
Timestep: 217, Trans probs: [0.34563550743891147, 0.02526423849053321, 0.4025197189768212, 0.02942219175548732, 0.08487965650521839, 0.006204281211823662, 0.09884903242867245, 0.007225373192532366]
Timestep: 218, Trans probs: [0.33407800539150134, 0.02429097449396285, 0.4156818415345742, 0.030224429167334574, 0.08129969664212423, 0.005911340542118178, 0.10115843327308179, 0.007355278955302883]
Timestep: 219, Trans probs: [0.32277754116385604, 0.023345853917640085, 0.42857153944021154, 0.03099772219886309, 0.07784363673996744, 0.0056302745389170865, 0.10335777115402418, 0.007475660846520268]
Timestep: 220, Trans probs: [0.31513689077257606, 0.022674044511444072, 0.4377874842216529, 0.03149873338998716, 0.07532030467402503, 0.005419282828511649, 0.1046348036664685, 0.007528455935334684]
Timestep: 221, Trans probs: [0.34046888437324696, 0.02436981254007944, 0.41401802299888396, 0.029634254617042197, 0.08064760931610619, 0.005772530798099284, 0.09806935464926826, 0.007019530707273729]
Timestep: 222, Trans probs: [0.3287406042873084, 0.02340907069580396, 0.4272854386662883, 0.030426284160155113, 0.07718145247012939, 0.005495962633502542, 0.10031772876702019, 0.007143458319792122]
Timestep: 223, Trans probs: [0.30546215649479747, 0.021640135492232978, 0.45207881947778733, 0.03202703411423952, 0.07108997523552706, 0.005036292265757293, 0.10521195964165064, 0.007453627278007662]
Timestep: 224, Trans probs: [0.34578504386195236, 0.024372304786012787, 0.41325471224581234, 0.029127835283506303, 0.07977565228201561, 0.0056229051731239415, 0.09534149846338645, 0.006720047904190186]
Timestep: 225, Trans probs: [0.3341733726915624, 0.023433881470885404, 0.4263566262324405, 0.029898224873468115, 0.07642858374352034, 0.00535954842244831, 0.09751175819351462, 0.0068380043721603095]
Timestep: 226, Trans probs: [0.312235814465181, 0.021784270807619785, 0.4920973850326149, 0.03433296951419218, 0.050639024125918676, 0.0035330162777198653, 0.07980933063573, 0.0055681891410233695]
Timestep: 227, Trans probs: [0.31136722362579566, 0.021614688543592418, 0.44427103065615864, 0.030840689796285008, 0.07394360058596743, 0.005133064032386076, 0.10550564462184933, 0.00732405813796546]
Timestep: 228, Trans probs: [0.32954500177443496, 0.02276198949454991, 0.42759190147229487, 0.029534182939691116, 0.07758563283323891, 0.005358914108753421, 0.10066906823488515, 0.006953309142151721]
Timestep: 229, Trans probs: [0.3695217267164643, 0.025395452843492896, 0.43860390739592947, 0.030143139203805753, 0.058331732445035464, 0.0040088597056264505, 0.06923686464367924, 0.00475831704596631]
Timestep: 230, Trans probs: [0.3784166070665647, 0.02532139938415332, 0.4127930922542051, 0.027621670288243312, 0.06986316049009195, 0.0046748291591167945, 0.07620973687416414, 0.005099504483460737]
Timestep: 231, Trans probs: [0.3433409229080133, 0.02532113102889087, 0.40518020944315974, 0.029881731215513782, 0.0838466753430225, 0.006183628315306757, 0.09894833738097802, 0.007297364365115035]
Timestep: 232, Trans probs: [0.36318799066257373, 0.02665203660391139, 0.42645651488221453, 0.03129490769747667, 0.06530617445493223, 0.0047924011717979925, 0.07668272155016016, 0.00562725297693336]
Timestep: 233, Trans probs: [0.3547450521077604, 0.025904009112034262, 0.3890199346755912, 0.028406811801108246, 0.08975539344724243, 0.006554071764770714, 0.09842741170924538, 0.007187315382247338]
Timestep: 234, Trans probs: [0.34378181413685754, 0.02497980274140179, 0.40153772558141376, 0.02917645077718341, 0.08622722058948477, 0.00626542438456968, 0.10071353578035738, 0.007318026008731549]
Timestep: 235, Trans probs: [0.33314992046054714, 0.024088835705953906, 0.4137090686753348, 0.029913769067111413, 0.08283946271672146, 0.005989814449284591, 0.1028709144601417, 0.0074382144649049985]
Timestep: 236, Trans probs: [0.33082417456323604, 0.02380396873016953, 0.4175488954088884, 0.030044118942493227, 0.08156107782089586, 0.005868607844667715, 0.10294210813775882, 0.007407048551890361]
Timestep: 237, Trans probs: [0.3479051348491705, 0.024911266083893095, 0.4019703598394908, 0.028782531755793324, 0.08504462826898312, 0.006089503004124649, 0.09826075100190601, 0.007035825196638317]
Timestep: 238, Trans probs: [0.33743904572941, 0.024044556474019596, 0.4139315128967749, 0.029495103676306485, 0.08178664908451361, 0.005827789426331983, 0.10032647916346255, 0.007148863549181075]
Timestep: 239, Trans probs: [0.31961893973541244, 0.022665301771316225, 0.43321873514546944, 0.030721062316233175, 0.07682041742437519, 0.005447605653667806, 0.10412413012033878, 0.007383807833187041]
Timestep: 240, Trans probs: [0.33750108654296623, 0.023819108038563803, 0.4167877232960404, 0.029414755110933787, 0.08044518027073462, 0.005677411174219827, 0.09934357213072442, 0.007011163435817081]
Timestep: 241, Trans probs: [0.3525946880048802, 0.02476520708163369, 0.4031343931640932, 0.028314966356779936, 0.08334825651055691, 0.0058541347972562085, 0.0952951078185372, 0.00669324626626258]
Timestep: 242, Trans probs: [0.3416962366786848, 0.023885501359263706, 0.4535934537308035, 0.03170742282955929, 0.0598823486823457, 0.00418593992942649, 0.07949236321815133, 0.00555673357176509]
Timestep: 243, Trans probs: [0.3402355454327179, 0.023670202798181463, 0.41087036955083633, 0.028584270813512832, 0.0832799157012968, 0.005793787627797901, 0.10056929735791176, 0.0069966107177450495]
Timestep: 244, Trans probs: [0.37893702529566176, 0.02623865667858462, 0.41979311692793947, 0.029067646431517064, 0.06476420943044804, 0.004484454521116264, 0.07174693293950045, 0.0049679577752323135]
Timestep: 245, Trans probs: [0.3607056908822197, 0.02485838073523682, 0.38579887944095675, 0.026587702037400178, 0.09133440643806928, 0.006294398749050364, 0.09768826095321514, 0.006732280763851659]
Timestep: 246, Trans probs: [0.3503946627205759, 0.02403522000910357, 0.39758959738070565, 0.02727254282978841, 0.08798662054515573, 0.006035416653440213, 0.09983760815824531, 0.006848331702985125]
Timestep: 247, Trans probs: [0.36623997186499907, 0.025005977117163534, 0.4360422351502543, 0.02977190637810374, 0.061081257906466256, 0.004170480162825258, 0.07272283275825048, 0.004965338661937336]
Timestep: 248, Trans probs: [0.35445265913782636, 0.024088714002724068, 0.388995941923671, 0.026436286346425614, 0.09197611192971666, 0.006250725444539456, 0.10093966957845554, 0.006859891636641408]
Timestep: 249, Trans probs: [0.36977739986687513, 0.02501387048007012, 0.3751559291778511, 0.02537770514277922, 0.09516139143305556, 0.0064372639346446416, 0.09654554398883698, 0.006530895975887398]
Timestep: 250, Trans probs: [0.38458859386780897, 0.025895613051179416, 0.361815023726539, 0.024362193782965433, 0.09816177168893211, 0.006609554460547855, 0.09234908241942763, 0.006218167002599561]
Timestep: 251, Trans probs: [0.3622604891147766, 0.024280097964492858, 0.38560454616122625, 0.02584470688268191, 0.09170580331177633, 0.006146477342211535, 0.09761532303122418, 0.006542556191610525]
Timestep: 252, Trans probs: [0.35228060266435407, 0.02350317348259138, 0.39703372681326193, 0.02648897637041573, 0.08845222232083867, 0.0059012841195464705, 0.0996890410864262, 0.006650973142565635]
Timestep: 253, Trans probs: [0.37252784299640945, 0.024740847293676642, 0.3782221239055323, 0.025119023950988306, 0.0927772597472726, 0.00616165491757664, 0.09419540818613899, 0.0062558390024051586]
Timestep: 254, Trans probs: [0.365502376416961, 0.02416536716100119, 0.386660740869034, 0.02556426270450742, 0.09029720241113598, 0.005970043399627772, 0.09552436710523882, 0.0063156399324938595]
Timestep: 255, Trans probs: [0.35539187323544347, 0.02339211599805425, 0.3981813408210349, 0.026208545592081647, 0.08709248041628209, 0.005732481685382444, 0.09757848515745522, 0.006422677094266109]
Timestep: 256, Trans probs: [0.34533696837724515, 0.022629069965971405, 0.40962128224769023, 0.026841460672719208, 0.08395767699182942, 0.00550153710955471, 0.09958635898593425, 0.006525645649055688]
Timestep: 257, Trans probs: [0.3357050243590992, 0.02189962846068389, 0.42062603290054923, 0.027439427988900006, 0.08097299142771416, 0.00528225167616267, 0.10145617636004385, 0.006618466826847054]
Timestep: 258, Trans probs: [0.32623653461414315, 0.021187334677760555, 0.43146501520813035, 0.028021367042081725, 0.0780668361642806, 0.005070027448038029, 0.10324750626937201, 0.006705378576193749]
Timestep: 259, Trans probs: [0.3625176867614516, 0.0234395513654287, 0.3965411552012029, 0.025639429785839045, 0.086066300267637, 0.0055648470119560615, 0.09414390353450604, 0.0060871260719786435]
Timestep: 260, Trans probs: [0.3413220513658487, 0.021972535772991072, 0.4190787238509139, 0.02697810532506072, 0.08040087947175455, 0.005175789824606188, 0.09871702642909098, 0.006354887959733897]
Timestep: 261, Trans probs: [0.33130541261714763, 0.021233423010863867, 0.4304236276516345, 0.02758592709850791, 0.07743688648553777, 0.004962943872250424, 0.10060404788396711, 0.006447731380090692]
Timestep: 262, Trans probs: [0.3508361752229816, 0.022387041329115717, 0.41220636303529556, 0.02630310537255895, 0.08137036484050088, 0.0051922858852617845, 0.09560411530663848, 0.006100549007647088]
Timestep: 263, Trans probs: [0.34560556571115447, 0.021958001215236545, 0.41873274364415897, 0.0266041262237144, 0.07954559680276509, 0.0050539183524655204, 0.09637676385649374, 0.006123284194011327]
Timestep: 264, Trans probs: [0.33924744977235816, 0.02146103278359492, 0.42637314138872306, 0.026972665443845915, 0.0774906648651611, 0.004902114076936217, 0.097391854320585, 0.006161077348795678]
Timestep: 265, Trans probs: [0.3593463271927529, 0.02263429258033652, 0.40754336180070905, 0.02567009871015936, 0.08146443908217064, 0.005131233602645926, 0.09239079088443916, 0.0058194561467866815]
Timestep: 266, Trans probs: [0.3493926000361387, 0.021911990591181242, 0.4187650687830034, 0.02626265194551756, 0.07861030414369813, 0.004930007803795631, 0.0942185078286822, 0.005908868867983128]
Timestep: 267, Trans probs: [0.32874342866768524, 0.020528286667511633, 0.44067111840008677, 0.027517578317145432, 0.0734086802549922, 0.00458398343737391, 0.09840222619610836, 0.006144698059096442]
Timestep: 268, Trans probs: [0.3629805161260275, 0.022569246588799698, 0.4466331548792537, 0.027770564422536632, 0.059112682769832496, 0.003675482993402954, 0.07273581590726504, 0.004522536312881985]
Timestep: 269, Trans probs: [0.36026583746523666, 0.022305592069324486, 0.4048040230029072, 0.025063140786962826, 0.08317178406755985, 0.005149519310911476, 0.09345397006766176, 0.005786133229435803]
Timestep: 270, Trans probs: [0.3504413892248777, 0.021605986600761615, 0.4158882681239198, 0.02564102478983517, 0.08030030075975905, 0.004950805685623954, 0.09529682862710015, 0.005875396188122505]
Timestep: 271, Trans probs: [0.35097977515083006, 0.022013306796139956, 0.460839811989072, 0.028903683013733063, 0.05584170956206699, 0.00350236900141172, 0.07332070038700193, 0.004598644099744259]
Timestep: 272, Trans probs: [0.34314929829626717, 0.022628258911079047, 0.4154547137900022, 0.027396287493940297, 0.08121030994772478, 0.005355243122658266, 0.09832223537580927, 0.006483653062519085]
Timestep: 273, Trans probs: [0.383545625987655, 0.02518441829417935, 0.4285448740298441, 0.02813916424571967, 0.05964756178002446, 0.003916585262125741, 0.06664567424901532, 0.004376096151436341]
Timestep: 274, Trans probs: [0.3571832674794159, 0.02335510866869149, 0.397212636328293, 0.025972505239370808, 0.08722735334520727, 0.0057035267375089675, 0.09700288377642449, 0.00634271842508805]
Timestep: 275, Trans probs: [0.37356415727405645, 0.022072025337813213, 0.44600120152677175, 0.02635196559709586, 0.056814576506247993, 0.0033568872917405087, 0.06783137218229338, 0.004007814283980811]
Timestep: 276, Trans probs: [0.3546908174011931, 0.024702352452483273, 0.39215522280465015, 0.027311551510636845, 0.08930542998879241, 0.006219654130511186, 0.09873836332026273, 0.00687660839147022]
Timestep: 277, Trans probs: [0.3657484509327969, 0.02536551176953449, 0.3824183390284713, 0.026521607555064813, 0.09140630662506062, 0.0063392414666266625, 0.09557237458459009, 0.006628168037855099]
Timestep: 278, Trans probs: [0.35584192514094254, 0.024574462063818314, 0.3936493032610623, 0.02718544158506871, 0.08826593431396428, 0.00609565006559263, 0.09764398484134924, 0.00674329872820177]
Timestep: 279, Trans probs: [0.34424626280418547, 0.02367423641251934, 0.4065464221824453, 0.02795869454909907, 0.0847608077108552, 0.005829104385671433, 0.10010044215278385, 0.006884029802440337]
Timestep: 280, Trans probs: [0.3887556691287293, 0.0266234840539006, 0.4259261641979425, 0.02916906257875832, 0.05784641139073673, 0.003961544830171175, 0.0633773397349844, 0.004340324084776938]
Timestep: 281, Trans probs: [0.3662333769563158, 0.02497687792503497, 0.38047565609284406, 0.02594819209176579, 0.09291622001876484, 0.00633682572558426, 0.0965295956013409, 0.006583255588349252]
Timestep: 282, Trans probs: [0.3561372688471485, 0.024187637747642817, 0.39188545199263924, 0.026615533336494055, 0.08968862694275018, 0.006091347938948198, 0.09869135073067563, 0.00670278246370131]
Timestep: 283, Trans probs: [0.3465945494667691, 0.023442479390614977, 0.40273326359673206, 0.027239511545425192, 0.08664332803675179, 0.005860260742590206, 0.10067714660489453, 0.006809460616221973]
Timestep: 284, Trans probs: [0.33714300946599723, 0.02270981664741474, 0.41347823549807505, 0.02785172657363045, 0.08366359601502135, 0.005635545961857285, 0.10260653516294758, 0.006911534675056236]
Timestep: 285, Trans probs: [0.3276458329474168, 0.021980262343029362, 0.4242585282126071, 0.028461566770108228, 0.08071384635244835, 0.005414723274769992, 0.10451388119855601, 0.007011358901064201]
Timestep: 286, Trans probs: [0.31810949543106654, 0.021253956054063435, 0.43506785484060306, 0.02906833401746603, 0.07779546763175736, 0.005197774583905766, 0.10639829274195509, 0.00710882469918263]
Timestep: 287, Trans probs: [0.3085490614346742, 0.020531181835876884, 0.4458909266983, 0.029670055233497018, 0.07491260044709364, 0.004984763895978679, 0.10825782026177412, 0.007203590192805502]
Timestep: 288, Trans probs: [0.29928560073562094, 0.019834398534990305, 0.45640121667083433, 0.030246839811382775, 0.07214337140946947, 0.004781120029417222, 0.11001639372254257, 0.007291059085742378]
Timestep: 289, Trans probs: [0.37754194766450866, 0.024920023343061672, 0.4412800672966531, 0.029127119902534162, 0.054987881250674255, 0.0036295285671672727, 0.0642711520902581, 0.004242279885142583]
Timestep: 290, Trans probs: [0.3852140310773618, 0.025324044096405242, 0.41893440830029316, 0.027540828145918322, 0.06427027197180192, 0.004225139974652184, 0.06989628151524536, 0.004594994918322046]
Timestep: 291, Trans probs: [0.3762822067659274, 0.021008060321747683, 0.3824777279134714, 0.021353959967417704, 0.09341183224052148, 0.0052152383800985695, 0.09494986665105368, 0.005301107759762019]
Timestep: 292, Trans probs: [0.31151388739618885, 0.021738472833571203, 0.43840842684551035, 0.030593594900855812, 0.0767842564280465, 0.005358260225118538, 0.108062164895747, 0.007540936474961879]
Timestep: 293, Trans probs: [0.30221720120234885, 0.021005298524117484, 0.44895310569662483, 0.031204028000289687, 0.07396510244223516, 0.005140869053730108, 0.10987747329569407, 0.007636921784959814]
Timestep: 294, Trans probs: [0.29312580935161114, 0.020291867278159542, 0.4592841575630824, 0.031794311080441735, 0.07123368581046145, 0.004931208553069213, 0.11161249652474953, 0.007726463838424918]
Timestep: 295, Trans probs: [0.38562130523628724, 0.026588378514004276, 0.4184947598649598, 0.02885498526747326, 0.06300538918265115, 0.004344187194180061, 0.06837647416818798, 0.00471452057225634]
Timestep: 296, Trans probs: [0.3070803312880703, 0.021088877078278393, 0.44142665416138444, 0.030315170006613823, 0.07681277531798808, 0.005275151195544507, 0.1104180338195008, 0.00758300713261964]
Timestep: 297, Trans probs: [0.2976109103523827, 0.020357993702122493, 0.45213486652286805, 0.03092816306459999, 0.07392347904363607, 0.0050567155586716496, 0.11230563520243884, 0.0076822365532803515]
Timestep: 298, Trans probs: [0.2884350272995008, 0.019652894789997696, 0.46254789028723814, 0.03151630059726182, 0.07114144533499858, 0.004847314674182496, 0.11408574665766821, 0.0077733803591522556]
Timestep: 299, Trans probs: [0.3485727410180471, 0.023657734256545503, 0.4036292251459174, 0.027394433996154332, 0.08537801763094006, 0.005794631119358988, 0.09886333337547648, 0.006709883457559851]
Timestep: 300, Trans probs: [0.30602644707626453, 0.020689101771426, 0.4473920115114633, 0.03024620566724073, 0.07443605586951316, 0.005032294267573952, 0.10882097636529425, 0.007356907471224031]
Timestep: 301, Trans probs: [0.29587844330839197, 0.01992500686678021, 0.4587462161326147, 0.03089282681207257, 0.07147049325232384, 0.004812956472602649, 0.11081178465732855, 0.007462272497885681]
Timestep: 302, Trans probs: [0.2860503176909874, 0.019188966419592644, 0.46976844311123744, 0.03151323498820176, 0.06862157689580138, 0.004603305968481765, 0.11269433854292252, 0.007559816382775089]
Timestep: 303, Trans probs: [0.3390194247562901, 0.022654609300364406, 0.41797903134926123, 0.027931000289347255, 0.0807751689674264, 0.0053977139966048865, 0.0995881781887525, 0.006654873151953221]
Timestep: 304, Trans probs: [0.30341114852998224, 0.02019679117362572, 0.4547605360482103, 0.03027147692189757, 0.0718005232737332, 0.004779455803593663, 0.10761649534205668, 0.00716357290690063]
Timestep: 305, Trans probs: [0.2935158388101835, 0.019463200846672774, 0.46582400239912497, 0.030889052374984103, 0.06898719268657366, 0.004574579663400137, 0.10948605138928004, 0.007260081829780837]
Timestep: 306, Trans probs: [0.28383388160351913, 0.018749717858218207, 0.4766622836723382, 0.03148772543298616, 0.06626124039985236, 0.004377136215782202, 0.11127718082675801, 0.00735083399054559]
Timestep: 307, Trans probs: [0.27442658831233435, 0.01805889002081366, 0.4872164758251193, 0.03206172115961399, 0.0636355800950789, 0.004187596943193341, 0.11297849549375438, 0.007434652150091975]
Timestep: 308, Trans probs: [0.2656083596979376, 0.017412004886708875, 0.497173293849375, 0.032592286748396655, 0.06117922966955024, 0.004010615656761517, 0.11451702485783576, 0.007507184633434113]
Timestep: 309, Trans probs: [0.3546836688464376, 0.01875919038705015, 0.46403175538383395, 0.024542601787090588, 0.05677408640103885, 0.003002776810423252, 0.07427739500572757, 0.003928525378398082]
Timestep: 310, Trans probs: [0.3466508637894997, 0.03667998255669805, 0.4194397905344988, 0.04438195835488503, 0.06254444026679111, 0.006617981426399756, 0.0756773735908832, 0.008007609480344237]
Timestep: 311, Trans probs: [0.33833542040336356, 0.05370023980638535, 0.3803761309673236, 0.060372896887999745, 0.06793456180472274, 0.010782501742519447, 0.07637594002848912, 0.012122308359196544]
Timestep: 312, Trans probs: [0.2802421239110382, 0.01944362924065798, 0.4756333892281469, 0.033000175510964264, 0.06645517467918927, 0.004610762149360173, 0.11278925353293873, 0.007825491747704581]
Timestep: 313, Trans probs: [0.27128294625246135, 0.018750549435123814, 0.48574686319934096, 0.03357387811211495, 0.06390149320675007, 0.004416746883294087, 0.11441909750584339, 0.007908425405071341]
Timestep: 314, Trans probs: [0.2624332289654943, 0.018070436812565042, 0.49574974769950025, 0.03413597632419775, 0.061402734668842524, 0.0042280249392423795, 0.11599289594588821, 0.007986954644269533]
Timestep: 315, Trans probs: [0.253909686233279, 0.017417959442083346, 0.5054131324015808, 0.03467085313783206, 0.05901371351284909, 0.004048283796267433, 0.11746816848009373, 0.008058202996014403]
Timestep: 316, Trans probs: [0.3464748910952709, 0.023678551232970427, 0.413980833994668, 0.028291996445177228, 0.07999444244162575, 0.0054669257495663665, 0.09558027680515721, 0.006532082235564057]
Timestep: 317, Trans probs: [0.34406647438235144, 0.05187135150464008, 0.38203188132036614, 0.0575950040977434, 0.0677106982616926, 0.010208043188345688, 0.07518211557480627, 0.011334431670054304]
Timestep: 318, Trans probs: [0.27094237821753375, 0.01953929110826745, 0.48272931157800764, 0.0348125258494754, 0.0643725921429278, 0.004642296364079968, 0.11469057477859122, 0.008271029961116614]
Timestep: 319, Trans probs: [0.2618086762651883, 0.018809767844428324, 0.49301439741970626, 0.03542085194316556, 0.06178996542878352, 0.004439329213266454, 0.11635726900662226, 0.008359742878839331]
Timestep: 320, Trans probs: [0.2526948553999517, 0.01808729938708004, 0.503264591934905, 0.03602248779792544, 0.05924743870498, 0.0042407913690151525, 0.11799661697052405, 0.008445918435618796]
Timestep: 321, Trans probs: [0.3468814039314763, 0.024736931736804427, 0.4102105239583307, 0.029253080775931514, 0.08079598185684214, 0.005761752187198856, 0.09554666717668787, 0.0068136583767280795]
Timestep: 322, Trans probs: [0.2724989084938169, 0.019360492657060285, 0.4857154443269674, 0.03450909343193351, 0.06305619294021271, 0.004480014129777203, 0.11239445670006178, 0.007985397320170185]
Timestep: 323, Trans probs: [0.3365854406974956, 0.023825817204512174, 0.42273927001360095, 0.02992437388747669, 0.07738065264898372, 0.0054775312959466785, 0.09718733093808118, 0.006879583313902924]
Timestep: 324, Trans probs: [0.2918488882765938, 0.0205834223507385, 0.46857080562590175, 0.033047207581901356, 0.06666566510094425, 0.004701774089902107, 0.10703341920676167, 0.007548817767256545]
Timestep: 325, Trans probs: [0.32650491812788895, 0.02294353274060518, 0.4350019865570218, 0.030567632420440482, 0.07410573114225598, 0.005207417022927856, 0.09873094851672437, 0.006937833472135318]
Timestep: 326, Trans probs: [0.34110148363766346, 0.02388117793684606, 0.42149052899759054, 0.029509371270806772, 0.07692397375358452, 0.005385596935045954, 0.09505302071461023, 0.006654846753852339]
Timestep: 327, Trans probs: [0.3640872398092136, 0.025397709207879985, 0.41951227287393744, 0.02926400475109272, 0.07024901270679627, 0.004900374970028619, 0.08094302619125307, 0.0056463594897984]
Timestep: 328, Trans probs: [0.3654550846546758, 0.02540064764549899, 0.3935005457738905, 0.027349923783270738, 0.08477565624448943, 0.0058922605365224635, 0.09128144169089346, 0.006344439670758541]
Timestep: 329, Trans probs: [0.39164988776687537, 0.0271229561126777, 0.3947579818374533, 0.027338201161134185, 0.07411811562948897, 0.005132906864432979, 0.07470630953150675, 0.005173641096430689]
Timestep: 330, Trans probs: [0.30800695041336557, 0.02125368868617235, 0.4473386525317004, 0.03086812309086131, 0.07344119820247698, 0.005067730975681232, 0.10666345873078054, 0.007360197368961803]
Timestep: 331, Trans probs: [0.29693414779412913, 0.020415450552987397, 0.4595171975882454, 0.03159370754526484, 0.07034928351235104, 0.004836804152213073, 0.10886826541199734, 0.007485143442811814]
Timestep: 332, Trans probs: [0.28623517959118155, 0.01960944020532399, 0.4713138445998603, 0.032288835589051615, 0.06738287509420467, 0.0046162755462478096, 0.11095240622134976, 0.007601143152780392]
Timestep: 333, Trans probs: [0.2759513344739792, 0.01883764038636285, 0.48268688896017375, 0.032950310063825414, 0.0645501737033236, 0.004406476096295616, 0.11290948306551522, 0.0077076932505244404]
Timestep: 334, Trans probs: [0.26626003292375783, 0.018111544257463155, 0.4934527599057104, 0.03356565159953515, 0.06189293499096558, 0.004210082223020489, 0.114704558752541, 0.0078024353470064495]
Timestep: 335, Trans probs: [0.2571197845470964, 0.017427420808755145, 0.50367028199728, 0.034138461840625765, 0.05939145021677929, 0.004025515956281682, 0.11634152747756901, 0.007885557155612673]
Timestep: 336, Trans probs: [0.24810563243103098, 0.016757253889344268, 0.51374891253768, 0.03469901460282883, 0.0569507228081995, 0.003846497606393348, 0.11792707656115246, 0.007964889563370561]
Timestep: 337, Trans probs: [0.23939874528559282, 0.016112390007608994, 0.5235068487628666, 0.03523387939589717, 0.05461193621371391, 0.0036755782253424297, 0.11942302620664816, 0.008037595902330002]
Timestep: 338, Trans probs: [0.23054758230798897, 0.015462239817603274, 0.5334027777722622, 0.03577396729440639, 0.052268145510075706, 0.0035054915458559077, 0.12092937052288956, 0.008110425228917825]
Timestep: 339, Trans probs: [0.3441556257659706, 0.04940323269767571, 0.36951409379688693, 0.05304341813471355, 0.0775435806833441, 0.011131311749398203, 0.08325723539227084, 0.011951501779739963]
Timestep: 340, Trans probs: [0.2532502135127497, 0.01788468368605104, 0.5098949521287582, 0.0360090907938282, 0.05671079455759324, 0.00400495070933521, 0.11418173147827207, 0.008063583133412463]
Timestep: 341, Trans probs: [0.24357458955216713, 0.017140832857470957, 0.5206025307437937, 0.03663584522943255, 0.05421067660067222, 0.003814914143593461, 0.11586682947319048, 0.008153781399679578]
Timestep: 342, Trans probs: [0.23412564332875768, 0.01641804091051449, 0.5310819735942296, 0.037242078421385126, 0.05178822647338824, 0.003631644995542613, 0.11747450272164892, 0.008237889554533367]
Timestep: 343, Trans probs: [0.22552269682799234, 0.015759579687210434, 0.5407023423950152, 0.0377844082741472, 0.049582472249434316, 0.0034648349522879212, 0.11887654441917503, 0.008307121194737612]
Timestep: 344, Trans probs: [0.3582542309722806, 0.02494805021580855, 0.4089822199112147, 0.028480637708106528, 0.07828707440459359, 0.005451742630349174, 0.08937234709957263, 0.006223697058074178]
Timestep: 345, Trans probs: [0.24852980213553028, 0.017246765630927075, 0.5197057413548836, 0.03606506359067141, 0.05398446592804819, 0.003746260704235718, 0.11288801844168368, 0.007833882214020206]
Timestep: 346, Trans probs: [0.3478471537557388, 0.02405521835269637, 0.4213847712107135, 0.029140680245705423, 0.07510443395681947, 0.005193814405494901, 0.09098210055220952, 0.006291827520621963]
Timestep: 347, Trans probs: [0.36146945527385976, 0.024911393444264063, 0.408752253776781, 0.028169982460477715, 0.07757840192377116, 0.005346471368199375, 0.08772621356545256, 0.006045828187194448]
Timestep: 348, Trans probs: [0.27057206888206325, 0.01858302684500996, 0.5006270580854637, 0.03438332011940075, 0.05772616422786681, 0.003964662220820294, 0.10680806740828779, 0.007335632211087485]
Timestep: 349, Trans probs: [0.35921078851856897, 0.024586042952764182, 0.43014652212738835, 0.029441211698070718, 0.06670498383394081, 0.004565596719598334, 0.07987765880603573, 0.005467195343632939]
Timestep: 350, Trans probs: [0.28889399116878445, 0.019705336168639908, 0.4788624429525365, 0.03266300340391253, 0.06336215379266434, 0.004321905539821501, 0.10502729957495933, 0.007163867398681462]
Timestep: 351, Trans probs: [0.34925378285858294, 0.02374153950388387, 0.4427353411842533, 0.030096219735857726, 0.06366024217590216, 0.0043274897184377124, 0.08069959560332818, 0.005485789219753858]
Timestep: 352, Trans probs: [0.3503431004666712, 0.023734245827500465, 0.41398563584367437, 0.02804575525272143, 0.07894172937948514, 0.005347964348791157, 0.09328210542246544, 0.006319463458690915]
Timestep: 353, Trans probs: [0.30650279666372865, 0.020693912683140452, 0.4588254594739968, 0.030978164305540602, 0.06865347223378532, 0.004635223480061925, 0.10277218115145346, 0.00693879000829277]
Timestep: 354, Trans probs: [0.2952729820309833, 0.01986786268596643, 0.47104413062083916, 0.03169487449150785, 0.06574946165999529, 0.00442404607069647, 0.10488903452457046, 0.007057607915441076]
Timestep: 355, Trans probs: [0.34071169914196536, 0.022848135679692905, 0.42659341667483475, 0.028607365960125537, 0.0754193309512325, 0.005057622355748387, 0.09442995398995853, 0.006332475246442121]
Timestep: 356, Trans probs: [0.31387482867474337, 0.02097800572167752, 0.4544043207184591, 0.030370375605572972, 0.06907329948152696, 0.004616553923284438, 0.09999911704678723, 0.00668349882794856]
Timestep: 357, Trans probs: [0.3418604172900029, 0.022771627228939446, 0.45336862665306665, 0.030199288485282496, 0.06118182929077847, 0.00407537620423702, 0.0811381503058083, 0.005404684541884683]
Timestep: 358, Trans probs: [0.33021327552356333, 0.02192248565988798, 0.4346877753616921, 0.028858429470426612, 0.07461763809413474, 0.0049537805483433756, 0.09822553334494499, 0.006521081997006952]
Timestep: 359, Trans probs: [0.3319445473864411, 0.021964314399379414, 0.46578070391845233, 0.030820068901806663, 0.05834444391955848, 0.003860571652090611, 0.08186824086296968, 0.005417108959301547]
Timestep: 360, Trans probs: [0.3456785951784952, 0.02279656518254564, 0.4158508001917382, 0.027424231656257538, 0.08016496913011459, 0.005286662146922266, 0.0964383303597099, 0.006359846154216736]
Timestep: 361, Trans probs: [0.33281693891129693, 0.02187561040780461, 0.4297079560528088, 0.02824412683589585, 0.07673100581220964, 0.005043425959140429, 0.09906924744064348, 0.006511688580200294]
Timestep: 362, Trans probs: [0.307336738984774, 0.020134310706537695, 0.4561805939790915, 0.02988540142583794, 0.0704416803721665, 0.004614790551851607, 0.10455674026869989, 0.006849743711040871]
Timestep: 363, Trans probs: [0.3175072440447744, 0.043497557916032235, 0.4324900907113671, 0.05924986948069396, 0.054828369302395326, 0.007511325218256216, 0.07468404849939538, 0.010231494827085272]
Timestep: 364, Trans probs: [0.34725836426690326, 0.02390969015993247, 0.41023574639817134, 0.028245855530696445, 0.08164117461506253, 0.005621218637771292, 0.09644729011996245, 0.006640660271500343]
Timestep: 365, Trans probs: [0.3271279001607497, 0.02244919001816109, 0.4728952672644814, 0.032452492460266116, 0.05551146305066447, 0.0038094805780800782, 0.08024723095366258, 0.005506975513934412]
Timestep: 366, Trans probs: [0.36131007153158706, 0.02471281789642336, 0.39288498085669676, 0.026872472569042412, 0.08708765216066913, 0.005956604751565928, 0.09469824742764725, 0.006477152806368129]
Timestep: 367, Trans probs: [0.3478950976626078, 0.023716628201902533, 0.40731715146871816, 0.027767535405198947, 0.08336391399164791, 0.005683066438356991, 0.0976028469803035, 0.006653759851264044]
Timestep: 368, Trans probs: [0.31690678706171405, 0.02153348896218455, 0.48560533416092827, 0.03299638104972472, 0.052861311004538475, 0.003591871501386195, 0.08100089882121954, 0.005503927438304087]
Timestep: 369, Trans probs: [0.3132372594065549, 0.02121446581171199, 0.4386946775945939, 0.029711258670959285, 0.07691565864325012, 0.005209228984329422, 0.10772182764720725, 0.007295623241393319]
Timestep: 370, Trans probs: [0.3622243067316456, 0.02445181577752193, 0.3907344998682241, 0.026376385657018327, 0.08842282131466743, 0.005968949341979918, 0.09538246390770301, 0.006438757401239662]
Timestep: 371, Trans probs: [0.3492858532175957, 0.02350229704264415, 0.40469083622142277, 0.02723031624583642, 0.0847663592195151, 0.005703649704814789, 0.09821230513627616, 0.006608383211894964]
Timestep: 372, Trans probs: [0.30379518710302833, 0.02037518492010039, 0.45119152655283246, 0.030260883576073958, 0.07329840289142259, 0.004916037437927761, 0.10886156100705335, 0.007301216511561355]
Timestep: 373, Trans probs: [0.3648987579128907, 0.02439395631225613, 0.3910851810840055, 0.02614455274197299, 0.08753596203151917, 0.005851892853134743, 0.09381785171938488, 0.0062718453448359895]
Timestep: 374, Trans probs: [0.3131252232765578, 0.020865562032830486, 0.4922982667444602, 0.032805022591038534, 0.0513578205693568, 0.0034223042773351637, 0.08074522322252085, 0.00538057728590013]
Timestep: 375, Trans probs: [0.3091614626158741, 0.020534906326231818, 0.4435919236513575, 0.029463952337977745, 0.07596541129561264, 0.005045721390337935, 0.10899690615533121, 0.007239716227276907]
Timestep: 376, Trans probs: [0.37754572762551625, 0.02499709740849931, 0.37621374664251067, 0.024908907671621967, 0.09223397217164692, 0.006106761163072558, 0.09190857080187813, 0.006085216515254327]
Timestep: 377, Trans probs: [0.3649419990121841, 0.024084993596895383, 0.38981408711938625, 0.02572647110407422, 0.08864576827292982, 0.005850334483354724, 0.0946872909389503, 0.006249055472225461]
Timestep: 378, Trans probs: [0.3531732325091119, 0.023234469908025322, 0.40257968859500987, 0.026484809150992588, 0.08529408198986208, 0.005611305158227033, 0.09722612532814189, 0.006396287360629259]
Timestep: 379, Trans probs: [0.34189157076700233, 0.02242118948082545, 0.4148448403941918, 0.02720545215769526, 0.08210053747747312, 0.005384138904420454, 0.09961925732685217, 0.00653301349153951]
Timestep: 380, Trans probs: [0.3311219925710357, 0.021646103489825656, 0.4265936970416765, 0.027887278771706683, 0.0790636664873853, 0.005168549191741927, 0.10185992638736645, 0.006658786059261666]
Timestep: 381, Trans probs: [0.3207583582238188, 0.020901990759339722, 0.4379338399404246, 0.028537647861539596, 0.07615504578195166, 0.004962589508270042, 0.10397506651052675, 0.006775461414128723]
Timestep: 382, Trans probs: [0.30119292937849795, 0.01956506998987818, 0.4584672948193036, 0.029781392045686413, 0.0711067493556971, 0.004618994644952833, 0.10823666773243984, 0.007030902033544063]
Timestep: 383, Trans probs: [0.33555516107469435, 0.021728381646034117, 0.42506926360849207, 0.02752473589171842, 0.07877310904191678, 0.005100836986758266, 0.09978695408933225, 0.006461557661053689]
Timestep: 384, Trans probs: [0.2915361827774079, 0.01881852775317166, 0.4700469826048583, 0.030341318539516795, 0.06805517796106918, 0.004392930726493213, 0.10972610928250161, 0.007082770354981535]
Timestep: 385, Trans probs: [0.3269844318787674, 0.02104070042949908, 0.4820473526596441, 0.03101864477726921, 0.052748235876770834, 0.003394228351761964, 0.077762562932327, 0.005003843093960483]
Timestep: 386, Trans probs: [0.3482876753425259, 0.022342383601602508, 0.4100779323197633, 0.02630618054867889, 0.08328798653248752, 0.00534285958492178, 0.09806423747475197, 0.006290744595268293]
Timestep: 387, Trans probs: [0.3377122119171556, 0.021597146132769907, 0.421619993881431, 0.026963160641015158, 0.08030405467982321, 0.005135551344526265, 0.10025635392500061, 0.006411527478278154]
Timestep: 388, Trans probs: [0.3275552174128814, 0.020883088613464537, 0.43273510642451607, 0.027588770055307302, 0.07745286097904168, 0.004937961214499248, 0.10232342596577053, 0.0065235693345192655]
Timestep: 389, Trans probs: [0.31686297970372806, 0.02013931079157715, 0.49459755669619393, 0.031435839934260884, 0.05028635656416533, 0.0031961214414151897, 0.07849294706199204, 0.004988887806667531]
Timestep: 390, Trans probs: [0.3306871997425536, 0.020952700534465424, 0.46970791723597516, 0.029761204353161454, 0.05784962838022131, 0.003665415354523965, 0.08216958043886541, 0.005206353960233635]
Timestep: 391, Trans probs: [0.3399612830095461, 0.021473850811422765, 0.417271246605772, 0.026357179318143523, 0.08231752826502707, 0.00519963422151996, 0.10103720439156362, 0.0063820733770049405]
Timestep: 392, Trans probs: [0.32951030276827653, 0.02074952513888964, 0.4286915143672874, 0.0269950447056221, 0.0793386083894114, 0.00499601510310986, 0.1032191949462905, 0.0064997945811125675]
Timestep: 393, Trans probs: [0.3026846291436393, 0.01900174320255012, 0.45647420302438263, 0.028656247292761877, 0.07247441643062807, 0.004549752835701315, 0.10929759325217911, 0.0068614148181575275]
Timestep: 394, Trans probs: [0.3440919822080273, 0.021535449576697827, 0.41602680561127614, 0.026037585175058733, 0.08192691830864153, 0.005127504008923203, 0.09905431070728672, 0.006199444404088669]
Timestep: 395, Trans probs: [0.29307871445145134, 0.018286715466085828, 0.4679880645680034, 0.029200225592285085, 0.06939406524615696, 0.004329859057033896, 0.1108084370706981, 0.006913918548285412]
Timestep: 396, Trans probs: [0.30949270034460086, 0.019252062294413744, 0.4525217573475862, 0.0281492166126473, 0.07287285835448165, 0.004533072369882615, 0.10655034476998787, 0.006627987906399918]
Timestep: 397, Trans probs: [0.3585745283074453, 0.022237698523867352, 0.40437272176780903, 0.025077962788918818, 0.08396643372817408, 0.005207342105935785, 0.09469087362135734, 0.005872439156492215]
Timestep: 398, Trans probs: [0.34796752795059654, 0.021514822402046954, 0.41590900251731616, 0.025715641851049388, 0.08103571109838306, 0.005010435723050657, 0.09685812342810056, 0.0059887350294565165]
Timestep: 399, Trans probs: [0.3001839611186239, 0.01850460455278192, 0.46462109589389505, 0.028641202595761483, 0.06952309181836028, 0.0042856963996058366, 0.10760699868909276, 0.006633348931878843]
Timestep: 400, Trans probs: [0.3621370723037994, 0.02225669152956505, 0.4035890725132282, 0.02480430251033412, 0.08341263559770039, 0.0051264823243741585, 0.09296045837725901, 0.005713284843739865]
Timestep: 401, Trans probs: [0.29089878539070235, 0.017825015307400594, 0.4757468030085674, 0.029151699738742366, 0.06663662650600367, 0.004083203324165601, 0.10898004259773189, 0.006677824126686188]
Timestep: 402, Trans probs: [0.375882018511032, 0.02296318968600819, 0.3916710784008656, 0.02392776675902227, 0.08563773470190314, 0.005231736154950257, 0.08923497866529946, 0.00545149712091914]
Timestep: 403, Trans probs: [0.3645185063998145, 0.022202643816614513, 0.4039362707672102, 0.02460356055179011, 0.08260028703648507, 0.0050311430559020105, 0.09153239499237643, 0.005575193379807062]
Timestep: 404, Trans probs: [0.3538019628678883, 0.021486522055275986, 0.41555515456683534, 0.025236815876903452, 0.07973612831066076, 0.004842404111220454, 0.0936534067140559, 0.005687605497159703]
Timestep: 405, Trans probs: [0.34359843335032236, 0.02080536588493804, 0.4266510779269049, 0.025834319717116194, 0.07701972963059753, 0.004663652391248838, 0.09563649737316936, 0.005790923725702829]
Timestep: 406, Trans probs: [0.3334999967562299, 0.020134429511388986, 0.43763637356592, 0.02642146566982931, 0.07435514731918652, 0.0044890509357377924, 0.09757276565287001, 0.005890770588837461]
Timestep: 407, Trans probs: [0.28349536996235986, 0.01706469484000766, 0.4885250450120176, 0.029406232687108576, 0.06286793926450902, 0.0037842670901871243, 0.10833532435850649, 0.0065211267853038215]
Timestep: 408, Trans probs: [0.31345584804862614, 0.018813203016505978, 0.49137420583858343, 0.029491626170208198, 0.053960669863776865, 0.003238647622539833, 0.0845888869705124, 0.005076912469247204]
Timestep: 409, Trans probs: [0.32684339867381984, 0.019558976205823874, 0.4672873445347649, 0.027963428633169994, 0.061491629160405556, 0.00367978462005283, 0.08791445756002061, 0.00526098061194249]
Timestep: 410, Trans probs: [0.34622417701768704, 0.020657519457807486, 0.42276148294839605, 0.025224129739419954, 0.07865993984936849, 0.004693257565040832, 0.09604873092860823, 0.005730762493672069]
Timestep: 411, Trans probs: [0.30590531209601096, 0.018199125367328282, 0.46397016845273403, 0.02760282652339674, 0.06912690030826156, 0.004112544226005487, 0.10484557904824204, 0.006237543978020923]
Timestep: 412, Trans probs: [0.36052813343632284, 0.02138703120789632, 0.41022860793140925, 0.024335332603802242, 0.08103629993284794, 0.004807186221827466, 0.09220752953870624, 0.005469879127187833]
Timestep: 413, Trans probs: [0.30579103976691513, 0.018087575390661793, 0.4908376223605101, 0.029033102166061128, 0.05662825395530096, 0.0033495677749053126, 0.09089631125566541, 0.005376527329980288]
Timestep: 414, Trans probs: [0.37215173567229537, 0.02194844436112137, 0.39546851429034763, 0.02332360123699726, 0.08566012661823356, 0.0050519891292471935, 0.0910270724559132, 0.005368516235844355]
Timestep: 415, Trans probs: [0.36077679499993737, 0.02121664705247181, 0.40773397934692973, 0.023978116250811365, 0.08259833065276778, 0.0048574621562992755, 0.09334898061964415, 0.005489688921138526]
Timestep: 416, Trans probs: [0.2773430887394761, 0.03633688758457499, 0.4704664422325853, 0.06163948884184728, 0.05056860417645781, 0.006625388408343894, 0.08578123004144525, 0.011238869975269357]
Timestep: 417, Trans probs: [0.3709288966208136, 0.022901726833786412, 0.392113716702897, 0.02420971056587822, 0.08692093612348528, 0.005366633749411043, 0.09188524170851148, 0.005673137695216948]
Timestep: 418, Trans probs: [0.35975895979302364, 0.02214779641588413, 0.4041824474899662, 0.024882634103210847, 0.08385565544201452, 0.005162395360823697, 0.09421025697852817, 0.0057998544165487964]
Timestep: 419, Trans probs: [0.27379158578496626, 0.016807092468832635, 0.49104213887014925, 0.030143331872023955, 0.06347982573938565, 0.0038968009117167695, 0.11385035561558107, 0.0069888687373445895]
Timestep: 420, Trans probs: [0.29333011219865285, 0.017954789744611246, 0.47239955462979466, 0.028915663022969083, 0.06764708325693926, 0.004140690321940068, 0.1089436463343415, 0.006668460490751393]
Timestep: 421, Trans probs: [0.37407447817434847, 0.02283136869817447, 0.3925418982655033, 0.023958514498291617, 0.0858119239066989, 0.005237469508680007, 0.09004831248725481, 0.005496034461048469]
Timestep: 422, Trans probs: [0.27781075602754585, 0.03487529432731082, 0.47541422763702973, 0.05968167450863052, 0.04988052733623446, 0.0062618096467084335, 0.08535995048129938, 0.010715760035240742]
Timestep: 423, Trans probs: [0.38424022449552747, 0.024569928562209693, 0.3769822958320204, 0.02410582621840613, 0.09019000496040185, 0.005767126494400133, 0.0884864024210702, 0.005658191015964129]
Timestep: 424, Trans probs: [0.2704203251999342, 0.017242223300628336, 0.4917004358383015, 0.03135122593123164, 0.0631378162193973, 0.004025719313679557, 0.11480236084326617, 0.0073198933535613825]
Timestep: 425, Trans probs: [0.39763904454772997, 0.025281618330485093, 0.3653673551462681, 0.02322980640327434, 0.09235517687078969, 0.0058718789427417125, 0.084859792241292, 0.005395327517419095]
Timestep: 426, Trans probs: [0.3849498968671631, 0.02440460384547641, 0.3789445268408957, 0.024023882412299545, 0.0889378787261088, 0.005638379734172768, 0.08755041278457126, 0.005550418789312459]
Timestep: 427, Trans probs: [0.3724213869993981, 0.023542453621637996, 0.3923535883786423, 0.024802458935319842, 0.0855939592310336, 0.005410784358343627, 0.09017499590560711, 0.0057003725700172595]
Timestep: 428, Trans probs: [0.36017961181568403, 0.022703147056178298, 0.40546868673762543, 0.025557846473526994, 0.08235079706303351, 0.005190805349838331, 0.09270560698486184, 0.005843498519251663]
Timestep: 429, Trans probs: [0.3482578687472231, 0.02188945958967192, 0.4182536758671595, 0.026288988010694955, 0.07921500078008963, 0.004978993194638125, 0.09513630052144105, 0.00597971328908149]
Timestep: 430, Trans probs: [0.26200222545034985, 0.01642131941864614, 0.5053701257891278, 0.03167470904477985, 0.05928825247818014, 0.003715965885572345, 0.11435975996468564, 0.007167641968658308]
Timestep: 431, Trans probs: [0.36350569535529725, 0.02271863390445414, 0.40472326215839033, 0.025294678303749152, 0.0818347493133555, 0.005114565559958317, 0.09111391409601657, 0.005694501308778789]
Timestep: 432, Trans probs: [0.25264677337702796, 0.01574544785519088, 0.516433685223654, 0.032185171228046504, 0.05658621045623467, 0.003526564832600836, 0.11566751796645607, 0.007208629060788889]
Timestep: 433, Trans probs: [0.3784677602221, 0.023520736859086577, 0.3914573367654505, 0.024328003537780207, 0.08433472002427002, 0.005241172343481861, 0.08722921307269883, 0.005421057175131978]
Timestep: 434, Trans probs: [0.36583687410831295, 0.022672260787797566, 0.40492808011987286, 0.0250948870453716, 0.08110573594571613, 0.0050264216837887605, 0.08977222436436164, 0.005563515944778384]
Timestep: 435, Trans probs: [0.3539824276758798, 0.021875898011001694, 0.4176199914095935, 0.025808660614635874, 0.07807915429240786, 0.004825244087115925, 0.09211591648475931, 0.00569270742460602]
Timestep: 436, Trans probs: [0.34256164242243897, 0.021110843749054455, 0.42987038874834366, 0.02649136822511083, 0.07517901327099451, 0.004633012590519084, 0.09433990166554153, 0.005813829327997035]
Timestep: 437, Trans probs: [0.25284558322669337, 0.0155385217789559, 0.5476857301701163, 0.03365780227468603, 0.044715155159242695, 0.002747951549813478, 0.09685695154541438, 0.005952304295077797]
Timestep: 438, Trans probs: [0.35593165004461225, 0.021812311933045496, 0.41352783676300914, 0.02534193901368904, 0.07993127215334792, 0.004898372598209376, 0.09286559950245045, 0.005691017991636412]
Timestep: 439, Trans probs: [0.2436140213043426, 0.01488735388585431, 0.5589649803745442, 0.03415858179295656, 0.042443855371032874, 0.0025937616061892945, 0.09738613835716226, 0.005951307307918081]
Timestep: 440, Trans probs: [0.25418082378031626, 0.015490006367850303, 0.5123277397352268, 0.03122170993427859, 0.05838002853549767, 0.003557731068460605, 0.11767098564099376, 0.007170974937375927]
Timestep: 441, Trans probs: [0.272251117179068, 0.03280415209459413, 0.4894428473146063, 0.05897407427114131, 0.04674125315806371, 0.005631959176426615, 0.08402967183303973, 0.010124924973060136]
Timestep: 442, Trans probs: [0.3659429501715352, 0.02332762417235561, 0.39537309972787005, 0.025203696570702358, 0.08592361560026886, 0.005477339599829609, 0.09283383167726007, 0.005917842480178196]
Timestep: 443, Trans probs: [0.2766925884529476, 0.01758899799555978, 0.5274644229285952, 0.03353024643519801, 0.04681994515545734, 0.0029762847140070736, 0.08925376531063602, 0.005673749007599108]
Timestep: 444, Trans probs: [0.29408738225295855, 0.0186433157061213, 0.5003756574957248, 0.03172071267691041, 0.05401626326980555, 0.003424296009196831, 0.09190609621545301, 0.005826276373829748]
Timestep: 445, Trans probs: [0.3104429386340653, 0.01962627902355717, 0.4745517991719702, 0.030001281596740276, 0.06151326145716216, 0.0038888835362764266, 0.09403089993243907, 0.005944656647789269]
Timestep: 446, Trans probs: [0.3780815117029117, 0.023836949165329392, 0.3805842780070606, 0.02399474136441363, 0.09071289989343272, 0.005719186779750482, 0.09131338730733014, 0.005757045779771463]
Timestep: 447, Trans probs: [0.3660824933630004, 0.02301715417102895, 0.39345472875857296, 0.0247381623413947, 0.08738694410069889, 0.0054943866515529075, 0.09392092495963122, 0.005905205654119824]
Timestep: 448, Trans probs: [0.3544063987361024, 0.022222395846277925, 0.4059911040815061, 0.025456919110776754, 0.08417368540997024, 0.0052779548103285435, 0.09642536815383405, 0.006046173851203946]
Timestep: 449, Trans probs: [0.29936830044992535, 0.01871960327501337, 0.4879888880168461, 0.030514113794149925, 0.05847482032622596, 0.0036564507212003016, 0.09531758207229718, 0.0059602413443416245]
Timestep: 450, Trans probs: [0.30663466721327576, 0.019121898406592393, 0.45087626019298876, 0.028116879672180052, 0.07439643490867114, 0.004639400636154429, 0.10939267450794123, 0.0068217844621963775]
Timestep: 451, Trans probs: [0.3255707484012162, 0.020246984671727367, 0.4328071635808423, 0.026915931636573215, 0.07859343169650995, 0.004887662711321595, 0.10448051741654585, 0.006497559885263469]
Timestep: 452, Trans probs: [0.3576891585987937, 0.022183912038582672, 0.4318487154007278, 0.02678329405887947, 0.06889043774357127, 0.004272590808146443, 0.08317346592079629, 0.0051584254305023294]
Timestep: 453, Trans probs: [0.3536529612077581, 0.0409659719914063, 0.38900449929768716, 0.045060975506432434, 0.07311138694727147, 0.008468977665862926, 0.08041968141665004, 0.009315545966931474]
Timestep: 454, Trans probs: [0.3750814816145317, 0.02429470278332192, 0.37835796469975796, 0.024506926491054737, 0.09246062390444264, 0.005988841057281128, 0.09326830352906273, 0.0060411559205471735]
Timestep: 455, Trans probs: [0.3907572210048655, 0.025241657765777685, 0.36355573316338935, 0.02348452927292776, 0.09584075529995205, 0.00619100406916066, 0.0891690650537542, 0.005760034370172791]
Timestep: 456, Trans probs: [0.36570683921442354, 0.02355964375504055, 0.3894795585494999, 0.025091134934768184, 0.08924454886121018, 0.005749331302542661, 0.09504587764363176, 0.00612306573888329]
Timestep: 457, Trans probs: [0.3764844469123105, 0.024188024977042682, 0.3795738226325826, 0.024386508334584448, 0.09141152448701127, 0.005872923186110716, 0.09216163394470424, 0.005921115525653549]
Timestep: 458, Trans probs: [0.37990276397568573, 0.02434160795062558, 0.37702576418135614, 0.02415726919948113, 0.09177570322373907, 0.005880368344485636, 0.09108068675021838, 0.005835836374408288]
Timestep: 459, Trans probs: [0.36776473318349934, 0.023500787286559667, 0.3900247258129436, 0.024923238393430587, 0.08839823130859, 0.00564879620867486, 0.09374878235341598, 0.005990705452886145]
Timestep: 460, Trans probs: [0.35617077551880966, 0.022698235025259236, 0.4024770829860377, 0.025649267289240003, 0.0851834042092964, 0.00542861195216775, 0.0962582289213327, 0.006134394097856661]
Timestep: 461, Trans probs: [0.3451987794804942, 0.02193947565398378, 0.4143053835442781, 0.026331619391191156, 0.08214629705142722, 0.005220895296724375, 0.09859146419304432, 0.0062660853888567535]
Timestep: 462, Trans probs: [0.3346927335460985, 0.02121473993690946, 0.42565856257794754, 0.026980674516992726, 0.07925086323986895, 0.005023373037101887, 0.10079038218825813, 0.006388670956822847]
Timestep: 463, Trans probs: [0.3243649226877847, 0.02050549672962961, 0.43682917066881893, 0.027615190496964332, 0.07642464704433506, 0.004831365047259244, 0.10292270480543955, 0.006506502519768465]
Timestep: 464, Trans probs: [0.36505411468376586, 0.023016233938721795, 0.39697663851245907, 0.025028911639922623, 0.0855877513881183, 0.005396207381320868, 0.09307205829833702, 0.005868084157354497]
Timestep: 465, Trans probs: [0.3802012755545503, 0.02390742144347624, 0.38265967656869343, 0.024062008060884252, 0.08870231287705341, 0.005577686644711271, 0.08927586659702902, 0.0056137522536020635]
Timestep: 466, Trans probs: [0.3946164942107538, 0.024747448049437636, 0.36907105372988747, 0.02314542565434077, 0.09161565689410422, 0.005745461081236684, 0.08568493087368124, 0.0053735295065583085]
Timestep: 467, Trans probs: [0.39937686270537964, 0.04454132874794094, 0.34793684652721235, 0.038804374794548374, 0.0814181015882704, 0.00908032179007739, 0.0709313937842034, 0.007910770062367215]
Timestep: 468, Trans probs: [0.42481940090565296, 0.027782565215649042, 0.34590641810042516, 0.022621771978631747, 0.09253999418882634, 0.006051979778055942, 0.07535008488936723, 0.004927784943391648]
Timestep: 469, Trans probs: [0.3382584776121732, 0.022062658047046862, 0.42058615396501464, 0.02743241960927805, 0.08020231770483291, 0.005231136622482869, 0.09972250978209314, 0.006504326657078375]
Timestep: 470, Trans probs: [0.32721265410275074, 0.021285848074199844, 0.4324645862772606, 0.028132700143310485, 0.07720504119873856, 0.005022344817394009, 0.10203898223950332, 0.00663784314684236]
Timestep: 471, Trans probs: [0.403922890706314, 0.026206669460896677, 0.35658507689056756, 0.02313537425031469, 0.09483970121349866, 0.006153235577033637, 0.08372494584389059, 0.005432106057484247]
Timestep: 472, Trans probs: [0.4168418112646867, 0.02697349204678507, 0.34449572258585304, 0.022292035928758062, 0.09739484893944322, 0.006302340869538539, 0.08049122701903946, 0.005208521345895904]
Timestep: 473, Trans probs: [0.34316022537775853, 0.022147446256109222, 0.41900006300066406, 0.027042124029374885, 0.07978953139283962, 0.005149589689124821, 0.09742334981739434, 0.006287670436734468]
Timestep: 474, Trans probs: [0.40877129100731285, 0.026312235575392456, 0.36460061705194613, 0.023469009536270572, 0.08782073373639156, 0.005652940618166874, 0.07833107269186916, 0.005042099782650294]
Timestep: 475, Trans probs: [0.4162932657776781, 0.02672624829836827, 0.34848674914404865, 0.022373033993033736, 0.09519936857626381, 0.006111849918263876, 0.07969314231815079, 0.005116341974192714]
Timestep: 476, Trans probs: [0.35633989597617177, 0.02281764600714907, 0.4031688770552075, 0.02581626368988076, 0.08459696281356031, 0.00541702900112215, 0.09571440886906743, 0.0061289165878410405]
Timestep: 477, Trans probs: [0.3444260565542084, 0.02199686256560918, 0.4159100536590968, 0.026562207231131472, 0.081372075349521, 0.005196849437144995, 0.09826046427368598, 0.006275430929602276]
Timestep: 478, Trans probs: [0.40351206968867875, 0.025703793409105967, 0.36356058823921555, 0.023158876657651623, 0.09102721037951277, 0.005798450123207971, 0.08201466235417294, 0.005224349148454699]
Timestep: 479, Trans probs: [0.4106239192945549, 0.026088626333909137, 0.34695040231576707, 0.022043185935114906, 0.09902085319521935, 0.006291202038870623, 0.08366615591403867, 0.005315654972525321]
Timestep: 480, Trans probs: [0.35775044042949705, 0.022670439406626393, 0.40065330028157525, 0.025389168930704233, 0.08585365001259104, 0.005440496364201474, 0.09614956218493528, 0.006092942389869125]
Timestep: 481, Trans probs: [0.34598700254873593, 0.02186800282109406, 0.41324656026272727, 0.026119122623283503, 0.0826281303169851, 0.005222485739530157, 0.0986909634838802, 0.006237732203763872]
Timestep: 482, Trans probs: [0.3344196453114763, 0.021082317756435712, 0.42563578914371414, 0.026832720747853478, 0.0794811796611805, 0.005010613188446735, 0.10116042852581464, 0.0063773056650785215]
Timestep: 483, Trans probs: [0.3984613514728597, 0.025054341655485847, 0.36241219317556655, 0.022787652740652427, 0.09424755819346287, 0.005926071661520072, 0.08572089649367463, 0.005389934606777911]
Timestep: 484, Trans probs: [0.3505771255790371, 0.0219869027439582, 0.41110613978023003, 0.0257830589998211, 0.08252649775657947, 0.005175757194587189, 0.09677513861251731, 0.006069379333269666]
Timestep: 485, Trans probs: [0.3861615943835202, 0.024156686454593766, 0.37632764686138254, 0.023541515007307688, 0.09047081686858414, 0.0056594834602190745, 0.0881668972703887, 0.005515359694003923]
Timestep: 486, Trans probs: [0.39880890394871266, 0.024883696690066227, 0.364481070381843, 0.02274181021248921, 0.09299192262111378, 0.005802234539446202, 0.08498755960114635, 0.0053028020051824575]
Timestep: 487, Trans probs: [0.3660918118980777, 0.022784239646279354, 0.39799941487125273, 0.024770054267234477, 0.08495707898975903, 0.005287423494436037, 0.09236171536256216, 0.005748261470398397]
Timestep: 488, Trans probs: [0.38938949335635675, 0.02417291976062089, 0.3807629887097367, 0.023637394770359962, 0.08665843324411025, 0.00537967096989419, 0.08473860903261055, 0.0052604901563106845]
Timestep: 489, Trans probs: [0.3969889715625072, 0.024582035701296346, 0.3643599901480759, 0.022561609836896247, 0.09403465438433149, 0.005822739161082052, 0.08630583769165993, 0.005344161514150837]
Timestep: 490, Trans probs: [0.37864719355882637, 0.023386300264044972, 0.38351051621594734, 0.023686672552220123, 0.08926288660082997, 0.005513123308434317, 0.09040937395430983, 0.00558393354538711]
Timestep: 491, Trans probs: [0.36643922532489137, 0.022575370536436327, 0.39651885818145705, 0.02442849872361353, 0.08597613082033292, 0.00529676649337217, 0.09303359156900351, 0.005731558350893246]
Timestep: 492, Trans probs: [0.355011500888521, 0.021816149214889842, 0.40874588301388604, 0.02511823181075759, 0.08290031251200955, 0.005094385909179085, 0.09544806676696624, 0.0058654698837905545]
Timestep: 493, Trans probs: [0.3442418054052308, 0.02110045438726687, 0.4203060278435152, 0.02576284469216489, 0.08000897411944685, 0.0049041856115996044, 0.09768788559655955, 0.005987822344216151]
Timestep: 494, Trans probs: [0.37357471534182307, 0.04016917900080437, 0.3667654837617073, 0.03943700620921346, 0.0820339957747903, 0.00882082786950294, 0.08053874341500017, 0.008660048627158268]
Timestep: 495, Trans probs: [0.3689200804880344, 0.052902272582609745, 0.3404234402310815, 0.04881592133664989, 0.08594059636258371, 0.012323679558648756, 0.07930225275501213, 0.011371756685379819]
Timestep: 496, Trans probs: [0.35552028905093563, 0.022702167304949224, 0.4042573659223451, 0.025814330821812222, 0.08431994446728588, 0.0053843494883244105, 0.09587908115190509, 0.0061224717924424875]
Timestep: 497, Trans probs: [0.3448492292895109, 0.02196477662830164, 0.41573153684619457, 0.026479544011104923, 0.08140359639742613, 0.005184908823179643, 0.09813576299658174, 0.006250645007700561]
Timestep: 498, Trans probs: [0.38373902759460143, 0.024379647382013633, 0.3776366222012762, 0.023991950324969594, 0.0901607340631196, 0.005728077537332261, 0.08872695404532534, 0.005636986851361874]
Timestep: 499, Trans probs: [0.3585616393120997, 0.022723167251741776, 0.4036027615416732, 0.025577563376191347, 0.0838530006077834, 0.005314025674990183, 0.0943862892689395, 0.0059815529665808755]
