6923.950798659752,0.5,0
3216.0,0.3333333333333333,1
2541.0,0.8545239503252514,1
5160.0,0.9095547872492612,0
1480.0,0.8054673492044149,1
3692.0,0.8517852109105819,0
2610.0,0.7456225452139066,1
3950.0,0.8094828314107314,0
1710.0,0.7020486812582606,1
5046.0,0.7787460097944721,0
3192.0,0.6683058695023425,1
1600.0,0.6985233996907728,1
2938.0,0.7634347494628704,1
4860.0,0.764262944888945,0
2080.0,0.6747849996499568,1
2700.0,0.7567469443164714,1
1458.0,0.7511798937699071,1
2059.0,0.76441551583255,1
2538.0,0.7727979083059308,1
2756.0,0.7813504975719777,1
2940.0,0.7891940740473025,1
2860.0,0.7966078984774556,1
1426.0,0.8035284085324074,1
3796.0,0.8099307013618255,0
2700.0,0.7335338631520394,1
1421.0,0.7991519313884687,1
8265.508727838154,0.8520348433781457,0
1700.0,0.6258003378473563,1
3960.0,0.8238539596163882,0
1675.0,0.7162597225148818,1
2430.0,0.7915489167549764,1
1518.0,0.7851569395274812,1
5220.0,0.7933149346178326,0
2576.0,0.7185379030389472,1
1892.0,0.7884520628419924,1
1925.0,0.7818271842918917,1
4368.0,0.7896657794436391,0
2548.0,0.7160647415301541,1
2231.0,0.786307656798356,1
2508.0,0.7787097257347475,1
3538.0,0.7864658333244727,1
3100.0,0.7395109128067051,1
902.0,0.7555875919180847,1
2160.0,0.8072126263984288,1
2156.0,0.8039770521721376,1
3321.0,0.8094760750143719,1
3942.0,0.7657455817793988,0
2175.0,0.755717386856948,1
2210.0,0.8074330824656221,1
1848.0,0.8036697805030437,1
3840.0,0.8090150536311526,0
3408.0,0.7423645012370552,1
2079.0,0.7569594627421419,1
3108.0,0.8078173830163754,1
3024.0,0.7543544858742083,1
805.0,0.7696890975869445,1
4060.0,0.8182841237270686,0
1554.0,0.7465101907948245,1
3472.0,0.810169989888543,1
3612.0,0.7539080037972393,0
3144.0,0.7507877587864435,1
2496.0,0.7521002083975287,1
1850.0,0.80570048809145,1
3633.0,0.8001400711408794,0
2068.0,0.7370624682444914,1
3588.0,0.8015601266419975,1
620.0,0.7421467564276208,1
1863.0,0.8083879495952903,1
4480.0,0.8002613081925622,0
1640.0,0.7385404469334547,1
980.0,0.8026347500906478,1
2800.0,0.7941503600914392,1
3887.0,0.799672618548513,0
2054.0,0.7355544243537337,1
3780.0,0.8008278497845593,0
4482.0,0.7233360977593077,0
1050.0,0.7301566965532975,1
2882.0,0.7826493011738599,1
3528.0,0.7772337396266893,1
3380.0,0.7290765857120527,1
3420.0,0.742608260423564,1
966.0,0.7440187873745575,1
3180.0,0.7979858533771484,1
1092.0,0.7419737847406858,1
4644.0,0.8046988034354313,0
2289.0,0.7332110874796092,1
861.0,0.7976511132308619,1
3451.0,0.7906959593155725,1
667.0,0.7442476072066875,1
2486.0,0.8051484964301395,1
2000.0,0.7992214892182254,1
3948.0,0.8031110606260882,0
4234.0,0.742125036626325,0
3024.0,0.7425462571516636,1
3536.0,0.7436965180704245,1
2268.0,0.7468855195254904,1
1800.0,0.7997229090067741,1
2205.0,0.7965885113480967,1
3633.0,0.7997964029388878,0
1474.0,0.7389887267941146,1
777.0,0.7989347631885501,1
750.0,0.7944599305389695,1
1372.0,0.7977764050321707,1
1464.0,0.8001049775992911,1
2158.0,0.8025375287540125,1
4060.0,0.8048874376324147,0
660.0,0.7454519879697405,1
1170.0,0.8040613103337368,1
4158.0,0.7996933681343504,0
3129.0,0.7405406790374591,1
2142.0,0.7503848702446976,1
1344.0,0.80155455568604,1
1344.0,0.797684778441056,1
1100.0,0.8007352146142575,1
4292.0,0.8028926213033415,0
3132.0,0.7434438176383785,1
2350.0,0.7532919907774288,1
2828.0,0.8039648764951909,1
1400.0,0.8000685227003096,1
2121.0,0.8030691460574754,1
2322.0,0.8051557608103516,1
2825.0,0.8073345243097196,1
2667.0,0.8095264956214484,1
3800.0,0.8116588964578072,0
3210.0,0.7537696888526297,1
2436.0,0.7628396759765588,1
4008.0,0.8120944876911443,0
1050.0,0.7477868449267951,1
2662.0,0.8073130742190211,1
1752.0,0.8018986617978329,1
1344.0,0.8050110185507223,1
4023.0,0.8069941336619004,0
952.0,0.7487180186782479,1
874.0,0.8073217498458507,1
3220.0,0.8018129471052774,1
3740.0,0.7557938348278301,0
1029.0,0.7543293742075288,1
700.0,0.8045900566841152,1
2380.0,0.7998916875651262,1
2856.0,0.8029462539275548,1
525.0,0.8048723064330042,1
1860.0,0.8068751236290495,1
725.0,0.8088603793338914,1
784.0,0.8108499994501748,1
777.0,0.8128194998678356,1
2100.0,0.8147404254841131,1
1920.0,0.8166503288710888,1
3360.0,0.8185139268191061,1
2232.0,0.7740074978408332,1
1702.0,0.827218961069875,1
3124.0,0.8234141888376241,1
4816.0,0.7804281876596086,0
3423.0,0.7774327118803274,1
2400.0,0.7783984525509973,1
2980.0,0.825785410987203,1
1826.0,0.8224169745587842,1
2673.0,0.8246803067147968,1
2146.0,0.8263336967806537,1
1242.0,0.8280073979248233,1
3335.0,0.8297283478558197,1
2620.0,0.7871673916173723,1
1656.0,0.8373258758270823,1
2660.0,0.8342279932245034,1
1276.0,0.8362734194601597,1
1826.0,0.8378518397784942,1
957.0,0.839510149209068,1
5046.0,0.8410731587859335,0
650.0,0.789141029996118,1
2208.0,0.8385739036579481,1
3576.0,0.8355518824751555,1
3440.0,0.7946027564644175,1
3870.0,0.8012426052391147,0
1508.0,0.7912200843411692,1
3360.0,0.8362803959763242,1
3192.0,0.7897172123632569,1
2670.0,0.797547096103561,1
3450.0,0.8410453451176699,1
2910.0,0.7957996912275821,1
1988.0,0.8445707016629016,1
1380.0,0.8418110886861612,1
2592.0,0.8438360884261601,1
1680.0,0.8454137812052727,1
3440.0,0.8469931037077605,1
864.0,0.807822289219764,1
3213.0,0.8534861990323118,1
2925.0,0.8113050950662419,1
520.0,0.8563962308582314,1
3600.0,0.8545545905882721,1
2268.0,0.8172828447528223,1
4290.0,0.8606061304459797,0
3496.0,0.808321345156799,1
2346.0,0.8139423319751073,1
2860.0,0.8547864886137065,1
2940.0,0.8531646441998146,1
3024.0,0.8549201704746164,1
728.0,0.8173091160974427,1
1300.0,0.8607622760324204,1
1755.0,0.8592579187013394,1
1620.0,0.8609345444722878,1
2754.0,0.8624976868461434,1
836.0,0.8639430439331433,1
3302.0,0.865361036742983,1
2160.0,0.8299690517087778,1
2919.0,0.8705607541664939,1
1562.0,0.8697076535612295,1
2240.0,0.8711542879094842,1
2806.0,0.8725182884805456,1
4158.0,0.8739477129025902,0
4920.0,0.8270922188771201,0
2418.0,0.8248329700104529,1
1134.0,0.8631630881844208,1
840.0,0.8632558250653293,1
1200.0,0.8648002904507855,1
1470.0,0.866323051795524,1
1316.0,0.8677653893827177,1
2277.0,0.869148150793197,1
4212.0,0.8706982610642787,0
1608.0,0.8226488763048678,1
3125.0,0.8632720035874307,1
1479.0,0.8256091838589531,1
4050.0,0.8663795248091951,0
3528.0,0.8160874224063868,1
2814.0,0.8197860452752037,1
3240.0,0.8599536530094485,1
1189.0,0.821220862982902,1
1722.0,0.8630223707268857,1
675.0,0.8627021221382596,1
910.0,0.8642669808400173,1
1340.0,0.8657336447962626,1
3480.0,0.8672850190418978,1
1342.0,0.8322579633247739,1
1326.0,0.8714909071588461,1
2484.0,0.8716151136310338,1
1900.0,0.8731854503256813,1
3588.0,0.8745421329351794,1
2212.0,0.8411741964941147,1
3013.0,0.8783011396736785,1
1250.0,0.8444330866199132,1
900.0,0.8808779880965982,1
3168.0,0.8814019803698117,1
713.0,0.8494975153347957,1
3952.0,0.8846854270450932,0
5100.0,0.8384783798174099,0
2871.0,0.8353086274507576,1
3575.0,0.8717591766375512,1
1380.0,0.837464832603936,1
840.0,0.8746837629943149,1
989.0,0.8757768124290628,1
2208.0,0.8771124225612968,1
1100.0,0.8785200164830405,1
3618.0,0.8800032543414629,0
2490.0,0.8336275620383619,1
2790.0,0.8708506783989411,1
4710.0,0.8717440297131105,0
2457.0,0.8237689776592351,1
1386.0,0.8634075436243009,1
1464.0,0.8639213099433343,1
2706.0,0.8656360171533907,1
888.0,0.8670993352309881,1
2782.0,0.8686411530776064,1
4564.0,0.8702073827298811,0
2205.0,0.8219095583889133,1
2079.0,0.8621514327238764,1
2943.0,0.8625370283635097,1
3200.0,0.8642234989005624,1
675.0,0.828796147668008,1
3168.0,0.8684105522538345,1
3810.0,0.8326520789833256,0
3240.0,0.8224523453851029,1
1188.0,0.8235576464638475,1
2835.0,0.8631768648760402,1
1920.0,0.8634131859293577,1
3979.0,0.8650574262168059,0
828.0,0.8164545032084941,1
2639.0,0.8582643420744005,1
625.0,0.858133736827986,1
1722.0,0.8597004748484739,1
1148.0,0.861256676339292,1
624.0,0.8627398159498817,1
1885.0,0.8642063815383713,1
2260.0,0.8657490325175571,1
1224.0,0.8672471603992109,1
3864.0,0.868777412774395,0
4140.0,0.8206861229683078,0
1272.0,0.8181107103443148,1
3140.0,0.857710762336739,1
4293.0,0.8198975680948453,0
2132.0,0.8098137636923406,1
1176.0,0.851117682858798,1
2800.0,0.8515437334887017,1
4205.0,0.8532889800929964,0
644.0,0.8026369870190744,1
2852.0,0.8469179071532728,1
1170.0,0.8468134464195255,1
4676.0,0.8485226034766963,0
1584.0,0.7971874034148662,1
1800.0,0.8428761311094846,1
888.0,0.8422983644885047,1
3146.0,0.8440697329614677,1
720.0,0.8043950457781529,1
1326.0,0.8493066439864791,1
1512.0,0.8490779874048034,1
2783.0,0.850815607653149,1
650.0,0.8524705367667234,1
1596.0,0.8540417273448419,1
1872.0,0.855705940026037,1
1375.0,0.8573025995867809,1
520.0,0.8589290668693174,1
3000.0,0.8605118341943756,1
2522.0,0.8242052901087535,1
1508.0,0.8644079510150614,1
3475.0,0.8649399011696655,1
4530.0,0.8294191978224925,0
1144.0,0.8189546725611174,1
1953.0,0.8585596962402833,1
3864.0,0.858810034079987,0
1218.0,0.8083979226462498,1
3200.0,0.8517958409572838,1
5010.0,0.8114624057302504,0
3312.0,0.8024998913840456,1
500.0,0.8036536768292746,1
4368.0,0.8469201589509885,0
2324.0,0.7917039503744909,1
3192.0,0.8394765069980925,1
2040.0,0.7953279050765434,1
880.0,0.8431270883732783,1
2916.0,0.8419350183763358,1
2660.0,0.8438813097261745,1
4134.0,0.8456485488234085,0
792.0,0.7928912882117229,1
2208.0,0.840341213870254,1
1972.0,0.8389376720756525,1
1770.0,0.8410844097060285,1
2054.0,0.8428630287070438,1
1344.0,0.8447709954733097,1
2784.0,0.84657664602829,1
900.0,0.8483567761020715,1
3864.0,0.8501555142510006,0
2040.0,0.7982659432455637,1
1479.0,0.8446272899273013,1
2691.0,0.8434342063441088,1
2480.0,0.8454417830470078,1
2352.0,0.8472160507788259,1
1350.0,0.8489258563780293,1
3657.0,0.8507120992066673,0
2204.0,0.7994273895932067,1
2268.0,0.8456236610977778,1
1892.0,0.8442935265408608,1
2790.0,0.8462300936095433,1
2750.0,0.8479712943513704,1
2002.0,0.8495657952180677,1
3036.0,0.8511876786146478,1
1725.0,0.8128707733798843,1
3498.0,0.8566554350353806,1
2856.0,0.8167808637412192,1
3861.0,0.8596838766538785,0
1012.0,0.8071943689301327,1
828.0,0.8517941904824305,1
2325.0,0.850735330420655,1
2352.0,0.8526308746345987,1
810.0,0.8542853588410305,1
1110.0,0.855837710290866,1
2160.0,0.8574563274062147,1
2960.0,0.8591024339828852,1
1040.0,0.8606745741928111,1
3234.0,0.8621550427511984,1
3000.0,0.8261744520119952,1
3672.0,0.8301394293505947,0
3381.0,0.8193426501222255,1
3456.0,0.8205229022414638,1
3948.0,0.8223684525775988,0
3575.0,0.8120929445956182,1
4788.0,0.8133519068393181,0
3014.0,0.8033259509277114,1
3614.0,0.8046458525213004,0
1300.0,0.7947164178419389,1
3090.0,0.8389999091552932,1
4368.0,0.7937372217097941,0
1100.0,0.7893549051424776,1
3102.0,0.8340938477243607,1
2511.0,0.7873330313642004,1
1100.0,0.8379600897751752,1
2871.0,0.8350320500491419,1
4437.0,0.8372058059074051,0
4264.0,0.7839868424570258,0
928.0,0.7854434816364906,1
2214.0,0.8303537933452938,1
2919.0,0.8285529410232507,1
588.0,0.8306136166339577,1
3960.0,0.8324054405179357,0
4648.0,0.7787910212995227,0
3480.0,0.7794863110325704,1
1596.0,0.7801088081616836,1
725.0,0.8272719395234465,1
4225.0,0.8259621923971944,0
2484.0,0.7716969027105559,1
3075.0,0.8230952901373944,1
2360.0,0.7748259779266313,1
3234.0,0.8265344057456901,1
2059.0,0.7790977882663452,1
1269.0,0.8297656259708983,1
2180.0,0.8281104100686486,1
920.0,0.829994083655195,1
1728.0,0.831645429788687,1
1392.0,0.8332728201641371,1
572.0,0.8348243284192632,1
1196.0,0.83644209527253,1
3936.0,0.8380488554064823,0
2470.0,0.78627495780487,1
3250.0,0.8343840512628449,1
2332.0,0.7890195627969768,1
2420.0,0.8373757758162693,1
1940.0,0.8360409343266652,1
2660.0,0.8377511046518183,1
2175.0,0.8392176206652664,1
4185.0,0.8407649133700479,0
1760.0,0.7894059488720959,1
1410.0,0.8369947823531306,1
4760.0,0.8355498403834911,0
1512.0,0.7834560859212939,1
5040.0,0.8325459211010802,0
1760.0,0.7754095022590303,1
1656.0,0.8267813154185442,1
4260.0,0.8242529326253583,0
3608.0,0.7703799200867235,0
3875.0,0.7714874256892155,0
3948.0,0.7668719682757016,0
4536.0,0.7627794907976997,0
884.0,0.7585819335564713,1
3328.0,0.8082053019848938,1
2146.0,0.7600795709800858,1
2784.0,0.8116091475933271,1
2486.0,0.8121566538230119,1
1620.0,0.8139008552713399,1
2079.0,0.8156328522304144,1
1008.0,0.8173812892065889,1
5070.0,0.8190942973443192,0
2548.0,0.7641043282583875,1
1450.0,0.813985902622506,1
2002.0,0.8144448767612605,1
3550.0,0.8162085174447775,1
1550.0,0.7710607789267858,1
2075.0,0.8203778416582093,1
5046.0,0.8212492528107664,0
1386.0,0.7666079255627645,1
1909.0,0.8161426131441041,1
2904.0,0.8165433891318961,1
1540.0,0.8182395578809603,1
2475.0,0.8199438958152557,1
966.0,0.8215701398342674,1
2016.0,0.82322533613623,1
972.0,0.8249102435591555,1
2730.0,0.8264975370870306,1
3360.0,0.8281394875760604,1
3344.0,0.7852037577838438,1
1040.0,0.7874361394662045,1
945.0,0.8330491400983908,1
1323.0,0.8343856362232874,1
1224.0,0.8358799390554122,1
1950.0,0.8374139622560743,1
2320.0,0.8388850556054748,1
2670.0,0.840298610544412,1
1113.0,0.8417138853577342,1
3328.0,0.843166332492183,1
3384.0,0.8029418642014807,1
3473.0,0.8041924905212432,1
1128.0,0.8058901901395998,1
1827.0,0.8482618384394536,1
1725.0,0.8502868961644163,1
3657.0,0.8517126547525912,0
2500.0,0.8025566773817949,1
3312.0,0.8444068984401379,1
2380.0,0.8047911856327831,1
2376.0,0.8471663853627494,1
812.0,0.8489116647485031,1
1640.0,0.8502725721168638,1
851.0,0.8516299677214132,1
3216.0,0.8529816339330543,1
3321.0,0.8148542865418827,1
1955.0,0.8155802538162032,1
1450.0,0.8562949653076251,1
1792.0,0.8584433894838447,1
1204.0,0.8596554625838091,1
945.0,0.8609704855719313,1
3270.0,0.8623047594169457,1
1470.0,0.8260180847788479,1
4290.0,0.8637481779038851,0
2960.0,0.8181886422163508,1
1750.0,0.8568161858243499,1
3210.0,0.8586886168596556,1
1632.0,0.8217228487758366,1
2376.0,0.8604499846609668,1
1550.0,0.862558231044361,1
3960.0,0.8637902786450592,0
984.0,0.8168409288264828,1
3168.0,0.8558555527294416,1
2280.0,0.8187618511247969,1
600.0,0.858306346661336,1
4186.0,0.8601413322676371,0
1512.0,0.8117771812162976,1
