3947.244748517029,0.5,0
3772.0,0.4545454545454546,0
1320.0,0.36585365853658536,1
3528.0,0.5264470671977518,1
2268.0,0.5430728470706806,1
2324.0,0.6597594507075234,1
3861.0,0.7196223955235859,0
2132.0,0.5753905532324358,1
2320.0,0.6617856821981436,1
792.0,0.6977727867910631,1
3159.0,0.7255935688650543,1
1560.0,0.6908834718726057,1
640.0,0.7577436469525091,1
1760.0,0.783197084743053,1
4644.0,0.7997073701479993,0
3892.0,0.695163327735265,0
2420.0,0.6439365954308236,1
986.0,0.7182178735214964,1
1825.0,0.7438385398734673,1
3339.0,0.7593402059454433,1
3588.0,0.7172679368100716,1
1380.0,0.7150732413901074,1
644.0,0.7760999433328645,1
836.0,0.7979198015868967,1
3013.0,0.809383854649876,1
4144.0,0.771198224081049,0
975.0,0.7230689077017677,1
1219.0,0.7798779620924186,1
2472.0,0.796344102544989,1
2328.0,0.8052817205252248,1
1360.0,0.8123984782166136,1
3525.0,0.8188311292913143,1
3100.0,0.7795307707362493,1
1656.0,0.7747266960743615,1
3129.0,0.8235322342444187,1
700.0,0.7950250660525643,1
2626.0,0.8351391756101714,1
1440.0,0.8474546718012732,1
3078.0,0.8532994180441466,1
2349.0,0.8191915011607821,1
4785.0,0.8525269483805923,0
2492.0,0.79300684690361,1
648.0,0.831549038706012,1
3600.0,0.8416176190887577,1
1034.0,0.8058583214661196,1
1800.0,0.843581555475933,1
1860.0,0.8536877849018369,1
1300.0,0.8585800984815578,1
2490.0,0.8622437216414406,1
2816.0,0.8653261564030935,1
2688.0,0.8685505429954048,1
2610.0,0.871584087575558,1
3225.0,0.874350840986684,1
1407.0,0.8423253270923733,1
3472.0,0.8722040913489009,1
1664.0,0.8468938584569506,1
700.0,0.8768005628749933,1
2212.0,0.885176314476123,1
2660.0,0.8885860842945374,1
1587.0,0.8910219997763279,1
3480.0,0.8932468980571042,1
3948.0,0.8654695867605,0
2280.0,0.8328547382566979,1
1809.0,0.8677050374698443,1
858.0,0.8757661511826121,1
3752.0,0.8793403000357531,0
1512.0,0.8219779913870907,1
2958.0,0.8558923366687325,1
3500.0,0.8627410423159767,1
1320.0,0.8290486620361844,1
2886.0,0.8638758967088168,1
2904.0,0.8709774257262931,1
2552.0,0.8739599775944782,1
2898.0,0.8765246754710009,1
1008.0,0.8788605649683897,1
3772.0,0.8814398004443657,0
2090.0,0.8264318439399976,1
2968.0,0.8604177504296375,1
1900.0,0.8665454891640703,1
1500.0,0.8695430662320249,1
1430.0,0.8720611081124575,1
3264.0,0.8744152438609483,1
3096.0,0.8423404562451717,1
2436.0,0.8400591415290297,1
2024.0,0.8764542231380081,1
3058.0,0.8829732757865663,1
2040.0,0.8527738128521174,1
945.0,0.8831726987441014,1
861.0,0.8888710407574683,1
1620.0,0.8912363069237925,1
4128.0,0.8931139697835454,0
3325.0,0.8419914224673964,1
2900.0,0.8380160823438194,1
1044.0,0.8748814761318718,1
760.0,0.8806574305218444,1
2576.0,0.8832442896190988,1
2725.0,0.885331398147211,1
2121.0,0.8871614721755262,1
4256.0,0.888968551962729,0
3243.0,0.8390536542205991,1
3841.0,0.8361836374695407,0
1782.0,0.8189890818783183,1
946.0,0.8590547697572529,1
4590.0,0.8633541795503584,0
756.0,0.8090180992364056,1
3699.0,0.8496755938822492,0
1525.0,0.7941402040848455,1
2226.0,0.838754432489045,1
1242.0,0.8413820418365561,1
2054.0,0.8438966824646736,1
4082.0,0.8464635596467558,0
546.0,0.79003855627404,1
1176.0,0.836071497756927,1
1804.0,0.8380213473987546,1
989.0,0.8405434049240493,1
3256.0,0.8429573234171288,1
1377.0,0.8038663621812635,1
945.0,0.8475871077711771,1
3900.0,0.8498271394890516,0
2716.0,0.7947300589724645,1
1566.0,0.8400675248904897,1
3276.0,0.8416214715054695,1
840.0,0.8022599851408284,1
4350.0,0.8467114025337932,0
3302.0,0.7911791757988333,1
1716.0,0.7946550111620129,1
2541.0,0.8398017459254641,1
3472.0,0.8408590511880084,1
962.0,0.8012981689481735,1
1450.0,0.8462470332486363,1
2781.0,0.8474620915000702,1
3726.0,0.8495722306078435,0
3874.0,0.795667618235152,0
1620.0,0.7873702385527912,1
1800.0,0.833276951986672,1
2898.0,0.8357087665798859,1
3024.0,0.8379450419788534,1
2184.0,0.7974835243778434,1
2376.0,0.8415511552233875,1
2470.0,0.8442309650495692,1
2688.0,0.8463083574246202,1
672.0,0.84826205279193,1
3888.0,0.8501877985431042,0
2060.0,0.796805389412395,1
3100.0,0.8405124349113634,1
2553.0,0.8007973932688659,1
2583.0,0.8444986263497614,1
1870.0,0.8467731924027537,1
2214.0,0.8487969539496918,1
2548.0,0.8506557285394283,1
3630.0,0.8524997839405768,0
3432.0,0.7997462592209931,1
1144.0,0.8012707742779497,1
3339.0,0.8450764088831623,1
4172.0,0.8059741980465583,0
1633.0,0.7940919220993682,1
1242.0,0.8386238245878745,1
2910.0,0.8399697272812797,1
3841.0,0.8420168166298578,0
1144.0,0.788017620671932,1
1617.0,0.8346831536928669,1
2470.0,0.8353532325300634,1
2548.0,0.8373866513788248,1
2760.0,0.8394380842093402,1
3180.0,0.8413954573668809,1
2002.0,0.8014337362437709,1
3151.0,0.845926570474273,1
3888.0,0.8061371205561972,0
729.0,0.7956742600255632,1
2079.0,0.8399699874355023,1
2492.0,0.8406085109824738,1
2247.0,0.8425135493319166,1
2472.0,0.8443918829919422,1
1628.0,0.8462531825425155,1
3096.0,0.8481274702539012,1
650.0,0.8094946009810294,1
2260.0,0.8522679904555978,1
832.0,0.8534675755987858,1
1914.0,0.8551958946293476,1
1760.0,0.8568468359840999,1
957.0,0.8585730382790151,1
899.0,0.8602138001141539,1
3496.0,0.8619364341712118,1
4988.0,0.8258714159248101,0
1624.0,0.8145367084201606,1
1736.0,0.8552421411281199,1
2394.0,0.8562248104275921,1
1944.0,0.8579032996845137,1
3192.0,0.8595237016390802,1
1222.0,0.823124478696758,1
2464.0,0.8631603569288917,1
2133.0,0.864566117305712,1
3059.0,0.8661360596495544,1
4676.0,0.831124026188617,0
2415.0,0.8198150072885799,1
1458.0,0.8595466407399696,1
2781.0,0.8604509149892268,1
2184.0,0.8620505010944832,1
2472.0,0.8636302361708472,1
720.0,0.8652285569195532,1
4396.0,0.8668505818017054,0
2970.0,0.8183512701260096,1
3168.0,0.8590540432473985,1
1610.0,0.8213509409846911,1
861.0,0.8621207636789948,1
1940.0,0.8628689270161591,1
2754.0,0.8644538630260772,1
832.0,0.8658960382234284,1
1768.0,0.8674098782789922,1
4225.0,0.8689650121297585,0
2484.0,0.8209280495164768,1
520.0,0.8611902705655866,1
1920.0,0.8617052779080552,1
700.0,0.8633732181601197,1
3410.0,0.8649632553890763,1
851.0,0.829499219687668,1
2622.0,0.8684655658352357,1
3192.0,0.8693173991189638,1
1482.0,0.8347932087093838,1
1680.0,0.8726202720159197,1
1225.0,0.8736651192382261,1
1408.0,0.8750113633891734,1
2754.0,0.8764186539356013,1
3429.0,0.8778905396587505,1
2010.0,0.8452899482662481,1
2262.0,0.8808154769160463,1
2912.0,0.8819802673632471,1
4872.0,0.883198771096588,0
3150.0,0.838077857081723,1
1320.0,0.8394371655126658,1
2376.0,0.8759219081701611,1
1518.0,0.8768925150158516,1
1357.0,0.8782135840156479,1
540.0,0.8796817970759904,1
2511.0,0.8810628706016082,1
4118.0,0.88229017715259,0
3969.0,0.8366548996630642,0
4025.0,0.8317014937517326,0
1738.0,0.8260521754114697,1
4008.0,0.8643507558867085,0
3796.0,0.816576297936587,0
777.0,0.8096461470457275,1
4032.0,0.8508919224263444,0
1080.0,0.801502977966884,1
2829.0,0.842937070325011,1
924.0,0.8456970650206652,1
3024.0,0.847501427617168,1
2968.0,0.8085223149718199,1
798.0,0.8494803743729745,1
3180.0,0.8524453556506321,1
2331.0,0.8146525705350988,1
1428.0,0.8543590370695724,1
2544.0,0.857446114332527,1
3332.0,0.8590330261413718,1
3750.0,0.8223212370203501,0
3335.0,0.8089475150005129,1
1222.0,0.8096264733138767,1
2691.0,0.8516704028083367,1
1144.0,0.8545182057857128,1
3200.0,0.8563225975669801,1
3276.0,0.8192281258636138,1
1470.0,0.8193719119222341,1
4770.0,0.8596373783268324,0
2520.0,0.8114498928434609,1
3538.0,0.8511900819570527,1
1920.0,0.8141319867314667,1
1518.0,0.8543924166266582,1
1638.0,0.8570962265354675,1
1836.0,0.8587814773152597,1
1593.0,0.8603548426644841,1
3335.0,0.8619896798728541,1
3180.0,0.8260325643540967,1
888.0,0.8260965845979703,1
3213.0,0.8650234685523887,1
1586.0,0.831347571216617,1
2016.0,0.8678947972844654,1
2838.0,0.870889568727091,1
1700.0,0.8723191177425275,1
1804.0,0.8737088196909968,1
648.0,0.8750209421213487,1
4843.0,0.8763333880341831,0
3080.0,0.8294401931434361,1
4368.0,0.828245625369395,0
760.0,0.8167625714397182,1
3749.0,0.8565469737875164,0
3657.0,0.806678360318106,0
1914.0,0.8012003644954422,1
2860.0,0.8439299697077718,1
1189.0,0.8467219750178008,1
1050.0,0.8485224384858076,1
3969.0,0.8502841675246483,0
3536.0,0.7989132121258703,1
3456.0,0.7988573460020484,1
943.0,0.8008533710387701,1
2250.0,0.8445079739683197,1
3768.0,0.8470028322109714,0
3712.0,0.7953685397586209,0
1300.0,0.7896792007839017,1
952.0,0.8343973796943974,1
1539.0,0.8373113790768059,1
2220.0,0.8390568159487732,1
4325.0,0.8407302023340648,0
3171.0,0.787898196913049,1
1053.0,0.7877456641235991,1
2205.0,0.8335610249249978,1
682.0,0.8361530037467209,1
4770.0,0.8379563531182407,0
2820.0,0.7847259658070967,1
840.0,0.8296664717746144,1
3630.0,0.8318213800295584,0
3969.0,0.7776192501302897,0
3749.0,0.7725112446544345,0
4617.0,0.7673904131589182,0
1269.0,0.7622860520894703,1
1120.0,0.811506405566271,1
1653.0,0.8158068542581461,1
5190.0,0.8179021282645376,0
3588.0,0.7614715556631945,1
3549.0,0.7600067807048421,1
4031.0,0.7620758416510764,0
2444.0,0.7534281459056166,1
1702.0,0.8039116746212983,1
1485.0,0.8072000118805718,1
3630.0,0.8092238024573392,0
2928.0,0.7517945494419034,1
2139.0,0.8015063154489659,1
4108.0,0.8043045699760978,0
4582.0,0.7462753749320125,0
2820.0,0.7406763531805745,1
3340.0,0.7931937580756813,1
2457.0,0.7457138802878582,1
3350.0,0.7970420032993631,1
1998.0,0.750386248339847,1
3476.0,0.800741501101696,1
2550.0,0.7549117931310344,1
3105.0,0.8044346430333379,1
3870.0,0.7594769494683604,0
1008.0,0.7493104271315439,1
2948.0,0.8003483031618916,1
2730.0,0.803431933329169,1
2460.0,0.8053908401624681,1
2967.0,0.8072783022294087,1
4920.0,0.8091167611373815,0
840.0,0.7520848021764955,1
1537.0,0.8015702231531706,1
5100.0,0.8044045653517593,0
1474.0,0.7469216312677678,1
1624.0,0.7977931470069226,1
3600.0,0.8000801460253655,1
1300.0,0.7523309895842992,1
3657.0,0.8030900464368045,0
2030.0,0.7463991256113178,1
4617.0,0.7976486848453875,0
987.0,0.7393952772919624,1
2369.0,0.7924099415823476,1
4553.0,0.7937763618477871,0
3645.0,0.7348767166076297,0
594.0,0.7312902673893356,1
3500.0,0.7851384588326469,1
1380.0,0.7345792473723168,1
4920.0,0.7887797405139906,0
1890.0,0.7293332948327597,1
3000.0,0.7839577892722936,1
770.0,0.7327208485816403,1
4260.0,0.7875317280412668,0
2360.0,0.7275622512326217,1
725.0,0.7828474233012269,1
2184.0,0.783657498299527,1
2266.0,0.7855728621325593,1
3300.0,0.7874169401956911,1
4176.0,0.7374387006111507,0
3013.0,0.7311510747360345,1
1008.0,0.7325307504707463,1
1298.0,0.7867956133309512,1
2180.0,0.787581981786477,1
1386.0,0.7893970348005441,1
2373.0,0.7912173771338132,1
3016.0,0.7929707727791172,1
3654.0,0.7438304609531393,0
2354.0,0.7375722636692273,1
832.0,0.7904736997950557,1
2331.0,0.7912160552961669,1
2158.0,0.7929795221377498,1
4230.0,0.7947421203691594,0
3094.0,0.7367224399047376,1
2320.0,0.7392858090482837,1
3475.0,0.7924427162025501,1
4125.0,0.741800581920554,0
3807.0,0.736452936935237,0
2550.0,0.7323307030691251,1
1869.0,0.7859206923210794,1
1276.0,0.7867705184467536,1
1710.0,0.7885297688734925,1
1200.0,0.7902371865887992,1
5130.0,0.7919278131900918,0
3810.0,0.7336012363435931,0
2162.0,0.7304808101271887,1
1768.0,0.7843280144871755,1
1421.0,0.7857279385991967,1
1660.0,0.787459886528671,1
1058.0,0.7891573324188141,1
2970.0,0.7908536893031487,1
3066.0,0.7925274183015104,1
2943.0,0.7432366939916348,1
3381.0,0.7954514141867743,1
2020.0,0.7470511701512094,1
2646.0,0.7984814195235694,1
504.0,0.8006973336180724,1
1404.0,0.8022660210144398,1
1410.0,0.8038523187027357,1
1518.0,0.80539246636624,1
1820.0,0.8069216466330729,1
3306.0,0.8084413768187235,1
2800.0,0.761740585093277,1
3654.0,0.8101900049515472,0
1612.0,0.7563651161207621,1
1860.0,0.8052664544332356,1
2772.0,0.8075592082533926,1
2632.0,0.8091110258586263,1
1380.0,0.8106583656566841,1
4082.0,0.812212903023256,0
2800.0,0.7571340316534821,1
966.0,0.8060945134050795,1
2520.0,0.8082472285141118,1
3807.0,0.8097656828683761,0
3915.0,0.7544459072069349,0
720.0,0.7501906002508884,1
840.0,0.8010102393703527,1
2820.0,0.8034271889127567,1
858.0,0.8049969410868112,1
3120.0,0.8065759461339793,1
2884.0,0.7595307647930682,1
3926.0,0.8083390264366903,0
2704.0,0.754330750974583,1
1073.0,0.8035105461899386,1
1440.0,0.8058125293040872,1
4396.0,0.8073669324751265,0
900.0,0.7516877637819734,1
3180.0,0.8016188953947704,1
960.0,0.7542435162420539,1
2990.0,0.8045175023418784,1
1416.0,0.8066480596833016,1
2324.0,0.8082038349643911,1
1540.0,0.8096816665242738,1
2678.0,0.811182060966719,1
2025.0,0.8126542364708229,1
3024.0,0.8141576300309433,1
2323.0,0.7683828862816682,1
2444.0,0.8157681246436395,1
3248.0,0.8184564830252674,1
3892.0,0.7735176317569449,0
1440.0,0.7651470594849632,1
756.0,0.8134830984871242,1
2275.0,0.8158619201964817,1
3591.0,0.8173150531326224,1
2700.0,0.7720623234697018,1
1281.0,0.8189021704836681,1
4830.0,0.8214878569651641,0
4239.0,0.7683451878994014,0
1224.0,0.7635924082875775,1
1960.0,0.8122491097005307,1
3828.0,0.8150891834204508,0
3200.0,0.7608085756364047,1
1431.0,0.7602430039630804,1
1820.0,0.8100529876373083,1
3657.0,0.8125890070309358,0
1155.0,0.7579116863153941,1
1771.0,0.8066306205078609,1
650.0,0.8087834916661426,1
2346.0,0.8102671289335834,1
2200.0,0.8117394630734033,1
1440.0,0.8131942487039321,1
1914.0,0.8146612239832784,1
2310.0,0.8160486001723353,1
2852.0,0.8174913751412909,1
1771.0,0.8189172095447136,1
2200.0,0.8203183216668021,1
1800.0,0.8216797179873416,1
1298.0,0.8230599398473643,1
3250.0,0.8243946418569295,1
704.0,0.7803869879778053,1
3080.0,0.8253466134755095,1
3930.0,0.7834244461323078,0
2190.0,0.7747041686731928,1
3450.0,0.8214194173939252,1
1408.0,0.7783800894048256,1
1008.0,0.8239744990611044,1
4089.0,0.8266997427124115,0
2280.0,0.7744905540845741,1
1736.0,0.8201515197171618,1
2220.0,0.822528756567284,1
3498.0,0.8239214150692205,1
3102.0,0.7798265863943199,1
4480.0,0.7798972494851218,0
3216.0,0.7732016350452154,1
806.0,0.7738773628232772,1
4321.0,0.8215340878183371,0
2856.0,0.7696004785493453,1
676.0,0.8166564338329152,1
4104.0,0.8184733977608926,0
