Timestep: 0, Trans probs: [0.16666666666666666, 0.16666666666666666, 0.08333333333333333, 0.08333333333333333, 0.16666666666666666, 0.16666666666666666, 0.08333333333333333, 0.08333333333333333]
Timestep: 1, Trans probs: [0.2222222222222225, 0.11111111111111108, 0.22222222222222215, 0.11111111111111108, 0.11111111111111108, 0.05555555555555554, 0.11111111111111108, 0.05555555555555554]
Timestep: 2, Trans probs: [0.2806164731852034, 0.09360073581721676, 0.281543022296459, 0.09390978994222916, 0.09370351458839296, 0.03125517833853013, 0.09401290807188281, 0.03135837776008579]
Timestep: 3, Trans probs: [0.31933301355870114, 0.08031936369350522, 0.21335160893624858, 0.05366268047821177, 0.15966650677935057, 0.04015968184675261, 0.10667580446812429, 0.026831340239105887]
Timestep: 4, Trans probs: [0.33109597325346396, 0.06664061222704568, 0.1655479866267321, 0.03332030611352284, 0.22387094931156906, 0.045059131874587904, 0.11193547465578453, 0.022529565937293952]
Timestep: 5, Trans probs: [0.28241007859224376, 0.04802946556576448, 0.28535243928132437, 0.048529872676242626, 0.14270024405098952, 0.024269022168182008, 0.14418700256368433, 0.024521875101568943]
Timestep: 6, Trans probs: [0.24681442347061375, 0.036249179590211664, 0.3744136065206364, 0.054989436488104296, 0.09960800182073737, 0.014629243687826608, 0.15110377536123518, 0.022192333060634784]
Timestep: 7, Trans probs: [0.21929827686846579, 0.02837083058231504, 0.4437609936696485, 0.05740978976315772, 0.07355241062590197, 0.009515546636237153, 0.14883696895496093, 0.019255182899312957]
Timestep: 8, Trans probs: [0.19735326519431565, 0.0226747209175913, 0.49892889285884556, 0.05732397379976555, 0.05687594127131986, 0.006534708680815058, 0.1437880968468602, 0.016520400430486783]
Timestep: 9, Trans probs: [0.2657814943574959, 0.13289074717874805, 0.26650412850635186, 0.13325206425317593, 0.06709930364654813, 0.03354965182327407, 0.06728174015627071, 0.033640870078135356]
Timestep: 10, Trans probs: [0.2490592192362062, 0.05766700950836988, 0.4138674382686095, 0.09582659726884371, 0.05600329590755027, 0.012966966681678526, 0.09306196607753323, 0.021547507051208767]
Timestep: 11, Trans probs: [0.22944825556171894, 0.04789873727792697, 0.45914795749905907, 0.09584996553625334, 0.04621661748015417, 0.009648003699731275, 0.09248388254937108, 0.019306580395785134]
Timestep: 12, Trans probs: [0.21221451814949588, 0.040422211478933906, 0.49766433986672914, 0.0947941421116421, 0.03889862890763519, 0.007409335693222159, 0.09122118809704594, 0.017375635695295898]
Timestep: 13, Trans probs: [0.311506137230385, 0.054575589796727594, 0.41653247931911563, 0.0729761086906656, 0.0525771532834313, 0.009211469076623782, 0.07030388616867558, 0.012317176434375595]
Timestep: 14, Trans probs: [0.2743802348046614, 0.04422148054859926, 0.47116916966457556, 0.07593767928019761, 0.0425627251245206, 0.006859775167585753, 0.07308924372726443, 0.01177969168259544]
Timestep: 15, Trans probs: [0.24489881378372852, 0.08210026683083951, 0.409866359520238, 0.13740424856166494, 0.035219343061981975, 0.011806988438699059, 0.058943625338490714, 0.01976035446435736]
Timestep: 16, Trans probs: [0.31403067924578104, 0.0777323744197512, 0.39244563565303936, 0.0971425185693514, 0.04227527056771799, 0.010464446239324854, 0.05283160699521114, 0.013077468309823021]
Timestep: 17, Trans probs: [0.30723938724557437, 0.07042333444932519, 0.4149549787191117, 0.09511317383402819, 0.038855804617414856, 0.008906264748154475, 0.0524783287803071, 0.012028727606084137]
Timestep: 18, Trans probs: [0.2874738611241385, 0.06116477492804565, 0.44934274532785795, 0.09560503266646668, 0.03423409750780228, 0.007283865255579835, 0.05351040716475698, 0.011385216025352298]
Timestep: 19, Trans probs: [0.2993416729768816, 0.059313375424687904, 0.45101270547887273, 0.08936639411191699, 0.03361750732271441, 0.006661176884744511, 0.05065089260139269, 0.010036275198789224]
Timestep: 20, Trans probs: [0.333613309351441, 0.0619986820734274, 0.4283071691873261, 0.07959658463218326, 0.0356257560521256, 0.006620688866985328, 0.04573788364291545, 0.008499926193595917]
Timestep: 21, Trans probs: [0.2303500972930495, 0.04023490215488992, 0.40680462586156113, 0.07105594705642174, 0.07742124346708942, 0.013523051182588959, 0.13672805157229032, 0.023882081412109037]
Timestep: 22, Trans probs: [0.3515808227390048, 0.05806945425626255, 0.38273294693271165, 0.06321474869171806, 0.05933742857770123, 0.009800568949219877, 0.06459507297931293, 0.010668956874069034]
Timestep: 23, Trans probs: [0.332894828009928, 0.051868033640302895, 0.41307857985047364, 0.06436138946302265, 0.053203217664353576, 0.00828954387811862, 0.06601817675464572, 0.010286230739154967]
Timestep: 24, Trans probs: [0.31626641966552266, 0.046636087489618075, 0.44062566056648805, 0.06497388144489631, 0.0478851905339396, 0.0070610655964031994, 0.06671414477921384, 0.00983754992391826]
Timestep: 25, Trans probs: [0.2532863332586506, 0.03568854287207183, 0.5132242622320999, 0.07231430867197085, 0.03634481434401559, 0.005121055874614947, 0.0736440860732188, 0.01037659667335744]
Timestep: 26, Trans probs: [0.3512875762735508, 0.04715537872794767, 0.42395748250046644, 0.05691028377356816, 0.048215770807184276, 0.006472283925299424, 0.058190036280461564, 0.00781118771152164]
Timestep: 27, Trans probs: [0.3346323987876319, 0.043032968138789846, 0.4484736190371334, 0.057672691075440596, 0.043991698948595705, 0.005657232790622791, 0.0589575800387143, 0.0075818111830716056]
Timestep: 28, Trans probs: [0.21534993398158608, 0.05489923779382938, 0.4926398363992744, 0.1255888544990664, 0.027030819696979447, 0.006890976797018621, 0.06183637183931938, 0.015763968992926303]
Timestep: 29, Trans probs: [0.34715064500903214, 0.06204148394899895, 0.41045099039383437, 0.07335428840037803, 0.04159700643470748, 0.007434063695829124, 0.04918191204311364, 0.008789610074106367]
Timestep: 30, Trans probs: [0.21595015688380167, 0.036929903957370426, 0.5501803990042382, 0.09408703187646682, 0.024757373234053165, 0.004233789078756336, 0.06307483949427001, 0.01078650647104332]
Timestep: 31, Trans probs: [0.3762440420415583, 0.06145617627432638, 0.3978324408817246, 0.06498245256405212, 0.04156576162239011, 0.006789403918215616, 0.04395075152184563, 0.007178971175887265]
Timestep: 32, Trans probs: [0.36130253258064576, 0.056441601522197474, 0.42027879188055367, 0.0656546964399094, 0.03851098898446187, 0.006016071570164159, 0.044797227987606866, 0.006998089034460815]
Timestep: 33, Trans probs: [0.18218554149488522, 0.027391588931172446, 0.5119611433695916, 0.07697333758127342, 0.04597086712731563, 0.0069117180475945185, 0.12918312563707385, 0.019422677811093338]
Timestep: 34, Trans probs: [0.1811172923203723, 0.02612016305345904, 0.3980506028391882, 0.05740559897116891, 0.09218740941760242, 0.0132949766121968, 0.20260491653083404, 0.029219040255178252]
Timestep: 35, Trans probs: [0.372018675438677, 0.05169439860060559, 0.3911843038870502, 0.054357586504473684, 0.05595549860849352, 0.007775378065502265, 0.05883820952269501, 0.008175949372502718]
Timestep: 36, Trans probs: [0.35882682706987185, 0.047936350939552154, 0.4118276864024706, 0.05501683545575184, 0.05191454703229662, 0.006935362012170485, 0.05958263480333319, 0.00795975628455336]
Timestep: 37, Trans probs: [0.34660260619138805, 0.04464181254620042, 0.43117207775105165, 0.05553421332178218, 0.048183345136370015, 0.006205931008605768, 0.059939863879652784, 0.007720150164949093]
Timestep: 38, Trans probs: [0.3348942304570845, 0.041767779685007556, 0.44895751679375423, 0.05599367485004375, 0.04497103219856416, 0.005608756419939911, 0.06028793901872437, 0.007519070576881541]
Timestep: 39, Trans probs: [0.1860849041599318, 0.022390545380258732, 0.448211003022086, 0.05393069818534052, 0.07577889122434504, 0.009118045929003043, 0.18252384843841965, 0.021962063660615205]
Timestep: 40, Trans probs: [0.3434088906038242, 0.039976697630934074, 0.419198773250772, 0.0487995013059746, 0.059944879196157916, 0.006978265198475294, 0.07317463382357547, 0.008518358990286499]
Timestep: 41, Trans probs: [0.3329436432515295, 0.03747684175010326, 0.4363018858147521, 0.049111064474050364, 0.05608491011241085, 0.006313036285434268, 0.0734957778704589, 0.008272840441260705]
Timestep: 42, Trans probs: [0.32319511687030444, 0.03527086497753385, 0.4526336714794914, 0.04939672748040031, 0.0523963720409306, 0.005718110414118376, 0.07338094238165417, 0.008008194355566774]
Timestep: 43, Trans probs: [0.3137485547035432, 0.03323018695995898, 0.46781148628260477, 0.04954752115392509, 0.049244447777518414, 0.0052156485881921805, 0.07342541650186868, 0.007776738032388448]
Timestep: 44, Trans probs: [0.18706202538395342, 0.01923234244714307, 0.4902923916747418, 0.0504082598088148, 0.06335734897222042, 0.006513936911972607, 0.16606056784642242, 0.017073126954731437]
Timestep: 45, Trans probs: [0.32205902369125156, 0.032093176451198406, 0.4390984975660008, 0.04375615811141318, 0.06271563072396072, 0.006249611577416404, 0.08550711887891532, 0.008520782999843544]
Timestep: 46, Trans probs: [0.3132044039189122, 0.0304196110824591, 0.4538465504648038, 0.04407931492505219, 0.058971281939788026, 0.005727516724531204, 0.08545190473052637, 0.008299416213926993]
Timestep: 47, Trans probs: [0.30495238524594, 0.02873521683755296, 0.468371746787175, 0.044133984043635575, 0.05542907060372857, 0.005223000179577635, 0.08513266948386214, 0.008021926818528058]
Timestep: 48, Trans probs: [0.2969781709969035, 0.02723295077485377, 0.4822327290945886, 0.044220826498366624, 0.052134915392103354, 0.004780780956924677, 0.08465660100961298, 0.007763025276646559]
Timestep: 49, Trans probs: [0.2893302357562467, 0.02579200738786309, 0.49543572874115416, 0.04416504186817362, 0.0491773638995524, 0.004383858913665238, 0.08420904596251702, 0.007506717470827793]
Timestep: 50, Trans probs: [0.28192427874400783, 0.024565701491264035, 0.5079190898521755, 0.04425794329814619, 0.04640355305708031, 0.004043411364259795, 0.0836013504748935, 0.007284671718172941]
Timestep: 51, Trans probs: [0.27486858880838083, 0.023385393363257664, 0.5201153716631786, 0.04425060940338896, 0.04377531061697705, 0.0037243355554550175, 0.08283308052740981, 0.007047310061952102]
Timestep: 52, Trans probs: [0.2681372057531048, 0.022223979897119914, 0.5317882041092383, 0.04407613007100324, 0.04140944187462082, 0.003432133191616478, 0.0821260617892282, 0.006806843314068138]
Timestep: 53, Trans probs: [0.20936162032498795, 0.016895764093676817, 0.5953635630875868, 0.048046639571685396, 0.031375902190296553, 0.002532077468690936, 0.08922394130359645, 0.007200491959479295]
Timestep: 54, Trans probs: [0.19493139925491879, 0.04027034757947591, 0.44809992243012864, 0.09257174419088428, 0.05630984174440598, 0.011632897049218157, 0.12944264399766492, 0.026741203753303452]
Timestep: 55, Trans probs: [0.2605267238942319, 0.02827996227788966, 0.5022954852421078, 0.05452376310066357, 0.047560709639470365, 0.005162676037257243, 0.09169704117000825, 0.00995363863837134]
Timestep: 56, Trans probs: [0.2728102187393367, 0.02884095211385777, 0.4954530573593996, 0.05237830887713182, 0.04833848865371634, 0.005110248593180977, 0.0877879578788781, 0.009280767784498723]
Timestep: 57, Trans probs: [0.22010173830695692, 0.038236731447698305, 0.4597164090793004, 0.07986330781063995, 0.05574325682033608, 0.009683885086299191, 0.11642838467768767, 0.02022628677108155]
Timestep: 58, Trans probs: [0.22698260721983618, 0.030251484215574, 0.40637281351085575, 0.05416001210020343, 0.08925181628054506, 0.011895184148656939, 0.15978982767499675, 0.021296254849331984]
Timestep: 59, Trans probs: [0.2737146624474476, 0.03555702527509779, 0.45766192813133016, 0.05945277684618041, 0.05750408082485929, 0.0074700932607267975, 0.09614913673387089, 0.012490296480487146]
Timestep: 60, Trans probs: [0.26795539181638295, 0.03396029783221413, 0.46918733098125814, 0.05946415704201913, 0.054661970174102535, 0.006927782921719251, 0.09571258752553405, 0.012130481706769919]
Timestep: 61, Trans probs: [0.2533267136745148, 0.031364927505109455, 0.48957452042442745, 0.06061527866022953, 0.050101655261707324, 0.006203194137624521, 0.09682553210213603, 0.011988178234250964]
Timestep: 62, Trans probs: [0.28048303916090767, 0.033926212454207315, 0.4679080337336797, 0.05659646090889796, 0.05385769659662816, 0.006514431897549504, 0.0898466053111195, 0.0108675199370101]
Timestep: 63, Trans probs: [0.26950969698579885, 0.03179406723992909, 0.3944713280633124, 0.04653579470029212, 0.0935587985860193, 0.011037134345810266, 0.13693853669458003, 0.016154643384257844]
Timestep: 64, Trans probs: [0.2801511972265855, 0.032274384189238746, 0.45304875382630677, 0.052192779050021156, 0.06247135947133202, 0.0071969160808943175, 0.10102605963675816, 0.011638550518863398]
Timestep: 65, Trans probs: [0.27429624041812684, 0.030960325219535012, 0.4643048020215462, 0.05240694385627069, 0.05941034726333933, 0.006705756046363022, 0.10056466498442457, 0.011350920190394327]
Timestep: 66, Trans probs: [0.2878763517499546, 0.03175531547901993, 0.45623670335675987, 0.0503269558618902, 0.060559838258200965, 0.006680287413528043, 0.09597739027462353, 0.010587157606023022]
Timestep: 67, Trans probs: [0.2911153564464383, 0.03149684666504903, 0.4578615605617922, 0.04953773494765178, 0.0596211778426987, 0.006450635649811922, 0.09377123166160671, 0.010145456224951242]
Timestep: 68, Trans probs: [0.2852039683355007, 0.0301389298640858, 0.46895447340240903, 0.04955676481576221, 0.05682703670422794, 0.006005197205383231, 0.09343941891194728, 0.009874210760683766]
Timestep: 69, Trans probs: [0.28046577542565515, 0.029029537213140444, 0.47853492929090397, 0.04953063352045313, 0.05439439252920181, 0.0056300774656592644, 0.09280853160525145, 0.00960612294973486]
Timestep: 70, Trans probs: [0.2756848406637905, 0.02794165849920219, 0.41741250831053683, 0.04230627165580057, 0.08546868736776557, 0.008662561456244947, 0.1294075477283721, 0.01311592431828734]
Timestep: 71, Trans probs: [0.31527019778605997, 0.03133381780098136, 0.4280942740255883, 0.04254708525625912, 0.07050157588306478, 0.007006953238571192, 0.09573160151915586, 0.009514494490319415]
Timestep: 72, Trans probs: [0.29581906970407595, 0.02878226839373955, 0.45268541570558735, 0.04404487224506423, 0.06435100085232016, 0.006261150708742566, 0.09847492117747601, 0.009581301212994142]
Timestep: 73, Trans probs: [0.27664471185273787, 0.04112604683429193, 0.4039379649964764, 0.06004948207879231, 0.07723032241438499, 0.01148107200520857, 0.1127665121923409, 0.016763887625766895]
Timestep: 74, Trans probs: [0.29447805170989144, 0.035273816007631485, 0.42112982660168424, 0.050444696752843195, 0.07301022147168382, 0.008745470516103979, 0.10441111563319941, 0.01250680130696239]
Timestep: 75, Trans probs: [0.2889807937841078, 0.03391789496164882, 0.43229925329328184, 0.050739291262916826, 0.06958409420368569, 0.008167137917010877, 0.10409394884497335, 0.012217585732374771]
Timestep: 76, Trans probs: [0.2835690448158464, 0.032636763070959626, 0.4431285509279724, 0.05100091773418319, 0.06637134778745252, 0.007638866061160066, 0.10371738278869697, 0.011937126813728879]
Timestep: 77, Trans probs: [0.28138599097646, 0.03645660818928357, 0.4396697119659972, 0.05696398163325929, 0.06409489468714269, 0.008304189040946378, 0.10014920710087687, 0.012975416406033972]
Timestep: 78, Trans probs: [0.29179864464775357, 0.040309641806757564, 0.42715632483653765, 0.0590082194193782, 0.06480447560299837, 0.00895221841138094, 0.09486555931386147, 0.013104915961332272]
Timestep: 79, Trans probs: [0.28653149523442745, 0.03875279216467164, 0.43761133610896175, 0.05918602820000653, 0.062012344223722586, 0.008387041310693767, 0.09470967507006359, 0.012809287687452679]
Timestep: 80, Trans probs: [0.268072312379478, 0.030891105886707817, 0.4464484371115798, 0.05144614086159842, 0.06833933642695894, 0.00787503065517687, 0.11381253688694616, 0.01311509979155402]
Timestep: 81, Trans probs: [0.2849761428075891, 0.044948274652371306, 0.4086227985883312, 0.06445062242480384, 0.06991415596267, 0.011027311456105247, 0.10024880605425354, 0.015811888053875685]
Timestep: 82, Trans probs: [0.2802696235217118, 0.043272154106518176, 0.4189665044717976, 0.06468622221404742, 0.06694486074918263, 0.010335934000188283, 0.10007382872251763, 0.015450872214036503]
Timestep: 83, Trans probs: [0.2544628105737382, 0.03847017036777793, 0.45026454964074214, 0.06807184867680559, 0.05919725977939192, 0.008949554018852947, 0.10474783114450434, 0.015835975798186824]
Timestep: 84, Trans probs: [0.2948844115264733, 0.043726164322267815, 0.41497393963286927, 0.06153332615961863, 0.06688464377076742, 0.00991781460748516, 0.0941229276339847, 0.013956772346533666]
Timestep: 85, Trans probs: [0.24862271477709863, 0.03619055703489955, 0.46620610602683343, 0.06786290096345098, 0.054989564072970454, 0.008004509791839894, 0.1031139514406674, 0.015009695892239865]
Timestep: 86, Trans probs: [0.3092126099041643, 0.044056318376545216, 0.41093269255151377, 0.05854929894350548, 0.0666151193294313, 0.009491258803379907, 0.0885291526731974, 0.012613549418262702]
Timestep: 87, Trans probs: [0.24309781713709464, 0.033991170494296834, 0.4818642808347263, 0.06737670916941203, 0.051091942058980426, 0.007143934626250248, 0.10127356225011301, 0.014160583429126556]
Timestep: 88, Trans probs: [0.3232006922331647, 0.04432323917100614, 0.4068343210113172, 0.055792624664769065, 0.06612696031344385, 0.009068548267557354, 0.0832384262972246, 0.011415188041517045]
Timestep: 89, Trans probs: [0.23757559309325646, 0.03195474442027337, 0.4971106711703967, 0.06686311602558083, 0.04745670134926505, 0.006383091557935174, 0.0992999000954019, 0.013356182287890563]
Timestep: 90, Trans probs: [0.3368874720499128, 0.04441637922003402, 0.402662755375272, 0.053088414157122746, 0.06558006434571904, 0.008646296609160135, 0.07838418343803094, 0.010334434804748313]
Timestep: 91, Trans probs: [0.3313060057503762, 0.04284845225082182, 0.4127350907324168, 0.05337983471634217, 0.06297946064387498, 0.008145256546344775, 0.0784586845754725, 0.010147214784350794]
Timestep: 92, Trans probs: [0.32587217307999666, 0.041427114281569595, 0.4224590298841816, 0.05370590052191024, 0.06047755725291701, 0.007688323467778027, 0.07840279802154328, 0.00996710349010364]
Timestep: 93, Trans probs: [0.3206562850214417, 0.040045148685681084, 0.4320518628608782, 0.05395678143976637, 0.05805219306342661, 0.007249846054317424, 0.07821944969684802, 0.009768433177640597]
Timestep: 94, Trans probs: [0.31553579993309633, 0.038652489979075215, 0.44141692030151725, 0.05407266970076387, 0.05582352033644524, 0.0068382670392984094, 0.0780939799304153, 0.009566352779388268]
Timestep: 95, Trans probs: [0.31051047632389084, 0.037393993100162545, 0.4505290248823005, 0.05425607357060201, 0.053643710641250786, 0.006460176704291468, 0.07783327935467628, 0.009373265422825452]
Timestep: 96, Trans probs: [0.305782650163994, 0.03608292539403649, 0.4596232884445314, 0.05423640882637161, 0.05155475691422663, 0.006083557868460032, 0.07749218896221563, 0.009144223426164328]
Timestep: 97, Trans probs: [0.30104618056406407, 0.03486638459523534, 0.46836474922809296, 0.0542447854573013, 0.04961011659884321, 0.005745714501040288, 0.0771829417548415, 0.0089391273005813]
Timestep: 98, Trans probs: [0.2412416314458622, 0.027446179608446315, 0.5321514062030794, 0.060543128422735216, 0.03882172561700472, 0.004416766905480189, 0.08563627991777752, 0.0097428818796144]
Timestep: 99, Trans probs: [0.3138005295090117, 0.03508604653947859, 0.46316733675469224, 0.05178675370104751, 0.04946151831618767, 0.005530293834335915, 0.07300484720722618, 0.008162674138020218]
Timestep: 100, Trans probs: [0.23507319905664506, 0.025854493503334956, 0.5455166125043699, 0.059998569681935066, 0.0362351651854639, 0.003985319664850845, 0.08408821016107133, 0.009248430242328916]
Timestep: 101, Trans probs: [0.32641250607777955, 0.035240432651904574, 0.4579509861000989, 0.049441705152339525, 0.04918630578724797, 0.005310294992430414, 0.06900751907012968, 0.0074502501680693755]
Timestep: 102, Trans probs: [0.22933652317897033, 0.02429903885995583, 0.5584944580873512, 0.0591745194006628, 0.03387399940534291, 0.0035890734562597825, 0.0824920543788598, 0.008740333232597432]
Timestep: 103, Trans probs: [0.3388276690598591, 0.03522308675670338, 0.4526274732213004, 0.04705323152025326, 0.04896616045776534, 0.005090314267226581, 0.06541210032475704, 0.006799964392134878]
Timestep: 104, Trans probs: [0.33351194677600027, 0.03407286076511095, 0.46141471370022663, 0.04713989842600954, 0.04714886962994125, 0.004816909516025052, 0.06523059336222305, 0.006664207824463263]
Timestep: 105, Trans probs: [0.32825935534981443, 0.03298677686344652, 0.46987581433838516, 0.04721781234412365, 0.04546772693835978, 0.004569051082810635, 0.06508324857492662, 0.006540214508133262]
Timestep: 106, Trans probs: [0.2064317770126271, 0.021741719898918727, 0.5265855602569863, 0.05546082061398074, 0.04835310629288906, 0.005092625314165334, 0.1233436437736479, 0.012990746836784863]
Timestep: 107, Trans probs: [0.2371268010089153, 0.028519584905342624, 0.5320183075727323, 0.06398661488056241, 0.038073617891585754, 0.004579169345230728, 0.08542206814104825, 0.010273836254582603]
Timestep: 108, Trans probs: [0.32685639778732933, 0.03861290219622979, 0.4458238953650001, 0.05266702620785677, 0.0514670361301497, 0.0060800144830462696, 0.07019974118837341, 0.008292986642014518]
Timestep: 109, Trans probs: [0.2192041919347637, 0.02548305418863588, 0.5172633280528424, 0.060133199562568455, 0.04744039945259592, 0.005515069120305942, 0.11194666802863407, 0.013014089659653505]
Timestep: 110, Trans probs: [0.2223247619553754, 0.025418031772970043, 0.46809511334807447, 0.05351656000532017, 0.06665095920821475, 0.007620096762741057, 0.14033069475000437, 0.016043782197299815]
Timestep: 111, Trans probs: [0.33093535262553114, 0.037148732941962706, 0.4310212548228513, 0.048383750362996025, 0.05955386574465408, 0.006685144505286608, 0.07756494354309156, 0.008706955453626639]
Timestep: 112, Trans probs: [0.3261466810558547, 0.035952472815685727, 0.43955111408990005, 0.04845350389359056, 0.05750845829750033, 0.006339390843774339, 0.07750471914178335, 0.008543659861910772]
Timestep: 113, Trans probs: [0.23945681827769427, 0.02596973709071926, 0.5299309250891383, 0.05747243657454263, 0.04132228373952874, 0.0044815130027292625, 0.09144845490884962, 0.009917831316797984]
Timestep: 114, Trans probs: [0.2587214497864825, 0.027613976201852703, 0.5140952802948172, 0.054870652770621545, 0.04377011888436347, 0.00467169236343784, 0.08697389240422376, 0.009282937294201168]
Timestep: 115, Trans probs: [0.33918480884907726, 0.035564283820753745, 0.4371447063432142, 0.04583559759024396, 0.056260200022356564, 0.005899007470873377, 0.07250869725279108, 0.007602698650689836]
Timestep: 116, Trans probs: [0.22984894632842676, 0.023713042855462354, 0.4796634885305012, 0.04948589515599458, 0.06380840208279809, 0.006582981550700419, 0.13315945637122348, 0.013737787124893036]
Timestep: 117, Trans probs: [0.3418775041907336, 0.03472065957502994, 0.42187159663038387, 0.042844761388002806, 0.06448360730621808, 0.006548875986294848, 0.07957178239953425, 0.008081212523802762]
Timestep: 118, Trans probs: [0.33700385223881546, 0.03372075162200683, 0.4301565095743112, 0.04304164691763149, 0.062326356722423835, 0.006236402286143899, 0.07955424807192549, 0.00796023256674196]
Timestep: 119, Trans probs: [0.22671876020873707, 0.0223535087850789, 0.49667782291097895, 0.048970328117410734, 0.05856239590198952, 0.005774004013012163, 0.12829394124364152, 0.012649238819150954]
Timestep: 120, Trans probs: [0.23015521747421608, 0.02234445402806816, 0.45262823329023616, 0.043943087024270515, 0.07709899472802048, 0.0074851005430868235, 0.15162455213993395, 0.014720360772167686]
Timestep: 121, Trans probs: [0.33965925886801784, 0.03238559036989347, 0.4157491530079042, 0.039640555687533885, 0.0708375660607975, 0.006754170061169111, 0.08670647810122475, 0.008267227843459228]
Timestep: 122, Trans probs: [0.24750162491285577, 0.023205630884659576, 0.5117414524326052, 0.04798062743107987, 0.050538935896320414, 0.004738505826482622, 0.10449575217571817, 0.00979747044027841]
Timestep: 123, Trans probs: [0.3507784630396603, 0.03240510079361919, 0.4122240249870469, 0.03808147445399557, 0.07007704484384308, 0.006473754636489629, 0.08235238057206681, 0.007607756673278387]
Timestep: 124, Trans probs: [0.3462437964494124, 0.031428999512041415, 0.420691169081582, 0.03818668430559719, 0.06765080361934572, 0.0061407513888910095, 0.0821966948022683, 0.007461100840861837]
Timestep: 125, Trans probs: [0.2207922622122394, 0.019713529631014182, 0.47889290982708993, 0.042758154082791065, 0.06890172997006648, 0.0061519198262816105, 0.14944613378600735, 0.013343360664509966]
Timestep: 126, Trans probs: [0.34792315571271953, 0.030530769409136276, 0.4064928471221548, 0.03567034610423339, 0.07605429727172082, 0.0066738766145651, 0.08885734486549526, 0.007797362899974858]
Timestep: 127, Trans probs: [0.23183707060085496, 0.020044568865822517, 0.5264568140003664, 0.04551731022033085, 0.04956785586735292, 0.004285623079558771, 0.11255894240349218, 0.00973181496222127]
Timestep: 128, Trans probs: [0.23116704244789318, 0.02226473472226345, 0.47500493802775956, 0.04574985614282423, 0.06742641164361458, 0.006494140136164103, 0.13854863628074784, 0.01334424059873302]
Timestep: 129, Trans probs: [0.3447212228656332, 0.03579424221927583, 0.3878164988255722, 0.040269054455648795, 0.0815968438147446, 0.00847263527192762, 0.09179766194953957, 0.009531840597658188]
Timestep: 130, Trans probs: [0.34070513574210853, 0.034814058406482176, 0.3959407592233783, 0.040458165349005495, 0.07892478491888859, 0.008064721613016875, 0.0917201884681317, 0.00937218627898846]
Timestep: 131, Trans probs: [0.22669709432819785, 0.022778726477518812, 0.4870489084051206, 0.04893910924889335, 0.06191847678802768, 0.006221623840564787, 0.1330291710137969, 0.013366889897880072]
Timestep: 132, Trans probs: [0.24601787126913438, 0.024383506896089115, 0.4791484688358412, 0.04748972070133945, 0.06264669350061826, 0.006209085848557839, 0.12201173481259794, 0.012092918135821761]
Timestep: 133, Trans probs: [0.3439503250513054, 0.03361516632756309, 0.3853871685143587, 0.03766489759294846, 0.08565594805024898, 0.008371380199232913, 0.09597520595619269, 0.00937990830814973]
Timestep: 134, Trans probs: [0.3401414560908141, 0.03276720971415723, 0.3933367312416993, 0.037891726897990224, 0.08284791470488359, 0.00798107654008142, 0.09580463473852364, 0.009229250071850376]
Timestep: 135, Trans probs: [0.3363713547366432, 0.031902670297398, 0.4010857014961589, 0.03804041193059007, 0.08023911969044094, 0.00761016699071115, 0.0956762909661905, 0.009074283891867273]
Timestep: 136, Trans probs: [0.33274305023772394, 0.03105944157320419, 0.4087468814989977, 0.038153914484697536, 0.0776944738814804, 0.0072522836175199995, 0.09544113358963259, 0.008908821116743775]
Timestep: 137, Trans probs: [0.3290863105292295, 0.03025531376770912, 0.416173627070623, 0.03826188834357146, 0.07530734280692276, 0.006923555349269106, 0.09523620095471622, 0.00875576117795885]
Timestep: 138, Trans probs: [0.32554912267417296, 0.02947384855390008, 0.42355378257862125, 0.038346778328283884, 0.0729571142845921, 0.00660523032496638, 0.09492042696176266, 0.008593696293700614]
Timestep: 139, Trans probs: [0.3220750863768662, 0.02870662656816342, 0.43080895869235514, 0.03839810163065465, 0.07070478680755084, 0.006301933919505292, 0.09457501330445606, 0.008429492700448482]
Timestep: 140, Trans probs: [0.31858589678237065, 0.028004268043216502, 0.4378526111231369, 0.038488024765549154, 0.0685498095319999, 0.00602565041275798, 0.09421230945475036, 0.008281429886218635]
Timestep: 141, Trans probs: [0.2500632122576477, 0.021668364510416677, 0.5098937750169805, 0.04418308506441425, 0.05274698088068304, 0.004570607560495595, 0.10755423382424147, 0.009319740885120843]
Timestep: 142, Trans probs: [0.3283476957214931, 0.028025406707147385, 0.434996434202554, 0.03712817888944742, 0.0679692639639707, 0.005801369374589597, 0.09004597213551882, 0.00768567900527887]
Timestep: 143, Trans probs: [0.3247246542123425, 0.027315841328870247, 0.44197043735833624, 0.03717855784069018, 0.06594998475975264, 0.0055477134118704675, 0.08976202832133333, 0.007550782766804471]
Timestep: 144, Trans probs: [0.32115260217555885, 0.026610218123420768, 0.4489109574466067, 0.03719608190849334, 0.0639825582543731, 0.005301497854009663, 0.08943558698039979, 0.007410497257137684]
Timestep: 145, Trans probs: [0.24704541268442975, 0.020188970678223183, 0.5263920272226397, 0.04301765042860125, 0.04823596705194918, 0.003941925145930541, 0.10277878955782885, 0.008399257230397689]
Timestep: 146, Trans probs: [0.33076338296565966, 0.026672224190157117, 0.44576306012990224, 0.03594561214386184, 0.06340409344316521, 0.005112803538671476, 0.08544840261511631, 0.0068904209734661276]
Timestep: 147, Trans probs: [0.32711176855822766, 0.026062452309312624, 0.4526423651741237, 0.036064034343738824, 0.06143710718199293, 0.004894968111389721, 0.08501387041769873, 0.006773433903515934]
Timestep: 148, Trans probs: [0.22658949542020895, 0.02000032953136076, 0.5044385614457646, 0.04452517729708073, 0.05823041584757044, 0.0051398124327863715, 0.12963384356394714, 0.011442364461281088]
Timestep: 149, Trans probs: [0.3235723117586859, 0.030849789890132838, 0.4318470962403152, 0.04117284359489108, 0.06747901937546336, 0.006433534310802685, 0.09005906103662653, 0.008586343793082596]
Timestep: 150, Trans probs: [0.32014362498155047, 0.030077862269333806, 0.43866006360770804, 0.04121261817101685, 0.0655278288437457, 0.006156414986818011, 0.08978608138871735, 0.008435505751109887]
Timestep: 151, Trans probs: [0.31676602224990796, 0.029347925065447256, 0.445446172586209, 0.04126995945113283, 0.0635828989803494, 0.005890865887273166, 0.08941223806632695, 0.008283917713353345]
Timestep: 152, Trans probs: [0.3134587524280351, 0.028606524526315503, 0.45229327545551856, 0.04127668657258609, 0.06165557713246872, 0.005626742803517765, 0.08896354852221551, 0.008118892559342691]
Timestep: 153, Trans probs: [0.3101431266679038, 0.027899399194754634, 0.4589951190666144, 0.04128960777839689, 0.05981159646222064, 0.005380443616801132, 0.08851794052214393, 0.007962766691164644]
Timestep: 154, Trans probs: [0.30682656217088716, 0.027222101519876918, 0.46552612861819787, 0.041302159251590025, 0.05806221448241426, 0.005151364620866324, 0.08809367003872276, 0.007815799297444893]
Timestep: 155, Trans probs: [0.303531722195591, 0.026584678174004568, 0.4719789521539324, 0.041338046834626545, 0.05634461472274306, 0.004934915660239226, 0.08761348574703798, 0.007673584511825281]
Timestep: 156, Trans probs: [0.22260082774554543, 0.019241944503128515, 0.5179013424219381, 0.04476815737796875, 0.05408957895107681, 0.0046755831364829045, 0.1258443907577099, 0.01087817510614953]
Timestep: 157, Trans probs: [0.22811138629301764, 0.0194484363822419, 0.4792701960792674, 0.04086186169759623, 0.06902785941409353, 0.005885212282620845, 0.14503000597185606, 0.012365041879306411]
Timestep: 158, Trans probs: [0.2623541904886338, 0.0220959466955542, 0.5024910942273044, 0.042320713125862, 0.05401651989649228, 0.00454936946914879, 0.1034586874278088, 0.008713478669195895]
Timestep: 159, Trans probs: [0.3076312576527409, 0.025571006813647414, 0.4603076616721923, 0.03826181527457298, 0.06221931833591346, 0.005171810645146142, 0.0930985659668284, 0.007738563638958494]
Timestep: 160, Trans probs: [0.3042649692276324, 0.025000247549886848, 0.46666065289448333, 0.03834365774597485, 0.06044326861166321, 0.004966384010133536, 0.09270372223590755, 0.007617097724318507]
Timestep: 161, Trans probs: [0.23951608528090318, 0.019425478712535884, 0.47980441086772824, 0.03891358844881309, 0.06847997955425711, 0.005553933396606737, 0.13718075012678138, 0.01112577361237444]
Timestep: 162, Trans probs: [0.26770714111262794, 0.021440802236814393, 0.4915721432926878, 0.03937026508019562, 0.058729013818836065, 0.0047036368384474345, 0.10784003398790659, 0.00863696363248406]
Timestep: 163, Trans probs: [0.3077796828340841, 0.02435083958097056, 0.4547306320621462, 0.03597726975327306, 0.06626663509512844, 0.005242867839467043, 0.09790597151821588, 0.007746101316714751]
Timestep: 164, Trans probs: [0.3045822716209598, 0.023823468193414406, 0.46113461213257106, 0.03606850033180595, 0.06433609787118724, 0.005032167411339093, 0.0974042296686039, 0.00761865277011852]
Timestep: 165, Trans probs: [0.30151642826950537, 0.023266886074146464, 0.46751142485161273, 0.0360760941710999, 0.062470829761045496, 0.0048206384220910725, 0.09686313545457559, 0.007474562995923371]
Timestep: 166, Trans probs: [0.29846945967392435, 0.022715532033594724, 0.4737897808535844, 0.036058586884994026, 0.06068514739607462, 0.004618547610013254, 0.09633147296632966, 0.007331472581485021]
Timestep: 167, Trans probs: [0.2656779982364422, 0.019949800755475963, 0.5098881903807462, 0.038287580730013177, 0.052955799654019794, 0.003976458942619686, 0.1016325666219574, 0.007631604678725609]
Timestep: 168, Trans probs: [0.30788232152292727, 0.022852010092237945, 0.4708164469862383, 0.034945501725794664, 0.06017947237112103, 0.00446671281146619, 0.0920269966236686, 0.006830537866545921]
Timestep: 169, Trans probs: [0.2600833851370811, 0.01903393397623544, 0.5216900098678634, 0.0381793446692216, 0.04991365451250887, 0.0036528792640982397, 0.10011964009714563, 0.007327152475845814]
Timestep: 170, Trans probs: [0.2583826169169528, 0.018696231086300526, 0.4751443872993617, 0.034380831691795954, 0.07009600118150745, 0.005072055744122595, 0.12890078261041665, 0.009327093469542216]
Timestep: 171, Trans probs: [0.3109298194980836, 0.022247693643045095, 0.4585608428069821, 0.03281100913361954, 0.066160786189623, 0.004733945765336327, 0.0975742562256016, 0.006981646737708764]
Timestep: 172, Trans probs: [0.2645305074437937, 0.018668446742715537, 0.5082645721409391, 0.03586924694588696, 0.055208436774722966, 0.003896169752354492, 0.1060765836312352, 0.007486036568351906]
Timestep: 173, Trans probs: [0.32026609591280963, 0.022295834008173403, 0.4557651132193813, 0.0317288137606115, 0.0655707044063004, 0.0045648089507416495, 0.09331252948407008, 0.006496100257911811]
Timestep: 174, Trans probs: [0.3170172902182944, 0.02180593365531021, 0.46222985197411703, 0.03179433361098676, 0.06362541409693316, 0.0043764539077159135, 0.09276959537306706, 0.006381127163575558]
Timestep: 175, Trans probs: [0.3137806319925411, 0.021317429001280603, 0.46863382869814596, 0.03183774698722802, 0.061748370281403946, 0.004195021506139056, 0.09222167409470015, 0.006265297438561288]
Timestep: 176, Trans probs: [0.3104487709271669, 0.02086267416213499, 0.474820842977949, 0.03190875100859467, 0.05999701448391037, 0.004031899241026054, 0.09176339435434246, 0.00616665284487559]
Timestep: 177, Trans probs: [0.262140419193744, 0.01741565619536501, 0.5260779360534881, 0.034950705024635174, 0.04971442905457388, 0.0033028458832341174, 0.09976967424385626, 0.006628334351103493]
Timestep: 178, Trans probs: [0.31975556826604307, 0.02096239245364249, 0.4715667441251662, 0.030914761585053886, 0.059461427233116225, 0.0038981456375365227, 0.0876920824034759, 0.005748878295965652]
Timestep: 179, Trans probs: [0.23737195136173025, 0.019596466152979473, 0.4968720012269184, 0.04101973842549072, 0.061261650060341, 0.0050575135141122446, 0.12823418474391954, 0.010586494514508498]
Timestep: 180, Trans probs: [0.24235974178890424, 0.019170764600718603, 0.46446303487547386, 0.03673923499674529, 0.07539209651115, 0.0059635487490690385, 0.1444829149128781, 0.011428663565060997]
Timestep: 181, Trans probs: [0.24579833282282507, 0.019184639475426892, 0.4341649910274891, 0.033886718148402606, 0.08951777026866979, 0.00698689095863974, 0.1581193878703508, 0.012341269428195963]
Timestep: 182, Trans probs: [0.3176674338072099, 0.02452140712901568, 0.4519014486900553, 0.0348832087466856, 0.06553834349531976, 0.005059040469302072, 0.0932323216620805, 0.0071967960003312586]
Timestep: 183, Trans probs: [0.31432286392814224, 0.023993955097078006, 0.4582967093284257, 0.03498425322084985, 0.06365176622662176, 0.004858881729457701, 0.09280710489858572, 0.007084465570839125]
Timestep: 184, Trans probs: [0.2428305847614741, 0.018294189170788764, 0.44783466808238004, 0.03373863363704365, 0.08412675190376559, 0.006337878382013732, 0.15514880900475767, 0.011688485057776454]
Timestep: 185, Trans probs: [0.2810151082529572, 0.021623023516570753, 0.4781857573060894, 0.03679454083376657, 0.06268446843601483, 0.004823326914848971, 0.10666622231365375, 0.008207552426098528]
Timestep: 186, Trans probs: [0.26795257258492183, 0.023845123379391573, 0.4225761511503096, 0.03760508945356015, 0.08837731852583292, 0.007864705473280685, 0.1393759602729523, 0.012403079159751055]
Timestep: 187, Trans probs: [0.30718387335467334, 0.026985459666172797, 0.4319820029352071, 0.037948713874250695, 0.07483808202202508, 0.006574368705766446, 0.10524219326571575, 0.009245306176188711]
Timestep: 188, Trans probs: [0.28028239458679466, 0.02430639297377394, 0.4625543781395445, 0.04011321689817299, 0.06692129513153268, 0.005803487230009471, 0.11044125015234703, 0.009577584887824753]
Timestep: 189, Trans probs: [0.3164549188750928, 0.02713028084007969, 0.4297666953812697, 0.03684471451053348, 0.07413535899413236, 0.006355765038636734, 0.10068071736432102, 0.008631548995934109]
Timestep: 190, Trans probs: [0.3132421172297306, 0.02656075061387227, 0.4362280355735242, 0.03698910020822726, 0.07204006012500389, 0.006108495524518765, 0.10032461212066632, 0.008506828604456809]
Timestep: 191, Trans probs: [0.27622478490732855, 0.02312645942603851, 0.4767082117916844, 0.03991159997376205, 0.06229798847138543, 0.005215795183588125, 0.10751375077503118, 0.009001409471181774]
Timestep: 192, Trans probs: [0.27052031509000807, 0.022362876957823703, 0.43222132218310344, 0.035730079063794606, 0.08503701297330032, 0.007029683731331026, 0.13586709807576725, 0.011231611924871565]
Timestep: 193, Trans probs: [0.29836749014004665, 0.024405934979341938, 0.4434112889524193, 0.036270262159591914, 0.07345086600160428, 0.006008151420820311, 0.10915714427585825, 0.008928862070317335]
Timestep: 194, Trans probs: [0.3177752072983585, 0.02572365832009864, 0.4274694090369075, 0.034603319478085315, 0.0766965064668072, 0.0062085231364353, 0.10317170610411797, 0.008351670159189518]
Timestep: 195, Trans probs: [0.3147256363144669, 0.02515147909227502, 0.43410690037170724, 0.03469190103599269, 0.07446072347505509, 0.005950571270931556, 0.10270505525293036, 0.008207733186641232]
Timestep: 196, Trans probs: [0.2789415322106736, 0.022018828579348705, 0.43417622487186536, 0.03427260111793617, 0.08359837113791517, 0.006599010871598316, 0.13012198254752488, 0.010271448663137877]
Timestep: 197, Trans probs: [0.31617323715326295, 0.02471849445154739, 0.4215994810972202, 0.032960741801258894, 0.08130298421160076, 0.006356285504185528, 0.1084130214938169, 0.008475754287107425]
Timestep: 198, Trans probs: [0.3131889088882707, 0.024232040878183106, 0.428117421491105, 0.03312428557914149, 0.07895276220066237, 0.006108730248089483, 0.10792544695446538, 0.008350403760082614]
Timestep: 199, Trans probs: [0.2747097016180421, 0.021041190307165555, 0.4472699197642502, 0.034258315032191636, 0.07871507485407597, 0.0060291240545638424, 0.12816032709019987, 0.009816347279510754]
Timestep: 200, Trans probs: [0.314631805633539, 0.02384451219738382, 0.4157647313916342, 0.03150891623606743, 0.08579049085348092, 0.006501670743224159, 0.11336635313722318, 0.008591519807447235]
Timestep: 201, Trans probs: [0.3117718703466758, 0.023354966057250664, 0.4223380931402803, 0.03163752977139102, 0.0833249471402206, 0.0062419079374227675, 0.11287515851601472, 0.008455527090744219]
Timestep: 202, Trans probs: [0.27057577363550434, 0.020053170567121893, 0.4600056789241165, 0.034092380915582414, 0.07422665095508688, 0.005501156560430743, 0.12619267611465776, 0.00935251232749962]
Timestep: 203, Trans probs: [0.313147758991728, 0.022946747481627356, 0.4105450970731451, 0.030083800384490395, 0.09001732835711423, 0.006596262765642203, 0.1180151278349492, 0.008647877111303506]
Timestep: 204, Trans probs: [0.3104021696492023, 0.02249034984596733, 0.4170174526629856, 0.03021521535388781, 0.0874854702039982, 0.006338805020436901, 0.11753451327587593, 0.008516023987645907]
Timestep: 205, Trans probs: [0.2665020609880469, 0.019049445298663807, 0.47240318064145587, 0.0337671630575038, 0.07010865778000326, 0.005011334758130866, 0.12427503488336, 0.008883122592835338]
Timestep: 206, Trans probs: [0.3074653958679847, 0.026357559970147774, 0.3998771786954891, 0.03427958677562948, 0.0928907428902341, 0.007963085795359464, 0.12080997957189187, 0.010356470433263584]
Timestep: 207, Trans probs: [0.304877904493191, 0.025828176408023738, 0.4062960062359119, 0.034419958836902236, 0.09033753702072085, 0.007653076225107889, 0.12038845703076342, 0.01019888374937905]
Timestep: 208, Trans probs: [0.30228000723786297, 0.025334832391068568, 0.4126412124929781, 0.03458447699430725, 0.08783898612796362, 0.007362001911036763, 0.11990864388022505, 0.010049838964557604]
Timestep: 209, Trans probs: [0.258967248315994, 0.02144184707065953, 0.4782845041246881, 0.03960077291779455, 0.06543344553830509, 0.00541772730591282, 0.12084849824048265, 0.010005956486163354]
Timestep: 210, Trans probs: [0.30372461267770384, 0.024849189311005406, 0.401378296004985, 0.032838712591726764, 0.09445088768602435, 0.007727486975818683, 0.12481878245344351, 0.010212032299292515]
Timestep: 211, Trans probs: [0.30117342436833544, 0.02438407777959654, 0.40770270733010916, 0.033009069599484506, 0.09186520133632999, 0.007437735315861684, 0.12435921719454698, 0.010068567075735618]
Timestep: 212, Trans probs: [0.2986994840687384, 0.023898081358868534, 0.41404948257667284, 0.03312690094549229, 0.08933584042654223, 0.007147502076987502, 0.12383502642960643, 0.009907682117091745]
Timestep: 213, Trans probs: [0.2962438094020208, 0.02342666359380289, 0.42030723728646574, 0.03323747515205816, 0.08688861606322423, 0.00687106469077955, 0.12327654793156698, 0.009748585880081644]
Timestep: 214, Trans probs: [0.255241017143111, 0.01997652803454178, 0.4909634481254426, 0.03842542705396796, 0.06198366648524197, 0.004851173471589275, 0.11922736778622485, 0.0093313718998805]
Timestep: 215, Trans probs: [0.25958479053385797, 0.020068429369366213, 0.46295301299321234, 0.0357907711907249, 0.07390157846659469, 0.005713310878851701, 0.131798778910361, 0.010189327657031212]
Timestep: 216, Trans probs: [0.2658673913180483, 0.020297507960943185, 0.4416102236926353, 0.033714503258928524, 0.0832737947991109, 0.006357494631039247, 0.138319178469607, 0.010559905869687528]
Timestep: 217, Trans probs: [0.2859887283760078, 0.02159414326666941, 0.44403723612019136, 0.03352790771498019, 0.07825944233604863, 0.005909133619953046, 0.12150865760526872, 0.009174750960880789]
Timestep: 218, Trans probs: [0.2941013182736259, 0.021975482058388705, 0.40376479117119024, 0.030169623095454356, 0.09802790932866182, 0.0073247225660822415, 0.13458021395949982, 0.010055939547096953]
Timestep: 219, Trans probs: [0.29170633530210005, 0.0215905723885229, 0.409953410086937, 0.030342600434911122, 0.09538108053247286, 0.007059607127144429, 0.134045080582734, 0.009921313545177808]
Timestep: 220, Trans probs: [0.2893532149905351, 0.021202735373666078, 0.4162087423693773, 0.03049824010060828, 0.0927508104997671, 0.006796436980262819, 0.1334137524378682, 0.009776067247915134]
Timestep: 221, Trans probs: [0.27100276771595, 0.01962095015721334, 0.4384328641957359, 0.03174310523900424, 0.08520501238303468, 0.006168952867907829, 0.13784611108504338, 0.009980236356110634]
Timestep: 222, Trans probs: [0.2983381282789816, 0.021330809512269622, 0.41493323692084655, 0.029667216483946712, 0.09201916159245614, 0.006579256961657765, 0.1279816589269331, 0.009150531322908344]
Timestep: 223, Trans probs: [0.2754411287426877, 0.0194851958437393, 0.46375431738239437, 0.032806806081662504, 0.07256328929467713, 0.0051332562766744465, 0.1221732529469515, 0.008642753431213016]
Timestep: 224, Trans probs: [0.2779390196372889, 0.019468110231644586, 0.4387666493209018, 0.03073320725566326, 0.08447653342149271, 0.005917119758078707, 0.13335833724953078, 0.009341023125399205]
Timestep: 225, Trans probs: [0.28325287621222983, 0.019641952813817535, 0.42074567327361634, 0.029176285062207746, 0.09300450933949941, 0.006449326158121552, 0.1381495059213823, 0.009579871219125284]
Timestep: 226, Trans probs: [0.3016804674282228, 0.020715336018542446, 0.4061304757738281, 0.027887550509139446, 0.09714945287613422, 0.006670911038764863, 0.13078524391751975, 0.008980562437848436]
Timestep: 227, Trans probs: [0.2846388042707555, 0.01935543852541259, 0.4397304813403945, 0.029901672476244853, 0.08328918463577412, 0.005663664506951753, 0.12867111827626823, 0.008749635968198456]
Timestep: 228, Trans probs: [0.3030314857322021, 0.020411024635045936, 0.3951400507348169, 0.026615100045970504, 0.10361429636185111, 0.006979056814755114, 0.135108595142671, 0.009100390532687316]
Timestep: 229, Trans probs: [0.3005925363848899, 0.02005701302182862, 0.40144334909982315, 0.026786275458655695, 0.1007973631276038, 0.006725696017374446, 0.1346155547340807, 0.00898221215574354]
Timestep: 230, Trans probs: [0.29815392479134223, 0.019706289422073017, 0.40763128294779805, 0.026942124088696565, 0.09809886930371955, 0.00648378085859545, 0.13411920697669358, 0.008864521611081557]
Timestep: 231, Trans probs: [0.2723456792167428, 0.017773813767898747, 0.4372305621415751, 0.028534524973878445, 0.08795493596537735, 0.005740111817863461, 0.14120505309967848, 0.009215319016985708]
Timestep: 232, Trans probs: [0.3068136573455385, 0.019783545473665655, 0.4065234344301219, 0.02621289717263625, 0.0972428519973531, 0.006270282754434069, 0.12884530144374573, 0.00830802938250483]
Timestep: 233, Trans probs: [0.304389866331632, 0.019415692145082875, 0.4127258806242702, 0.02632597049002453, 0.09462292754661641, 0.006035580793974247, 0.12830036548054877, 0.00818371658785109]
Timestep: 234, Trans probs: [0.3019618259752882, 0.019053159736230126, 0.41882211863618274, 0.026426799817055587, 0.09210844711741704, 0.005811850389750505, 0.12775474132005835, 0.008061057008017415]
Timestep: 235, Trans probs: [0.27539894120278735, 0.0172075890885676, 0.45908714607816103, 0.028684870504782644, 0.07750535416240534, 0.004842721183915268, 0.12920061236544675, 0.008072765413934032]
Timestep: 236, Trans probs: [0.27792452318207145, 0.017168107655049048, 0.43538743447291234, 0.026894993867776686, 0.08903306251368737, 0.005499799674361012, 0.13947627300850352, 0.008615805625638538]
Timestep: 237, Trans probs: [0.28000588603962934, 0.017110531990815633, 0.4133874169844196, 0.02526117833791347, 0.10055839869535929, 0.006144898316811168, 0.14845965304772432, 0.009072036587327158]
Timestep: 238, Trans probs: [0.3036136990438783, 0.018329163082991422, 0.4081313631450691, 0.02463889586644921, 0.09867650969916827, 0.005957102213872942, 0.1326454588206803, 0.008007808127890512]
Timestep: 239, Trans probs: [0.28235338908496255, 0.01688931816522742, 0.43310346593836563, 0.025906620984438408, 0.09002029849625873, 0.005384675804881382, 0.13808264674947482, 0.008259584776391085]
Timestep: 240, Trans probs: [0.2862927866116401, 0.016964541872548127, 0.41509005381448405, 0.024596542169839496, 0.0990563321882055, 0.005869673892368773, 0.143619749366734, 0.008510320084179738]
Timestep: 241, Trans probs: [0.29739713746139385, 0.01742005581601138, 0.4080032389505474, 0.02389881508713111, 0.10087455371399769, 0.005908733255178662, 0.13839119298296804, 0.008106272732771874]
Timestep: 242, Trans probs: [0.30784045503224433, 0.017874426336463634, 0.40140895964638584, 0.023307381348706416, 0.10237762473070951, 0.005944447137591158, 0.13349543623146523, 0.007751269536433958]
Timestep: 243, Trans probs: [0.3054974682584448, 0.017527999006174532, 0.40760404552552704, 0.02338639120518035, 0.09966304180466688, 0.005718193697849878, 0.13297347195884335, 0.007629388543313254]
Timestep: 244, Trans probs: [0.3031546125511473, 0.01723398453049128, 0.41372561966231375, 0.023519816733533153, 0.09697869608559583, 0.005513125246756365, 0.13235019185230765, 0.0075239533378546036]
Timestep: 245, Trans probs: [0.30087439718863673, 0.016928883014971377, 0.4198054914220114, 0.02362061418230308, 0.09437360925728747, 0.0053099891707155825, 0.13167806826276796, 0.007408947501306385]
Timestep: 246, Trans probs: [0.29856091026438425, 0.016647553127686173, 0.42575750661402245, 0.02373994875816686, 0.09186487687591816, 0.00512232300271973, 0.13100228321738483, 0.007304598139717567]
Timestep: 247, Trans probs: [0.2962247289473855, 0.016335588467761782, 0.43165976350035556, 0.0238042795403676, 0.08947231947899206, 0.004934034357828789, 0.13037939271096374, 0.007189892996345002]
Timestep: 248, Trans probs: [0.2938880533140396, 0.01601902692629619, 0.43756948909887283, 0.02385070556274176, 0.08712797305608727, 0.004749105418476006, 0.12972471057077564, 0.007070936052710795]
Timestep: 249, Trans probs: [0.2915619655261391, 0.01572651833096425, 0.44351036236865204, 0.023922440744891648, 0.08478236685463089, 0.0045730637193223105, 0.12896695279960396, 0.006956329655795729]
Timestep: 250, Trans probs: [0.304480678350366, 0.01626272156532911, 0.43409061037988966, 0.023185361938167184, 0.08687291671010035, 0.004639999042562199, 0.1238525795609763, 0.006615132452609059]
Timestep: 251, Trans probs: [0.30288167615629513, 0.01600752128578824, 0.4092932649428143, 0.02163145269745858, 0.10106078218422256, 0.005341137313098987, 0.13656652334593647, 0.007217642074385817]
Timestep: 252, Trans probs: [0.2943552542156929, 0.01538061280933961, 0.4332726447056347, 0.022639306394757936, 0.09009729334903206, 0.0047077521611199845, 0.13261761769521474, 0.0069295186692080405]
Timestep: 253, Trans probs: [0.2919941600045684, 0.015105552355154862, 0.43929942180998494, 0.02272600388869478, 0.08765038098870241, 0.004534362669970523, 0.13186825958834053, 0.006821858694583703]
Timestep: 254, Trans probs: [0.28963509181301783, 0.01483184407115321, 0.44528839677529786, 0.022802651523761864, 0.08526892541648234, 0.004366513042240472, 0.13109344884897445, 0.00671312850907211]
Timestep: 255, Trans probs: [0.2873295336488039, 0.014568675966191338, 0.4512674197584139, 0.022880936495011606, 0.08291826627190448, 0.004204264482154729, 0.130227866227977, 0.006603037149542969]
Timestep: 256, Trans probs: [0.3087899137207216, 0.015480285461101634, 0.4334832482696287, 0.021731423623792843, 0.08735621454828188, 0.004379350095067226, 0.12263177635127107, 0.006147787930134897]
Timestep: 257, Trans probs: [0.3038828223165478, 0.020406803093084565, 0.40504462581981965, 0.027200174922710898, 0.09779463189017912, 0.006567254382232647, 0.13035021123991844, 0.008753476335507045]
Timestep: 258, Trans probs: [0.31855895160788084, 0.01965257402757929, 0.4041743449456964, 0.02493436832963625, 0.09659880841689533, 0.005959384358238895, 0.12256054936573206, 0.007561018948341019]
Timestep: 259, Trans probs: [0.3287073088976617, 0.02010916082098484, 0.397717174450735, 0.024330942470121648, 0.09770650566168132, 0.005977341490203755, 0.11821932249555483, 0.007232243713056951]
Timestep: 260, Trans probs: [0.2898805138779866, 0.017537769464582673, 0.4402685434493818, 0.026636244410594773, 0.08448585160792595, 0.005111393548661936, 0.12831653405015875, 0.007763149590707453]
Timestep: 261, Trans probs: [0.3190100140561891, 0.019093960923653324, 0.40089598626789774, 0.023995147358917793, 0.09909229152575438, 0.00593104999485927, 0.12452807182336978, 0.007453478049358385]
Timestep: 262, Trans probs: [0.29155762822459275, 0.01725727634331135, 0.4283964901621055, 0.025356759348917367, 0.09077885758991464, 0.005373194455925821, 0.13338475899004018, 0.007895034885192366]
Timestep: 263, Trans probs: [0.31404659131453483, 0.018416057614310716, 0.40952699779705537, 0.024015139774253024, 0.09593334203470899, 0.005625642827866635, 0.1251002069077198, 0.007336021729550712]
Timestep: 264, Trans probs: [0.3000955247108698, 0.017445862764249823, 0.4270468604295342, 0.02482609805039702, 0.0899355765917323, 0.005228347634822987, 0.12798160073004258, 0.0074401290883511235]
Timestep: 265, Trans probs: [0.2976498775840958, 0.01715330596057487, 0.43301706562612463, 0.024954400361668835, 0.08752046640192494, 0.005043729062446114, 0.1273236053419306, 0.0073375496612343265]
Timestep: 266, Trans probs: [0.29515606008636786, 0.01687184165223266, 0.43892002978976313, 0.02508974146910343, 0.08518122295598671, 0.004869166857141249, 0.126671107164223, 0.007240830025181897]
Timestep: 267, Trans probs: [0.2927146665681418, 0.01655009985144043, 0.4449179762713975, 0.025155681535616772, 0.08287911588731374, 0.004685988780869073, 0.12597390130146463, 0.007122569803755953]
Timestep: 268, Trans probs: [0.31283334387140765, 0.01984968486348014, 0.42298119116632993, 0.026838709850834676, 0.08695218021670466, 0.005517229570654698, 0.11756782799243246, 0.007459832468155635]
Timestep: 269, Trans probs: [0.29788203053058687, 0.02028702225955156, 0.43776491557960034, 0.029813636529183504, 0.08122447730141108, 0.005531729376555893, 0.11936680566301675, 0.008129382760094127]
Timestep: 270, Trans probs: [0.307903581308406, 0.020773837281890292, 0.4312492895772678, 0.02909580502941806, 0.08233063401307339, 0.005554736281515788, 0.11531216128668861, 0.007779955221739932]
Timestep: 271, Trans probs: [0.3181267194532886, 0.021268224412893156, 0.42443533876842593, 0.028375441236757462, 0.08344412239655469, 0.005578620758786767, 0.11132870077207087, 0.007442832201222573]
Timestep: 272, Trans probs: [0.30792069366687685, 0.02040092254167158, 0.43788624313397045, 0.02901163680120878, 0.07929402523788119, 0.005253532159957521, 0.11276203103111243, 0.007470915427321124]
Timestep: 273, Trans probs: [0.30520100242867354, 0.020008714233497583, 0.44396195355490475, 0.029105762394412274, 0.07712347520341695, 0.005056148452199281, 0.11218799559563773, 0.00735494813725785]
Timestep: 274, Trans probs: [0.3024395089638912, 0.019611914366438787, 0.44999514520271117, 0.029180269083436527, 0.07503100845362394, 0.004865441415578091, 0.11163749623672828, 0.007239216277592048]
Timestep: 275, Trans probs: [0.30347169121894085, 0.019478192791308226, 0.4193481435100138, 0.02691567029911959, 0.09105026292623669, 0.005844019809073549, 0.12581654180280563, 0.008075477642501706]
Timestep: 276, Trans probs: [0.3042219870685905, 0.019354271324130895, 0.43747110904741904, 0.027831435270532338, 0.0814164481679134, 0.00517962571762955, 0.11707682346670238, 0.007448299937081965]
Timestep: 277, Trans probs: [0.3014671032068479, 0.01896436989972062, 0.44355569170255876, 0.027902726762203785, 0.07922610479540715, 0.004983871013028004, 0.11656724511435179, 0.007332887505882114]
Timestep: 278, Trans probs: [0.307909835099841, 0.019204149908706947, 0.4402710675124793, 0.02745943980072774, 0.0794739086063409, 0.004956739541015831, 0.11363736585470632, 0.007087493676181971]
Timestep: 279, Trans probs: [0.3179468357704829, 0.019653379359951813, 0.4333739386862009, 0.02678832264858513, 0.08060141029301081, 0.004982248335942483, 0.10986286609110964, 0.006790998814716352]
Timestep: 280, Trans probs: [0.31144116522805143, 0.019090302774390975, 0.4430725860355912, 0.02715886903472831, 0.07748938619278664, 0.004749840449443478, 0.11024047738072168, 0.006757372904286266]
Timestep: 281, Trans probs: [0.3085842392990686, 0.018705921464937107, 0.4492469477300849, 0.027232687390937118, 0.0753369292729449, 0.004566813540413635, 0.10967794597710004, 0.006648515324513656]
Timestep: 282, Trans probs: [0.30570916192765046, 0.018344029859884977, 0.4553781738889099, 0.027324895226185607, 0.07322705058542121, 0.0043939775766621515, 0.10907753095980705, 0.006545179975478686]
Timestep: 283, Trans probs: [0.30276713104351755, 0.018015586216602344, 0.4613380246213078, 0.027451047704275346, 0.07121715909393661, 0.00423764252525116, 0.10851634846325427, 0.00645706033185493]
Timestep: 284, Trans probs: [0.2999322116339616, 0.017660444897227772, 0.46731212733245064, 0.027516017801492265, 0.06925111185950701, 0.004077606197760248, 0.10789732862270322, 0.006353151654897356]
Timestep: 285, Trans probs: [0.297136327199126, 0.017302941815833337, 0.47320292617368515, 0.027555710793915434, 0.06735961301184262, 0.003922507475499247, 0.10727320447011535, 0.006246769059982702]
Timestep: 286, Trans probs: [0.2943010093841795, 0.016989970338535047, 0.47895719531371067, 0.027650155053274922, 0.06552489874782891, 0.0037827464081438863, 0.10663783244625892, 0.0061561923080682545]
Timestep: 287, Trans probs: [0.3043659891177458, 0.01738313304996207, 0.429066778534731, 0.02450511938015014, 0.0882017102402879, 0.005037429013620804, 0.12433854315901827, 0.007101297504484043]
Timestep: 288, Trans probs: [0.32496703868776733, 0.01835949263800534, 0.4373200626018846, 0.02470704260411371, 0.07854146235685107, 0.0044373158759164364, 0.105696126516214, 0.005971458719247514]
Timestep: 289, Trans probs: [0.2977951485630008, 0.016684137525148187, 0.4675481527379023, 0.026194643255774426, 0.07066193169387289, 0.0039588737152438545, 0.11094155090096336, 0.0062155616080942135]
Timestep: 290, Trans probs: [0.3079965676987257, 0.018653280641688932, 0.42851548803287587, 0.025952301083453276, 0.0863058432691508, 0.0052269644676425095, 0.12007728146095852, 0.007272273345504553]
Timestep: 291, Trans probs: [0.3200370840847033, 0.02146494275330373, 0.42577684314805964, 0.028556926738641995, 0.08210250978859018, 0.0055066295756157355, 0.10922905241527112, 0.007326011495814245]
Timestep: 292, Trans probs: [0.32703044171678747, 0.018977817118626505, 0.4166123864322999, 0.02417632327302967, 0.08861737441972385, 0.00514253143053514, 0.11289192419688628, 0.006551201412111159]
Timestep: 293, Trans probs: [0.28880205945304804, 0.02259821346882187, 0.4380594526543443, 0.03427732143554029, 0.07969150679368901, 0.0062357092798662386, 0.12087731615680812, 0.009458420757882141]
Timestep: 294, Trans probs: [0.31521094229075225, 0.024396936970625456, 0.4150741377260856, 0.03212622475173863, 0.08540883463735105, 0.006610538137537106, 0.11246753724237189, 0.008704848243538019]
Timestep: 295, Trans probs: [0.2974056291801965, 0.02278124960087487, 0.4363162814654837, 0.033421795479762983, 0.0790929572035427, 0.006058514778930085, 0.11603527839161794, 0.008888293899591294]
Timestep: 296, Trans probs: [0.3122798588397228, 0.02371854676941298, 0.4247338092584286, 0.03225974533508888, 0.0815196681566392, 0.006191651517277814, 0.11087541577064426, 0.008421304352785286]
Timestep: 297, Trans probs: [0.3198505837302015, 0.024064785761489054, 0.4168107860130681, 0.031359837307482215, 0.08395731924078326, 0.00631674601645448, 0.10940832377476331, 0.008231618155757956]
Timestep: 298, Trans probs: [0.3191155375021373, 0.023775845478996797, 0.39914688480564137, 0.029738616711818076, 0.09436605790669592, 0.007030785241024625, 0.11803222851408227, 0.008794043839603596]
Timestep: 299, Trans probs: [0.30062529263626014, 0.02215648754491739, 0.42660579121571934, 0.03144141937217906, 0.08438255951861423, 0.00621910788871834, 0.1197440449955806, 0.008825296828010807]
Timestep: 300, Trans probs: [0.3188514492637858, 0.023285437027944233, 0.41173713447403437, 0.030068795795027463, 0.08787649380559252, 0.006417541985370748, 0.11347608998071865, 0.008287057667526389]
Timestep: 301, Trans probs: [0.30913031815489433, 0.022355250793206435, 0.4248729072788015, 0.030725360275717657, 0.08362367299362718, 0.006047378960367501, 0.11493351177651759, 0.008311599766867824]
Timestep: 302, Trans probs: [0.31615384137696073, 0.022629711597529967, 0.4212013799927431, 0.030148821574343874, 0.08397314922400133, 0.006010643870715209, 0.11187466893155204, 0.00800778343215368]
Timestep: 303, Trans probs: [0.3176063548035842, 0.022511062613343704, 0.4231876553740634, 0.02999437405215342, 0.08275489096239579, 0.005865438470735221, 0.11026494825259502, 0.007815275471129392]
Timestep: 304, Trans probs: [0.314885360963366, 0.022133235143754565, 0.42920675004699693, 0.03016886493234622, 0.0805034509841623, 0.0056585730281805005, 0.1097308063441536, 0.007712958557039757]
Timestep: 305, Trans probs: [0.31219280197662097, 0.021759408512177267, 0.43518413962925045, 0.030331735428424066, 0.07830784166473594, 0.005457948760194306, 0.10915796419817418, 0.007608159830422881]
Timestep: 306, Trans probs: [0.3095503514492993, 0.021351094531343325, 0.44112286104788045, 0.030426248466762132, 0.076205941358349, 0.005256270103310195, 0.10859681703946587, 0.007490416003589648]
Timestep: 307, Trans probs: [0.3068563155149276, 0.0209961511251163, 0.4468445351889803, 0.030574620484888737, 0.07420307738058919, 0.00507722653195893, 0.10805461039992299, 0.0073934633736159215]
Timestep: 308, Trans probs: [0.31885395803730415, 0.02160035040874, 0.43804726152801465, 0.02967494712261684, 0.07568108633984179, 0.0051269176469292375, 0.10397202789859786, 0.007043451017955547]
Timestep: 309, Trans probs: [0.32788215288521044, 0.022022546727647262, 0.4320071611557981, 0.029016211494019808, 0.0764473605454246, 0.0051346666935126435, 0.10072462595621902, 0.0067652745421682295]
Timestep: 310, Trans probs: [0.3163872243727736, 0.02105334637723107, 0.4464694026263921, 0.029709401190150413, 0.07247670176139416, 0.004822815173674918, 0.10227539940618853, 0.0068057090921950425]
Timestep: 311, Trans probs: [0.31357573576346626, 0.02066084349438987, 0.4522242290998935, 0.029796100132096315, 0.07058730469840455, 0.004650848547046481, 0.10179770247132229, 0.00670723579338085]
Timestep: 312, Trans probs: [0.31080183549375945, 0.020258554311625824, 0.4579384704990352, 0.029849152471217756, 0.06875802255637929, 0.004481756461011544, 0.10130874431286528, 0.00660346389410562]
Timestep: 313, Trans probs: [0.3080535359683994, 0.019869750807230337, 0.4636590268210503, 0.02990645536171434, 0.06694067893607882, 0.004317738490309497, 0.1007540781918718, 0.006498735423345562]
Timestep: 314, Trans probs: [0.32841719818308235, 0.020992141421659418, 0.4461507069227745, 0.02851756481362813, 0.07010982604780298, 0.0044813590505785985, 0.09524333264673514, 0.006087870913738914]
Timestep: 315, Trans probs: [0.3374017188505305, 0.021350173114699503, 0.4399244287282029, 0.027837625554282642, 0.0708209377450394, 0.00448142139332664, 0.09234055085915012, 0.0058431437547683054]
Timestep: 316, Trans probs: [0.3173939585323872, 0.01992401510263531, 0.4625315422033859, 0.029034848284187183, 0.06552309512486244, 0.004113131651514899, 0.09548542882850516, 0.0059939802725218466]
Timestep: 317, Trans probs: [0.3144185282479042, 0.0195637443216438, 0.4681793452123085, 0.02913104726190469, 0.06380991219112274, 0.003970379272017307, 0.09501502050203646, 0.005912022991062312]
Timestep: 318, Trans probs: [0.3114525959840962, 0.019201290616691843, 0.47376777706889567, 0.029208145604246175, 0.06215759947588067, 0.003832063520938711, 0.0945513638715359, 0.005829163857714786]
Timestep: 319, Trans probs: [0.3085959466313523, 0.01882444539883005, 0.4794203465351118, 0.029244785082091232, 0.060500201912299545, 0.0036905304815191943, 0.09399030701102562, 0.005733436947770229]
Timestep: 320, Trans probs: [0.30568761308162, 0.01850333409243173, 0.48486956652964547, 0.029349254588065674, 0.05891645600556421, 0.0035662251997169896, 0.09345094554830187, 0.005656604954654092]
Timestep: 321, Trans probs: [0.3028322173955169, 0.018185170904964697, 0.4903294165978123, 0.02944443731004049, 0.05734305821764179, 0.0034434688715408576, 0.09284675363674474, 0.005575477065738221]
Timestep: 322, Trans probs: [0.2998754026666286, 0.01786687234160983, 0.49559905775716145, 0.02952828080872377, 0.055903709354067084, 0.0033307981567330114, 0.09239112456251178, 0.005504754352564549]
Timestep: 323, Trans probs: [0.29701483496620174, 0.017514164015596835, 0.5010148387366845, 0.029543494219339616, 0.05444568720862909, 0.0032105153798877503, 0.09184085771285913, 0.005415607760801392]
Timestep: 324, Trans probs: [0.29411624268686787, 0.017206258647708854, 0.5062770027017265, 0.029617993811878813, 0.05303929108560899, 0.0031028812029321295, 0.09129918521649015, 0.00534114464678678]
Timestep: 325, Trans probs: [0.31415028902044106, 0.017403330689597703, 0.42231068328587107, 0.02339521156542929, 0.09002654398717753, 0.004987299934486194, 0.1210222388260055, 0.006704402690991634]
Timestep: 326, Trans probs: [0.29326690979390907, 0.020389771655164063, 0.48676894223637707, 0.033843257624940594, 0.058258739027215706, 0.004050516256735199, 0.09669875401978244, 0.006723109385875873]
Timestep: 327, Trans probs: [0.3069459940644533, 0.02111673529119086, 0.4252313057789343, 0.029254321917541157, 0.08529301749098209, 0.005867840295598641, 0.11816170239348323, 0.008129082767816518]
Timestep: 328, Trans probs: [0.2956329885285359, 0.020128176375668768, 0.47380557195157774, 0.032259059340718446, 0.06409408489354153, 0.004363846713438628, 0.10272241505540286, 0.006993857141116123]
Timestep: 329, Trans probs: [0.31816996879267617, 0.021489140837887347, 0.45394754298982826, 0.030659533083330665, 0.06783393906026645, 0.004581491696359896, 0.09678176128494032, 0.006536622254710886]
Timestep: 330, Trans probs: [0.3039783021392526, 0.02032789755105227, 0.470982774747666, 0.03149596377768762, 0.06368478421944324, 0.0042587834725804396, 0.0986729518843726, 0.006598542207945393]
Timestep: 331, Trans probs: [0.315053228782426, 0.02085952540214781, 0.4626476218297495, 0.030631680421423613, 0.06489882977523953, 0.004296920852067109, 0.09530227438419177, 0.006309918552754725]
Timestep: 332, Trans probs: [0.31234337831216197, 0.020471852917959887, 0.46812022127916486, 0.030681900060555094, 0.06324207255291053, 0.004145061164819068, 0.09478316190853836, 0.006212351803890385]
Timestep: 333, Trans probs: [0.30934519117877757, 0.020093982933470988, 0.47369586539846154, 0.030769628578035783, 0.06161470749618273, 0.004002276150346186, 0.09434972005693712, 0.006128628207788103]
Timestep: 334, Trans probs: [0.31293289204652863, 0.020159742622726184, 0.47268888980652946, 0.030451533224270154, 0.061284425918881676, 0.003948061340648353, 0.09257086099379891, 0.0059635940466164555]
Timestep: 335, Trans probs: [0.3175824797998549, 0.020275885007500487, 0.4706460105420207, 0.030048144957501608, 0.06114451953422618, 0.003903739424467466, 0.09061401687973512, 0.00578520385469342]
Timestep: 336, Trans probs: [0.3145394103118648, 0.01991932248894163, 0.476245072864206, 0.03015990645097799, 0.059527642148209325, 0.003769798829917142, 0.09013098309111615, 0.005707863814767141]
Timestep: 337, Trans probs: [0.31082423321341396, 0.019485323329364444, 0.4826019236953655, 0.03025392977040131, 0.057815454235652375, 0.0036244047240752337, 0.08976729113102841, 0.00562743990069881]
Timestep: 338, Trans probs: [0.319809738149793, 0.01985267245691039, 0.4761291421128309, 0.02955643552395025, 0.05850752597987403, 0.003631943030448229, 0.08710534680120907, 0.005407195944984109]
Timestep: 339, Trans probs: [0.32375327984065094, 0.019944939948017555, 0.4746897400768188, 0.02924343612652242, 0.0581972724530761, 0.0035852643864683867, 0.08532932283350966, 0.005256744334936192]
Timestep: 340, Trans probs: [0.29588570130375996, 0.015546765878189088, 0.4526712279539305, 0.02378477084151917, 0.07965692189825009, 0.004185425351318086, 0.12186596544485671, 0.006403221328176404]
Timestep: 341, Trans probs: [0.2813437253395566, 0.0297143441527088, 0.41305244923372286, 0.04362486710815039, 0.08511551378210876, 0.008989543542169813, 0.12496163329413218, 0.013197923547450707]
Timestep: 342, Trans probs: [0.267568874990128, 0.04289998229774837, 0.37712594845778297, 0.060465539997719725, 0.0901146682061546, 0.014448308574583398, 0.12701245508640846, 0.020364222389474555]
Timestep: 343, Trans probs: [0.3214830148570263, 0.023295758454219922, 0.45668827670126383, 0.03309319401411627, 0.06372945740970855, 0.004618054384289406, 0.09053198686869998, 0.006560257310675616]
Timestep: 344, Trans probs: [0.31843820864865446, 0.022875243602581818, 0.4623363737098801, 0.033212274430976955, 0.062076345062712354, 0.004459300035926993, 0.09012785366194441, 0.006474400847322866]
Timestep: 345, Trans probs: [0.3154304427031138, 0.0224414514665342, 0.46797635783544267, 0.033294404407675324, 0.060465646349897775, 0.00430185766575173, 0.08970755235449493, 0.006382287217089527]
Timestep: 346, Trans probs: [0.31247224615086516, 0.022016994070464323, 0.47359222202172363, 0.03336961049345804, 0.058877029255800795, 0.004148513091897623, 0.0892357751921115, 0.006287609723679028]
Timestep: 347, Trans probs: [0.30952771371136406, 0.021611065792250632, 0.479191058969675, 0.03345687330637139, 0.057303986041915944, 0.0040009348360479, 0.08871437528277466, 0.006193992059600406]
Timestep: 348, Trans probs: [0.3230325086310403, 0.022374988028992817, 0.46821942445767795, 0.03243142326937856, 0.05877627651255979, 0.004071164505797132, 0.08519326577099694, 0.005900948823556555]
Timestep: 349, Trans probs: [0.31766574553476645, 0.0217938488552645, 0.4760899309120534, 0.03266273478225887, 0.056846343577431575, 0.0039000132602128165, 0.08519638068253814, 0.005845002395474215]
Timestep: 350, Trans probs: [0.31974705716159907, 0.021758799965301487, 0.47649053061373536, 0.03242519957187517, 0.05623946755969672, 0.0038270980056840575, 0.08380866418861341, 0.005703182933494631]
Timestep: 351, Trans probs: [0.2907199668365762, 0.019617557418281646, 0.41562829287628195, 0.02804627418228302, 0.09484409796531251, 0.006400006019075948, 0.13559402525961686, 0.00914977944257182]
Timestep: 352, Trans probs: [0.3203614953941957, 0.021394379272489352, 0.4648180406282981, 0.03104147532355834, 0.0621069966873825, 0.004147629043153652, 0.09011211685728812, 0.00601786679363413]
Timestep: 353, Trans probs: [0.31727282444165583, 0.021004375532720495, 0.47044920452408534, 0.031145093432704798, 0.06049070869786099, 0.00400465928327222, 0.08969506240595168, 0.005938071681748656]
Timestep: 354, Trans probs: [0.3141708265643169, 0.020581738630679445, 0.4760358489812034, 0.03118572634419622, 0.05896513028364333, 0.0038628822195031524, 0.0893447560418696, 0.005853090934587862]
Timestep: 355, Trans probs: [0.31111755305809996, 0.02021493177164964, 0.48162145449349414, 0.03129346045136355, 0.05739711828250532, 0.003729390446039772, 0.08885285744643605, 0.005773234050411784]
Timestep: 356, Trans probs: [0.32191646330137774, 0.02069976966693914, 0.47330771929381305, 0.030434481885426076, 0.05843830166957556, 0.0037576810203547644, 0.08592073545718605, 0.005524847705327499]
Timestep: 357, Trans probs: [0.2732374719797788, 0.04176309793025951, 0.385953055438405, 0.05899115935295237, 0.08631163932459276, 0.013192339321236915, 0.12191680985721272, 0.018634426795561973]
Timestep: 358, Trans probs: [0.3288383321550235, 0.024718620234125854, 0.4465156576314657, 0.033564368537120234, 0.06562393453082159, 0.004932919788596297, 0.08910796406052879, 0.006698203062318074]
Timestep: 359, Trans probs: [0.3113453797543498, 0.02318850575718126, 0.4665844095029167, 0.034750460323213585, 0.061135799576940424, 0.004553296540254685, 0.091618545833574, 0.00682360271156946]
Timestep: 360, Trans probs: [0.308497990585629, 0.022753434522212155, 0.4721788294115291, 0.03482580245464485, 0.059525584095433, 0.004390341335905482, 0.09110827777148052, 0.006719739823165861]
Timestep: 361, Trans probs: [0.29770575490444484, 0.021734735620134026, 0.41583080794690785, 0.030358743573276586, 0.0911318540657622, 0.006653303545736745, 0.12729156854233123, 0.009293231801406574]
Timestep: 362, Trans probs: [0.32854981771218383, 0.023750591633422538, 0.4415086010995951, 0.03191628764361744, 0.06934257879380702, 0.0050127170461037275, 0.09318326570100806, 0.006736140370262271]
Timestep: 363, Trans probs: [0.3368338422637906, 0.02409656212684146, 0.4360129501770162, 0.031191679171654694, 0.06990398253619964, 0.005000820721505785, 0.09048687462604021, 0.006473288376951445]
Timestep: 364, Trans probs: [0.31248313353970975, 0.022121279470794574, 0.4631517310741487, 0.03278739804102598, 0.06375618166819107, 0.004513422202013274, 0.09449721516744884, 0.0066896388366679636]
Timestep: 365, Trans probs: [0.3338149664365022, 0.023432603041445548, 0.44438702110965334, 0.03119436127623044, 0.06700559304265644, 0.00470355023349104, 0.0892003621280888, 0.006261542731932277]
Timestep: 366, Trans probs: [0.31577574620864074, 0.021960257335846535, 0.4052891683900692, 0.02818536426605908, 0.09367891161322513, 0.0065147910524109625, 0.12023421253614922, 0.00836154859759921]
Timestep: 367, Trans probs: [0.3148690861605821, 0.021688160764311543, 0.4521117260134852, 0.03114142425595281, 0.06920641134246319, 0.004766932801878595, 0.0993715529992773, 0.006844705662049323]
Timestep: 368, Trans probs: [0.31207363115362624, 0.02130434046888546, 0.4578713112852526, 0.03125751531937052, 0.06734406098737816, 0.004597379145840787, 0.09880653292487113, 0.006745228714775172]
Timestep: 369, Trans probs: [0.30927370896635153, 0.02090534969455531, 0.46352062111368564, 0.03133166639804271, 0.06558927096900354, 0.004433505358087662, 0.09830120937067442, 0.006644668129599174]
Timestep: 370, Trans probs: [0.30643390861117736, 0.02055095380060434, 0.4690308698230571, 0.03145549975352605, 0.0638918462490063, 0.004284899104180765, 0.09779351233220336, 0.006558510326244734]
Timestep: 371, Trans probs: [0.30363990880056985, 0.020157307128254073, 0.47456153068912454, 0.03150403569524818, 0.062251796758499074, 0.004132620746408162, 0.09729389023517634, 0.006458909946719786]
Timestep: 372, Trans probs: [0.30088799957333767, 0.01976925043561889, 0.48002228749155507, 0.031538914245685, 0.060661301505004796, 0.003985630742680145, 0.09677613182293095, 0.00635848418318748]
Timestep: 373, Trans probs: [0.2981522193987683, 0.019399583364260096, 0.4854475644285038, 0.03158614922974038, 0.05909363921288585, 0.003844988920490407, 0.09621549451136063, 0.0062603609339906266]
Timestep: 374, Trans probs: [0.3145881694842034, 0.020273865749590364, 0.4150645594342355, 0.026749140532460823, 0.09045624638517616, 0.00582951926778358, 0.1193470883393251, 0.007691410807225149]
Timestep: 375, Trans probs: [0.300087635201369, 0.019178368088306634, 0.472213545176877, 0.030178801534456047, 0.06513427874985005, 0.004162681252070776, 0.10249435522515425, 0.006550334771916305]
Timestep: 376, Trans probs: [0.32905198966587773, 0.020857168055734034, 0.44609023562862715, 0.028275711148186083, 0.07014966991367164, 0.004446481104488646, 0.09510072500347276, 0.006028019479941982]
Timestep: 377, Trans probs: [0.30856166050251543, 0.019385411519339445, 0.4693915584434949, 0.02948956299143663, 0.06462549366609989, 0.004060101917125887, 0.09830988444160099, 0.006176326518386765]
Timestep: 378, Trans probs: [0.305655846311308, 0.01902418747452633, 0.47510471641070035, 0.029570778063322926, 0.06289037529841697, 0.003914331443220103, 0.09775541440383533, 0.006084350594670019]
Timestep: 379, Trans probs: [0.30274800757675013, 0.018697593446710525, 0.4806995645049906, 0.029687809010094227, 0.06120487340238855, 0.003779988013777872, 0.09718034554745225, 0.006001818497835919]
Timestep: 380, Trans probs: [0.2998939228665551, 0.0183383899128271, 0.48620182767452763, 0.029731041586301524, 0.05961991123171169, 0.0036457330254797207, 0.09665854355958355, 0.005910630143013494]
Timestep: 381, Trans probs: [0.2970498641003604, 0.01802572631288524, 0.4916358684276317, 0.029833690167520244, 0.05804138764196306, 0.0035220961020222077, 0.09606208070326028, 0.0058292865443568586]
Timestep: 382, Trans probs: [0.33078974888236334, 0.0199098597507369, 0.46058796156738435, 0.027722266934413285, 0.06347231366026955, 0.0038203265587899403, 0.08837814250146453, 0.005319380144578035]
Timestep: 383, Trans probs: [0.33895335659093473, 0.020215974586419237, 0.45498504489481867, 0.027136377103044944, 0.06394344848109271, 0.003813737507906863, 0.08583279148054197, 0.005119269355241031]
Timestep: 384, Trans probs: [0.3063871171899529, 0.018125338059999406, 0.4899670271483309, 0.028985611688792084, 0.056861011674906724, 0.003363800242300314, 0.09093078425268135, 0.005379309743036308]
Timestep: 385, Trans probs: [0.3033377207261368, 0.01781215376901723, 0.4953765430532326, 0.029088776487493646, 0.05538066899246836, 0.0032519826072520967, 0.09044138754584001, 0.0053107668185593225]
Timestep: 386, Trans probs: [0.30032612887835736, 0.017494472502108255, 0.5008875206530834, 0.02917749111421395, 0.05387982086455787, 0.0031385848712328053, 0.08986141161567611, 0.005234569500770356]
Timestep: 387, Trans probs: [0.3108505900180567, 0.0179464385112082, 0.42851174413568227, 0.024739408302280816, 0.08663206844628538, 0.005001557466497743, 0.11942347848155332, 0.006894714638435449]
Timestep: 388, Trans probs: [0.30266023283126403, 0.017339813657194166, 0.4868590739176447, 0.02789281413046623, 0.05991482726643139, 0.003432601403839202, 0.09637895617800912, 0.005521680615151271]
Timestep: 389, Trans probs: [0.3280805583420057, 0.01860608275810941, 0.46420893873295893, 0.026326186393879097, 0.06378760798690218, 0.0036175185727065533, 0.09025459465673753, 0.005118512556700528]
Timestep: 390, Trans probs: [0.31129349059544487, 0.01751150685423716, 0.4835136910734869, 0.027199583579968288, 0.059506646744748225, 0.0033474874477782486, 0.09242814026057354, 0.005199453443762795]
Timestep: 391, Trans probs: [0.3081544911053871, 0.017173105251069267, 0.48927428394079797, 0.027266708801213974, 0.05788184175670541, 0.003225690325161257, 0.09190226816782397, 0.005121610651841131]
Timestep: 392, Trans probs: [0.30499036847524674, 0.016850824875769194, 0.4949104259677614, 0.027343974692931775, 0.056331702909734285, 0.003112346351890883, 0.09140992622791197, 0.005050430498753735]
Timestep: 393, Trans probs: [0.30182682522787657, 0.01651643136522914, 0.5004931359619955, 0.02738775959573363, 0.05484796886861434, 0.0030013658085451885, 0.09094960966267131, 0.004976903509334439]
Timestep: 394, Trans probs: [0.3282512913282622, 0.017803693753014143, 0.47652389152637764, 0.025845703139202553, 0.05864378357185698, 0.0031807215715939797, 0.0851334471478007, 0.004617467961891789]
Timestep: 395, Trans probs: [0.31131695160004913, 0.016740582164202666, 0.43565873557672863, 0.023426867123652374, 0.08418538740057424, 0.0045269375392545195, 0.11780951612326351, 0.006335022472274973]
Timestep: 396, Trans probs: [0.337468310637311, 0.017999689928513533, 0.45557984427925863, 0.024299454722788105, 0.06651732600972766, 0.003547862733504825, 0.08979792196830332, 0.004789589720592888]
Timestep: 397, Trans probs: [0.3266289378357312, 0.017260734999653114, 0.42575630002311127, 0.022499129188693123, 0.08570579350528724, 0.004529130209441973, 0.11171631569186749, 0.0059036585462146065]
Timestep: 398, Trans probs: [0.3460366980384365, 0.018101413456211978, 0.4358576388757884, 0.022800007554293063, 0.07452538520712668, 0.00389847324941189, 0.09386998146964984, 0.0049104021490817456]
Timestep: 399, Trans probs: [0.3536734212254714, 0.018350002962737606, 0.4308761765951607, 0.02235559316190092, 0.07488906928691953, 0.0038855468373337433, 0.09123647383880383, 0.004733716091672223]
Timestep: 400, Trans probs: [0.3028003426078341, 0.015568333928249198, 0.48453777045174595, 0.02491227634115288, 0.06298063585343545, 0.0032381190904054763, 0.10078091925272264, 0.005181602474454105]
Timestep: 401, Trans probs: [0.29976711675079765, 0.015277076481058995, 0.4902144811836237, 0.024982874046824383, 0.06129300762625633, 0.0031236847303664733, 0.1002335421555513, 0.005108217025521143]
Timestep: 402, Trans probs: [0.29674533111809304, 0.015014382539787211, 0.4958433056197953, 0.02508811526138383, 0.05962369793654917, 0.003016772010811556, 0.09962755392558943, 0.005040841587990445]
Timestep: 403, Trans probs: [0.29371016967861074, 0.01475291217090123, 0.5014084513161498, 0.02518549103052546, 0.05801451638259757, 0.0029140395981736467, 0.09903970586065829, 0.004974713962383403]
Timestep: 404, Trans probs: [0.35423613732670306, 0.01764767120088864, 0.4432390968330684, 0.02208170488567255, 0.06888162025764108, 0.0034316097597072736, 0.0861883470777495, 0.004293812658569594]
Timestep: 405, Trans probs: [0.3434514367689712, 0.016936694638453847, 0.4159268913418481, 0.02051069233207724, 0.08757310256069534, 0.004318511259017376, 0.10605286341466695, 0.005229807684269793]
Timestep: 406, Trans probs: [0.2972443257272692, 0.0145460167987204, 0.48882796553438773, 0.02392139793064249, 0.06325295968848801, 0.0030953614066353313, 0.10402155036231746, 0.005090422551539384]
Timestep: 407, Trans probs: [0.35159973816304063, 0.017053273546777447, 0.43715056546271264, 0.02120265564733494, 0.07354788976254518, 0.003567216202895221, 0.09144347423653905, 0.004435186978154917]
Timestep: 408, Trans probs: [0.30588681257456923, 0.01472156871473547, 0.48541666182328613, 0.023361892205035605, 0.06292393130027271, 0.003028371738688262, 0.0998549902282239, 0.004805771415188663]
Timestep: 409, Trans probs: [0.30279104265407203, 0.014453513708279632, 0.4912046536708686, 0.02344730257926991, 0.06118577184558997, 0.0029206590273287655, 0.09925899922784132, 0.004738057286749888]
Timestep: 410, Trans probs: [0.3199713626160815, 0.04659859080527733, 0.40824042414202166, 0.05945353458894454, 0.06356597845214772, 0.009257344141084187, 0.08110163919714213, 0.011811126057300867]
Timestep: 411, Trans probs: [0.3388659958802244, 0.01974438510086193, 0.4184437796855924, 0.024381068710396123, 0.08395793730725482, 0.004891897878872425, 0.10367424601042399, 0.00604068942637383]
Timestep: 412, Trans probs: [0.302881699002902, 0.017475242699885967, 0.4743196081318835, 0.027366626299002807, 0.06556816810438205, 0.003783060035595019, 0.1026812379340819, 0.005924357792266697]
Timestep: 413, Trans probs: [0.2998024042266608, 0.017170999314544935, 0.47997579088534115, 0.027490319824317964, 0.06384150056492266, 0.003656482893349402, 0.10220856902064418, 0.00585393327021902]
Timestep: 414, Trans probs: [0.3362930990546232, 0.019106892365878342, 0.42613827092969225, 0.024211552656073446, 0.08107354849714511, 0.004606290076155143, 0.1027334247173961, 0.005836921703036557]
Timestep: 415, Trans probs: [0.3020882893763744, 0.017000003035879657, 0.46657749723602165, 0.026256624796213726, 0.06997717402515113, 0.003937961889637172, 0.10808023967994973, 0.006082209960772621]
Timestep: 416, Trans probs: [0.3354814090607478, 0.018735693651330716, 0.4360632061884259, 0.024352904283539673, 0.0763375588272641, 0.004263238074152344, 0.09922457625300689, 0.005541413661532623]
Timestep: 417, Trans probs: [0.310784694003301, 0.017177404952348437, 0.46363922661364915, 0.025625839692258782, 0.06950698891430358, 0.00384172618097693, 0.10369290124734677, 0.005731218395815308]
Timestep: 418, Trans probs: [0.3076883901312928, 0.01685880759740523, 0.46951280195679934, 0.025725462014769985, 0.06763955175869259, 0.0037060943007565105, 0.1032136293988034, 0.005655262841480036]
Timestep: 419, Trans probs: [0.3343600369942581, 0.01813339998480023, 0.44562220198043345, 0.024167498314870098, 0.07226393696022178, 0.0039191013530082645, 0.0963105968089789, 0.005223227603429264]
Timestep: 420, Trans probs: [0.31621062889702817, 0.017023541240898138, 0.46631089717835433, 0.025104351542151883, 0.06723792713877255, 0.0036198265364828664, 0.09915472556333325, 0.005338101902978772]
Timestep: 421, Trans probs: [0.31303771913777806, 0.01668862098893694, 0.47215380155139697, 0.025171394246930795, 0.06546072447813372, 0.003489832546332787, 0.0987342036601538, 0.0052637033903367835]
Timestep: 422, Trans probs: [0.3330224186238076, 0.01759199361141169, 0.45485273729557546, 0.024027711052317848, 0.06845375012508838, 0.003616086688260081, 0.09349633502516956, 0.0049389675783695275]
Timestep: 423, Trans probs: [0.32165446469175263, 0.01682377500860779, 0.4688925424303619, 0.02452489706499869, 0.06499793985340506, 0.003399644140381013, 0.09475089767463839, 0.004955839135854556]
Timestep: 424, Trans probs: [0.318363167044893, 0.01651567407013081, 0.47473828559171494, 0.024627920579580808, 0.06325512134708855, 0.003281475608916069, 0.09432506951715988, 0.004893286240515911]
Timestep: 425, Trans probs: [0.3316739423433988, 0.017073806683796884, 0.46401987384181353, 0.023886668839399775, 0.06475495980940804, 0.003333435414887588, 0.09059375623269021, 0.004663556834605089]
Timestep: 426, Trans probs: [0.33917130419456065, 0.017296714213318583, 0.4591659196326198, 0.02341607792334102, 0.06506121799298155, 0.003317926015785477, 0.08807907279511182, 0.0044917672322809825]
Timestep: 427, Trans probs: [0.3335387003238963, 0.016871078712797527, 0.43734233203924405, 0.022121681535328244, 0.07830164241453406, 0.0039606593514758155, 0.10267061322365494, 0.005193292399069087]
Timestep: 428, Trans probs: [0.32207712598066573, 0.016136939468890863, 0.4646304328730506, 0.023279247626939722, 0.06778834824132283, 0.003396380506487715, 0.09779188600001872, 0.004899639302623773]
Timestep: 429, Trans probs: [0.31893897714763375, 0.015848169079806473, 0.4704866901481418, 0.02337861832363876, 0.06594973625562321, 0.003277061274526993, 0.0972865511909142, 0.004834196579714891]
Timestep: 430, Trans probs: [0.3158281139266783, 0.015565564777116977, 0.476215302945246, 0.02347023529250942, 0.06419355848254799, 0.0031637746887400934, 0.09679301351556366, 0.004770436371597499]
Timestep: 431, Trans probs: [0.3391834998620617, 0.016594145585613288, 0.4555180048396995, 0.02228567159738642, 0.06771561238670389, 0.003312905052341577, 0.09094098228078322, 0.00444917839541047]
Timestep: 432, Trans probs: [0.3465188830491857, 0.01681185245752234, 0.4506599693256382, 0.021864404173722207, 0.06804923924325088, 0.003301504841344493, 0.08850042398885227, 0.004293722920483861]
Timestep: 433, Trans probs: [0.35379200699969987, 0.017017065996076917, 0.4459411241479054, 0.021449352698338583, 0.06829364917415595, 0.0032848609129559037, 0.0860815000970658, 0.00414043997380165]
Timestep: 434, Trans probs: [0.3496170088491331, 0.016687134356366085, 0.4274879982874375, 0.02040389764399231, 0.07978450140598566, 0.0038080947460192856, 0.097555084384135, 0.004656280326931036]
Timestep: 435, Trans probs: [0.3602438342821844, 0.017069365441195323, 0.42765397030615443, 0.02026344716233454, 0.07629333093841549, 0.003614992465058466, 0.09056961640636274, 0.004291442998294613]
Timestep: 436, Trans probs: [0.3671846815527456, 0.01726257309913236, 0.4234265077795054, 0.01990668840471238, 0.07639269597757956, 0.0035914747123330817, 0.08809379612695369, 0.004141582347037946]
Timestep: 437, Trans probs: [0.3740840192787948, 0.0174178814462853, 0.41926655321827955, 0.01952164418150707, 0.07646214539741764, 0.003560185720385689, 0.08569737946639806, 0.003990191290931895]
Timestep: 438, Trans probs: [0.38089093263836094, 0.01756498155194557, 0.4151944261655542, 0.019146904825358114, 0.07647241101136268, 0.003526564624006757, 0.08335960792614935, 0.0038441712572623286]
Timestep: 439, Trans probs: [0.3874998608753921, 0.01769743789224101, 0.41112179832464113, 0.018776271236743598, 0.07651883156539953, 0.0034946780784805838, 0.08118340886058655, 0.0037077131665155592]
Timestep: 440, Trans probs: [0.32567765891690176, 0.01475559097974663, 0.4754152508114285, 0.0215398041420367, 0.06324305687360084, 0.0028653751769132413, 0.09232046756181102, 0.004182795537561368]
Timestep: 441, Trans probs: [0.38490345736497666, 0.017292777151673565, 0.4186674204310334, 0.01880970997700023, 0.07349319238406157, 0.0033018705697349555, 0.07994005947704562, 0.0035915126444740196]
Timestep: 442, Trans probs: [0.3489246064320607, 0.048417482803522885, 0.3696065158705647, 0.051287346310205026, 0.07751058726491367, 0.010755525568589108, 0.08210489479378197, 0.011393040956362111]
Timestep: 443, Trans probs: [0.32505928116354427, 0.01778119314318473, 0.45941673269330585, 0.025130731932925657, 0.06781480590951172, 0.0037095638602545715, 0.09584484543145129, 0.005242845865821887]
Timestep: 444, Trans probs: [0.3218778404775895, 0.017454359761571815, 0.4651980207369409, 0.02522613424479914, 0.06604065927514546, 0.003581164283224492, 0.09544609823831403, 0.005175722982414661]
Timestep: 445, Trans probs: [0.31870908438654333, 0.017119326384403166, 0.47094922880197987, 0.025296842648406384, 0.06432042943258902, 0.003454945210491637, 0.09504484848869578, 0.005105294646890935]
Timestep: 446, Trans probs: [0.31549680283786613, 0.01679781883504658, 0.47660819333316545, 0.02537578198858529, 0.0626703993106558, 0.003336724824059216, 0.09467362433548818, 0.005040654535133429]
Timestep: 447, Trans probs: [0.348051684061445, 0.04613583359737319, 0.3777878254867273, 0.05007749437779505, 0.07534164076429992, 0.00998687712322968, 0.08177852869668102, 0.010840115892448928]
Timestep: 448, Trans probs: [0.37561379402536493, 0.023701664422326997, 0.3972987255844512, 0.025070008660504475, 0.08151291884772056, 0.005143559366945347, 0.08621882181111067, 0.005440507281575912]
Timestep: 449, Trans probs: [0.31507565803954585, 0.01973754570777202, 0.4604924734747119, 0.028847011856915152, 0.06722687183712966, 0.00421134867711468, 0.09825407868341815, 0.006155011723392448]
Timestep: 450, Trans probs: [0.31199284732413385, 0.01940249758565574, 0.4661479161352472, 0.028989234512726503, 0.06547912020400773, 0.004072075634314863, 0.09783222819129837, 0.006084080412615782]
Timestep: 451, Trans probs: [0.37333228086595527, 0.023032550964463827, 0.4044235023626124, 0.024950708542501667, 0.07878668353370394, 0.004860705588067457, 0.08534806157219432, 0.005265506570500863]
Timestep: 452, Trans probs: [0.31345709894128226, 0.019196376503348263, 0.4534700853343737, 0.027770889606538302, 0.07167527146964434, 0.004389453937263446, 0.10369071742028885, 0.006350106787260931]
Timestep: 453, Trans probs: [0.3105728097639768, 0.018877580304251348, 0.45915416884569493, 0.0279088169405542, 0.06979182227767694, 0.0042421637960777525, 0.1031809776731142, 0.006271660398653819]
Timestep: 454, Trans probs: [0.34876560014027097, 0.0445038312130174, 0.38673436978662057, 0.04934879216968131, 0.07176193296660355, 0.009157098495324985, 0.07957437863524137, 0.010153996593239718]
Timestep: 455, Trans probs: [0.3086306204339246, 0.021928644489703112, 0.44191845393539037, 0.031398934610453254, 0.0752972111580217, 0.0053499739339825676, 0.10781570245303491, 0.0076604589854893605]
Timestep: 456, Trans probs: [0.3059352960040237, 0.02156970013999825, 0.4476391183168527, 0.031560404043411594, 0.07330553999781182, 0.005168342904548854, 0.10725937059557093, 0.007562227997782193]
Timestep: 457, Trans probs: [0.3544690928263544, 0.024762466394558636, 0.4021522748028707, 0.028093513346676226, 0.08342962537474984, 0.005828218415829289, 0.09465257848825473, 0.006612230350706253]
Timestep: 458, Trans probs: [0.36986637497338487, 0.025626439074964258, 0.40910330044286425, 0.028344995689106003, 0.07418227438829009, 0.005139768477711965, 0.08205183098569437, 0.005685015967984298]
Timestep: 459, Trans probs: [0.3083728580275179, 0.02116043300471536, 0.43713875686192094, 0.029996302001117726, 0.07870522542848464, 0.0054007238524599694, 0.1115698204518208, 0.007655880371962568]
Timestep: 460, Trans probs: [0.3057815194452657, 0.020803502722211615, 0.44298698430605843, 0.030138122639438936, 0.0765839256247293, 0.005210301486178891, 0.11094745791166405, 0.007548185864453152]
Timestep: 461, Trans probs: [0.3528837542291513, 0.02378912918502652, 0.3991725889670005, 0.026909621574392733, 0.0867070461111102, 0.005845225506895429, 0.09808067292147897, 0.006611961504944366]
Timestep: 462, Trans probs: [0.35903749085095854, 0.023986012862230666, 0.39611424251264715, 0.026462978262526877, 0.08663923204298259, 0.005788057757509861, 0.09558621215640625, 0.006385773554737808]
Timestep: 463, Trans probs: [0.3153416359063426, 0.020901402582870647, 0.4428367509130323, 0.029352004795436322, 0.07472421525095821, 0.004952853438336421, 0.10493580589557294, 0.006955331217450652]
Timestep: 464, Trans probs: [0.31253432079064747, 0.020550897965552112, 0.4485440360724783, 0.029494305441600234, 0.07277605126475986, 0.004785436684503245, 0.10444697299526094, 0.006867978785197844]
Timestep: 465, Trans probs: [0.30974765450198827, 0.020178590383898954, 0.4542603615374006, 0.029592907742409448, 0.07088081931692772, 0.004617549151004971, 0.10395025157088987, 0.006771865795480209]
Timestep: 466, Trans probs: [0.3692450432851404, 0.023813518699256422, 0.4165336535250487, 0.026863277185358282, 0.07219511283786596, 0.0046560399410204775, 0.08144102314675443, 0.0052523313795553375]
Timestep: 467, Trans probs: [0.3109555390375667, 0.019888609372458, 0.4418904978690779, 0.02826316432477931, 0.07725468441252437, 0.00494118305539363, 0.10978454046333823, 0.007021781464861952]
Timestep: 468, Trans probs: [0.30833000998634313, 0.01953575581330137, 0.44779803265663565, 0.02837243452249185, 0.07514774554222345, 0.0047613529636573735, 0.10913959563611599, 0.006915072879231088]
Timestep: 469, Trans probs: [0.35261865358510347, 0.022141612918620903, 0.4065550821980236, 0.025528386455466363, 0.08441597681503883, 0.005300643808211817, 0.09732821574789886, 0.006111428471636132]
Timestep: 470, Trans probs: [0.37205298254018115, 0.023156525203872617, 0.4184838823883131, 0.02604637786741264, 0.07100449397589938, 0.004419309699159749, 0.07986560436413881, 0.004970823961022718]
Timestep: 471, Trans probs: [0.31083421223276203, 0.019156241450385726, 0.4374674359956929, 0.026960455126282194, 0.08043848969485036, 0.00495730222046808, 0.11320896625054067, 0.006976897029018058]
Timestep: 472, Trans probs: [0.34931843696581544, 0.042882598802454285, 0.4015040238393025, 0.049288941406653464, 0.06505988191372859, 0.007986800921459808, 0.07477934633443979, 0.009179969816146221]
Timestep: 473, Trans probs: [0.31578749162795194, 0.052748511678400715, 0.35415748415443493, 0.059157758569243, 0.08810966046000766, 0.014717661645795372, 0.09881548986424678, 0.01650594199991972]
Timestep: 474, Trans probs: [0.3097383298095343, 0.02221797809991849, 0.4227690257559443, 0.030325833297239906, 0.08480707416446644, 0.006083334011851053, 0.11575514126317846, 0.008303283597867148]
Timestep: 475, Trans probs: [0.34294118008467833, 0.024376715892578303, 0.3929469626413195, 0.027931193526522128, 0.09215511245745511, 0.0065505081479841545, 0.10559266030135198, 0.007505666948110523]
Timestep: 476, Trans probs: [0.31810812683904904, 0.02242530727568486, 0.4212076568643844, 0.029693397732130974, 0.08383054449311365, 0.005909706671207485, 0.11100020477463475, 0.00782505534979487]
Timestep: 477, Trans probs: [0.34225502148312154, 0.02389986801942973, 0.40049662885838133, 0.027966913474237763, 0.08846116602423841, 0.006177294882811304, 0.10351462083467557, 0.007228486423104425]
Timestep: 478, Trans probs: [0.32638128402903177, 0.022618676958011622, 0.4196573013323911, 0.029082834697911068, 0.08275107029204626, 0.005734764272509621, 0.10640037447134418, 0.007373693946754401]
Timestep: 479, Trans probs: [0.3142655693918959, 0.050551005855023326, 0.37543975450819306, 0.06039114391397152, 0.07824871401891416, 0.01258665150042421, 0.09348042179322653, 0.015036739018351095]
Timestep: 480, Trans probs: [0.34362527713442265, 0.027387723235671128, 0.4006372334443427, 0.03193170700066479, 0.08399169592232815, 0.006694330932807077, 0.09792702378369103, 0.00780500854607254]
Timestep: 481, Trans probs: [0.3322744920533348, 0.02626491960521744, 0.415193575441332, 0.032819329019752, 0.079694434713777, 0.0062995143196385335, 0.09958217703415428, 0.00787155781279402]
Timestep: 482, Trans probs: [0.358312859508921, 0.02805443796262612, 0.4264221671110054, 0.0333871194282561, 0.0651364137037068, 0.005099915978073059, 0.07751776123090029, 0.0060693250765112795]
Timestep: 483, Trans probs: [0.3326292954802224, 0.02582644945550622, 0.404065555043278, 0.03137299923919891, 0.08635506529397902, 0.006704895688222672, 0.10490088474749161, 0.00814485505210127]
Timestep: 484, Trans probs: [0.33418783839155874, 0.025735144243737716, 0.40579843504496094, 0.03124973461041691, 0.08513453912615658, 0.006556042419379418, 0.10337737875784107, 0.007960887405948608]
Timestep: 485, Trans probs: [0.36118814911256786, 0.027538208907621653, 0.42813369426905057, 0.032642364214166004, 0.06398797999043826, 0.0048786605122091735, 0.07584803191752112, 0.005782911076425386]
Timestep: 486, Trans probs: [0.3343486012348857, 0.025257141469832715, 0.39517051299096395, 0.029851710204426438, 0.09177513608478526, 0.006932816787464742, 0.10847010417418208, 0.008193977053459126]
Timestep: 487, Trans probs: [0.3089182213114483, 0.04770525927451415, 0.37352823502945226, 0.05768277838317111, 0.08319233447744669, 0.012847127854907204, 0.10059194868279173, 0.015534094986268659]
Timestep: 488, Trans probs: [0.33864340946140425, 0.029089474374506208, 0.3896484106084572, 0.033470804801691026, 0.08955727405987918, 0.007692971296736253, 0.10304600213941288, 0.008851653257912876]
Timestep: 489, Trans probs: [0.33609953255623437, 0.028585192151237598, 0.39565460970961636, 0.03365033851149435, 0.0872051324988559, 0.007416777554240878, 0.10265742532009425, 0.008730991698226288]
Timestep: 490, Trans probs: [0.3335072001365769, 0.028120555342616194, 0.4014874628181852, 0.03385249377801098, 0.08496295252254205, 0.007163879542941783, 0.10228133074142941, 0.008624125117697426]
Timestep: 491, Trans probs: [0.3309462691622456, 0.027638355288355385, 0.4072704111536384, 0.03401242247085272, 0.08280511654693043, 0.006915313584320116, 0.10190196114632781, 0.008510150647329582]
Timestep: 492, Trans probs: [0.33208376254457117, 0.027461207563141268, 0.40949880597332083, 0.033862937535774795, 0.08151816270108075, 0.006741031747373811, 0.10052159742905561, 0.008312494505681615]
Timestep: 493, Trans probs: [0.35742971215602437, 0.02929674356008332, 0.430342861354952, 0.03527307334350831, 0.06192020658047692, 0.005075292712609593, 0.07455149353644193, 0.006110616755903442]
Timestep: 494, Trans probs: [0.3360673791480004, 0.027291748976184627, 0.3951582685622098, 0.03209047036580774, 0.08900729206800262, 0.007228207267031709, 0.10465748717465814, 0.008499146438105069]
Timestep: 495, Trans probs: [0.36838351355313836, 0.029631206533755856, 0.4231596737743025, 0.034037168410237316, 0.062367811387692804, 0.005016602079887817, 0.07164148706406866, 0.00576253719691667]
Timestep: 496, Trans probs: [0.33949745532387776, 0.02703787575131247, 0.3811716000660375, 0.03035684126905336, 0.09683882887578969, 0.007712329450447162, 0.1087260324702346, 0.008659036793247536]
Timestep: 497, Trans probs: [0.3294558830123393, 0.025994858098402386, 0.39483424746269014, 0.031153367611279573, 0.09214600075092022, 0.007270540115884763, 0.11043177171561817, 0.008713331232865384]
Timestep: 498, Trans probs: [0.37092882818961304, 0.02903238063627446, 0.424875665130632, 0.03325476774983166, 0.06134298307288279, 0.004801279109603444, 0.07026453258269023, 0.005499563528472321]
Timestep: 499, Trans probs: [0.32942378789213966, 0.02555566710593165, 0.38468123203367444, 0.02984236679037593, 0.09867560203996228, 0.007654944572601206, 0.11522741696123572, 0.008938982604079226]
