4985.149047816991,0.5,0
3858.9118530129226,0.4545454545454545,0
2790.6405495935883,0.3658536585365853,1
4048.0803601146354,0.5309630375524984,0
2756.3749003504136,0.3714872876427224,1
2693.937016044484,0.5316603942566629,1
1653.1246935678905,0.5792852126972492,1
4601.588050149096,0.6312364023541922,0
4406.377427922428,0.4953660705419823,0
3158.152580941542,0.4569394625628084,1
2664.4911690979416,0.49628342372420486,1
2303.0219456605637,0.6003021395522372,1
2137.531339744728,0.6320701381809506,1
1074.0899788254785,0.6596040470674127,1
4258.583207624762,0.6833590467589756,0
857.2884670027807,0.5655530472058379,1
1329.5928390289619,0.651549754317181,1
1238.2535636620655,0.6738220994315588,1
3454.1126349949677,0.6938793037470622,1
1650.6944457466038,0.6493086866511688,1
1858.8641847002527,0.7212778678461432,1
1077.713018023394,0.7413534217548511,1
4540.555290201209,0.754773101305221,0
989.3738453639724,0.6325237219734343,1
2902.4457710891766,0.704403357252507,1
2063.5752073757844,0.7237138722934069,1
849.1298479611795,0.7401588946729665,1
4374.631029409763,0.7541770039658691,0
2482.903544151141,0.6361776830964777,1
2778.0745730992708,0.7106558985983047,1
1363.7286419808777,0.7270073024619872,1
3184.523985020379,0.7429736837508464,1
3155.445578812897,0.7004247517075025,1
3547.192797263541,0.7109663628511744,1
1076.1175005072453,0.722483928662859,1
3256.372193606157,0.7849268695775118,1
4066.939711624371,0.7479800690306587,0
2525.250739513542,0.6634522882494143,1
1346.080071155995,0.733284449220091,1
3704.970410152607,0.7502040635422551,0
843.8027763229014,0.6261208451296244,1
3118.786357445942,0.7086185883187044,1
1006.175215682527,0.6617285839959397,1
1797.792623335413,0.7439396563784942,1
4401.441399131013,0.7570455890068071,0
1826.4599381428256,0.6421605487449868,1
4054.4937542408557,0.7218643519338038,0
981.245226341834,0.6068383831995378,1
2716.2609490991595,0.6984109686411717,1
803.1692306178047,0.7032462987698349,1
4498.471171985282,0.7209839790617331,0
1086.591537499071,0.6180371330469124,1
1496.4361286562091,0.7050079766845049,1
3778.605528973774,0.7077160456312958,0
2113.7024160868377,0.6112939040188609,1
1128.9287555142485,0.6998923689288216,1
3511.164709617862,0.6991590696516193,1
3019.343235699565,0.6530352121136531,1
4838.229311441278,0.6760804081339749,0
2051.795858238172,0.6414993358059728,1
1309.0969849148257,0.7134643730382969,1
3127.5329797609797,0.7152298625638793,1
1449.2892169774605,0.6683463369068487,1
4090.1497445020673,0.7473994256964651,0
792.7488326182898,0.6455382278252761,1
2021.457461587928,0.7278349742183328,1
1208.7238296686044,0.7270631638829058,1
2467.630023551302,0.7398125250159615,1
1815.2437841771625,0.7498510405994665,1
3296.850278602144,0.7597185176545234,1
844.5274330764585,0.7139245046602767,1
3409.1702588416883,0.782151362470704,1
1049.2464251504832,0.7344339045471605,1
1718.3151015594137,0.7989963119622268,1
2405.8045375584434,0.8033604878439023,1
2672.6898925705486,0.8115145879130539,1
1898.5237095234525,0.8173959726483214,1
2186.059118034862,0.825025091000174,1
1466.2396571664185,0.8312793468822746,1
2444.708225181661,0.836310859940399,1
1183.5203042787364,0.8395514199724688,1
3526.9728911539974,0.8409747938113572,1
2861.044779019326,0.7992331302125708,1
4242.177173939888,0.8439153604705765,0
1224.2242729701027,0.6819772368304999,1
2186.078017893377,0.7617873987262055,1
3489.2545583076717,0.7763622226528997,1
2062.944706412969,0.742505477196641,1
1562.6868042475658,0.8098064483201691,1
4710.932618386542,0.8177733579268864,0
735.2299515489268,0.6755063872943625,1
3326.6027322368454,0.7561274747463032,1
1899.8880378635477,0.7124770336532039,1
2002.9434683956224,0.7894978227659254,1
4098.23507053815,0.7979140705430234,0
4295.142296302931,0.6678128188121523,0
3164.10059791974,0.6410117528157411,1
2775.1055244119366,0.6548409356309015,1
2142.6018092786235,0.7355269758944397,1
1248.3044187411901,0.7517794413916912,1
1366.2820974841252,0.7674599989531958,1
1617.2339325217636,0.7808507882587603,1
3123.7529387915874,0.7928897923546874,1
1216.5166296432744,0.7542657674448524,1
4009.8521830771288,0.808427485135659,0
1370.6501541834048,0.6789729424891653,1
1208.0534152609305,0.7482017170762171,1
1815.5235108795787,0.7635123599049053,1
2634.124022929603,0.7776568580604889,1
2811.563373360382,0.7908701988686038,1
3672.1112287439796,0.8018031818477773,0
3412.684924994935,0.6703315604315261,1
3490.6876156635963,0.6862719175809617,1
2988.1222297344475,0.7054002923306939,1
2927.8210073550767,0.7755931610451797,1
2981.750125974459,0.7872936341586598,1
1362.195666546914,0.7997313950990649,1
3531.893373341382,0.8097520679885072,1
827.6584780665161,0.7688104292704379,1
2258.224956935125,0.8224546926231491,1
2459.70179153165,0.8279049884325369,1
2192.70475528929,0.8318597040401816,1
3736.3624285703386,0.8347331367814633,0
699.4762609499928,0.6768835467847012,1
2145.7099197438743,0.7519797419860113,1
2496.410290775283,0.7689723768178085,1
2313.364914954358,0.7869266447063671,1
4353.531475245279,0.7997314142801554,0
1341.4304259961978,0.6626693748348567,1
787.9696215603472,0.7432011134173543,1
1231.826574888495,0.7564649652968526,1
3535.283108335348,0.7739351781059034,1
4324.014202990173,0.735355899328466,0
2699.4968922542657,0.6669211164973303,1
3445.167358770366,0.7403342414265118,1
1475.8445577226178,0.6943788274810349,1
2994.613183487628,0.7741747068810726,1
3242.182322247342,0.782778573925,1
3556.289999415221,0.7457403416418573,1
1718.8506413538184,0.7594648676967048,1
3112.5818128667784,0.8180725938182476,1
3794.2581455145883,0.776672483278696,0
2964.2846653378647,0.6910803206034131,1
656.8925277703538,0.7610321684407202,1
3123.2180663089275,0.773120053739579,1
2651.6088249011036,0.7368072990731039,1
4260.1963123606365,0.8037903809912913,0
2248.176164506862,0.6710583199284341,1
1441.0724046437072,0.7497291744480677,1
2038.0637985094866,0.759951253952232,1
3518.2539981249156,0.776282921909773,1
4471.400837574271,0.7371855283180672,0
1488.3979534200585,0.6708385650756785,1
2297.979842889777,0.7435007108185128,1
561.1746900784416,0.7533704940407242,1
1812.3161201950657,0.7702488995755528,1
1034.0497307214675,0.7844571679706687,1
987.9510136593831,0.7963680297206511,1
927.1929352444765,0.8068987605839544,1
2219.6401179196882,0.815817454385557,1
2579.1489365638404,0.8233059743611184,1
3495.9440359673645,0.8297489999785216,1
2304.9086695636834,0.79201780884116,1
1988.2220471865799,0.8407792518053813,1
4984.611437512245,0.845420258928018,0
2691.082142489115,0.6841679963008971,1
2307.976792183344,0.7640886316798622,1
737.7348289383737,0.7771416491097279,1
2604.4628375302354,0.795489352633328,1
3939.881897439822,0.8096845645530228,0
2347.1771529675048,0.6724531925899945,1
4640.9919071662525,0.751756856741429,0
2668.8101738598684,0.6195026396504181,1
462.4431782667599,0.7130388070439148,1
3936.9558323961355,0.7192806327458011,0
2175.6031608122034,0.6090242479877749,1
3440.6822728629786,0.7047794938080048,1
2905.8289798485184,0.6425545755663091,1
4329.316582068823,0.7379269739176292,0
2548.521965626978,0.6172932510990962,1
4257.864303897463,0.7098007896613372,0
4534.780653371991,0.5897985267139237,0
2563.323619981638,0.5594002190688947,1
3551.311126941499,0.6501475635201532,1
4781.944462044992,0.5874210065849716,0
2268.1495601705155,0.5727466727717225,1
3587.65995047693,0.6568666960170306,1
3144.8800184465017,0.5905978565485046,1
4267.31896331944,0.6190399379092092,0
1537.1517913784242,0.592078119335777,1
1957.4133750381395,0.67373403205473,1
1308.201847573124,0.6722168722213083,1
1274.264815130638,0.6865008159688825,1
3942.878022179286,0.6972085278119883,0
2153.982749910063,0.6081498697789233,1
1175.5453589887943,0.6968815537912157,1
2792.998765674452,0.6927811585066438,1
1906.661027399494,0.705457197104374,1
5011.069339735649,0.7147623268877118,0
4509.138048501528,0.6273134882315157,0
3256.8753878545735,0.601432135393139,1
2899.4104556636275,0.6168775249701749,1
3567.8853796424605,0.6910437537181858,1
632.9850089092937,0.6317232606905518,1
703.2249419721795,0.709028674907747,1
1390.6700394941274,0.7149227979406869,1
3989.560261091028,0.7240544115693511,0
851.0695870241109,0.6368456240697065,1
4014.96301149841,0.7140174563612591,0
1327.0008190915685,0.6208829667935651,1
1807.461277411067,0.7034634459853724,1
3778.9637262201945,0.7040091073611997,0
2922.559309354816,0.6176409418768404,1
2046.9864951858783,0.7023193772855297,1
2570.7033853103994,0.7003030962352489,1
1320.4119841054726,0.7115550706770708,1
3954.611930908872,0.7205714555754787,0
1226.7264820725854,0.6332204572000946,1
2464.690177612745,0.714992111472784,1
2783.687706004768,0.7133216255306472,1
4339.079306932975,0.7241900346295244,0
3119.287489236674,0.6369969678735281,1
1879.4103657034107,0.6562508571393564,1
3144.181486519464,0.7250277003375184,1
1101.714613490813,0.6643072167538643,1
4095.4508316234424,0.7428849088393679,0
2762.965526470431,0.6469647318999733,1
4291.1987178949,0.7275217365965126,0
791.4899393732092,0.6286095428898236,1
1471.9606805934243,0.7146800207718746,1
3044.4530268539447,0.7092238105850719,1
4444.315612438128,0.6598335164576603,0
1625.5534286465597,0.6476624478205113,1
4376.1491981705285,0.7153146746090772,0
2288.7174514194194,0.6166055978250672,1
982.4279260488981,0.7066603450535607,1
716.4721734900363,0.697404999847001,1
1986.34050053032,0.710604267158173,1
3078.7550487968315,0.7185709059299101,1
3483.6203687432844,0.666563165127553,1
2919.946371764854,0.6866838602437876,1
2298.2210641359534,0.7505686330168182,1
1047.587515786327,0.7504003110082631,1
2209.1043371946967,0.759229334995182,1
4157.063809039188,0.76712144425043,0
2298.5506088892926,0.6794084429451942,1
3193.131807155304,0.7516869394062325,1
1898.7871123703276,0.6941239082882089,1
769.7411776691489,0.7685083524329858,1
792.6140222227968,0.7692936652363882,1
3028.879489074796,0.7787126701691753,1
1218.7207187237227,0.7342572672354654,1
3752.6029058528115,0.7984794175438996,0
3116.805304995982,0.6955905496771202,1
1864.9498077464727,0.7105657154305262,1
2620.1448513689966,0.7753947217397229,1
2170.9831774014942,0.7796712522969276,1
2510.843307293897,0.7900293579007698,1
1363.831953127097,0.7993114914376923,1
3110.19323267528,0.8069953681461883,1
2245.9185318386144,0.7676623772390415,1
2674.9563183402993,0.8248552539351323,1
4296.32992663042,0.829952068323568,0
1238.9637708467606,0.7087395028615275,1
2447.3865931008004,0.7787616209344321,1
2613.6020977223,0.7855821133745935,1
2032.859200413351,0.7974042623591757,1
2182.681376027882,0.8094195002665399,1
1191.7382833568713,0.8169578089198265,1
3611.956023473814,0.823706771243638,0
692.7333629758191,0.6846721958138378,1
2005.3938151705117,0.7621979409584636,1
2396.9095789277762,0.7729460633762912,1
4586.783033923884,0.7892879649729674,0
1082.3051314952133,0.6655076611734616,1
3158.0640327870306,0.7474193839740234,1
2507.349289853702,0.6980270399276135,1
3269.610747587171,0.7785949006553315,1
3042.194507583056,0.7335172253328246,1
2720.74291751452,0.7530405605823143,1
585.6128430099768,0.8123159887966154,1
4180.382444360596,0.8186494240631549,0
3980.9697500005063,0.6886732873532362,0
1241.6146964312957,0.662538313529358,1
770.4058956189496,0.7346864249800917,1
2749.014208872443,0.7506459575472125,1
3486.8136440917233,0.7659858619067417,1
1969.3092489790029,0.7268249347404443,1
5097.086101752707,0.7901410067956203,0
3201.54232208805,0.6670640474917174,1
736.6291001847064,0.6818008465343546,1
3855.60616343019,0.7564722824282369,0
2291.3762899142566,0.6386018435840698,1
2650.2501782159015,0.7222671719926133,1
2902.877373535679,0.7318821064555192,1
3104.7630921309483,0.7486885113900612,1
3342.620391630455,0.7070697499576145,1
2025.383668768184,0.7250057293609999,1
1536.5859837626854,0.7892526011205274,1
1701.1746444827306,0.7975848631278353,1
1248.7859558095086,0.8084956997848153,1
2644.452824548567,0.8179105726449499,1
808.6528504744044,0.8242774453314441,1
743.4058146658189,0.8281094470955502,1
4691.945774773148,0.8342788968100784,0
3197.7426153508018,0.6833287445511536,1
1686.7454842110367,0.7011200760835923,1
3871.0453741757883,0.7750905037585396,0
3243.6046515670782,0.6424243350706378,1
2707.631837607063,0.6691973191331885,1
1200.2243864703926,0.7477588991588751,1
3022.9399594571555,0.7581104893356734,1
1713.4525726896406,0.7204593931061934,1
1170.238891582059,0.7911258052380085,1
3481.035802334406,0.8002769770388124,1
2852.207169697471,0.76221901690464,1
758.0592061849578,0.8192745678281976,1
1025.496217668142,0.8248775998643597,1
2698.4369601386115,0.8326438724859256,1
1627.7128233303874,0.8358680862075456,1
2669.656588917548,0.842894329049847,1
1586.3697586676562,0.8482197397552846,1
4910.357581703097,0.8512095745160709,0
1104.3635886134848,0.6793832508763494,1
2645.790840770559,0.7598847388476135,1
3320.172434360535,0.7749658930135173,1
4078.419945544396,0.741959575979018,0
2607.701492280451,0.6670202335823952,1
3403.539093410064,0.7406753545932699,1
2039.8608731321383,0.6962153678775245,1
2900.6574587401233,0.7770367529403301,1
1316.881680575387,0.786230647119224,1
1976.4095588226287,0.7996610241423148,1
918.9884156079743,0.810178928734403,1
3300.1697588041116,0.8207404243310371,1
2214.8138925179987,0.7847208035255516,1
2550.223648458585,0.8370565620598499,1
3532.5525481600826,0.8399383922149528,1
3197.3058528506317,0.8040800469312852,1
3851.5687353707185,0.8053475571585473,0
859.8779721199705,0.6841652431312281,1
4485.765301949865,0.7593998481246257,0
2771.3541343306915,0.6148474477882787,1
3323.81342208747,0.7126374464096686,1
1083.3407557984792,0.660801211591441,1
3621.09315838278,0.7540970456659519,0
1340.351927147644,0.6244943912826947,1
1028.4337659895314,0.7190403232467535,1
2885.820019670794,0.723100666326563,1
2410.616377939643,0.7431181286139137,1
3117.601839248091,0.7584069828048688,1
608.2276980616873,0.7178507871758194,1
2974.01187652182,0.7894553143284508,1
2194.3431057538237,0.7956758262515712,1
2406.2596321071032,0.8067184092966572,1
2890.1891234953205,0.8157405504263983,1
921.208574868683,0.822881310843042,1
1820.925489669456,0.831572219550149,1
3015.062467679571,0.8365539901332762,1
3851.405394033961,0.7959227043780615,0
3422.067122080624,0.68570923548947,1
688.203935351443,0.7034106191358991,1
4686.766398716522,0.779508719986708,0
1496.9252629831346,0.6424622030203655,1
2280.4764446498516,0.7324639036507444,1
1493.5035513726204,0.7410175883851156,1
1766.6566222297733,0.7609283545923466,1
1041.1648522825428,0.7762540400427546,1
2959.2717479984385,0.7894993362201367,1
1083.0820062198427,0.8016917584327686,1
2778.6684066016624,0.8117634596140764,1
1478.7412454507553,0.8205913497445494,1
3506.053907096715,0.8277314756892715,1
1720.3763183198755,0.79314622222651,1
4795.81150325956,0.8431729222352158,0
3369.6875725834057,0.6877333198926047,1
3078.3638796310934,0.7123361263157554,1
3497.8505194445615,0.7319547748282893,1
3793.6248645147607,0.7499332599309068,0
3093.814875003527,0.6677742356380642,1
2892.8793991074836,0.6837331569736085,1
1110.4156234996808,0.7622281878660556,1
681.4489759382558,0.7717481898512473,1
698.1612924428131,0.7872796191786676,1
1409.4847913605563,0.7996046916749616,1
3703.3925583550417,0.8106531025514325,0
1376.2582803460407,0.6755213847694952,1
3302.7972141633722,0.7572315572651562,1
1481.8218707641813,0.7109662019761382,1
769.817742303172,0.7890831088751891,1
3540.27094461687,0.7959362907888633,1
2532.1425033661194,0.7593515694535884,1
1571.5706597243448,0.8213945385243064,1
4166.085903854626,0.828014841737084,0
3643.6293074332675,0.6852693318739969,0
3299.172096267492,0.6603762775188081,1
2862.8146394611067,0.6726694354849025,1
757.605874161388,0.7510030651551226,1
4353.011252598281,0.7667063838839377,0
3231.7340214900655,0.6377601065740899,1
2643.4966612877274,0.6583339734418235,1
2489.6366097084397,0.7382783860048177,1
2309.7602772574423,0.751729941673003,1
841.2686741466832,0.7672565027575549,1
1195.331197176347,0.7807437150104698,1
1364.2637511109758,0.7930288012373646,1
1178.9533635801818,0.8046385308419148,1
1490.7352622546123,0.8111727744520568,1
3623.4147022344423,0.8195267125170987,0
1457.5961038268028,0.6749955949766748,1
3947.3875097793575,0.7497928580668833,0
4343.444090979417,0.6188444681250401,0
4036.076997260689,0.596093894448227,0
3285.1372247721624,0.5623252517832426,1
717.0149338760266,0.5812848347026769,1
4128.231315991145,0.6706754019328031,0
2894.0338488100924,0.5611178944215095,1
1901.866641254725,0.6498883743102158,1
1895.6936786070796,0.6661959923970282,1
1363.6470804792673,0.6853137145239945,1
2215.958597637596,0.7025064878211281,1
2412.152436737119,0.7182170065931258,1
3730.874953130644,0.7328661030879939,0
1401.7336292390291,0.6263591313243035,1
2859.3557839996315,0.7015925473545093,1
1337.5958895365384,0.7155203735064248,1
3552.9034797251948,0.7295577138187825,1
1984.7360231970265,0.6839345318240999,1
2770.5558677148483,0.7528792660577726,1
1348.6838107268452,0.7667774391723741,1
2406.2063514114952,0.7779061619218494,1
3469.939039139891,0.7879048283403224,1
2099.226680730141,0.7468928958244225,1
1501.8681513983381,0.7996071129276147,1
2075.967841672288,0.8092469522061361,1
504.7875349991543,0.8155783506486398,1
3385.0873163046213,0.8223714258469041,1
3428.1003638318725,0.7800502732164203,1
3829.552465804743,0.77840622855517,0
3986.7744161777086,0.6697754657352472,0
3367.193335029867,0.6447462064746328,1
3129.3174019437133,0.6542699934226182,1
3372.3201942375945,0.6755982859711264,1
2510.1164358459014,0.6942936063026417,1
5144.391051063963,0.7659411511666253,0
4982.033932233777,0.6381337533039378,0
1764.6582839275704,0.613622088996701,1
2244.6407741339094,0.6886672141421017,1
1061.7825634428027,0.7131408384736058,1
3023.889090392282,0.7317136865155285,1
3763.5178692175573,0.6910150836675767,0
1521.994795578465,0.6229865082487552,1
2549.688824287128,0.6946610715644608,1
1077.7383367573723,0.7150879172144193,1
1115.4787931140406,0.7326453457762965,1
2135.5159122116756,0.7476831484306274,1
3192.8057231137473,0.7623922748591141,1
3657.5176119257835,0.7206869596423381,0
2984.4320469169306,0.6476825250486755,1
2654.418674681088,0.7155584816372027,1
3863.610019189987,0.7341598170491397,0
2352.960373284467,0.6156177276706732,1
1358.2311140743861,0.6931198020448038,1
2570.7702773224096,0.7096022937489264,1
3061.417696975918,0.7271614225071023,1
2426.481997987542,0.6837484618843909,1
978.9373381881945,0.7544180867989941,1
2300.48665662837,0.7692755948480519,1
3761.8825222873115,0.7804864262651175,0
1529.5774403589628,0.6597907459071181,1
2395.346901248151,0.7282563761397223,1
3011.468126320425,0.7435702818990376,1
638.1368656366933,0.7024679286821873,1
2561.711235485796,0.7701085242688221,1
1542.9886217652252,0.7840741261275443,1
2275.1859552339592,0.7954520891519786,1
1947.0098064371339,0.8047166923273708,1
2041.0454275098596,0.8137103173081532,1
912.9919234483,0.8201992991695317,1
2093.672017986548,0.824130555101838,1
2266.764075874832,0.8265844047172742,1
3213.4946788077195,0.8325595870412764,1
3310.644299150998,0.7944982126623645,1
1725.5018800345754,0.791255813123998,1
916.0376837235872,0.8355957155305601,1
4475.145478486436,0.843805553405771,0
2907.1968278570935,0.6824425631396408,1
870.5166577204957,0.7469092794530093,1
2676.1810401765706,0.7668744975788612,1
2732.3098897503514,0.7823753168033479,1
2980.985934277725,0.7948671830995999,1
1749.4131133368821,0.806299525503902,1
3062.16060428981,0.8162660230752584,1
1784.9710838518552,0.7770130507495788,1
2332.7836258020234,0.8244309048411004,1
4679.917382776174,0.8331013207409839,0
831.8512457883821,0.6771129579598917,1
2485.7925011961975,0.7459344046145266,1
3141.140994785393,0.7651258237136321,1
3089.823575834323,0.7281834116850305,1
