4125.636879412772,0.5,0
3738.030247614733,0.4545454545454545,0
1745.4719598392826,0.36585365853658536,1
545.2762029294839,0.5445166563026074,1
2653.925018936799,0.6287946730129659,1
3446.6106905600873,0.6801716498943249,1
3460.52264618234,0.6148257641803514,1
1063.5345543934536,0.6206545361349146,1
3117.2264516099694,0.6901167826817055,1
801.7417688170513,0.6399083466291196,1
2272.2095213554912,0.7003591175892641,1
1735.4784887986357,0.7195061324167801,1
2455.6415775861674,0.7167934131944054,1
3889.5389298893565,0.6883357168539891,0
1776.7605264365884,0.43170036659677846,1
967.171612051599,0.5783829494973752,1
3713.982011037278,0.6284295397071396,0
1141.7109150517128,0.4732604918128326,1
3579.214255347555,0.6041437886291501,1
2518.0106566811583,0.5614088190380317,1
4523.838913197227,0.6731022362382908,0
2884.7655428464764,0.5152280044897615,1
585.2852654388427,0.6353894994828136,1
2295.567918397836,0.6532110260784992,1
2846.211448099394,0.6854276220318094,1
2198.5509583871176,0.7106577959174853,1
3853.7886966143833,0.729321764323449,0
2886.0946622903784,0.48825646155543545,1
1219.3401257691166,0.6367416877021087,1
3796.82702688027,0.6748309111107851,0
2855.21045297559,0.518233650462977,1
1448.4222482470448,0.6329689487698169,1
1932.8687582486366,0.6549978088950789,1
3778.2358190980176,0.6907670358555132,0
2952.6681991223345,0.5314491391508819,1
3790.3998770667154,0.6421463438439119,0
1529.7887839754187,0.4964610600315854,1
3930.3652535844385,0.6178929150790687,0
3291.711998680709,0.47192783244822545,1
2797.3256307789875,0.521897611453656,1
3671.043071976505,0.6193374877899599,0
1283.091747500345,0.48728290632460536,1
561.1224420570235,0.5986071545099156,1
1263.1310568552146,0.6059405628356705,1
1198.6374585535084,0.6380822479362152,1
2304.9391256358463,0.6605115212760326,1
2974.6554029906724,0.6840609272769707,1
1274.6075847545362,0.7065425698984036,1
587.3867167970599,0.7249785647278297,1
1901.6560713209008,0.711105666928173,1
4032.956094665578,0.7303467537496238,0
3853.025389840327,0.4947538419274826,0
1142.2026171917266,0.40159851066655705,1
2173.2109466149627,0.5473618918854561,1
1031.9132867504006,0.5957246597446858,1
2578.9464341513744,0.6400642255431481,1
1918.0129632945213,0.6648655748254941,1
1074.8939603641952,0.6978075562384445,1
4058.5869584300253,0.7193772024745839,0
2787.606065789333,0.5161976117056316,1
2628.0884222227005,0.6249593045363401,1
1460.7008499135657,0.6633429835892112,1
3798.478215318316,0.6970401487073121,0
2064.4315267502166,0.5302467471922336,1
1642.216642706584,0.6379440603536035,1
1943.7467347920958,0.6658480990992109,1
4412.9526689792265,0.6966997935462986,0
2585.084949903209,0.5271981328106787,1
1525.1710008126877,0.6460748116646475,1
577.7921335647197,0.6667715865642283,1
3232.353529940353,0.698531517365783,1
2832.000531585285,0.6581395713595772,1
2378.6554624674777,0.7385569856552806,1
644.900660662468,0.7634135775285461,1
1991.4243480125767,0.7206195874825757,1
1362.5133205423008,0.7561707792366485,1
3143.9470455694623,0.7519128596228732,1
1096.3188477318317,0.7008662582207875,1
2785.690111125587,0.7336664207444893,1
3482.950296527685,0.7610036471147014,1
2546.2759168904913,0.7199397767909069,1
1224.3037870023277,0.7395820955111694,1
2496.5343459145665,0.7410141747651947,1
2101.4523895040847,0.7694035992470681,1
3362.7184858420537,0.7162444229308593,1
2832.1515299848406,0.6977120067108269,1
850.5729559183931,0.757215746446781,1
859.1943173954658,0.7684591031552663,1
2823.7230866889117,0.7773485437117912,1
1442.3341313373232,0.7319782956731322,1
1825.239306063457,0.7682159789419903,1
2432.1448091884026,0.7701784465382967,1
831.620183609562,0.7754411670214095,1
1218.9457358730833,0.7347147904643093,1
4526.954119947884,0.7607041602401303,0
2686.489825441091,0.513805377624962,1
2477.0000778881513,0.6362702662454156,1
2366.5159290342754,0.6708736395672428,1
700.0004382980592,0.7088082312367014,1
3421.5540961236525,0.7396381053117133,1
2848.1983979004012,0.7036741169177898,1
2809.6756125642064,0.7643974759160399,1
3370.4875786784287,0.7558822515553643,1
1323.5910187853638,0.6971243164208732,1
4314.758495138641,0.7241525918083811,0
1832.718307667763,0.5071408616321582,1
3651.6794015880696,0.6287594257460137,0
490.7232676466758,0.4669424029390441,1
574.2061191765534,0.5971912390140796,1
1559.643650003238,0.6186542670509689,1
3131.227100689208,0.6591569439069674,1
2729.4877036335874,0.6245005299757035,1
712.7470634638537,0.718807587589181,1
2063.1024494064795,0.7376234979659515,1
1078.3413608054143,0.7570104203815592,1
3237.112023529834,0.7693333669260242,1
1464.9692909571181,0.7212472490359593,1
721.7634839942409,0.7259820569980181,1
662.4321218677667,0.7508710964153257,1
3530.399124559606,0.7634084308416995,1
3127.175474485089,0.7138673283508272,1
922.378892406114,0.6784062878301776,1
863.8723135200165,0.7653598485714483,1
3131.443229359039,0.7407695632966727,1
1596.6128432133048,0.701740971357921,1
4185.81609085242,0.7704513465746475,0
587.1954214556657,0.4868150519081671,1
1857.323220913044,0.6277266855221015,1
4529.2966275021245,0.6637284623507048,0
692.4333546813864,0.5167633064340663,1
3259.105912537434,0.632955878176586,1
552.3310934036709,0.5850305112550119,1
3831.937893313792,0.6951758875319168,0
1344.6201577351333,0.5569957182193307,1
2528.461438669773,0.6366483756480956,1
2119.6971721314376,0.657392928741874,1
2549.569648629731,0.6847604567897001,1
2091.772588382502,0.7092314898905048,1
1185.6077802709433,0.7269558556891337,1
1546.7152273503784,0.7208489002304928,1
1814.4406901370735,0.7513661663155187,1
3909.4305350269037,0.7711316078271322,0
2513.1652509756373,0.5373326652131342,1
1172.9840191579706,0.6553956073538894,1
3263.43291029239,0.6870194403440116,1
1772.8169002455309,0.6585221602333275,1
3367.098039560644,0.7474254287710239,1
945.0406979891616,0.7100682245711408,1
2574.6025302868184,0.7336741407104769,1
3896.2790514772396,0.7507274393417914,0
3032.869652038521,0.3968866009856013,1
961.4707284106388,0.51584942620472,1
4115.356521159416,0.6588985038321387,0
3100.911417995482,0.48438090577230564,1
1336.6311955562946,0.5540616363461122,1
4661.719178405003,0.6613057505426455,0
2655.300242157134,0.5110844802226884,1
2308.1340217818442,0.6290718589614341,1
3814.2658102334576,0.6419450743855777,0
2255.121681970323,0.5264310532784239,1
2842.2828855615917,0.6374848213261293,1
1963.004831571102,0.6440837840380309,1
4241.485080911332,0.6736158237065717,0
3730.205200834612,0.5573306673861187,0
3283.8324673202424,0.4268682099400548,1
2092.354886510767,0.49394391706990853,1
2642.2559206418355,0.5854672764782901,1
3036.1749317880367,0.6107573374393529,1
2946.0388923190967,0.5665116719431564,1
4028.5761054752547,0.6481259013237379,0
4105.6242262227115,0.4958913746201692,0
850.5869309295771,0.43253034853956535,1
640.4380389706034,0.5588372636227906,1
4275.966138788429,0.6090917482643605,0
1298.1796313592838,0.46508485908843483,1
699.2358739042908,0.5817783911637715,1
1796.5328659957117,0.6150928066260666,1
2599.98612334911,0.649490282920594,1
4424.266241820112,0.6771651595511714,0
3936.662994947758,0.4877213159275125,0
1881.5546901779287,0.45958374835138904,1
2143.4978575207024,0.5660340581768624,1
3195.474890695854,0.6058098093093041,1
869.8974629612782,0.5743190544659141,1
3309.300467635408,0.6651458255509638,1
1849.1314102929878,0.629154966056007,1
3181.0976295392634,0.6937414440302369,1
1973.6381336984955,0.6461680642607898,1
3779.7973650774084,0.701486046301139,0
3548.89628801145,0.4893979987943303,1
1330.9452889817212,0.5279733141409126,1
4268.0122984354375,0.642373945121347,0
3710.07812077437,0.5023617760876147,0
2785.733796122827,0.4804828927558874,1
2648.2289370482226,0.5799123046140713,1
758.8666431131101,0.6113762124608741,1
1769.3825223070355,0.6429771736776843,1
2861.3315414174212,0.6701908492918214,1
3186.510588868934,0.6907853511700843,1
980.8325494813151,0.6036862741148317,1
2759.029266815881,0.6975928235329251,1
3795.6709549041457,0.7174179584378905,0
1339.3599456980417,0.4644692847240509,1
4070.925831894747,0.5915739162181892,0
1983.4757276982207,0.4397531088058878,1
2064.5180923006374,0.5740558173682079,1
2977.3759989527357,0.6151575445219291,1
3143.6249648617277,0.6578718775953445,1
2543.6259967336614,0.6278186349230321,1
2266.1277098791707,0.7060958549076995,1
1303.700637974823,0.7282694168626037,1
1284.0637597249006,0.7467566483106687,1
1134.786824787553,0.7276027048969584,1
2518.944773384209,0.7151993968439364,1
2922.7110205230497,0.7500991190689802,1
2004.9705818904156,0.7686201830930023,1
3782.1029567690853,0.7193825841431295,0
3737.4788557438496,0.4735391927940232,0
3409.227563051497,0.45599132563023526,1
1735.379660249889,0.4934771531867195,1
1189.3127519520865,0.6222101647988283,1
2025.1541812410062,0.6668866251237501,1
713.647468092534,0.6778236126408156,1
1441.0543461665416,0.7188510334486996,1
3872.4316684686546,0.6782004550491088,0
508.6673815641554,0.47730545528475915,1
2189.931982843547,0.6003405064087108,1
2598.437962415616,0.6424630926125418,1
1866.8172617306154,0.6841007936732327,1
1962.2630910504984,0.7051672239592367,1
4565.007332182883,0.7290498746099351,0
4206.209926692139,0.48136705030741556,0
3688.2786243718483,0.47582158912158756,0
853.3874777038675,0.44020062577234553,1
539.7484307996435,0.543267220479721,1
3085.5126562242385,0.5929795353480106,1
3018.879496591825,0.5667664518184499,1
970.6310987439077,0.5858546113720371,1
579.9276366907934,0.6637940224573362,1
2754.369946611964,0.7029278165536225,1
4196.434227594989,0.7173080283343221,0
2508.0203055703737,0.36781124734935444,1
4105.674295898557,0.5328358694230501,0
2947.6166072185188,0.386831152395241,1
1226.6888888759763,0.5253171291734728,1
3526.448852670511,0.6035470122754593,1
1015.6420529401121,0.5853314297320027,1
3105.88373855031,0.6802139263722878,1
1910.230783738626,0.6567851215152369,1
763.8968635801257,0.7154900984804297,1
2400.2261853800665,0.7451975719724376,1
757.1286379280743,0.7265284291815031,1
3528.418365222701,0.6979326665250319,1
1912.0501816437495,0.6511655464063196,1
907.268552105247,0.7156451394098439,1
761.4066402996249,0.7271273311035433,1
2078.138021077138,0.691784340309995,1
2246.918233163801,0.7185830121686686,1
2918.363141164519,0.7329014259349558,1
2703.6539636109455,0.7509809383610562,1
2682.6265505480897,0.7134500536263289,1
3462.469931769559,0.7129844741773308,1
2434.292950976716,0.6429044794479077,1
1030.8320933514292,0.7270189133093024,1
1899.0580875046364,0.7308938735167512,1
2214.816846758395,0.7340764783970579,1
688.6623259958978,0.751066950559723,1
1418.8107719074922,0.7421563307985465,1
1901.7573774361704,0.7539466327526521,1
2657.513352259669,0.7417391703332806,1
4197.756284526225,0.7559592439895578,0
3680.493050352511,0.39502849574670806,0
852.2048778521121,0.4456232058153118,1
3797.0465227136874,0.5299435657957529,0
2397.906240866339,0.3976000103867847,1
2817.732355200594,0.5308479976512153,1
3602.099323398005,0.5809698436847461,0
3895.577620855008,0.45015280588881246,0
4573.905306014739,0.4290869804225479,0
4454.108231386982,0.39601894714497576,0
1461.5738853485923,0.36877379601990834,1
2317.9542809682252,0.48068007089340564,1
1561.6211105067223,0.5204426002261504,1
3976.8912241867615,0.5578869865912544,0
3738.715706890151,0.43239213521675945,0
1867.2094220908564,0.4085014605811987,1
728.2800028123625,0.5537171402476178,1
1515.8116930366805,0.581320679148538,1
3659.0105889374695,0.6148309894193194,0
2729.0440143505416,0.49762541887375816,1
3431.500195445534,0.6094389735634202,1
3944.906121814262,0.5591453735242848,0
2751.888155801087,0.5182349815499884,1
2792.3516762921654,0.6184633646277287,1
4399.388955406548,0.6331087534812664,0
1918.0357515127002,0.523713803442299,1
2686.7511803930797,0.6312878466250744,1
1067.7503886136178,0.6366648484796926,1
3181.213981354291,0.6603656801000575,1
1887.4089996321006,0.6157693696484906,1
4092.5173018425253,0.7065704834269522,0
865.1136531531799,0.4971440244385503,1
986.1599981372871,0.6338943449853975,1
2431.9925636415464,0.6541236090659031,1
584.0030076770468,0.6952297803279909,1
1971.2715890908814,0.7256554304286633,1
3432.8396847124045,0.7494989734943837,1
3706.6707584431306,0.7060591745569818,0
2470.9449980914615,0.577149231676385,1
1842.0239401117299,0.6623636938648262,1
4222.801203244068,0.6934046151569206,0
2418.4808778281663,0.5487031295757544,1
2225.3114901515223,0.654591083707051,1
916.3523827365968,0.6724491007374528,1
3856.680685464725,0.70459482475097,0
3720.7701772156834,0.535789318418284,0
983.0581456402231,0.48527675100380424,1
2289.780547278381,0.600272867214237,1
2145.134853101012,0.630466216683629,1
3829.2576975918464,0.663929209140269,0
830.4853710064799,0.4756546565019563,1
904.1329878726085,0.608015621437716,1
867.7469457447974,0.6360190784456589,1
2205.4424412565118,0.6745633529152802,1
523.6482907564133,0.7045309899840198,1
3026.49202370978,0.7298994019403015,1
4533.303328472372,0.6834532447626965,0
1942.5820902223525,0.5573987507399645,1
688.1162695542135,0.6579138183661293,1
2694.080385284353,0.6868998187367792,1
4087.0466189261874,0.7165023518509913,0
3578.9469091932588,0.5528466450077661,1
1425.5920306397902,0.5829852879818864,1
2947.3795590048303,0.683694415324277,1
2863.9476117379036,0.7059170827171252,1
3392.4491244880783,0.7262146025132852,1
2236.9820099583017,0.6916018039664235,1
2503.409645530157,0.7638047294814082,1
2811.589428426816,0.7413749976165799,1
1502.8545962591527,0.7635940624039097,1
1742.4665424349691,0.7608921950287018,1
2613.08867185453,0.7510174250410617,1
2236.8824786937053,0.758531794669848,1
3400.342175084933,0.769168020789775,1
1199.3198945703919,0.6865578342446971,1
3050.388557274458,0.7662924762768364,1
726.2471626681252,0.7152558659982993,1
1929.8752177350243,0.7733971912913781,1
1833.1634060967149,0.7671531276305957,1
3997.345236008042,0.7731950360934352,0
1767.7407350983615,0.3808383556587874,1
3702.775191499148,0.619432829991087,0
2944.391516768289,0.4045179663845304,1
2399.6610453074504,0.585615767711369,1
767.7112753335895,0.6516908518248432,1
1133.5532624984178,0.6989783345675751,1
2102.9269684552537,0.734796750835679,1
1695.3243352183817,0.721984427151917,1
2863.505295254573,0.7464141939521395,1
2207.400784433738,0.7650046736487006,1
1238.9252430826443,0.7168394470483281,1
2152.4080662550737,0.7450224727146377,1
4234.748605522659,0.7733833570947128,0
1345.5693189069927,0.5269884546705291,1
3116.319756972834,0.6627458488208728,1
1176.86959611539,0.6268031085813514,1
3840.9028790541697,0.7344796429181548,0
1167.4510427366945,0.5485375758914097,1
1835.7396925724188,0.6191631257861162,1
897.975102172392,0.655410428321159,1
1208.0671699868226,0.6883065995584842,1
4517.870340960284,0.7156378330865263,0
660.345841344007,0.4892190524767782,1
3389.423157423887,0.6361999504886976,1
3361.9125587250046,0.5912509187623288,1
817.9667400527552,0.6414972783927914,1
554.9586010308808,0.7204522225443867,1
3412.0020145040103,0.7537511640467989,1
2203.273119844378,0.7151608885694319,1
2526.2353601929735,0.7805639644565053,1
3248.516720175316,0.7186017031691844,1
3418.3884843301557,0.6469678515216111,1
4809.140037555866,0.7019913239290045,0
3378.6875864931303,0.5304193721178978,1
1727.1349237018057,0.5851713924154152,1
4071.9793664286385,0.6943822623139272,0
3452.6397945445133,0.4881158108423644,1
620.6366086752022,0.562171434082524,1
4359.36340719506,0.6932171943473615,0
635.6770314418064,0.5113537993820187,1
2738.9336987687857,0.6346651948190378,1
3197.6711735647677,0.6592264897380004,1
2079.8236732636474,0.6341780945018806,1
1459.7134222732982,0.7294825293715302,1
2508.237871159213,0.740224546582111,1
1128.9063002967025,0.7712193213419568,1
2576.569030758238,0.7749501481071485,1
3820.1770360089117,0.7391504077343424,0
825.8278422746173,0.5013873660035877,1
1193.9224267203374,0.6473182487619026,1
2897.954335911436,0.6737027804016349,1
3197.5109842021116,0.7160241211457867,1
1497.5050233484758,0.685323654633574,1
3455.468782609117,0.7638818501516735,1
3095.254820612313,0.7235397030110009,1
653.4174929298881,0.6997334455006988,1
3559.5817919996343,0.7699527909276136,1
4168.906228705108,0.7093301411194671,0
1573.930778699266,0.5574833377651546,1
635.10722058199,0.6649223577030594,1
915.1949475904493,0.696508951123878,1
3776.540138940374,0.728000361308581,0
4397.61383368218,0.5322636719565852,0
1269.583698468512,0.4264099755801675,1
2726.298874031163,0.5663045182153071,1
1029.3290309666095,0.6075002981153801,1
3642.1158905887946,0.6458650606926276,0
1191.3669347049067,0.4984941581512585,1
2054.0244414009794,0.6181304366448839,1
4507.376086684296,0.6442047854668791,0
4552.61668151877,0.5178392617251009,0
2738.9412038455757,0.46658705918957877,1
4137.7343647914295,0.5926266428683423,0
2884.875983131422,0.4718088035629223,1
647.4456327762506,0.5984293786561992,1
4207.8803624828515,0.6085916293020657,0
3231.8475586214176,0.5027570143242228,1
892.2744395635009,0.545394435774706,1
869.4901908046712,0.632422026297634,1
3669.748379392846,0.641459041935778,0
3726.6399771192796,0.530969277220806,0
2416.0086199444845,0.4754081746751115,1
1197.9182421767398,0.5884070349859667,1
2073.494860323742,0.6017207405803437,1
1383.646273306037,0.6250920496185647,1
2607.289116505107,0.6463704300952275,1
1122.4684995526663,0.6666794415831245,1
1479.2221870436354,0.6865180091073966,1
1124.3662062671274,0.7045268100846663,1
2834.8545792028253,0.7034047169772744,1
2597.7797283086124,0.727513881553,1
5051.195265424166,0.7451294758420604,0
2633.2212172643162,0.4373250681937189,1
2724.198096988998,0.5944573136500665,1
2701.384879082892,0.633228087161515,1
1879.0921526301306,0.6808511260825918,1
5124.2796725335575,0.7126650181380558,0
3400.847295289099,0.533133092090301,1
2346.320103797834,0.5795892057018917,1
1602.4145332259554,0.6829393975527412,1
2933.5717862602396,0.708847104410349,1
3064.7537867424153,0.7307860530105078,1
2704.3665991857415,0.6926620705061166,1
3376.7204083341844,0.7227994254177935,1
4133.146101745673,0.6919614751175065,0
3507.6906975327684,0.4413475115696178,1
3253.893146115475,0.5220570834516615,1
2106.544376186884,0.5967097444097423,1
4546.3291884652535,0.7054081683450636,0
2905.4530988835722,0.5245723389830514,1
2125.1815928675037,0.6490102369119938,1
1900.3063979325054,0.6720472659186754,1
644.9828352993425,0.7069792219732234,1
725.1274586227557,0.7295200074766888,1
3861.8824620496343,0.7311164364285341,0
2828.8464100842075,0.5110203471068016,1
3241.9717947795393,0.642983337156129,1
2979.0929308667787,0.6055091154708849,1
912.5751208873414,0.7179074699403083,1
2557.7963175042123,0.733257180509839,1
4487.508758294974,0.7593569683546768,0
2255.5341403602515,0.5636819802003423,1
2592.866604865664,0.6409765737031934,1
2256.177207600129,0.6801440766181951,1
2331.993343857939,0.7151655534737748,1
4194.33482345551,0.7397391936346244,0
924.9046966354543,0.5498932154085889,1
2635.7569411810355,0.640956331816872,1
1675.684926997728,0.6737394514478852,1
4152.593698482072,0.7041229670055117,0
2329.5409854807044,0.5486206526785734,1
3123.3360863395865,0.6580324116974539,1
4229.357792895396,0.6139009717014954,0
1010.9213846143433,0.5653341345559167,1
3377.3323299597614,0.6554839902036781,1
1830.9293815885296,0.605749390718168,1
2640.03354071138,0.706918942265248,1
906.4200191002324,0.7208540474370824,1
1068.5097269504117,0.7366464972135202,1
3528.7827777100147,0.7597551832216642,1
1110.042950699877,0.6785257208698764,1
2180.358527906911,0.7437456320912769,1
3223.845101840388,0.7209565820847789,1
3476.711106419523,0.7083858501319036,1
1065.5077411794578,0.7197929652885053,1
1372.800029717728,0.7277044399211963,1
3883.6983938340454,0.7634354997325317,0
3693.8857423293884,0.45473172291432556,0
3424.604843153141,0.3936765859046673,1
4146.756136636367,0.46663463993370347,0
5225.549151196479,0.41257077647297047,0
3990.608610391647,0.3624741058862043,0
1956.3323154497168,0.3237962113467961,1
943.2751100737414,0.4850297676549085,1
1842.041922103968,0.5635283723580391,1
4335.1055534380885,0.6205831078486101,0
2834.7798437201413,0.4482900591955876,1
4568.365342829871,0.5701385935403407,0
5080.088634656517,0.4327365079995004,0
1130.8198300903618,0.4111356344443604,1
1211.9070577997115,0.5218636283797478,1
768.8925970361059,0.6280747502325208,1
1084.3984070819213,0.6812216553405357,1
3467.5359908329538,0.7009294051022193,1
3901.340540023104,0.6547954925138908,0
2858.421045328072,0.4839990073236148,1
1362.2952633408213,0.5929544983182435,1
2905.57479016299,0.6365120265410465,1
2079.65806776827,0.6756800562037959,1
4134.136701777275,0.692596627710403,0
4226.076105816818,0.4384159073933761,0
3008.4235655354514,0.4290352586387215,1
2818.127081513648,0.4659392024158314,1
3608.4673564967447,0.595760963547153,0
3670.8235338630466,0.454795414131157,0
715.8715402904905,0.43473161807759275,1
980.3471973249102,0.537553119725449,1
1105.9461084851996,0.6070900479459416,1
847.3693891102838,0.6561037411259276,1
3167.317829179061,0.6920999572258664,1
3375.3825664909054,0.6384686145661642,1
3232.4667030938313,0.6388037394286981,1
2896.5397828141577,0.641230327317067,1
979.5587817586849,0.7079562575272637,1
2668.63639218996,0.6683527093703718,1
3463.567383937704,0.6817848289628089,1
1576.5354326241377,0.6481199234043702,1
1584.350394636328,0.6716055554714676,1
2160.7907801227484,0.7098264186910078,1
3774.6286378053865,0.7184099843535396,0
1596.1129921471984,0.4581078477360835,1
3820.1586574611347,0.5738559319751476,0
2487.253759266902,0.43149437838302945,1
2742.757667882886,0.5552409387951942,1
3103.653743625799,0.6003966585336495,1
3542.675500249056,0.5742450364939357,1
4419.191118543418,0.6099082735970669,0
3860.300225885084,0.5429389219797042,0
615.1454889380067,0.5170630275282577,1
2739.390454282138,0.6079545823594857,1
2910.5736362066777,0.6414055341800645,1
1985.078602421505,0.6735953659851859,1
1455.150659649092,0.6829244322650145,1
2037.3281600395962,0.7188745212704301,1
4197.825190116006,0.7109318452789515,0
1900.894530376006,0.40725625166445467,1
1782.0235038078938,0.5681814051512173,1
4663.016173953492,0.6210902608046256,0
1825.7160574877582,0.474556415563999,1
3491.7346841838043,0.5913978147615271,1
1911.3819054130204,0.5742144248717551,1
856.6067434937454,0.6870270788656021,1
3134.3097139584384,0.6999013418380728,1
2179.3414792666395,0.6765642814395016,1
3067.690185370213,0.7491826679160445,1
973.496175064933,0.6893642625564442,1
1092.51633932586,0.7323416804448681,1
2885.703564584818,0.7585338653674488,1
3517.8724684069475,0.7485776121908216,1
3463.978081557526,0.6920045966517294,1
3527.5320781661003,0.6885025266838164,1
1313.4995468690174,0.6790443579892894,1
968.1556193507472,0.7349251673683528,1
2259.031084432536,0.7437277555659253,1
835.0703867299097,0.7559070450378834,1
2305.4829959206713,0.7592614609580838,1
1406.6289557776413,0.7665316501413708,1
869.031377367202,0.7441529546226314,1
1744.650845236586,0.7603184682414037,1
3587.3353201929567,0.7447625609095769,1
3456.9824257864298,0.7063426813242794,1
3086.808971141304,0.6303210252154846,1
1838.1555526178365,0.6717192563261639,1
857.6570031882673,0.7408754446592343,1
3751.0559899912073,0.7592274982865839,0
3228.603377841232,0.503970629187434,1
4301.0,0.4444444444444444,0
6020.0,0.3724696356275304,0
778.4839891797199,0.45520780270996597,1
5772.0,0.36448598130841126,0
3150.312655157589,0.5749808403976837,1
6356.0,0.24222791822920953,0
816.7642590540787,0.4945129716838597,1
2770.5548385270495,0.6263368461395626,1
1923.3146317228664,0.6618593596728133,1
3943.3888589916764,0.7001347407382287,0
2985.4269221519808,0.5138624522364371,1
2351.055105311219,0.6444693693304235,1
3661.7230929655666,0.666501654907937,0
2706.8207983590655,0.5321548822961161,1
4011.0,0.2901741160486773,0
1693.784379619285,0.5997364326763522,1
5592.0,0.2598250835952937,0
5007.535550548866,0.6414262119995808,0
5670.0,0.17726534452898063,0
2813.5557131667256,0.3479702711705162,1
5796.0,0.23724488904356308,0
2149.7978877760224,0.4949289998340377,1
4640.0,0.2112281023320289,0
3182.6129759953533,0.5715457277874555,1
5150.0,0.1431909899367777,0
2029.7333070900088,0.6331015691146514,1
7018.0,0.17690366300240268,0
3213.83275729581,0.5359926738028937,1
4899.0,0.1381486627428941,0
1790.3006007025413,0.6398617279790546,1
2793.7130883561053,0.5974675473215167,1
4242.772250069694,0.6459829262469345,0
1235.8554082257701,0.5254983459964138,1
4120.0,0.18533135771661968,0
3459.3705299948174,0.6378190476073193,1
4914.0,0.11772146738598953,0
3924.604034049874,0.6855597508155751,0
4301.0,0.10888831630587087,0
2295.5854009313757,0.494132156881487,1
4071.0,0.15739469576392118,0
1120.0114228987889,0.564076651966794,1
4074.0,0.14513965783027064,0
3050.170508582352,0.616626090855728,1
4440.0,0.09868684119858741,0
1007.672757257054,0.6557275696829941,1
4720.0,0.1268570044741041,0
2849.9101254130765,0.6515955328679786,1
4536.0,0.12579523002447565,0
3281.4794441666377,0.6509582442894799,1
6468.0,0.09040572459526275,0
1621.9835549029553,0.5315502414775657,1
2333.5333475401853,0.6387722193038623,1
3446.7413351428704,0.6455799832920419,1
2044.4253589255945,0.606289229727889,1
1553.4749915533268,0.7009491585601102,1
2073.4052692252344,0.7125196140092936,1
967.945250632197,0.7318482689395049,1
3791.9882646420174,0.7487303443781183,0
2834.00864562163,0.6000206939546443,1
1416.3169647246468,0.6765804855678788,1
3982.1196543831975,0.6988155422052169,0
604.1530190181885,0.5339401898622935,1
2778.264040014759,0.6539730090906928,1
2610.7309192077187,0.6704460156586519,1
2198.2212524202423,0.7024319898660182,1
2437.8963555127652,0.7219880855473125,1
906.3001256519714,0.7475386862203429,1
2494.020664896977,0.7664385690525793,1
3612.983286825518,0.7576759715836409,0
3726.8422568054866,0.5309374977743905,0
2484.654879283209,0.4846858209975456,1
4833.028125824901,0.6006403236405304,0
2825.2446823836517,0.4569539414922963,1
937.6046914503947,0.5877588907740965,1
2335.317195342586,0.6107445957863313,1
3840.0,0.12976241997241839,0
3175.4915645509495,0.6291648107690083,1
5967.0,0.09050262028914269,0
797.6859812794453,0.6755587046012081,1
4500.0,0.11672964244140577,0
1445.6279254142894,0.6963078004986627,1
4853.0,0.11115472012512277,0
4954.721242357374,0.6911659681421547,0
5675.0,0.07955771592847229,0
2346.2040808254287,0.4498336755707525,1
4628.0,0.13040621070215996,0
2307.950773600757,0.5442839911490989,1
4920.0,0.11795590846965258,0
3016.2995658573054,0.6081606474622364,1
6030.0,0.07902162638236311,0
3628.188152059639,0.515258144137103,0
3320.0,0.0878880986505639,1
2872.9194989254947,0.409646991725264,1
4136.0,0.21450239858551334,0
3084.38699025137,0.44029525781845774,1
5400.0,0.1532924067217143,0
2196.373985529207,0.5295821525895165,1
4136.0,0.18246637600854923,0
3289.44344290109,0.6012138275403169,1
7350.0,0.11996397247738327,0
2784.862799679465,0.529478174805072,1
4650.0,0.18115137766025466,0
3081.079584225826,0.6828300458330124,1
3990.0,0.10185863193587286,0
4917.898825440431,0.7093944799382057,0
5070.0,0.09626129465368087,0
2947.057871588861,0.5274980706156759,1
5244.0,0.1623427675955592,0
1128.5251485233161,0.596071507999681,1
4580.0,0.14644508245648996,0
1858.664977960543,0.6417159963717044,1
4540.0,0.13459957843030879,0
1493.2052652204607,0.671706226346306,1
3339.0,0.12786106549149678,1
3715.4369370022196,0.6975821330639962,0
5859.0,0.11359737270358594,0
2982.6656234580223,0.6753781041283852,1
4563.0,0.1490546905466489,0
761.9502672728203,0.5935074573056569,1
4818.0,0.15997833470896927,0
3335.4761716432613,0.6510581730514794,1
3652.0,0.10868565545869999,0
2230.96689099477,0.6906837658221684,1
4416.0,0.14029938316185772,0
4201.389205665292,0.6935992928166927,0
5424.0,0.10014603938556199,0
2651.1603922689997,0.48277736739380966,1
6844.0,0.15937327905686657,0
2486.2074648590606,0.4252918533053468,1
4760.0,0.16608219410977948,0
2554.970851848258,0.6002972152604589,1
4524.0,0.13994585122629638,0
1963.9672685190674,0.6153855592173879,1
3300.0,0.13609617256593506,1
675.8735148088203,0.6540493372556105,1
4080.0,0.15510419619822266,0
1607.7369641115895,0.6657770506254156,1
4375.0,0.1515855302175815,0
2996.2671635842767,0.6658832124882531,1
4884.0,0.1491187000841158,0
798.310025580367,0.6807147973690975,1
5017.0,0.14510596521235436,0
1283.1891785874047,0.6604952640299201,1
5010.0,0.14591570172937418,0
1547.3573529417988,0.6942661690733364,1
4350.0,0.1395675963367705,0
2168.1101180129936,0.6723556792402113,1
5456.0,0.14059004438107817,0
4633.943834511636,0.677875325683134,0
7140.0,0.10081848914140085,0
1831.8987473211973,0.26213002994985835,1
2814.7036152449664,0.5787658481850328,1
3900.0,0.14275693409403398,0
3452.998436588622,0.5173328670473373,1
4095.0,0.10828466867985787,0
701.6451471584571,0.5953617399101135,1
6060.0,0.13808640879275932,0
2320.259371192308,0.516003044853829,1
5313.0,0.14585801295039902,0
4024.990039602108,0.6783555820285926,0
4641.0,0.09070467588401518,0
3550.661419520979,0.4699739771167626,1
5249.0,0.10294418518381236,0
1084.671140141354,0.5563677017811768,1
3423.0,0.13118933713028652,1
2350.241915669207,0.6158988255287609,1
4644.0,0.14286433243559196,0
3421.0103602720983,0.6225685777017806,1
4347.0,0.1026369321368483,0
3113.1482416310077,0.6651238651628841,1
4396.0,0.0987440319363373,0
850.3808499631,0.6781473511611578,1
5040.0,0.13283912139756623,0
741.0806337332691,0.6595044616626078,1
4550.0,0.13313076902129503,0
1209.8999352340659,0.7020284924731587,1
3925.0,0.1275680492437784,0
2988.948253235431,0.7060303305303559,1
4020.0,0.12539447378855426,0
4164.016120240558,0.7000965265358582,0
5010.0,0.0903672881115177,0
3126.4060979993046,0.4832202535173057,1
5550.0,0.1001280240191247,0
2483.5748444619207,0.5718138634713678,1
6084.0,0.1294092495549692,0
798.9034798596264,0.506415372711669,1
4508.0,0.1339147985239804,0
649.1695816456604,0.6747844793625213,1
3960.0,0.11860526674424869,0
1507.7510298231184,0.6496383690979185,1
6453.0,0.11943072132919384,0
753.8125156366181,0.5633322487286269,1
4389.0,0.12618496559154832,0
2703.950137170295,0.6714264329193897,1
5290.0,0.11586196497318486,0
2819.7418737803237,0.6809321744565819,1
3978.0,0.11368669428473148,0
3083.5652422178,0.642205916352777,1
5472.0,0.08385871471838324,0
3668.6112118709157,0.6986060903192131,0
3395.5376504149676,0.5809046426256779,1
5928.0,0.08742940913147838,0
1168.1083088097616,0.5632735932200492,1
1804.4627251740121,0.6958591590673043,1
3633.0,0.10917201249944625,0
1540.3044958039438,0.6325327967175716,1
6510.0,0.11473726985913632,0
1692.0336253022695,0.520714334764777,1
5060.0,0.12514523329427704,0
1249.8325343145148,0.6966260303960571,1
6699.0,0.10704856048996313,0
2777.1372233115367,0.5781976912572475,1
6750.0,0.11810482822416381,0
4124.149318953671,0.5311680588314589,0
5600.0,0.08847772166203842,0
853.9628000942487,0.4723777547464906,1
7047.0,0.1220158026773853,0
2546.966497104303,0.4433226299798593,1
5725.0,0.12414219032613973,0
780.0991481043884,0.6330345108340086,1
4077.0,0.10578277274437003,0
2495.2652295909675,0.7002693691204738,1
4495.0,0.09855223174448956,0
3334.3383295420854,0.6692550913788368,1
5267.0,0.07265725603336758,0
2551.920878575921,0.6801583128496498,1
4620.0,0.09933225347629182,0
4551.914825966825,0.7042085681260034,0
7050.0,0.06884337096197823,0
1208.9994782817198,0.35477149916399603,1
5340.0,0.12251276347473111,0
3818.7988566606414,0.576792407973929,0
5725.0,0.07398902207841486,0
1557.4750516551937,0.4669394476212448,1
4554.0,0.10735034718565195,0
658.1273278566205,0.5428201015786505,1
3234.0,0.10115220656159911,1
1726.9270607748508,0.5943831953644049,1
6318.0,0.11344059715264784,0
2410.8619480800544,0.4679324123567018,1
5497.0,0.11878289715084128,0
1032.628860620981,0.6351796416359583,1
6561.0,0.10864499928057515,0
617.223364329012,0.5424105039597668,1
6588.0,0.11316934944045842,0
1588.9852731186968,0.551029399384748,1
3960.0,0.11166242715471911,0
1755.030904924276,0.7103335315345444,1
5852.0,0.10123140049269895,0
2889.442382574634,0.7208219916529235,1
3234.0,0.09955489062936976,1
2651.739534541017,0.7098998054038054,1
5945.0,0.1182932249633648,0
3242.337557331504,0.7136860259207329,1
5103.0,0.08425170106622126,0
976.6293597458908,0.7341304971074503,1
3828.0,0.11419182829597523,0
3403.2776761676037,0.738353612761732,1
4250.0,0.0814180059865299,0
1675.2938971953506,0.7466582404326807,1
5730.0,0.11088648845664367,0
3804.5713010104896,0.7474195711090115,0
3280.0,0.07914244496924991,1
1951.3032827496602,0.5373493970886944,1
4524.0,0.1489605059813736,0
1806.8238330933366,0.5489710431601272,1
3380.0,0.1465592270708677,1
3087.521476502206,0.6175775797579341,1
6351.0,0.11274330073728263,0
4380.24082482806,0.48819790358602994,0
5191.0,0.12033604859589032,0
954.3022587594128,0.4175425104228415,1
4752.0,0.16315543922362785,0
3098.0959857751595,0.5347932442449203,1
6524.0,0.11195203196766904,0
2295.1802838158915,0.47093137214856357,1
6630.0,0.1571477435235387,0
3599.796906160888,0.5282425903756517,1
5658.0,0.11074017329372143,0
3910.5472134071983,0.6858695079831724,0
5478.0,0.09972499542421667,0
2129.578716805347,0.5025542055628335,1
3864.0,0.14733191217153865,0
1401.9697771841545,0.582495957267271,1
4966.0,0.1400299642097529,0
876.114266567267,0.6327723206143983,1
3612.0,0.1347949143838676,0
967.8594319492761,0.6596025015627881,1
3140.0,0.13117194748098746,1
2992.1440471408932,0.6966694798583621,1
4394.0,0.14450675200320062,0
1821.785875505382,0.6876501939898327,1
5400.0,0.1435588782327489,0
967.2683348673218,0.7034258408504283,1
4284.0,0.14091553685953426,0
3944.1297870959675,0.6948721153547532,0
5350.0,0.10190352689215877,0
2206.3341944066424,0.4640141875000807,1
3113.2409597825517,0.657411370673588,1
5036.476027678876,0.609682827999861,0
6554.0,0.10318253156221904,0
1355.6362000153254,0.39772983325458133,1
5300.0,0.14812841244438354,0
1649.6932830658723,0.573372305579241,1
3630.0,0.13854981150446627,0
3376.535862821668,0.6182307992696836,1
5725.0,0.09824801104081984,0
1369.4514562986637,0.6615283943650816,1
4048.0,0.13140234673142387,0
989.7903109175337,0.6655095455089327,1
6210.0,0.12991812551533527,0
933.6408284325261,0.5174124295849573,1
4025.0,0.1368927726558972,0
3502.9646233797353,0.6647605989912904,1
3648.0,0.0923244156672073,0
2435.271281728002,0.5963757388658093,1
4094.0,0.13028306039819415,0
3770.0636006901436,0.649569617053839,0
4975.0,0.09114100846582245,0
3533.6973048484806,0.40861533037659653,1
3840.0,0.09906908686843198,0
3167.488507351049,0.5110319986345243,1
4071.0,0.0940500076263664,0
1927.4794350346485,0.5815605694368902,1
3940.0,0.12463787531893451,0
1369.0180177528014,0.6165368322197862,1
5019.0,0.12155735379528333,0
1045.1883054801438,0.6474366059239748,1
3657.0,0.11833836569329854,0
2161.1654290351466,0.6558829376039965,1
5064.0,0.1167020031959576,0
3349.954160020758,0.6781866656100802,1
4425.0,0.08245092338787763,0
1763.6337884625127,0.6867404931155946,1
3000.0,0.11244696013724732,1
4885.187081369939,0.6620477801050244,0
3980.0,0.09406984438565309,0
2921.591399634302,0.6610248525066625,1
3906.0,0.12717004019393952,0
3153.3263767870467,0.6533693986816639,1
4662.0,0.09131770760703758,0
1588.65417234094,0.6636781851275894,1
6129.0,0.12415867211224613,0
1127.0236718891433,0.5456098912575,1
6210.0,0.1279873233674238,0
3785.2207421949543,0.5091175686763205,0
5133.0,0.09329819546757996,0
2753.3313937016082,0.3527503220156981,1
6075.0,0.13129814516642407,0
2305.966542959839,0.4005400671482718,1
4944.0,0.12872997116306042,0
634.9459845833732,0.5977200260526744,1
4290.0,0.119563847378466,0
825.4094517704157,0.6229361528067852,1
6206.0,0.1172917470618956,0
3968.420995597982,0.5306729402368529,0
6318.0,0.08707298475717334,0
1239.774967384413,0.24875959643977705,1
4623.0,0.1287387824829883,0
1277.206310423012,0.471612081597733,1
4480.0,0.11895021068979932,0
3021.3768709011756,0.5515167507624525,1
4255.0,0.082918758316842,0
2177.4067556290825,0.6158234768483735,1
5825.0,0.11097794422953025,0
2139.598668713598,0.6434987080495084,1
3496.0,0.10894734378904847,1
4474.753090172207,0.6672666445984438,0
4669.0,0.08883927020841804,0
1473.464809668683,0.6762378892803454,1
5952.0,0.1206904673297731,0
804.418914738879,0.6472984717363848,1
3760.0,0.12002495427886989,0
4091.216504628555,0.65108695529945,0
5778.0,0.08578265071880321,0
4402.901327555089,0.3954859331895253,0
4788.0,0.08774393571066193,0
4458.635566681495,0.30419573885564943,0
5012.0,0.08636152360220746,0
1835.583177319092,0.28421548194459106,1
5886.0,0.11698360835839983,0
1576.9528292031323,0.4892838081109706,1
4710.0,0.11417121182328835,0
1752.5484757786598,0.5761480609283939,1
3496.0,0.1123303658973303,1
4182.340733826121,0.6265136611341032,0
5221.0,0.09097996194274507,0
1910.965280670792,0.637891107651497,1
3660.0,0.12435211292679695,0
1023.76510134782,0.6313337303316011,1
6370.0,0.12295976303666988,0
1598.2070229022074,0.5183138901986233,1
4048.0,0.12045832390293425,0
1105.3936611231497,0.6670595320848623,1
5859.0,0.12042112850524997,0
1812.9906288151683,0.6788228087905541,1
4767.0,0.1191809110654635,0
1209.7888953661115,0.6362079451827245,1
6322.0,0.11739157745884211,0
4553.307255415853,0.5408335231921544,0
4473.0,0.08378165844108022,0
1718.6363757309132,0.46122152176784315,1
4425.0,0.11409266742106199,0
545.1895462353183,0.5348730066767473,1
4320.0,0.11322405455094756,0
1308.9149880883601,0.5909953330783477,1
3100.0,0.11228736685805514,1
1501.193223662093,0.6298728375609921,1
6003.0,0.1260595908080771,0
4793.744824822037,0.5283732207817541,0
4928.0,0.08876127362449766,0
2743.6421659992848,0.47016186321245645,1
6240.0,0.11973134603266018,0
1260.1928595788988,0.4166232854235239,1
