2414.892395905067,0.5,1
1380.0,0.3611111111111111,1
1650.0,0.6120794734275963,1
768.0,0.6997994002009608,1
2660.0,0.7513403928065984,1
2420.0,0.6273364077233066,1
1615.0,0.5950987789727339,1
1120.0,0.7618785026845353,1
336.0,0.826290872274794,1
1545.0,0.856198787863072,1
1564.0,0.8720789486406312,1
2610.0,0.8831163887651885,1
1638.0,0.7905411655382812,1
432.0,0.8618900414907829,1
1408.0,0.8898965243533501,1
860.0,0.9030184659108732,1
2431.0,0.9107567668511942,1
1080.0,0.8322450919278406,1
3120.0,0.8878456033181529,0
2170.0,0.7448352077999119,1
720.0,0.7283547206780926,1
1705.0,0.8553684712207956,1
432.0,0.8828630468889473,1
2397.0,0.8923021428322695,1
1472.0,0.7998092266616886,1
954.0,0.8814823058383381,1
688.0,0.900502068725442,1
1788.0,0.9070924200698494,1
748.0,0.9114291186820965,1
2142.0,0.9139545962618645,1
2125.0,0.8343587266701455,1
969.0,0.8071411653739571,1
1616.0,0.8978552872127172,1
1353.0,0.9195834237927969,1
1976.0,0.9256372671808475,1
544.0,0.9290021725605111,1
1683.0,0.9312581883647835,1
1666.0,0.933268631078683,1
1540.0,0.9344198550612621,1
1140.0,0.9363184095794551,1
1024.0,0.9382810769392356,1
1520.0,0.940012922741222,1
1988.0,0.9413560610204852,1
1694.0,0.9428542942324786,1
994.0,0.9435774743451368,1
1968.0,0.944051833940191,1
2318.0,0.9444605978938501,1
340.0,0.8862177441303423,1
492.0,0.9321171512312828,1
1615.0,0.9435848830333915,1
1050.0,0.9468890428789996,1
690.0,0.9479095405387669,1
858.0,0.9493457733777307,1
1539.0,0.950305833507716,1
340.0,0.9511458637189657,1
1340.0,0.9522944381524393,1
1980.0,0.9525344763106979,1
2000.0,0.9534560998035815,1
2508.0,0.9041109980447938,1
576.0,0.8820453791506253,1
1640.0,0.9371820136143799,1
1440.0,0.9508072572788642,1
840.0,0.9545865772674633,1
708.0,0.9556057782510515,1
1875.0,0.9562402963517374,1
2432.0,0.9564103948482513,1
1552.0,0.9100396860004835,1
1442.0,0.9455175342634231,1
1133.0,0.953792262239879,1
3120.0,0.9561327993367764,0
1170.0,0.8641273604859822,1
1391.0,0.9222787083572916,1
2988.0,0.9325611844875368,0
3460.0,0.82514223258699,0
1530.0,0.7623121358167783,1
1400.0,0.8727102275455783,1
528.0,0.8968826504335873,1
1957.0,0.9036038758285878,1
742.0,0.9063860814187779,1
994.0,0.9087091485836021,1
1980.0,0.9104221537780026,1
630.0,0.9119123399363864,1
944.0,0.9135932561865476,1
1620.0,0.9156369836489516,1
980.0,0.9174734422991093,1
741.0,0.9188983572800639,1
1746.0,0.920403669921947,1
1024.0,0.9215394319016936,1
1040.0,0.922854890179931,1
416.0,0.9244793864698959,1
2601.0,0.9261400961293034,1
1480.0,0.8544857019834048,1
1377.0,0.9124447893533592,1
1300.0,0.9267294035817486,1
2672.0,0.9304225362118104,1
1188.0,0.8622319144429385,1
742.0,0.9173235812327943,1
660.0,0.9304379322277014,1
2380.0,0.9344186122926917,1
1620.0,0.8690170513570297,1
910.0,0.9216447297463648,1
1330.0,0.9349012216621659,1
1287.0,0.9387080916212821,1
1677.0,0.9404556732725564,1
1148.0,0.9410191472032824,1
1824.0,0.9419542437196753,1
380.0,0.9428980768718439,1
2090.0,0.9435412786409956,1
270.0,0.8864692455258214,1
1716.0,0.9317269804692959,1
1206.0,0.9427434171299831,1
1728.0,0.9462545913924563,1
780.0,0.9476751304274225,1
2006.0,0.9488332969935098,1
1464.0,0.8965076906756176,1
1445.0,0.937710111018184,1
869.0,0.9483729620778235,1
1764.0,0.9515203631774525,1
1050.0,0.9522160688697163,1
594.0,0.9525906595476464,1
1035.0,0.9525362227025487,1
1884.0,0.9523544718972663,1
496.0,0.952379560475305,1
2329.0,0.952619949387332,1
2812.0,0.9019261794412979,0
1562.0,0.8402998840862539,1
1890.0,0.9130100449876084,1
1760.0,0.9270318809881776,1
2268.0,0.9303644430451868,1
3078.0,0.8613100482054916,0
1887.0,0.8026322693200045,1
588.0,0.895624623316963,1
1694.0,0.9094119612943912,1
2002.0,0.9126444638120254,1
555.0,0.829940664482945,1
1139.0,0.9048623641200493,1
646.0,0.9165561808144583,1
972.0,0.9199006441662727,1
1008.0,0.9219006352439124,1
2158.0,0.9231209902849703,1
1296.0,0.8479284111368963,1
1200.0,0.9148967632638741,1
1014.0,0.9254241321427628,1
2142.0,0.9279374093317884,1
2430.0,0.8579840435008924,1
465.0,0.840416296733455,1
1442.0,0.9189741055113485,1
3420.0,0.9315805960552023,0
1230.0,0.8283174404712448,1
624.0,0.9040112934300947,1
2535.0,0.9139207064542788,1
1988.0,0.8333877362897446,1
780.0,0.908438011866362,1
658.0,0.9181205621249771,1
2499.0,0.9209606113266124,1
1496.0,0.8450447722592275,1
459.0,0.9149599466922518,1
564.0,0.9244880040550515,1
1680.0,0.9271812832989083,1
656.0,0.9284051917941389,1
1204.0,0.9299136625435808,1
1484.0,0.9309476062707908,1
1570.0,0.9322878423011473,1
1272.0,0.9332238553636197,1
420.0,0.9342605577259088,1
1380.0,0.9356542486948174,1
1904.0,0.9371170515921544,1
1963.0,0.9379758413449104,1
530.0,0.9389637312648932,1
820.0,0.9397118782850326,1
2934.0,0.9405895393287009,0
612.0,0.8442639499045659,1
510.0,0.9142829376677176,1
1260.0,0.922371412538844,1
1936.0,0.9246014357791117,1
280.0,0.9257536117505651,1
2380.0,0.9271743554996008,1
450.0,0.8548809224619751,1
720.0,0.9220234465936323,1
1590.0,0.9301214972025835,1
930.0,0.9317334538616646,1
1020.0,0.9327496072102817,1
1960.0,0.9339313444547819,1
2720.0,0.9349978135422653,0
528.0,0.8360353582994368,1
1550.0,0.9114615989020411,1
1507.0,0.9187171785263069,1
2538.0,0.9206290697994213,1
1220.0,0.8432732105776338,1
1386.0,0.9165732680176234,1
2465.0,0.9236462518513443,1
490.0,0.8496694323023607,1
672.0,0.9203784519752835,1
2618.0,0.9277473217388725,1
2550.0,0.8572879614019493,1
2016.0,0.8479855019355109,1
300.0,0.8480962905624924,1
348.0,0.925565028963038,1
481.0,0.9332116927615337,1
324.0,0.9347853846059366,1
1568.0,0.9358656994421347,1
675.0,0.9370426771411295,1
2544.0,0.9380043284254053,1
2460.0,0.8749028217954954,1
2844.0,0.8655586391338443,0
867.0,0.8345049678943403,1
336.0,0.916657263121342,1
1848.0,0.9234184372073277,1
980.0,0.9250784202687871,1
3060.0,0.9266058203489576,0
1155.0,0.8221062664817049,1
2752.0,0.9065417050975818,0
1602.0,0.7937875118636637,1
605.0,0.8932093429260923,1
1490.0,0.8965557515803343,1
3042.0,0.8985172107286394,0
616.0,0.775639550028895,1
2160.0,0.8847906239718251,1
2512.0,0.7805260839987995,1
990.0,0.783900318008513,1
380.0,0.8899812393916522,1
2584.0,0.892154111715696,1
2040.0,0.7943217513830922,1
1305.0,0.7962525387009676,1
578.0,0.8970771935582975,1
920.0,0.9000668315063818,1
1243.0,0.9017648009514048,1
1080.0,0.903310330589132,1
1140.0,0.9051623809166219,1
1144.0,0.9067724585362656,1
1638.0,0.9082284046171842,1
1815.0,0.9099727090129408,1
1258.0,0.9113419695235255,1
2420.0,0.9129640768804653,1
2448.0,0.8293700946623592,1
1190.0,0.8273821398193962,1
1462.0,0.914462674629777,1
1680.0,0.9186923273918723,1
3480.0,0.9201733074644883,0
1298.0,0.814413935211448,1
1716.0,0.9052110859033732,1
2340.0,0.9077223370916616,1
1309.0,0.8207049584766369,1
1215.0,0.9093621939275993,1
720.0,0.9123809731460213,1
910.0,0.9135753301605456,1
1068.0,0.9150879959747047,1
1989.0,0.9164598216981997,1
1160.0,0.9178888397617221,1
782.0,0.918917074783056,1
1188.0,0.9199196922626909,1
1070.0,0.921391767908523,1
2296.0,0.9226341967792396,1
1972.0,0.847081223923267,1
2460.0,0.9227196686666742,1
660.0,0.8513657381231828,1
902.0,0.9250662447004696,1
1120.0,0.928655899787465,1
1870.0,0.9299844794690619,1
1356.0,0.930882770812466,1
1840.0,0.9316637240278964,1
493.0,0.9328138719712566,1
1092.0,0.933772775942789,1
2160.0,0.9346750109502471,1
1216.0,0.8693281873775057,1
924.0,0.9335877608488308,1
806.0,0.9372595593139089,1
1596.0,0.938332180743454,1
1824.0,0.939369865814553,1
480.0,0.9400325782615087,1
2540.0,0.9407197266895673,1
1287.0,0.8800004352119954,1
1270.0,0.9390249332508341,1
1950.0,0.942697578115823,1
2085.0,0.9433172124583685,1
2640.0,0.884386127454145,1
1903.0,0.8802204912202383,1
940.0,0.9421910178622579,1
2924.0,0.9461208482723013,0
2704.0,0.8597274707369689,0
1616.0,0.8420609193138624,1
2826.0,0.9210909080162104,0
1020.0,0.8261424351760831,1
2235.0,0.9081589841501607,1
475.0,0.8279316329234991,1
2888.0,0.9102754727546862,0
456.0,0.8029332694069264,1
2516.0,0.8967310524277377,1
1419.0,0.8065496976466794,1
528.0,0.8998390981414933,1
1968.0,0.9045630833609748,1
480.0,0.9061728263204665,1
1705.0,0.9075177093623435,1
1898.0,0.9090301074777181,1
1406.0,0.9104834526661103,1
588.0,0.9119021710540549,1
752.0,0.913286160079198,1
1166.0,0.9147724227437939,1
507.0,0.9161236630018709,1
738.0,0.9177192040583841,1
1984.0,0.9191483235469259,1
1875.0,0.9207095745496479,1
1080.0,0.9218047862959022,1
952.0,0.9230069937514798,1
470.0,0.9240732749834086,1
799.0,0.9255465768770386,1
976.0,0.9265987593840165,1
460.0,0.9278568170536501,1
1652.0,0.9291921186186726,1
1976.0,0.9303473246536612,1
1456.0,0.9314359088089039,1
1898.0,0.9323819587672115,1
540.0,0.933123810783751,1
1428.0,0.9341168174838366,1
860.0,0.9353767791232147,1
1936.0,0.9365030551594153,1
1469.0,0.9371473554885912,1
935.0,0.9377754918883682,1
1624.0,0.9384352203119716,1
2338.0,0.9393110587356016,1
3306.0,0.8771344248581311,0
1665.0,0.839992464125271,1
1054.0,0.9189813517834363,1
1026.0,0.9237680336096369,1
1463.0,0.9253421692066595,1
1908.0,0.9267874929465604,1
2680.0,0.9282156380575521,1
350.0,0.8566255298586114,1
610.0,0.9262240351583563,1
1260.0,0.9311741206865196,1
352.0,0.9322838722277218,1
462.0,0.9331862282237716,1
2508.0,0.9339833405306281,1
732.0,0.8683188076675268,1
728.0,0.9323779213149165,1
312.0,0.9368399814141137,1
1963.0,0.9379988091868349,1
1624.0,0.9391752777026157,1
972.0,0.9403949874841474,1
1668.0,0.9416130413150248,1
442.0,0.9427404515195302,1
700.0,0.9432467268695427,1
1694.0,0.9442183022071715,1
1026.0,0.9450563615688866,1
1312.0,0.9460978286524322,1
636.0,0.9465591305599405,1
396.0,0.9475943163092122,1
624.0,0.9484576443301452,1
1716.0,0.9487239720883451,1
1872.0,0.9493718246475503,1
430.0,0.9496520110345501,1
1620.0,0.9505278417349035,1
572.0,0.9510480640739349,1
2752.0,0.9520111721198573,0
1152.0,0.8673037149036917,1
2366.0,0.9305445480687655,1
1976.0,0.8676401542420954,1
828.0,0.9322260665427727,1
297.0,0.9368487227731455,1
1932.0,0.9381961959510786,1
550.0,0.9390677284775937,1
3078.0,0.9398851177128928,0
2025.0,0.8455132705368382,1
688.0,0.8399701668473591,1
928.0,0.9208681878117387,1
378.0,0.9248395492872317,1
408.0,0.9260931640432832,1
979.0,0.9271148598138663,1
1190.0,0.9281783249834311,1
660.0,0.9296945207668901,1
1309.0,0.9312031963078778,1
2106.0,0.9325918318015091,1
2527.0,0.8649282830788034,1
2888.0,0.8612989922919077,0
576.0,0.8329764640508147,1
760.0,0.9160905233827495,1
966.0,0.9195788524974168,1
2212.0,0.9207816708488002,1
392.0,0.8434055254094199,1
1358.0,0.9207616455243657,1
1989.0,0.9243425611800156,1
3006.0,0.9255339781547957,0
1400.0,0.8203715057800693,1
2652.0,0.9083417501322892,1
1023.0,0.8237784240505053,1
2960.0,0.9115332918559633,0
2826.0,0.7997429010023381,0
1870.0,0.7885451818812291,1
817.0,0.8918357419897525,1
1802.0,0.8962944217674124,1
885.0,0.8980135485352579,1
1482.0,0.8999439486957644,1
338.0,0.9015987586920038,1
697.0,0.903351385630559,1
2736.0,0.9050343428368277,0
1309.0,0.7857968360839387,1
2112.0,0.888054662644421,1
1860.0,0.7897533197359446,1
1152.0,0.8915484506461442,1
2064.0,0.895211406816425,1
615.0,0.7993017593072023,1
1120.0,0.8966177337555178,1
2520.0,0.9006407026619676,1
496.0,0.8087447252971421,1
666.0,0.9012407563427027,1
351.0,0.905859677634167,1
580.0,0.9073820774589652,1
2360.0,0.9089941535032177,1
810.0,0.8225257601930841,1
2945.0,0.9086081371962214,0
1392.0,0.7972735682690635,1
1495.0,0.8945305579818608,1
1331.0,0.898017080734545,1
756.0,0.9000354592281488,1
312.0,0.9016700970560683,1
1250.0,0.9033417441399385,1
300.0,0.9048949470775897,1
1140.0,0.9063911724552943,1
1417.0,0.9082856419340426,1
2100.0,0.9099723112492529,1
885.0,0.8250189722792284,1
2565.0,0.9103765946603047,1
435.0,0.8305134464081113,1
1445.0,0.9133043037437056,1
2016.0,0.9176935204133065,1
1176.0,0.838065559496157,1
2500.0,0.9169587997135249,1
480.0,0.8432201227154096,1
1729.0,0.9197739459284008,1
1508.0,0.9246185009421113,1
1387.0,0.9259243012162635,1
2703.0,0.9271296093480159,0
1500.0,0.8253994795005328,1
2175.0,0.9093565089332816,1
600.0,0.8278853271180227,1
2538.0,0.9121547489777119,1
1691.0,0.8330762111423221,1
1984.0,0.9148676172989463,1
1564.0,0.9191566966609049,1
440.0,0.9203645047684299,1
1575.0,0.9217388621493519,1
1920.0,0.9230750473785577,1
2240.0,0.9244085108088516,1
475.0,0.8498523431162485,1
1819.0,0.9231290665011979,1
2320.0,0.9272699331206543,1
2304.0,0.8555487949695271,1
2295.0,0.8513607967527171,1
1464.0,0.8528432074238884,1
748.0,0.92774269491739,1
1320.0,0.9322696712492013,1
2184.0,0.9333914205046341,1
1862.0,0.8668546863752293,1
852.0,0.9320279411607719,1
1905.0,0.9360320680531664,1
1116.0,0.9369871484722991,1
320.0,0.9379100631158575,1
2394.0,0.9388604095986157,1
416.0,0.877012098260625,1
819.0,0.9368732100815468,1
870.0,0.9411448790344836,1
930.0,0.9422507993517789,1
1204.0,0.9427589467622849,1
1406.0,0.9434708426991039,1
1088.0,0.9444331267366213,1
1183.0,0.9448369645916421,1
1184.0,0.9451668677176953,1
1974.0,0.9460732370318073,1
1781.0,0.9464942949435282,1
624.0,0.9470644683424017,1
640.0,0.9476175756968674,1
1989.0,0.9484285588227012,1
1062.0,0.9489749654164688,1
513.0,0.9498620457141473,1
490.0,0.9503491674241671,1
364.0,0.9511167920306325,1
1278.0,0.9518026239306454,1
1802.0,0.9520930884231695,1
2635.0,0.9529247367447204,1
2980.0,0.902861178387969,0
1872.0,0.867411771868066,1
1008.0,0.9334037827706958,1
2652.0,0.9373163028105048,1
1356.0,0.8746290816390975,1
1584.0,0.9358262948792642,1
1120.0,0.9401378552577306,1
440.0,0.9410999352491688,1
2240.0,0.9418716068752728,1
2240.0,0.8819328204912097,1
1695.0,0.8765315411979756,1
1394.0,0.9403008161500076,1
816.0,0.9447380331559107,1
1824.0,0.9457486001264348,1
2535.0,0.9462273847985735,1
1520.0,0.8908391652415762,1
1089.0,0.9446388689594768,1
624.0,0.9485617699466451,1
703.0,0.9495388686615821,1
2680.0,0.950003234382163,1
2565.0,0.8971423305914962,1
1976.0,0.8915706062713197,1
2538.0,0.9474209851545251,1
1476.0,0.8992847291336205,1
1508.0,0.9487668630334661,1
2366.0,0.9523858055434626,1
1976.0,0.9028780162852317,1
702.0,0.950517900735815,1
1690.0,0.9539027179875543,1
1008.0,0.9546746731258268,1
1566.0,0.9552996866918659,1
1380.0,0.9555092850460611,1
847.0,0.9562537768452103,1
2656.0,0.9564178753737306,1
930.0,0.9100959797048291,1
893.0,0.9536766763927391,1
3380.0,0.9571752320431329,0
1440.0,0.8751236892125389,1
1749.0,0.9351370551643745,1
2958.0,0.9390605269614948,0
1083.0,0.8424497828168287,1
1404.0,0.9190770078673329,1
1040.0,0.9225099771764961,1
1008.0,0.9240109910015321,1
1064.0,0.9253379105497858,1
795.0,0.9269046824085846,1
2958.0,0.9279533422875028,0
638.0,0.8222322383331854,1
518.0,0.9092920586687185,1
700.0,0.9118577120949413,1
2329.0,0.9136447497305588,1
697.0,0.831544936237063,1
736.0,0.9153548275206127,1
370.0,0.9182945269780002,1
2397.0,0.9199036002477992,1
1284.0,0.8424979707214396,1
2244.0,0.9210906868431976,1
496.0,0.8474575455993687,1
476.0,0.923383792362222,1
1230.0,0.9267687408164937,1
1890.0,0.9277384579912349,1
1020.0,0.9291218949922733,1
1095.0,0.930195696508065,1
2376.0,0.9312346095662586,1
3006.0,0.8631731783969052,0
817.0,0.8294005318992668,1
1700.0,0.914243257793794,1
250.0,0.9169008273714319,1
1000.0,0.9185704039630963,1
2736.0,0.919956382459848,0
2120.0,0.8114804325808724,1
1411.0,0.8124868256397942,1
1377.0,0.9061416981728113,1
2325.0,0.9078316089683124,1
945.0,0.8209648469895565,1
2048.0,0.9108330072640713,1
2924.0,0.8271066688031752,0
950.0,0.8020799556514934,1
1536.0,0.899602385033803,1
560.0,0.900128694006939,1
450.0,0.9019511159765897,1
800.0,0.9037200343968479,1
1872.0,0.9053513031307134,1
952.0,0.9071015505984379,1
2193.0,0.9087166887713204,1
918.0,0.8219829140059729,1
1843.0,0.9113174175024201,1
1751.0,0.9131361915834588,1
2737.0,0.9145192938149631,0
2850.0,0.8043302787435826,0
2380.0,0.7975202888125478,1
2190.0,0.7986053560091451,1
1001.0,0.8013109983759271,1
1344.0,0.8997698600881034,1
608.0,0.9028404035569046,1
1040.0,0.9043626220723938,1
455.0,0.9058523211503557,1
2512.0,0.9073687759262011,1
1176.0,0.8196406174055342,1
1309.0,0.907919672606776,1
1140.0,0.9117096745856145,1
2106.0,0.9134051841417873,1
1728.0,0.8305162442712097,1
1680.0,0.9136832283841979,1
874.0,0.9176236437232322,1
2106.0,0.9189409374647489,1
2505.0,0.8398382977021519,1
2682.0,0.8365242404946631,1
2652.0,0.8386528687147197,1
3000.0,0.8402694979140359,0
792.0,0.8167748025469714,1
784.0,0.90721738679057,1
799.0,0.9104489896230921,1
648.0,0.9120258547530112,1
540.0,0.9132293762197045,1
2533.0,0.9147075134441549,1
1938.0,0.8330793130990134,1
1890.0,0.9151120737080302,1
2420.0,0.9187898831943846,1
1445.0,0.840370073306898,1
2432.0,0.9185818866580209,1
720.0,0.844381012433507,1
644.0,0.9211201197009584,1
800.0,0.9248697334961681,1
2660.0,0.9261094391308795,1
688.0,0.8530350833056994,1
770.0,0.9250691716138458,1
3306.0,0.9289907260516775,0
1232.0,0.8317157667158618,1
1080.0,0.9134106910660192,1
2109.0,0.9166340147070852,1
1656.0,0.8362208096359542,1
1326.0,0.9170338865484027,1
1628.0,0.920544092977272,1
1479.0,0.9218740543686966,1
1530.0,0.9230925428350919,1
676.0,0.9239958313126913,1
2016.0,0.925233958480833,1
1628.0,0.8511359369058469,1
658.0,0.9244805337244069,1
1180.0,0.9280336345770698,1
912.0,0.9289698075913605,1
430.0,0.9300434083668612,1
2736.0,0.9309627921447886,0
2160.0,0.8339394956771804,1
650.0,0.8305359571369346,1
891.0,0.9159192475800373,1
2652.0,0.9189569766535313,1
1776.0,0.8398976614303321,1
1640.0,0.918964804047288,1
1133.0,0.9223486241883626,1
1105.0,0.9235726537457485,1
1590.0,0.9248534069609937,1
2754.0,0.9260870110502,0
792.0,0.8261389062773179,1
1938.0,0.9112648637855381,1
2040.0,0.9138459304191234,1
1656.0,0.8308867351603796,1
1391.0,0.9148986628752315,1
1710.0,0.9176593301242512,1
1638.0,0.9189453824749377,1
1442.0,0.920106256374474,1
480.0,0.9214188954651575,1
1710.0,0.9227478311718943,1
1717.0,0.9240233108539726,1
1290.0,0.9249304231936741,1
420.0,0.9258758046431227,1
1806.0,0.9266888906870604,1
648.0,0.9279801966487682,1
896.0,0.9288997647197447,1
2669.0,0.9301027364167763,1
1469.0,0.860045564638132,1
420.0,0.929261602882179,1
250.0,0.9324447769251545,1
420.0,0.9335531156041311,1
561.0,0.9344625482032918,1
799.0,0.9353652011455594,1
690.0,0.9364573805181752,1
616.0,0.9374579310868174,1
2839.0,0.9382522063970875,0
1180.0,0.8458981474570793,1
2812.0,0.9213788826980872,0
2898.0,0.8187257416169008,0
830.0,0.8101716473257623,1
1072.0,0.9038635852210979,1
2052.0,0.9078381907749977,1
1582.0,0.8208216925670133,1
1088.0,0.9080594667076538,1
1638.0,0.9118612471921663,1
936.0,0.913485316886523,1
1824.0,0.9146559940219576,1
1122.0,0.915898839810303,1
693.0,0.9171348437166758,1
2282.0,0.9186370984765483,1
1683.0,0.8395877049344613,1
450.0,0.9178449786555098,1
2680.0,0.9225149822821751,1
1764.0,0.8467483858898625,1
527.0,0.9215679971244044,1
1095.0,0.9260444263259275,1
2310.0,0.927462131708384,1
1824.0,0.8554964730929278,1
1428.0,0.9258071800825274,1
1815.0,0.9300167792070987,1
2318.0,0.9310004958007032,1
2489.0,0.862795101853278,1
588.0,0.8579953720336636,1
3021.0,0.9302333551291618,0
2006.0,0.8361984258511975,1
1730.0,0.830785687684506,1
1700.0,0.9157687245570729,1
630.0,0.9198469804675218,1
1540.0,0.9211587206461123,1
594.0,0.9224690878664675,1
435.0,0.9235466038711114,1
817.0,0.9251222138267261,1
3006.0,0.926580033286849,0
650.0,0.8227046568342367,1
1824.0,0.9082882833523339,1
1144.0,0.9117626377725029,1
1170.0,0.9132974993771951,1
364.0,0.9147198882661318,1
1859.0,0.9159961248416792,1
1400.0,0.9174066996470077,1
2840.0,0.9185847507323034,0
784.0,0.8084944370382255,1
1083.0,0.9014620574509007,1
504.0,0.9040969082442291,1
704.0,0.9059402240279604,1
850.0,0.9077969880566319,1
1050.0,0.9092877942380826,1
2014.0,0.9110192186797316,1
2940.0,0.8261396928142892,0
1530.0,0.7962744879305157,1
416.0,0.8959088613182408,1
810.0,0.8978019916842063,1
1512.0,0.8998669256576146,1
2432.0,0.901672841043639,1
2500.0,0.8105926230764829,1
2002.0,0.8115137873752835,1
782.0,0.8140881626587091,1
2090.0,0.9072649769731015,1
988.0,0.8224373002795314,1
2310.0,0.9104538417955078,1
2717.0,0.8282493785426024,0
500.0,0.8000461672931448,1
1800.0,0.8981507501107107,1
1995.0,0.9001217456651713,1
3480.0,0.9019429230956201,0
3080.0,0.7813170576930419,0
774.0,0.7758156933437332,1
2784.0,0.8841849024240109,0
384.0,0.7538159920110286,1
2840.0,0.8724104355458332,0
2679.0,0.7324121609747438,1
2941.0,0.7402350240640826,0
1836.0,0.7214903190780395,1
2340.0,0.8519916643598112,1
1260.0,0.718288764056862,1
351.0,0.8569127744064204,1
1008.0,0.8535723638909793,1
420.0,0.8564180310212208,1
2040.0,0.859022979946073,1
1600.0,0.7392998493146248,1
2822.0,0.867208461944691,0
1335.0,0.7220034075765982,1
869.0,0.8577897511123528,1
3120.0,0.8540446149212797,0
494.0,0.7078648916175319,1
1534.0,0.8509567143438969,1
1305.0,0.8450825342429897,1
1080.0,0.8481790460063605,1
2054.0,0.85072835209449,1
1764.0,0.7262485052381301,1
2280.0,0.8614427815129982,1
1056.0,0.7333307670592367,1
637.0,0.865137797461883,1
2220.0,0.8621546142951414,1
1980.0,0.7444790508412916,1
1050.0,0.8704727692711429,1
915.0,0.8686729258441296,1
2482.0,0.8708364862229376,1
2106.0,0.7581691611352318,1
847.0,0.7656001269591156,1
1062.0,0.8788833306695678,1
1664.0,0.8786338687596276,1
2451.0,0.8804987106502074,1
1862.0,0.7736931832427697,1
693.0,0.8853670200241034,1
2641.0,0.8858754441104293,1
2499.0,0.7827850471959154,1
288.0,0.7866254497493651,1
790.0,0.8913418485027065,1
2312.0,0.8927675765414398,1
936.0,0.7943916323156309,1
1120.0,0.8957470951334315,1
2193.0,0.8974023948549996,1
1428.0,0.802136747528144,1
1080.0,0.8997045224441977,1
1071.0,0.9017657958348942,1
2040.0,0.9032685303106484,1
2934.0,0.8124063089712507,0
1764.0,0.7912931415548587,1
1540.0,0.8931684373742593,1
2016.0,0.8944395513873833,1
1035.0,0.7969598504022871,1
660.0,0.897244721298053,1
1440.0,0.8988647387185573,1
1507.0,0.9003796348162151,1
1710.0,0.9017344646428895,1
1859.0,0.9032890529095892,1
1118.0,0.9046616924041881,1
2920.0,0.90594613090922,0
870.0,0.7930271765968346,1
2505.0,0.8945105857266296,1
1424.0,0.796345726312046,1
561.0,0.8973732589555481,1
2120.0,0.8985953015369859,1
730.0,0.8041119693610826,1
1100.0,0.9012398733235558,1
737.0,0.9027649872297636,1
1397.0,0.9041790195594125,1
2528.0,0.9054059100989841,1
364.0,0.8163735370619258,1
420.0,0.9074091109575986,1
2380.0,0.909664799892978,1
1560.0,0.8235331648801245,1
780.0,0.9110726121517636,1
1264.0,0.9135591507350066,1
1562.0,0.9146705593488205,1
2015.0,0.9157982524908097,1
1564.0,0.8345044277908236,1
1520.0,0.9166020345318389,1
615.0,0.9193739395882041,1
1380.0,0.9204737005691678,1
2475.0,0.9217529729922864,1
780.0,0.8449244191591605,1
1102.0,0.9217535745867991,1
470.0,0.9246408053020037,1
2180.0,0.9255755382201538,1
897.0,0.8519782620929085,1
1080.0,0.9253482502965087,1
2768.0,0.9283974546360119,0
574.0,0.8283742614532661,1
1200.0,0.912474730928917,1
2304.0,0.9149708646937114,1
2322.0,0.8335722038669418,1
2249.0,0.8332604499544735,1
770.0,0.8354534194452574,1
867.0,0.9188436093368182,1
1386.0,0.9218762142553396,1
570.0,0.9230938581646555,1
820.0,0.924174746067232,1
1220.0,0.9252138169200116,1
507.0,0.9263771057633184,1
2516.0,0.9275934107326359,1
1133.0,0.8557987416437552,1
2431.0,0.9273455311358266,1
1184.0,0.8592292478420606,1
1590.0,0.929192254873903,1
650.0,0.9324452538403253,1
1312.0,0.9332432186164624,1
1683.0,0.934411339897399,1
3078.0,0.9353835015506378,0
1558.0,0.84293351946781,1
714.0,0.9200129424425106,1
1650.0,0.9224241679649128,1
2265.0,0.9237505122924978,1
2220.0,0.8491382932275932,1
2550.0,0.8475648926349162,1
1441.0,0.8492893782302957,1
2272.0,0.9262679731631819,1
627.0,0.857149235528645,1
1241.0,0.9284676489040957,1
741.0,0.9312722120317887,1
2212.0,0.9324739839746171,1
1300.0,0.8641718477406548,1
2805.0,0.9319550699469172,0
1530.0,0.841284723820597,1
1804.0,0.9194398938944522,1
600.0,0.9218411323993484,1
1310.0,0.922987988911947,1
1260.0,0.9238317489911044,1
2952.0,0.924994702375323,0
1292.0,0.8244382619688114,1
810.0,0.9112356520673168,1
1660.0,0.9127781176063445,1
533.0,0.9141113002297162,1
1224.0,0.9151978477475388,1
1584.0,0.916677472153105,1
828.0,0.9180298769249451,1
1120.0,0.9190465031306913,1
935.0,0.9203349446933663,1
3200.0,0.9213318546772138,0
1260.0,0.8171113073705553,1
1428.0,0.9078011067061915,1
1960.0,0.9089350733195642,1
1840.0,0.9103098615157321,1
2600.0,0.9117184694566258,1
608.0,0.8271906225127742,1
2198.0,0.9140782677603476,1
520.0,0.8320487544662765,1
2310.0,0.9161608970112809,1
612.0,0.8367569234868016,1
871.0,0.918586760341483,1
1540.0,0.9204188747424391,1
1887.0,0.9214120715438017,1
1170.0,0.9228423995333128,1
3120.0,0.9240825023199327,0
450.0,0.8218236428301169,1
1316.0,0.9103323483697436,1
490.0,0.911648591301055,1
2620.0,0.9130066447837799,1
319.0,0.8293530100208177,1
1666.0,0.915342830092633,1
2500.0,0.9170797438870377,1
1469.0,0.8365536117860887,1
481.0,0.9185629790724301,1
2898.0,0.920614669068984,0
3100.0,0.8151956609316001,0
1624.0,0.8103043687671261,1
1837.0,0.9038732950607067,1
1162.0,0.9065242508928849,1
425.0,0.9081269760310055,1
3021.0,0.9094351567638322,0
1480.0,0.7963999868149284,1
2980.0,0.8960088018524338,0
1872.0,0.7744366981221867,1
2114.0,0.885313353996541,1
1197.0,0.7786223261238545,1
1833.0,0.888762706819592,1
1632.0,0.8888648767396259,1
799.0,0.8906315320607217,1
1360.0,0.8923166199306758,1
2862.0,0.8938581791228284,0
1265.0,0.7717937885912998,1
1764.0,0.8842132726985075,1
1155.0,0.8834488150481815,1
2520.0,0.8853374014447909,1
1469.0,0.7818684827211613,1
819.0,0.8904655387882675,1
517.0,0.890717566167815,1
1962.0,0.8925763789970027,1
1360.0,0.8941247193350028,1
2236.0,0.895769994951846,1
940.0,0.7997216779113419,1
1024.0,0.8994274206442476,1
2550.0,0.900432738421234,1
804.0,0.8072789367269471,1
1020.0,0.9032975387084158,1
572.0,0.9048660630081633,1
1441.0,0.9061837385844769,1
1136.0,0.9076684814574314,1
3173.0,0.9090178114271461,0
684.0,0.7983774686393196,1
2934.0,0.8977453986410533,0
950.0,0.7779871214995357,1
940.0,0.8878673320856888,1
1696.0,0.8870348678363111,1
2448.0,0.888738680711099,1
2208.0,0.787354409158887,1
2660.0,0.7931321947731096,1
2114.0,0.7955498302282297,1
2144.0,0.7977432571515078,1
1914.0,0.8003543390607061,1
2475.0,0.8991735881472408,1
480.0,0.8037184921642989,1
2295.0,0.9018724875881644,1
1904.0,0.8088958916576761,1
1884.0,0.9042545634066326,1
1026.0,0.9054921118312105,1
585.0,0.9066985883825565,1
2340.0,0.9078335631785331,1
1128.0,0.8206293590183227,1
3006.0,0.9103197769895981,0
1440.0,0.8017489538280256,1
612.0,0.8999356744545679,1
2430.0,0.9002205363232286,1
2147.0,0.8073560738184549,1
594.0,0.8106608313649942,1
1666.0,0.9049104401064911,1
1518.0,0.9058929812281333,1
1066.0,0.907221040564439,1
390.0,0.9085973885648372,1
1160.0,0.9099334101045814,1
930.0,0.9110118167992622,1
3120.0,0.9122934922293927,0
3097.0,0.803934469336369,0
1760.0,0.7995468039535053,1
2109.0,0.8977636185338533,1
615.0,0.8037207960986925,1
2718.0,0.9003280228397437,0
416.0,0.7859060537110383,1
1441.0,0.8903094070713461,1
576.0,0.8914000593071785,1
1968.0,0.8928388099222725,1
684.0,0.8943150069156267,1
780.0,0.895874302692025,1
517.0,0.8973839045585922,1
1045.0,0.8988554993890115,1
704.0,0.9002034731699018,1
476.0,0.9016055498539499,1
1860.0,0.9028780639429279,1
715.0,0.9044793982209948,1
1955.0,0.9059726375209634,1
1536.0,0.9072306613363214,1
2790.0,0.9085539005356464,0
1309.0,0.7969897433775122,1
2176.0,0.8962210053523556,1
1144.0,0.8002046166753747,1
1729.0,0.8990665189829979,1
1872.0,0.9008523231027183,1
1552.0,0.9023927269943502,1
928.0,0.9037317309212787,1
1420.0,0.9049973370692647,1
1550.0,0.90622271192803,1
962.0,0.9074131490179311,1
1880.0,0.9089269499242324,1
975.0,0.9100675469394689,1
1521.0,0.9112077631476175,1
351.0,0.9126544067304075,1
