218.0,0.5,1
94.0,0.5342465753424657,0
121.0,0.25862068965517243,1
151.0,0.5253576072821845,1
101.0,0.5257467062287858,0
139.0,0.4718475897218559,1
54.0,0.5300676167436122,0
129.0,0.35980868281249595,1
109.0,0.5761941470083773,1
55.0,0.5316947688361298,0
153.0,0.4018998111015858,1
61.0,0.592921400617233,0
113.0,0.3648658472221333,1
31.0,0.6054998223261301,0
81.0,0.34652034324292114,0
129.0,0.3956063224758418,1
29.0,0.5135171639167412,0
129.0,0.3354457713154606,1
76.0,0.5502946857176318,0
134.0,0.3199142855902629,1
117.0,0.5655689782334227,1
100.0,0.4686413619039719,0
51.0,0.5031144236770703,0
22.0,0.33153377900759856,0
44.0,0.35283149805109054,0
44.0,0.31334577911988243,0
125.0,0.29496650702091104,1
72.0,0.42993681285626223,0
90.0,0.28132075499627635,0
45.0,0.2935865083205623,0
95.0,0.27072475874590446,0
36.0,0.256909136082348,0
117.0,0.24325159909667018,1
60.0,0.3643762825909603,0
74.0,0.2400362867528332,0
82.0,0.24602608274635787,0
49.0,0.23236805519447817,0
113.0,0.22246940466443507,1
128.0,0.3356626775428448,1
137.0,0.3349359204116215,1
104.0,0.3504714677376459,0
142.0,0.3417804906731475,1
57.0,0.3584157308777221,0
76.0,0.25145628542809856,0
110.0,0.2517354921571504,1
36.0,0.36642752770482,0
135.0,0.24735666680641893,1
93.0,0.37811158088226443,0
143.0,0.2514460233938396,1
65.0,0.387677808823251,0
119.0,0.2549959366156946,1
85.0,0.3965081366085412,0
118.0,0.2578392425822262,1
142.0,0.4046760496480409,1
69.0,0.38157956837570534,0
58.0,0.2780986252285555,0
60.0,0.2889550792826764,0
44.0,0.2769384158130807,0
43.0,0.26977522933520187,0
116.0,0.26223320589595883,1
62.0,0.3751723863753135,0
109.0,0.250398155587683,1
125.0,0.38502015095554065,1
87.0,0.3699405530691859,0
34.0,0.26625479045176936,0
74.0,0.2752920500007954,0
122.0,0.2660879025679458,1
109.0,0.3786981464762122,1
143.0,0.3712128213358052,1
99.0,0.38430376398667604,0
121.0,0.2739790053397331,1
142.0,0.40085459761137193,1
94.0,0.39383018180380797,0
59.0,0.2841016944056626,0
72.0,0.28931399741041125,0
104.0,0.28168876747171595,0
47.0,0.37847317957241194,0
25.0,0.26210211264520755,0
65.0,0.26458206101258397,0
90.0,0.2585686332396472,0
89.0,0.2533075644417919,0
46.0,0.2481915332919243,0
28.0,0.24324001667500725,0
104.0,0.23843694767200588,0
79.0,0.32802145811699895,0
69.0,0.22779790830060417,0
31.0,0.22482037341218608,0
109.0,0.22049589523177468,1
95.0,0.3210953340391257,0
96.0,0.22310202244066105,0
29.0,0.22116617538550037,0
109.0,0.21696122513787025,1
63.0,0.3166023854575269,0
146.0,0.21884596597595135,1
87.0,0.3227489581160359,0
51.0,0.22174287097127368,0
111.0,0.2227364015383012,1
126.0,0.3231646029793784,1
143.0,0.324620394909891,1
72.0,0.33261143143789546,0
29.0,0.23376439958744719,0
76.0,0.23203377848134066,0
24.0,0.2278213809774668,0
72.0,0.22375185762638217,0
68.0,0.21976573970877702,0
33.0,0.21585487424194003,0
153.0,0.21201295441968535,1
29.0,0.3100622081605184,0
60.0,0.2158299340860578,0
48.0,0.2132279052012623,0
81.0,0.20945196951886816,0
87.0,0.20576578272154397,0
37.0,0.2021327970443435,0
52.0,0.19857054352366288,0
105.0,0.19505563139425716,1
26.0,0.2889718873854455,0
79.0,0.20038015094193565,0
96.0,0.19717610300838748,0
140.0,0.19364312996432126,1
31.0,0.2874001398468168,0
113.0,0.19840233210130462,1
154.0,0.2947654224109231,1
153.0,0.29885537683950014,1
99.0,0.3054138730833932,0
119.0,0.21278405024528693,1
66.0,0.3107067063243111,0
88.0,0.21644500282262882,0
31.0,0.2138680188301851,0
32.0,0.21001725276174443,0
122.0,0.20624308422443746,1
63.0,0.30299803208684745,0
53.0,0.21020749578281814,0
47.0,0.20797725345315915,0
24.0,0.2042442359773631,0
102.0,0.2005913668083094,0
147.0,0.28185807993376616,1
131.0,0.29058613991964277,1
60.0,0.29660239334291405,0
93.0,0.20613749468184103,0
29.0,0.20241888767698943,0
64.0,0.19876881427918638,0
76.0,0.19515930551353605,0
147.0,0.19159316711335597,1
127.0,0.28503763893919326,1
34.0,0.2916808746379952,0
81.0,0.20242658175271597,0
69.0,0.19736780736488005,0
24.0,0.1936527759044783,0
28.0,0.1899964860238092,0
141.0,0.186391131459698,1
86.0,0.27890551709681544,0
154.0,0.1946315492342643,1
23.0,0.28772721396844625,0
44.0,0.19989585823006256,0
34.0,0.19622604042654268,0
37.0,0.1924255462892362,0
32.0,0.18868938274531633,0
58.0,0.18500032008971323,0
28.0,0.18134201015839774,0
134.0,0.17774018818558007,1
28.0,0.2683902176639561,0
21.0,0.18591233454056974,0
117.0,0.18163072328911783,1
83.0,0.2734685657954861,0
33.0,0.18868848574351754,0
153.0,0.1853047058727542,1
57.0,0.27824915262503286,0
23.0,0.19123432197492474,0
157.0,0.18880906024876376,1
140.0,0.28263457404516507,1
39.0,0.28532834241780586,0
72.0,0.1977167317732499,0
137.0,0.19493040464591146,1
123.0,0.29025423043151566,1
107.0,0.29330980723781896,1
69.0,0.29878827533291297,0
21.0,0.2080709652497,0
78.0,0.2037213931664205,0
93.0,0.19956189660930584,0
106.0,0.19549654343278625,1
84.0,0.29096525289293634,0
53.0,0.20257253985299198,0
48.0,0.1985488494533045,0
111.0,0.19447707501561237,1
74.0,0.2897930667919019,0
69.0,0.20100821714472544,0
125.0,0.1976015472565253,1
87.0,0.29377228694772944,0
98.0,0.20297302547964882,0
45.0,0.2005658289283635,0
137.0,0.19638701479497667,1
81.0,0.29223925006006746,0
84.0,0.20120486022462952,0
62.0,0.19939562255914062,0
134.0,0.19524874322233085,1
47.0,0.29078735993038596,0
33.0,0.19952924461620702,0
47.0,0.1983061586318348,0
62.0,0.19415688096248576,0
97.0,0.19016584851272536,0
141.0,0.18626973396285498,1
31.0,0.2793727379826504,0
27.0,0.19117614189013846,0
22.0,0.189700977981181,0
54.0,0.18578371764142365,0
142.0,0.18198565147641393,1
76.0,0.273967298164698,0
144.0,0.1869134587611063,1
134.0,0.2834818079107158,1
52.0,0.28386089650617957,0
119.0,0.19678710436767857,1
134.0,0.2960751329165263,1
24.0,0.2963226340861304,0
28.0,0.2063972764277462,0
106.0,0.20514938679216485,1
93.0,0.3027306491302262,0
36.0,0.20756646625133518,0
80.0,0.2075405161334727,0
110.0,0.20324644912456177,1
68.0,0.300316723555603,0
64.0,0.20522818695828524,0
21.0,0.20577890346692526,0
137.0,0.2015300867309178,1
148.0,0.29808916840767524,1
103.0,0.2977634053368906,0
26.0,0.29531415723798876,0
29.0,0.20383989860410875,0
138.0,0.20296794932502263,1
87.0,0.2996392176262148,0
150.0,0.2051113814530074,1
59.0,0.3077174383505138,0
50.0,0.20958496676374228,0
59.0,0.2114267698199524,0
72.0,0.2070585977168919,0
141.0,0.20314929138283738,1
59.0,0.2996503302316744,0
156.0,0.2037382547804651,1
56.0,0.30751975615519783,0
145.0,0.20793069434591374,1
65.0,0.31473743843629176,0
144.0,0.2118249324354645,1
120.0,0.32162286012625335,1
149.0,0.3144493343789332,1
64.0,0.3218127024514689,0
65.0,0.22600443011841415,0
76.0,0.22884355585581434,0
116.0,0.22428343035519466,1
86.0,0.3251370272279275,0
59.0,0.2218061119303926,0
97.0,0.22576397124256345,0
112.0,0.22127985459833877,1
85.0,0.3212077286279547,0
34.0,0.21841985046220347,0
124.0,0.22286566542104558,1
93.0,0.32212213313147375,0
145.0,0.21834085207814488,1
41.0,0.3288144247110337,0
93.0,0.22117395172559864,0
77.0,0.22853526790772374,0
152.0,0.22371545479764193,1
141.0,0.3237891808906835,1
56.0,0.31803389856805525,0
58.0,0.22409768421845702,0
130.0,0.2288280799512787,1
111.0,0.3288001729372384,1
56.0,0.32421185422180465,0
130.0,0.22871271475726976,1
135.0,0.339114712438593,1
155.0,0.3336774554154273,1
40.0,0.3410720709486863,0
26.0,0.24122376007865726,0
87.0,0.24398845853831566,0
127.0,0.23987403266770488,1
147.0,0.3427398207867584,1
26.0,0.34137125341421876,0
89.0,0.24194122850111666,0
115.0,0.24373319643261665,1
111.0,0.34684923691742026,1
66.0,0.34599357779827056,0
72.0,0.24565036767740803,0
93.0,0.24704746962008964,0
114.0,0.24324130926710505,1
46.0,0.3464175673862673,0
102.0,0.2410121093027305,0
22.0,0.33969258329289426,0
138.0,0.23505295527922457,1
144.0,0.34213664103549074,1
35.0,0.3413364849389583,0
107.0,0.24197522886609274,1
45.0,0.3501139918617381,0
69.0,0.24334115544139115,0
43.0,0.24630316039177558,0
112.0,0.2426095836724442,1
53.0,0.3452419031244593,0
103.0,0.23931973006622792,0
49.0,0.3390765509024604,0
77.0,0.2337572532262228,0
115.0,0.23633677656611987,1
71.0,0.3371244784283348,0
21.0,0.23297130058640944,0
139.0,0.23643696322371197,1
142.0,0.3370303749956695,1
93.0,0.33472301996226883,0
123.0,0.2369991273784533,1
109.0,0.34506215622529685,1
90.0,0.3422659686804317,0
57.0,0.24309760148458917,0
23.0,0.24568850380107932,0
25.0,0.24228595324094118,0
135.0,0.23926651603058557,1
96.0,0.34073169158929173,0
53.0,0.23644603666539588,0
153.0,0.2394589378558558,1
43.0,0.34048457673049876,0
123.0,0.23546746000567614,1
94.0,0.34447819514776223,0
127.0,0.23688522166200238,1
78.0,0.34795385818266455,0
96.0,0.2382432946665166,0
94.0,0.2452053608575301,0
75.0,0.24143180892650914,0
92.0,0.2386606700743487,0
146.0,0.23585377667430663,1
142.0,0.3362537182683002,1
28.0,0.33210889532275945,0
52.0,0.23524412419319093,0
138.0,0.2393672427501532,1
153.0,0.3398367756328663,1
22.0,0.33643467175854114,0
157.0,0.23859339927118936,1
48.0,0.3473324409926187,0
22.0,0.23923352253442165,0
43.0,0.24490852479524436,0
103.0,0.24150863975600256,0
106.0,0.3342512837448169,1
133.0,0.33095785784662707,1
80.0,0.336933899603306,0
59.0,0.23844130670666044,0
35.0,0.24211714712983273,0
69.0,0.23904936652975975,0
64.0,0.23644068755135264,0
128.0,0.2338406398213224,1
147.0,0.33343241822895636,1
59.0,0.33207119882822395,0
123.0,0.23487709500865847,1
73.0,0.34044533559991147,0
144.0,0.23579014819293725,1
52.0,0.3434814274005345,0
79.0,0.23691760373606577,0
136.0,0.24197127811887334,1
144.0,0.3425141300327372,1
32.0,0.3389818887658058,0
62.0,0.24070707986206644,0
23.0,0.24464148043130268,0
136.0,0.24162850469871544,1
95.0,0.3427032012515573,0
155.0,0.23688356401763758,1
127.0,0.34602318997521475,1
70.0,0.3413555133268726,0
47.0,0.24273887164357158,0
103.0,0.2469788402952175,0
95.0,0.3405052532650681,0
86.0,0.23571147842322537,0
119.0,0.2393246836326712,1
137.0,0.33932359246384985,1
119.0,0.3372780612961284,1
88.0,0.34269336060335376,0
42.0,0.24318760920050944,0
130.0,0.24479961589450994,1
36.0,0.3460964362574155,0
21.0,0.24175399016214139,0
102.0,0.24443574005425753,0
68.0,0.3377764337430277,0
152.0,0.2354378737005525,1
25.0,0.3398074386551456,0
129.0,0.2364631663390705,1
126.0,0.34250034897593945,1
151.0,0.34036083790522803,1
110.0,0.34550493641687247,1
113.0,0.35025346190365586,1
80.0,0.3549575292422027,0
48.0,0.2532872656455405,0
46.0,0.25242537745635835,0
46.0,0.24990036845298522,0
115.0,0.24742790319568428,1
87.0,0.3492831794624003,0
101.0,0.2475932128852859,0
81.0,0.34416078855238696,0
135.0,0.24336873767287526,1
41.0,0.3457828231138003,0
82.0,0.244281873626226,0
112.0,0.2441952672853929,1
47.0,0.34527066769071635,0
50.0,0.24313500780399563,0
138.0,0.2438827068840873,1
47.0,0.34483858136264045,0
47.0,0.24205405729835838,0
120.0,0.24361290071827216,1
88.0,0.34442643047164956,0
88.0,0.24101234804815094,0
71.0,0.24336925517337005,0
153.0,0.24084053058985022,1
120.0,0.34122572527477246,1
40.0,0.3403403732728475,0
92.0,0.24181097688308303,0
138.0,0.24331088330429215,1
78.0,0.3440022992409237,0
125.0,0.24065362811843763,1
21.0,0.3467364468291133,0
110.0,0.24158783424088337,1
67.0,0.3492565066268468,0
89.0,0.24248870827894484,0
29.0,0.24725862269402454,0
54.0,0.24450773597091965,0
93.0,0.24226963416464223,0
117.0,0.2400262087964963,1
45.0,0.3400962281017912,0
121.0,0.23587354645006214,1
117.0,0.34306434790102797,1
113.0,0.3387269190290089,1
49.0,0.3436105240603922,0
34.0,0.24429164058332917,0
29.0,0.2471584012553348,0
31.0,0.24464947799424913,0
87.0,0.24243199326405576,0
82.0,0.24022593035554002,0
108.0,0.23804401757426502,1
61.0,0.3376042250238001,0
24.0,0.23554864665618697,0
94.0,0.23808040986793913,0
112.0,0.23572185728199369,1
89.0,0.33477392627149427,0
123.0,0.23293043996900234,1
58.0,0.3375854085679428,0
153.0,0.23394598059575167,1
25.0,0.34014716482319823,0
79.0,0.23492766798937398,0
80.0,0.240036609550764,0
104.0,0.23740800203861587,0
23.0,0.3299338689133834,0
66.0,0.22773368962254764,0
104.0,0.2314528648748994,0
50.0,0.32223003415672075,0
83.0,0.22247197318257694,0
59.0,0.22522573111102892,0
123.0,0.22298271627492985,1
38.0,0.3191608656522123,0
80.0,0.2203824054341663,0
28.0,0.22346251412291804,0
67.0,0.22118479595724022,0
43.0,0.21918506021780199,0
82.0,0.21718563630060483,0
38.0,0.21519629230836168,0
74.0,0.21321290176912988,0
144.0,0.21123261894685266,1
55.0,0.30476241144374244,0
55.0,0.21001274297243716,0
48.0,0.21198113681422895,0
64.0,0.20981683562063166,0
146.0,0.20782607686966015,1
35.0,0.30062897700125296,0
142.0,0.20667130245498522,1
87.0,0.30433498586048235,0
65.0,0.20848847694354752,0
40.0,0.21147919757334083,0
119.0,0.20917475600170854,1
105.0,0.3023826426756574,1
37.0,0.30056031121521415,0
133.0,0.2103261942333801,1
92.0,0.30896711646760006,0
71.0,0.21182134380825055,0
95.0,0.21506541511131425,0
140.0,0.21267675299678157,1
141.0,0.30680967731911085,1
81.0,0.3047487672221332,0
100.0,0.21361462860077393,0
136.0,0.3057366028294098,1
135.0,0.3047217395449726,1
131.0,0.30931970412769416,1
132.0,0.31358451501217544,1
31.0,0.3178943581279986,0
126.0,0.22362768532099914,1
43.0,0.3229657763216874,0
110.0,0.2250513849880412,1
24.0,0.3260868804231358,0
83.0,0.2264707210033727,0
30.0,0.22847483814411756,0
65.0,0.22603811404029678,0
75.0,0.2238034178761159,0
150.0,0.22157925145328702,1
58.0,0.31786550320822216,0
130.0,0.2203053626066025,1
100.0,0.3212620042021439,0
140.0,0.31323998233621053,1
45.0,0.3179415606994861,0
24.0,0.22371048200576626,0
140.0,0.2272008198612149,1
23.0,0.32432613006141225,0
72.0,0.22287586457281183,0
114.0,0.2274981215429511,1
