132.0,0.5,1
130.0,0.4444444444444444,1
26.0,0.5188284518828452,0
64.0,0.3333333333333333,0
41.0,0.2413793103448276,0
119.0,0.1836734693877551,1
148.0,0.36525612472160357,1
29.0,0.4179868149168553,0
73.0,0.28353119474614796,0
125.0,0.2350165724312731,1
147.0,0.391124798425687,1
129.0,0.42913577617678583,1
79.0,0.4571879966229017,0
134.0,0.3215513045126901,1
111.0,0.4621581825250978,1
154.0,0.49056334655012057,1
49.0,0.511510557077048,0
128.0,0.3723312169600819,1
60.0,0.5104962409655786,0
103.0,0.37630063549280923,0
151.0,0.4587849882444632,1
105.0,0.4865645706847415,1
69.0,0.502570210737992,0
127.0,0.3692653999947368,1
79.0,0.5094507456601574,0
89.0,0.37068834132039075,0
118.0,0.35520112481283167,1
134.0,0.49040328551807644,1
152.0,0.4952137798222867,1
59.0,0.5081272876199919,0
162.0,0.3778902017623267,1
91.0,0.5168704126768774,0
142.0,0.3777074143015682,1
105.0,0.5226220604481401,1
107.0,0.5168297781618237,1
100.0,0.5288711987562682,0
70.0,0.5150684428117852,0
148.0,0.3831117259494438,1
146.0,0.5216865644880754,1
160.0,0.5196543834183702,1
75.0,0.5295506735011586,0
41.0,0.4011876981017464,0
52.0,0.39150274126297535,0
34.0,0.3750265781856567,0
168.0,0.3599007336856207,1
89.0,0.48726064615574555,0
81.0,0.36270385259748933,0
143.0,0.3518729204434269,1
126.0,0.4778005360758456,1
103.0,0.483121444820256,0
95.0,0.4741390933828319,0
81.0,0.35015813093732323,0
34.0,0.3387214275046065,0
27.0,0.32766343609839,0
95.0,0.3172083752676864,0
170.0,0.30731967782030467,1
71.0,0.4269425478019417,0
106.0,0.31656736138308195,1
102.0,0.4335840285621146,0
87.0,0.4285714285714285,0
167.0,0.31167359274650547,1
32.0,0.4292313326601958,0
79.0,0.31400736048877853,0
61.0,0.3071989542148477,0
82.0,0.2992991106852964,0
59.0,0.29175524188803825,0
116.0,0.28454484143857084,1
164.0,0.39894221535301505,1
88.0,0.4075394318838573,0
94.0,0.29603467450071486,0
33.0,0.2871397045514932,0
147.0,0.28048366831775623,1
167.0,0.393554906806784,1
41.0,0.4027643817016806,0
78.0,0.2923196685245032,0
57.0,0.28314640975975547,0
128.0,0.2769649292952957,1
121.0,0.38886067871812546,1
26.0,0.3985785460878819,0
133.0,0.28907931161212935,1
145.0,0.39840492855544424,1
87.0,0.406713474361325,0
83.0,0.2960685967534972,0
54.0,0.2875727533032469,0
45.0,0.2818520923662922,0
49.0,0.2764121901346263,0
136.0,0.27116308051751287,1
126.0,0.38107844322400486,1
61.0,0.3915882421850216,0
98.0,0.2836999558426054,0
168.0,0.27391966831374887,1
69.0,0.3836824844786291,0
47.0,0.2813996473134942,0
107.0,0.2732126526636958,1
74.0,0.3827290225983895,0
42.0,0.2794918473698718,0
128.0,0.2725440387181807,1
35.0,0.38178539481988955,0
86.0,0.27765444248249055,0
47.0,0.27189849284332923,0
47.0,0.26752926175664643,0
49.0,0.2633090338819133,0
60.0,0.2592100382954998,0
124.0,0.25522708492183654,1
118.0,0.3608573899204493,1
87.0,0.36915710753291064,0
155.0,0.2652739693971579,1
103.0,0.36847848091826435,0
88.0,0.36856467384738584,0
96.0,0.2640368495921768,0
35.0,0.2577836224643152,0
63.0,0.2540510589253238,0
108.0,0.2504846109944601,1
109.0,0.35463134946929475,1
167.0,0.362498835554292,1
66.0,0.3666929788942791,0
174.0,0.2632893971706257,1
40.0,0.36461408431815834,0
58.0,0.26510966099287614,0
85.0,0.2588244997600724,0
24.0,0.25531518547761073,0
174.0,0.25197774971426184,1
80.0,0.35598050241416995,0
97.0,0.25811916736786067,0
158.0,0.252152968522693,1
130.0,0.3559354047473349,1
108.0,0.3628298125136308,1
136.0,0.3666126948465313,1
133.0,0.3702167585188456,1
47.0,0.3737635790004975,0
48.0,0.2694285714588907,0
153.0,0.2608806942739339,1
139.0,0.3658703942713068,1
53.0,0.3753454304304054,0
115.0,0.2711693456830324,1
30.0,0.3721133119178696,0
107.0,0.27258897049081454,1
94.0,0.37538918049131187,0
94.0,0.2742456923442781,0
136.0,0.26841303292049873,1
166.0,0.3747447248054116,1
105.0,0.38111721717963853,1
100.0,0.3844521356970519,0
34.0,0.38194578692033376,0
163.0,0.2759569940284228,1
63.0,0.3789395053169113,0
75.0,0.27725193371115,0
162.0,0.27159213825895195,1
116.0,0.37823878517662013,1
140.0,0.3843690083593521,1
167.0,0.38752110164519377,1
151.0,0.39052779388863273,1
127.0,0.3934939092553254,1
172.0,0.396424776781789,1
98.0,0.39932133640628664,0
143.0,0.2914312715656322,1
52.0,0.3942222609192188,0
57.0,0.29233120431037535,0
99.0,0.28466819377478947,0
153.0,0.28143663508742833,1
58.0,0.3895434060595814,0
32.0,0.28834868361720506,0
47.0,0.28113343895375753,0
49.0,0.2780615076138462,0
54.0,0.2752349140785358,0
151.0,0.2724696925290455,1
46.0,0.37889063505313597,0
29.0,0.27972875674338304,0
93.0,0.2724211705466614,0
108.0,0.26953537756227286,1
37.0,0.3753117738775275,0
161.0,0.2763843254270625,1
104.0,0.3782413638698586,0
159.0,0.380869699701614,1
64.0,0.38447203298259564,0
165.0,0.27904677029908725,1
62.0,0.38324503407329297,0
129.0,0.280135100896324,1
37.0,0.3856430156086237,0
77.0,0.28126081171990325,0
56.0,0.27799541690276997,0
58.0,0.27549609953303206,0
131.0,0.27304497187373106,1
113.0,0.37915175474898,1
58.0,0.38323355144915583,0
73.0,0.27809208949107056,0
37.0,0.27424173394125095,0
52.0,0.27184212235841304,0
79.0,0.26950414478807727,0
95.0,0.2672032821207982,0
56.0,0.2649382820180989,0
60.0,0.2627083793754291,0
107.0,0.260512838361966,1
101.0,0.36410838668832457,0
99.0,0.3660873497494093,0
127.0,0.2634574614685313,1
36.0,0.3640189425321708,0
136.0,0.2645246441776049,1
94.0,0.3663171091926418,0
153.0,0.26567471446050434,1
150.0,0.3685671435758889,1
174.0,0.3719952265398072,1
128.0,0.37433079150292664,1
45.0,0.37662711107458385,0
116.0,0.27263745570357206,1
135.0,0.37577077741830084,1
121.0,0.3800165665921043,1
86.0,0.38230402443578637,0
51.0,0.2774565437612939,0
109.0,0.2729874828483405,1
41.0,0.3785377115491393,0
29.0,0.27653219812797175,0
158.0,0.272661041859678,1
45.0,0.37813093867498626,0
127.0,0.2756994618440387,1
105.0,0.3801872560455909,1
98.0,0.3834328957269789,0
67.0,0.27848681466917413,0
69.0,0.27538137919513944,0
29.0,0.2733294460858076,0
97.0,0.2713181560590719,0
124.0,0.26933404519778126,1
123.0,0.37411375394779567,1
63.0,0.378298282129247,0
49.0,0.27422052880341247,0
156.0,0.2703981905818998,1
71.0,0.37527108022127514,0
31.0,0.27342113108079036,0
32.0,0.27012956469663796,0
149.0,0.2682064429064728,1
123.0,0.3726689663932665,1
76.0,0.37654000570095103,0
112.0,0.2727747627583586,1
93.0,0.3760649153140042,0
28.0,0.27364638205910996,0
142.0,0.2708392888010408,1
151.0,0.37569109860945615,1
145.0,0.37868673530069874,1
112.0,0.3806612661250158,1
86.0,0.3826055558504261,0
107.0,0.27790359116298774,1
48.0,0.38177806304712014,0
96.0,0.27870754642621787,0
120.0,0.2757125268172981,1
27.0,0.38133470197449154,0
143.0,0.27793647172432984,1
44.0,0.38308844998452496,0
100.0,0.2787421632848744,0
147.0,0.3798815604791611,1
130.0,0.3826226219124241,1
125.0,0.38448862674608536,1
78.0,0.3863411283508763,0
57.0,0.2811339290602664,0
99.0,0.27883103992017244,0
127.0,0.2770412434473603,1
61.0,0.38279097954735486,0
172.0,0.27881935988289247,1
152.0,0.3844487892737404,1
118.0,0.386277865680632,1
44.0,0.38807034310639166,0
32.0,0.2826423214259593,0
93.0,0.2803587453219467,0
102.0,0.2786089594147043,0
156.0,0.37989975301853224,1
147.0,0.383613950991022,1
86.0,0.3853896209198628,0
125.0,0.2803894687853054,1
89.0,0.385398559797007,0
164.0,0.2811080574726139,1
68.0,0.3869616566175082,0
69.0,0.28181829546027165,0
84.0,0.28035968247749177,0
150.0,0.27868444278454924,1
174.0,0.3845385024056678,1
81.0,0.3861712178756328,0
77.0,0.28109145749815606,0
106.0,0.27940749803749987,1
115.0,0.38534964236562275,1
44.0,0.3869790857014496,0
88.0,0.2817946212932588,0
140.0,0.28011165530827037,1
71.0,0.3861391112448629,0
39.0,0.28107077685479925,0
144.0,0.2797716149828445,1
117.0,0.3857136711658911,1
149.0,0.3869028289772875,1
163.0,0.3885294210434755,1
46.0,0.3901455381583177,0
118.0,0.2845272595319187,1
111.0,0.39071267446328595,1
166.0,0.39248061533070333,1
105.0,0.39406781916068506,1
79.0,0.3956440659829644,0
42.0,0.2892489809250578,0
39.0,0.28669030699020465,0
171.0,0.2850733685856441,1
25.0,0.39181399796165395,0
155.0,0.287099112965471,1
46.0,0.39321512042252615,0
120.0,0.2877164179524061,1
25.0,0.394577814450141,0
153.0,0.2883145745645598,1
172.0,0.39591990985119524,1
74.0,0.3967169944483838,0
39.0,0.29021157633930156,0
145.0,0.28919281875743386,1
63.0,0.39651879539591445,0
50.0,0.2894429872024949,0
27.0,0.28877631123358627,0
107.0,0.2872359578067526,1
35.0,0.39421979924693307,0
151.0,0.2873916545977892,1
50.0,0.3955187738830648,0
172.0,0.28794583731834905,1
155.0,0.3967961735369768,1
110.0,0.3961479922489768,1
160.0,0.3976460694310923,1
135.0,0.39910137316620764,1
48.0,0.4005486822363274,0
64.0,0.29355485876149573,0
46.0,0.2927509244356429,0
167.0,0.2912387684402407,1
136.0,0.3987816131227492,1
146.0,0.39958593035770246,1
127.0,0.4010050546243531,1
146.0,0.4024147635401788,1
169.0,0.4038165409127837,1
78.0,0.4052104642968037,0
25.0,0.29760717722294844,0
65.0,0.2952930409326341,0
137.0,0.2937862071954239,1
115.0,0.4016741802637613,1
143.0,0.4041808909646454,1
65.0,0.40556315724826625,0
60.0,0.2979306637630408,0
125.0,0.2951130163899545,1
88.0,0.40315323625058386,0
27.0,0.2971467498483175,0
120.0,0.2946757892469706,1
115.0,0.4026391111285831,1
130.0,0.4051038761240286,1
53.0,0.4064527246678168,0
82.0,0.2987242889255756,0
78.0,0.2959513322810565,0
152.0,0.294485263219543,1
114.0,0.4023992752535474,1
25.0,0.40542633714900833,0
119.0,0.2978780804659706,1
130.0,0.4045386589711214,1
143.0,0.40727811045398754,1
74.0,0.4085972418902166,0
110.0,0.3006091067283134,1
31.0,0.4075712248510545,0
122.0,0.30104943001558565,1
92.0,0.4086720319247761,0
158.0,0.3015080403877389,1
43.0,0.40975850095763966,0
27.0,0.3019532621874242,0
120.0,0.3004660364785157,1
88.0,0.4091984427256601,0
111.0,0.3011887799342677,1
152.0,0.41026207980202956,1
87.0,0.4109819815563484,0
173.0,0.3027142880259507,1
138.0,0.41223302116296373,1
30.0,0.41269939831970665,0
130.0,0.30421913089901004,1
166.0,0.4141773594521899,1
143.0,0.41438987309431924,1
128.0,0.41562200849268705,1
111.0,0.41684157459214966,1
102.0,0.41805516536978915,0
52.0,0.4169705797841172,0
121.0,0.30771928424584594,1
165.0,0.4171784907153301,1
135.0,0.4183312626958315,1
143.0,0.4195256640510696,1
41.0,0.42071440781641195,0
104.0,0.3112545375512182,0
165.0,0.41744587621850116,1
65.0,0.4197770105319998,0
26.0,0.3104449841965991,0
167.0,0.3088013996646839,1
141.0,0.41860002079952224,1
42.0,0.42003385800361326,0
67.0,0.3106757616820262,0
67.0,0.3090451179679029,0
71.0,0.30768044469000155,0
166.0,0.3063275876622381,1
70.0,0.4157585040293586,0
105.0,0.3075980161653718,1
123.0,0.4167251773199857,1
45.0,0.4180799145932709,0
39.0,0.30898164703427794,0
93.0,0.3074385553478435,0
150.0,0.3061122655163313,1
73.0,0.41548185445053987,0
84.0,0.30710648146005426,0
35.0,0.30564025041248705,0
28.0,0.30433910973418765,0
142.0,0.3030483664500137,1
173.0,0.4119614916015439,1
85.0,0.41369174014282617,0
173.0,0.30517189764207947,1
42.0,0.413739286427901,0
174.0,0.30554392357351934,1
120.0,0.4146700190618591,1
25.0,0.41564468062395954,0
157.0,0.30688313315236976,1
74.0,0.41640728328983123,0
128.0,0.3072387325614602,1
94.0,0.41731291088181616,0
62.0,0.30758461545802296,0
120.0,0.3073012861717118,1
30.0,0.4167522380674353,0
66.0,0.30686375095848556,0
88.0,0.3068341841615002,0
97.0,0.305580274646026,0
129.0,0.30434693299049753,1
46.0,0.41337092335373316,0
131.0,0.3040794258148239,1
43.0,0.4142686950644457,0
139.0,0.30442273173694057,1
131.0,0.4151512164069333,1
54.0,0.4142544814404585,0
37.0,0.3057299443198451,0
32.0,0.3061658304334765,0
59.0,0.3049367830212423,0
167.0,0.30373895065991746,1
78.0,0.41263771725943427,0
33.0,0.3030059914439213,0
105.0,0.30333044188182606,1
98.0,0.4121380730120454,0
102.0,0.3023488638028076,0
169.0,0.41012462251410714,1
72.0,0.4096486651532509,0
100.0,0.30173613282464884,0
125.0,0.4096550069885068,1
78.0,0.40890667340676323,0
56.0,0.301104607298562,0
147.0,0.30210183237740046,1
150.0,0.41067435871956226,1
46.0,0.4092067176191946,0
144.0,0.3013848029940849,1
124.0,0.41232953448696924,1
131.0,0.41061473835002854,1
54.0,0.41170086159985947,0
74.0,0.30351560386636045,0
127.0,0.3044289506342922,1
98.0,0.41331373366487917,0
119.0,0.30283510521392265,1
155.0,0.4141833092271099,1
71.0,0.41228752231475946,0
69.0,0.30409877123814816,0
88.0,0.30539517034692554,0
137.0,0.3042205373706641,1
55.0,0.4130947822941463,0
47.0,0.3024660977988467,0
148.0,0.30386300608082806,1
122.0,0.4126136630368191,1
159.0,0.4107639882577395,1
62.0,0.41182384903813357,0
121.0,0.30364751632862236,1
60.0,0.4149390130919685,0
126.0,0.3038996897956923,1
98.0,0.41573588669372147,0
55.0,0.3041923191612396,0
28.0,0.30614773930767536,0
89.0,0.3049748866006049,0
63.0,0.3038905804937474,0
73.0,0.3028112092002422,0
170.0,0.3017387472367812,1
144.0,0.41020380841542453,1
131.0,0.4085515557385623,1
153.0,0.40957622128559534,1
35.0,0.41053840153343946,0
95.0,0.30255112043089194,0
86.0,0.3032718501601707,0
139.0,0.30218202287593027,1
53.0,0.41069246738169096,0
162.0,0.3010390939399001,1
111.0,0.4115038938487278,1
134.0,0.41009700080530664,1
118.0,0.41108887956649875,1
146.0,0.4120312513981883,1
37.0,0.4129708233588785,0
173.0,0.3046853915356659,1
146.0,0.4150538711711549,1
94.0,0.41422284799099773,0
120.0,0.3058039746699187,1
139.0,0.41649882939902005,1
153.0,0.4154789960324507,1
106.0,0.4164315722400572,1
24.0,0.4173502445729096,0
165.0,0.3085247754349494,1
94.0,0.4192840703479045,0
98.0,0.3087858367216113,0
155.0,0.3093417032795177,1
119.0,0.4187847120161269,1
28.0,0.41785615281715943,0
