33.0,0.5,0
56.0,0.33333333333333326,0
121.0,0.24137931034482757,1
149.0,0.4860011516992938,1
43.0,0.5550248089789684,0
153.0,0.3351753924452936,1
107.0,0.5354481531204554,1
133.0,0.5587602695878605,1
146.0,0.6007761640225641,1
47.0,0.6275941371732255,0
119.0,0.3952661120372146,1
33.0,0.5841172582583983,0
120.0,0.37548592134116554,1
142.0,0.5671141433784589,1
61.0,0.5571621938125306,0
37.0,0.4038244085865724,0
154.0,0.3427976989760168,1
137.0,0.5137935904209389,1
30.0,0.5158557255170826,0
111.0,0.37233382820931077,1
102.0,0.5477653509885739,0
152.0,0.4804029488424282,1
84.0,0.516703787421142,0
38.0,0.36952616971086627,0
86.0,0.3338610099386792,0
149.0,0.289572976835083,1
99.0,0.44663410057159253,0
41.0,0.29604565550193973,0
68.0,0.2829232867158488,0
136.0,0.2535901710362853,1
77.0,0.3968875808040029,0
36.0,0.2643003500298824,0
89.0,0.2570023895409499,0
82.0,0.20379723777990785,0
93.0,0.1750696388193178,0
45.0,0.16021982572921076,0
148.0,0.1527737690995176,1
121.0,0.41589916993678683,1
139.0,0.4186628635044076,1
109.0,0.4517546702238638,1
76.0,0.48026346806203557,0
127.0,0.3376050052211794,1
22.0,0.5139088653678149,0
43.0,0.3564724539553129,0
99.0,0.3151462491057102,0
117.0,0.27458551867924336,1
147.0,0.45666074164359977,1
82.0,0.48192692869387355,0
98.0,0.3271417614651162,0
106.0,0.2916929013112237,1
37.0,0.44819507702585865,0
24.0,0.297622060802277,0
143.0,0.27966861932066606,1
140.0,0.42507866736824795,1
54.0,0.4656460916990362,0
74.0,0.31648384687752934,0
22.0,0.29778690560820753,0
117.0,0.27146132978852616,1
136.0,0.414915840008087,1
149.0,0.44322139930627874,1
137.0,0.47195829846650833,1
135.0,0.49830144297377443,1
54.0,0.5214500921547345,0
77.0,0.33619153466633955,0
97.0,0.30454535302616514,0
37.0,0.28000209552287003,0
126.0,0.25591905999149905,1
53.0,0.410302324208188,0
123.0,0.28394530004743135,1
61.0,0.4366042199700495,0
148.0,0.29296020302923814,1
42.0,0.45458788053091476,0
25.0,0.2975392424134051,0
119.0,0.2944499457924817,1
85.0,0.4321352889923018,0
49.0,0.2817526014164618,0
71.0,0.2628839842096127,0
111.0,0.23152338891991986,1
35.0,0.3832432580394395,0
44.0,0.2481136844596511,0
119.0,0.24044563753371867,1
94.0,0.3801196707171356,0
26.0,0.2551988012986535,0
82.0,0.2497146769712224,0
121.0,0.22651265460412318,1
110.0,0.3637974402577949,1
65.0,0.4581552558949671,0
47.0,0.29828367508281844,0
85.0,0.2744265357167436,0
117.0,0.25335994462473005,1
58.0,0.38937002580618246,0
76.0,0.2591402366473383,0
47.0,0.24538902119928377,0
27.0,0.22750029705803188,0
120.0,0.21089611548629364,1
109.0,0.4465673532448976,1
70.0,0.4751943727428177,0
46.0,0.3217209961333979,0
55.0,0.28073498775228345,0
41.0,0.24274467584112208,0
145.0,0.21321653543709146,1
138.0,0.405341636411802,1
45.0,0.4420109529461111,0
127.0,0.3014688462013372,1
26.0,0.48410487113634393,0
85.0,0.3232132042456048,0
126.0,0.29113271697453397,1
107.0,0.45229774185882754,1
62.0,0.46154597267774605,0
153.0,0.32622544054901204,1
106.0,0.49324858328881177,1
144.0,0.49792429442690606,1
117.0,0.5249381050765911,1
107.0,0.5484529163329364,1
127.0,0.5706815628893704,1
155.0,0.5913624202737002,1
48.0,0.6088451978500311,0
46.0,0.4251966846697489,0
146.0,0.3738036553640897,1
150.0,0.5239407252358536,1
52.0,0.553020668593437,0
76.0,0.3933645100614522,0
149.0,0.35316117312781226,1
63.0,0.5001937840561311,0
118.0,0.35575863901583343,1
112.0,0.5082645503897361,1
85.0,0.5177453172191757,0
90.0,0.3756488123337995,0
70.0,0.3532114168408447,0
50.0,0.324075404295391,0
86.0,0.29859888577276317,0
145.0,0.27598521124207587,1
62.0,0.4125686369526857,0
127.0,0.2946601768886581,1
59.0,0.4624103697859229,0
134.0,0.32057824523354106,1
51.0,0.49491819922221514,0
62.0,0.33214767879015394,0
139.0,0.30578932362146904,1
36.0,0.46185363529267254,0
46.0,0.30832437699426307,0
121.0,0.27126198740495305,1
65.0,0.4347770608885773,0
119.0,0.2855540620937312,1
55.0,0.4663566726006945,0
147.0,0.30130646606882006,1
59.0,0.49085694543440206,0
148.0,0.31453544199260286,1
150.0,0.5103763495764412,1
120.0,0.5516149740112893,1
148.0,0.5996451171727767,1
132.0,0.6360668561312671,1
50.0,0.6554763952896907,0
71.0,0.36201537169545045,0
107.0,0.33438682351053073,1
96.0,0.49557099721041575,0
85.0,0.31225133629824237,0
105.0,0.28931626476951117,1
76.0,0.44663670858917764,0
108.0,0.28236476229023283,1
118.0,0.4693177249195707,1
119.0,0.517716693450049,1
150.0,0.5633767255158674,1
45.0,0.5977015430157788,0
143.0,0.3703636745016763,1
148.0,0.5427378614677814,1
28.0,0.5654490491361889,0
69.0,0.39236749972476714,0
40.0,0.35246840060417234,0
45.0,0.3108607594193289,0
23.0,0.2767896901538327,0
26.0,0.24730081031798395,0
134.0,0.22196010147306078,1
87.0,0.38591871145644485,0
92.0,0.2689101955096885,0
114.0,0.2375930985514334,1
127.0,0.3991058567491872,1
146.0,0.42096147764467373,1
112.0,0.44509203171339545,1
69.0,0.46771641875465597,0
72.0,0.33139712604846044,0
92.0,0.28216115398452,0
22.0,0.24448211524574265,0
96.0,0.22833165791939264,0
108.0,0.2052097829421139,1
28.0,0.4444209579099586,0
63.0,0.32303472936377514,0
57.0,0.269861912935261,0
81.0,0.2298605651310816,0
59.0,0.19663219342997063,0
129.0,0.17475559581571604,1
78.0,0.39460239255037016,0
44.0,0.28383899778925087,0
72.0,0.23991229639956924,0
113.0,0.20666370139365559,1
65.0,0.3967094759766876,0
76.0,0.27774313738210055,0
55.0,0.24267415180021923,0
148.0,0.2129930397768795,1
72.0,0.38354756279454494,0
53.0,0.26451720899170883,0
130.0,0.2361424093020857,1
84.0,0.4079859985655368,0
103.0,0.2746903309816029,0
110.0,0.35064294904977056,1
112.0,0.39023034318237093,1
132.0,0.40896979605395556,1
37.0,0.42854372580562206,0
127.0,0.3045197243936003,1
149.0,0.45883110488376766,1
154.0,0.48485975612981896,1
148.0,0.514469965053422,1
75.0,0.5409064163110665,0
62.0,0.3797077357841686,0
106.0,0.3481456861256183,1
28.0,0.48935101666079783,0
128.0,0.3470245852956118,1
150.0,0.493302201347286,1
53.0,0.5050782056093027,0
105.0,0.3649405503881792,1
29.0,0.5140043540068352,0
119.0,0.3594827578013161,1
136.0,0.5214789718662198,1
50.0,0.51225260939745,0
63.0,0.3792692386920101,0
103.0,0.24689727406876427,0
55.0,0.2943037782996776,0
127.0,0.18561388278802204,1
55.0,0.41318323441412097,0
59.0,0.2910386714170141,0
56.0,0.24511134544960325,0
77.0,0.20964440140745497,0
119.0,0.1959807277569334,1
55.0,0.4061068767948437,0
79.0,0.2738767771192136,0
152.0,0.2369747820503768,1
40.0,0.40913533492054505,0
105.0,0.26755733881296273,1
125.0,0.4431065282637141,1
48.0,0.46974720671194625,0
67.0,0.32199071875414415,0
69.0,0.30052255442467074,0
23.0,0.2699284384609395,0
42.0,0.2442010087786736,0
79.0,0.22175731022245154,0
23.0,0.20293334120702855,0
142.0,0.18743377250280147,1
51.0,0.3650271142717253,0
151.0,0.2452274493098796,1
88.0,0.5219581420980158,0
61.0,0.30776190241529666,0
108.0,0.256477297041964,1
52.0,0.4458517412263235,0
81.0,0.28511784338984913,0
73.0,0.2621873171472261,0
130.0,0.2249227994106383,1
87.0,0.3994121706300398,0
132.0,0.2530330553564664,1
145.0,0.4358744478434714,1
108.0,0.47939680792018624,1
149.0,0.5220872334015927,1
76.0,0.5596015036829566,0
100.0,0.3642638818418198,0
143.0,0.4428492900030581,1
83.0,0.4759177016721422,0
71.0,0.32524621928636904,0
62.0,0.3078657183723076,0
77.0,0.28143467725174337,0
145.0,0.2584219489730583,1
80.0,0.40181039716227634,0
50.0,0.2703807090721291,0
100.0,0.25684250951566523,0
115.0,0.32691882073604467,1
54.0,0.37768327806974183,0
134.0,0.2574448157678686,1
77.0,0.4163609697508014,0
147.0,0.2818644201073299,1
77.0,0.445862763503187,0
93.0,0.2790106803449701,0
128.0,0.28693951405756174,1
131.0,0.42323755833813376,1
62.0,0.502073768642714,0
46.0,0.33041399126396886,0
80.0,0.3163510804715195,0
22.0,0.29048445497249953,0
78.0,0.2677717447329062,0
140.0,0.24009598640684351,1
96.0,0.40245499494445214,0
113.0,0.2637064148157492,1
35.0,0.42773998842856015,0
37.0,0.2719873386665172,0
69.0,0.2674645446439412,0
62.0,0.24046658139559,0
105.0,0.22001275074260504,1
44.0,0.3735991793348076,0
85.0,0.2425026387944764,0
84.0,0.2326129061645528,0
90.0,0.20621250390371412,0
38.0,0.18388188228035798,0
137.0,0.17710179606904847,1
127.0,0.3990274220968239,1
41.0,0.43258101494185225,0
86.0,0.289611661203654,0
148.0,0.24957116529859733,1
90.0,0.4184560934677219,0
59.0,0.27349520067230326,0
129.0,0.2530787882827541,1
127.0,0.42880984192128824,1
26.0,0.45938913074881765,0
75.0,0.31297960827460647,0
140.0,0.28427624708060184,1
91.0,0.4387333561638077,0
35.0,0.290204677914153,0
119.0,0.2768167934093144,1
132.0,0.42015142042158105,1
149.0,0.43604051781868597,1
36.0,0.46481836058413906,0
68.0,0.32764127953798455,0
147.0,0.3064497946405985,1
93.0,0.4456110394987562,0
126.0,0.30890818795727804,1
128.0,0.460653046009725,1
135.0,0.48306078150108256,1
84.0,0.5131019835803227,0
40.0,0.36359217703675273,0
50.0,0.3434938669811673,0
58.0,0.32019227235570785,0
97.0,0.2994208595879518,0
112.0,0.28056770816411886,1
61.0,0.42130138157828745,0
114.0,0.29820152306480274,1
118.0,0.43607937170339606,1
51.0,0.45158471405851813,0
51.0,0.3216791285633659,0
79.0,0.30482940590835345,0
84.0,0.2846278148280478,0
110.0,0.26576168294386443,1
133.0,0.3969396591510622,1
65.0,0.41818485020797613,0
54.0,0.29572615871349084,0
46.0,0.27467373521828115,0
94.0,0.2565102663559827,0
141.0,0.2397124331670074,1
119.0,0.37415612047627667,1
135.0,0.3961364544934889,1
131.0,0.41197455918211695,1
75.0,0.4268402798226597,0
103.0,0.30354945969998426,0
153.0,0.37421575565018983,1
114.0,0.42723401213347534,1
147.0,0.4450748677944033,1
90.0,0.45969700623082377,0
22.0,0.33168242770342005,0
55.0,0.29579586520462015,0
121.0,0.26875172651670004,1
32.0,0.41959596128398396,0
69.0,0.3098554732239397,0
41.0,0.2774610850627929,0
74.0,0.25253558004148846,0
58.0,0.23100207573841766,0
124.0,0.21138224457830182,1
118.0,0.39710117989238736,1
22.0,0.4236280700409666,0
119.0,0.3036327838029488,1
130.0,0.4607835936663144,1
38.0,0.47307467091738303,0
151.0,0.34542957649574324,1
124.0,0.49986119452425415,1
60.0,0.5022896149471283,0
155.0,0.3727161666544402,1
72.0,0.5280638291687361,0
116.0,0.3791658486000477,1
132.0,0.541710711269987,1
146.0,0.5243778588012428,1
67.0,0.5399120044906948,0
86.0,0.40797080871687436,0
97.0,0.3673984935307179,0
82.0,0.3297856845166423,0
70.0,0.2982544701539074,0
24.0,0.2712394134219358,0
99.0,0.24773939174785134,0
31.0,0.22747138974432818,0
107.0,0.20927747840066618,1
35.0,0.41554964678845874,0
69.0,0.30730196006360866,0
118.0,0.26332885361866176,1
85.0,0.46413040659257554,0
105.0,0.3334737230470724,1
62.0,0.5059361542507953,0
142.0,0.3570028884558632,1
105.0,0.5320340709223237,1
144.0,0.5049338407070807,1
32.0,0.5217001848472731,0
28.0,0.3926235621772576,0
65.0,0.35026825000751943,0
37.0,0.30722480456098694,0
144.0,0.27298118368600965,1
21.0,0.43649979098491076,0
102.0,0.3149562267767889,0
78.0,0.38886872056559507,0
101.0,0.26055940529991023,0
40.0,0.3242364939271163,0
35.0,0.21858102241579605,0
121.0,0.1967823808134979,1
122.0,0.383388944770507,1
104.0,0.3942389830535245,0
144.0,0.38787169191623494,1
46.0,0.4381972804919118,0
137.0,0.3184334371184404,1
67.0,0.47939506047827846,0
140.0,0.33627637548579453,1
30.0,0.5031967138384676,0
125.0,0.3437372701223968,1
100.0,0.5192103078353473,0
140.0,0.4567247320753045,1
137.0,0.4963886960478791,1
59.0,0.510121231392763,0
58.0,0.37443209149208645,0
83.0,0.3395026985231662,0
28.0,0.2784014755881671,0
149.0,0.22255443981855844,1
27.0,0.42508379891595444,0
140.0,0.28540999221880003,1
66.0,0.47271639941388244,0
77.0,0.30851094972140203,0
25.0,0.2798998703394407,0
82.0,0.24167294712500068,0
134.0,0.21276051475921773,1
141.0,0.39734200586108676,1
67.0,0.4140302000807464,0
143.0,0.2868490643861193,1
97.0,0.4545187132078651,0
56.0,0.3007508161083673,0
136.0,0.2850692368906497,1
132.0,0.43269192866378425,1
67.0,0.43878298774265323,0
104.0,0.31004166998949606,0
139.0,0.40019371254317876,1
101.0,0.4198558155209286,0
138.0,0.400686359104622,1
110.0,0.42890554557405947,1
48.0,0.47584775445274563,0
119.0,0.32925659269397833,1
46.0,0.4894513947840634,0
43.0,0.32108854045503943,0
74.0,0.3250933271732734,0
63.0,0.2951778224086659,0
93.0,0.27492079053636725,0
38.0,0.25607921465525185,0
122.0,0.23859267809783452,1
66.0,0.4170479483491904,0
111.0,0.2716698513421265,1
99.0,0.4476073252862327,0
87.0,0.28213084125932075,0
21.0,0.27952617542558494,0
54.0,0.24800416524288468,0
96.0,0.22616083671041265,0
39.0,0.20645051201680767,0
95.0,0.18905713899731613,0
33.0,0.17632364124703048,0
21.0,0.1741821845446924,0
45.0,0.16230613814505648,0
40.0,0.14222660981986374,0
111.0,0.1402516022625722,1
53.0,0.38430797699630903,0
48.0,0.2570614176287497,0
46.0,0.2206968844137907,0
93.0,0.18829522412274236,0
87.0,0.1788264022244302,0
123.0,0.15396168866900822,1
114.0,0.4725511197339522,1
85.0,0.5320040205381614,0
46.0,0.32374466179136313,0
117.0,0.27781191812951733,1
65.0,0.45455005656273917,0
82.0,0.2886777977556194,0
84.0,0.26615621552434865,0
107.0,0.23198636077641127,1
64.0,0.4081718779378982,0
56.0,0.26265325632882547,0
38.0,0.24670174866444738,0
114.0,0.2177874144536355,1
53.0,0.4032608130846034,0
121.0,0.2572463050296929,1
94.0,0.4412219760806694,0
96.0,0.29400366438005304,0
83.0,0.28361704711945945,0
60.0,0.2523210258523206,0
137.0,0.22903089380678227,1
52.0,0.3706930227454982,0
119.0,0.23636298898367392,1
139.0,0.3964451449267261,1
31.0,0.45158896516837976,0
66.0,0.3001722520390828,0
112.0,0.2880682762045488,1
59.0,0.42424142212554544,0
118.0,0.278820077627814,1
53.0,0.4335700706687761,0
62.0,0.27894021354965026,0
68.0,0.2881543368109877,0
109.0,0.26633868552265366,1
150.0,0.3950921082451467,1
41.0,0.4453544423183056,0
60.0,0.3001018923764663,0
33.0,0.2944844636633389,0
141.0,0.27872647237271897,1
73.0,0.40438922100256036,0
84.0,0.2688114099194552,0
136.0,0.2690000313946994,1
113.0,0.39086972767877903,1
86.0,0.42567525715693805,0
26.0,0.28870336037448724,0
116.0,0.2838788247199409,1
28.0,0.4067869557902343,0
131.0,0.2722377561539939,1
121.0,0.40982045556757535,1
102.0,0.4352191542674857,0
100.0,0.4065788579777292,0
59.0,0.39654626198534365,0
72.0,0.2814334487798096,0
72.0,0.27650240235100454,0
124.0,0.2661225370265368,1
91.0,0.38728779640885697,0
71.0,0.26191196381782883,0
23.0,0.2601818055788369,0
130.0,0.24637305285566322,1
43.0,0.3698706678959157,0
117.0,0.24796968046163415,1
69.0,0.38406895073775854,0
97.0,0.2517992423270379,0
147.0,0.2567614127337471,1
31.0,0.37699032230090723,0
60.0,0.2501350102505751,0
56.0,0.2570152737312659,0
26.0,0.24247567511966509,0
125.0,0.23195976673259575,1
30.0,0.3520763378615085,0
87.0,0.24376887709149797,0
62.0,0.24250162721518118,0
67.0,0.2292646364353578,0
121.0,0.21757462283851675,1
89.0,0.3373567008969721,0
60.0,0.2318652727388076,0
48.0,0.2266903883519792,0
156.0,0.21307117611631834,1
147.0,0.3369109476274137,1
81.0,0.39880970322416165,0
111.0,0.26270868112935514,1
61.0,0.3909447073601404,0
52.0,0.25895012149218877,0
52.0,0.2509722854181253,0
89.0,0.23393297117340514,0
100.0,0.21821150180795867,0
123.0,0.2890289390283349,1
127.0,0.33804546506723543,1
105.0,0.38378164108440666,1
154.0,0.4189800546271836,1
152.0,0.45018739770100413,1
64.0,0.47815124006134024,0
85.0,0.32173978028286493,0
42.0,0.27734508940734515,0
122.0,0.2494667214219635,1
92.0,0.4488599603553606,0
86.0,0.29315336915487694,0
95.0,0.258718808870259,0
96.0,0.22685887168013566,0
114.0,0.20150796818895644,1
76.0,0.4012133047460243,0
60.0,0.26098927676464534,0
58.0,0.23438035857249775,0
76.0,0.20459681829035087,0
38.0,0.18941239609306862,0
136.0,0.1605197293276241,1
44.0,0.5030176671411538,0
91.0,0.28261168452270136,0
30.0,0.243657288782738,0
94.0,0.19803822986544514,0
79.0,0.170276122944888,0
23.0,0.15541969480999268,0
141.0,0.14546588092812004,1
46.0,0.5167488703693299,0
94.0,0.2718911537992297,0
144.0,0.2476893874370028,1
61.0,0.4323925144386807,0
66.0,0.26851598360394324,0
112.0,0.25171002162866796,1
47.0,0.41235111247287437,0
94.0,0.2729733042340408,0
59.0,0.25692852429382657,0
123.0,0.22533305153919853,1
31.0,0.3757829435229777,0
81.0,0.25187405032628063,0
140.0,0.24123060751077147,1
141.0,0.4426865256118919,1
64.0,0.47115801311749084,0
34.0,0.31697458677207047,0
45.0,0.2827051962178032,0
24.0,0.24471539960463776,0
124.0,0.2147588101355769,1
135.0,0.382841993104742,1
38.0,0.4145344121134399,0
96.0,0.2820992115697242,0
27.0,0.25102185252694714,0
43.0,0.2235802381551816,0
50.0,0.20192428754687491,0
117.0,0.18247134935457945,1
109.0,0.3831629668886838,1
136.0,0.4215227520856446,1
154.0,0.45403312467859946,1
110.0,0.4834969766236161,1
21.0,0.510893896343768,0
36.0,0.3373094177457714,0
28.0,0.279667214724015,0
47.0,0.2422300494758291,0
26.0,0.23960856098621713,0
136.0,0.23350256964650482,1
153.0,0.4811007814262254,1
117.0,0.5215318124187289,1
42.0,0.5512089165028963,0
23.0,0.347431203458347,0
130.0,0.2880314816986959,1
82.0,0.4675450326848472,0
53.0,0.3161941312442383,0
126.0,0.28104737185521184,1
39.0,0.4403420327260494,0
55.0,0.29328210853881387,0
106.0,0.27500029483019617,1
85.0,0.42169922207051547,0
119.0,0.2781693304723392,1
51.0,0.443333464509642,0
57.0,0.28571553547392,0
25.0,0.28518841641172066,0
141.0,0.2574546621572069,1
152.0,0.3980724794190414,1
113.0,0.4595607920948531,1
120.0,0.5022216647125075,1
70.0,0.5364256967510113,0
49.0,0.3463818546984343,0
72.0,0.31928589438940813,0
77.0,0.29629754776627065,0
46.0,0.27507051631994145,0
144.0,0.2552266098628647,1
39.0,0.4275255510276662,0
107.0,0.29278989764906554,1
105.0,0.4478709393095093,1
70.0,0.47214229251778583,0
46.0,0.32826770113159087,0
80.0,0.29435974474459964,0
44.0,0.26227671427702925,0
111.0,0.2352364689918151,1
73.0,0.38488016338675096,0
67.0,0.26532728531671684,0
132.0,0.23681121528251464,1
78.0,0.3964145513867785,0
59.0,0.2666057216212953,0
80.0,0.24581668605453347,0
67.0,0.22081322420531188,0
85.0,0.2005864915976286,0
27.0,0.19628840040219198,0
148.0,0.17471027387190505,1
89.0,0.4412365800924405,0
62.0,0.2763665506871171,0
101.0,0.24160557546735748,0
87.0,0.28985621135194856,0
23.0,0.17827221849816258,0
22.0,0.1727118136390222,0
87.0,0.15513385338174945,0
33.0,0.17022939770826184,0
76.0,0.1648391031126984,0
127.0,0.14341624542087367,1
70.0,0.4129079271368817,0
142.0,0.26697939570596974,1
29.0,0.4646254603400103,0
38.0,0.291631822489389,0
133.0,0.26731672509510346,1
63.0,0.4312649264966112,0
122.0,0.272841004872941,1
24.0,0.46514305933794403,0
43.0,0.2949419017521633,0
70.0,0.29259547145727427,0
149.0,0.25625445403325514,1
79.0,0.40809766656927254,0
21.0,0.2646517545926876,0
71.0,0.2606256004007317,0
26.0,0.23373681174653876,0
55.0,0.2107791595236116,0
41.0,0.1888721978285804,0
123.0,0.17178183182413406,1
59.0,0.3421131342402338,0
52.0,0.23998506660038,0
98.0,0.21607945872043333,0
141.0,0.19253783188133464,1
55.0,0.38661753857950526,0
123.0,0.2414645318768283,1
84.0,0.4253158587080496,0
52.0,0.2659414261911726,0
102.0,0.26047754121962396,0
134.0,0.3213219526487457,1
27.0,0.3689868074494963,0
101.0,0.26094063751858915,0
117.0,0.34297326227211206,1
101.0,0.3720938366246948,0
120.0,0.3752965149078316,1
137.0,0.4065626621533638,1
98.0,0.4926543031926513,0
112.0,0.3255594521587925,1
91.0,0.49852969520715085,0
144.0,0.3176490791841519,1
64.0,0.5109297720728267,0
120.0,0.3141769665236593,1
68.0,0.5223862808042667,0
138.0,0.31369822138154313,1
92.0,0.5343981589597377,0
39.0,0.32840876006963826,0
136.0,0.2776055272243032,1
72.0,0.45383416666465454,0
54.0,0.28750384644212706,0
87.0,0.2765200822248048,0
97.0,0.2396146173986004,0
82.0,0.21432162571406843,0
59.0,0.1925948123680123,0
32.0,0.17447313330138126,0
86.0,0.15653032097055986,0
64.0,0.14554754716736837,0
37.0,0.15675832782365562,0
66.0,0.15649958910079348,0
137.0,0.15411505652587928,1
33.0,0.43710086698191336,0
70.0,0.2613766196539316,0
32.0,0.233820133903886,0
59.0,0.19523767333003245,0
98.0,0.17250671298278364,0
103.0,0.15634082055630086,0
53.0,0.22843999364779408,0
39.0,0.13961484969643503,0
108.0,0.16156137941599075,1
143.0,0.3942144408448098,1
89.0,0.42560318636134,0
147.0,0.28351809256624105,1
134.0,0.47207140813665555,1
77.0,0.4873340315786515,0
51.0,0.3385900663194896,0
73.0,0.2880078786188047,0
99.0,0.24619093291494645,0
38.0,0.2139870520099596,0
45.0,0.19489296132192974,0
79.0,0.1937864690136723,0
106.0,0.1776390613511404,1
151.0,0.446424826806887,1
71.0,0.45633929949293706,0
103.0,0.3195641583929013,0
151.0,0.3694841377168083,1
32.0,0.4474993745836607,0
41.0,0.3103914759628143,0
132.0,0.27517944760534674,1
94.0,0.43604527000053583,0
67.0,0.29168548232230024,0
147.0,0.2728697376353948,1
100.0,0.4211836254776935,0
91.0,0.382377618625007,0
115.0,0.25833802902748254,1
91.0,0.41188183617785123,0
73.0,0.2674701228786497,0
23.0,0.26822587347309973,0
86.0,0.23943939426966043,0
127.0,0.21807276196340805,1
129.0,0.38594769897937914,1
148.0,0.4209134594332922,1
96.0,0.4573118302513516,0
90.0,0.3134627304243851,0
76.0,0.28079566873816203,0
120.0,0.2523689561901336,1
113.0,0.4925265994667611,1
39.0,0.5021000468862054,0
100.0,0.35620234490981556,0
157.0,0.41155037028131786,1
21.0,0.46402686183349495,0
151.0,0.32662287535983997,1
130.0,0.49726967456921845,1
103.0,0.49841102690426653,0
107.0,0.4735326661092597,1
143.0,0.5039698012773689,1
49.0,0.5261307577268348,0
150.0,0.3829886339663239,1
60.0,0.5562319557055021,0
47.0,0.3751713278625559,0
92.0,0.32062942912649167,0
127.0,0.2757083769908232,1
71.0,0.4440109530694465,0
76.0,0.3035070690544535,0
100.0,0.27859329857336956,0
48.0,0.3455456671163524,0
29.0,0.22384642973862562,0
64.0,0.19833910462029264,0
89.0,0.178143229520101,0
55.0,0.18737452742572025,0
34.0,0.19850208253757512,0
112.0,0.20716976865576037,1
29.0,0.45192819640695114,0
47.0,0.2952907971752609,0
139.0,0.2524211436841591,1
59.0,0.4347301471087196,0
66.0,0.28626954040626296,0
77.0,0.26174790744418963,0
54.0,0.22830787146962805,0
53.0,0.20228253421578443,0
143.0,0.1848214993045461,1
38.0,0.4417717653286251,0
96.0,0.2790416808668301,0
47.0,0.2475957749234483,0
75.0,0.20998355153430556,0
54.0,0.18375036012794552,0
36.0,0.1627243415298892,0
40.0,0.15956563218069517,0
149.0,0.16486175335636485,1
80.0,0.39066316224787895,0
102.0,0.25527120997091524,0
34.0,0.31387192574170375,0
30.0,0.18915782818471502,0
42.0,0.1684780960246999,0
42.0,0.1655184371645717,0
109.0,0.16657984607408738,1
72.0,0.5451555309712219,0
80.0,0.2900616885037601,0
38.0,0.1971024194616528,0
79.0,0.1591801874296672,0
41.0,0.1423097448401179,0
65.0,0.13195969649032943,0
29.0,0.13511485808455403,0
47.0,0.17628041627808003,0
32.0,0.1856990395971888,0
114.0,0.16590804873971884,1
141.0,0.4129871906997719,1
28.0,0.4569058174642045,0
100.0,0.3027612155489978,0
117.0,0.3548919184527221,1
101.0,0.4253115313852538,0
54.0,0.38930352521986744,0
44.0,0.25100952632201634,0
49.0,0.2264862718905937,0
31.0,0.2010023769320554,0
43.0,0.17567360230065032,0
113.0,0.16403429923575372,1
54.0,0.44169677845286076,0
109.0,0.2706215104762224,1
62.0,0.478163665754943,0
123.0,0.3023798505737498,1
150.0,0.5092152633737863,1
50.0,0.5171340553334771,0
115.0,0.3583386301130017,1
81.0,0.5478999228391666,0
125.0,0.33953863377974103,1
112.0,0.5425173165597412,1
107.0,0.5337791069663067,1
92.0,0.5865950580733508,0
143.0,0.4108326530408551,1
137.0,0.5718707901408605,1
145.0,0.56983062093311,1
40.0,0.6020088115934632,0
112.0,0.43785616656322246,1
150.0,0.598794262707396,1
49.0,0.5917620517678844,0
103.0,0.44205141970926237,0
91.0,0.379424796666568,0
139.0,0.22845620290974747,1
119.0,0.42517047235206473,1
87.0,0.4527335093375424,0
109.0,0.3220345372973501,1
142.0,0.49273767816096536,1
116.0,0.5032357601981872,1
21.0,0.5212811296728534,0
145.0,0.3821213788444468,1
68.0,0.5458738548484846,0
125.0,0.3915236791288878,1
57.0,0.5617922545240327,0
100.0,0.393016766416144,0
27.0,0.4477777640149673,0
96.0,0.29330750844836717,0
101.0,0.2550176577608481,0
62.0,0.317675786705141,0
116.0,0.22060154829572712,1
121.0,0.44003611820082145,1
150.0,0.4469367920622295,1
138.0,0.4603702239912264,1
24.0,0.47331359269191836,0
148.0,0.3464183958218713,1
103.0,0.5180088539012221,0
82.0,0.4905675501847047,0
53.0,0.3301166432414251,0
142.0,0.288888800893997,1
102.0,0.4429565553112678,0
38.0,0.4316883038491731,0
65.0,0.29452372888532985,0
100.0,0.2646190572958804,0
67.0,0.3297544892964063,0
132.0,0.22564148478676102,1
146.0,0.44400491341674087,1
125.0,0.44795896220080494,1
78.0,0.4584611080119839,0
40.0,0.3363547383926519,0
141.0,0.2815450267256992,1
26.0,0.45374727959720396,0
61.0,0.33063118526743746,0
92.0,0.29133409721081105,0
40.0,0.25701276064187834,0
70.0,0.22851097186847186,0
104.0,0.20461901481821057,0
149.0,0.2692537509918721,1
70.0,0.46180029044316817,0
91.0,0.33118585830468356,0
134.0,0.28039195455618954,1
142.0,0.46309457459545594,1
141.0,0.4577175196825398,1
75.0,0.467419489840476,0
145.0,0.3457728089969168,1
62.0,0.5136482317015502,0
40.0,0.36734436854070857,0
136.0,0.2991209635842254,1
144.0,0.4707874534161206,1
56.0,0.4645585217059306,0
98.0,0.34480551366341694,0
126.0,0.3044725444375495,1
29.0,0.4621619076034892,0
82.0,0.33215799336427126,0
135.0,0.29563485131315553,1
21.0,0.4510362889135421,0
90.0,0.321424520171339,0
145.0,0.2965517032692206,1
100.0,0.44383962433910795,0
135.0,0.42290371902391605,1
111.0,0.4516775314253293,1
137.0,0.46249060210881854,1
104.0,0.4743320932638425,0
54.0,0.4618615557471603,0
57.0,0.32381418140787516,0
38.0,0.3050937471781171,0
124.0,0.28319747021607716,1
121.0,0.4173483648067207,1
112.0,0.42538222800476694,1
85.0,0.43573587262953456,0
158.0,0.3169699308851185,1
155.0,0.4510286879650902,1
66.0,0.45674382040504846,0
84.0,0.3356117544689975,0
23.0,0.318376474039162,0
32.0,0.30028134943477525,0
141.0,0.2803971106553538,1
27.0,0.4142793880972506,0
55.0,0.29855232395995646,0
91.0,0.2798112895916599,0
105.0,0.2587847334999492,1
114.0,0.40122350000673057,1
72.0,0.4161006420069767,0
88.0,0.29741784937481863,0
136.0,0.2732752117178663,1
136.0,0.4184932185465539,1
85.0,0.4296791676940937,0
146.0,0.3097267383751978,1
80.0,0.45165589763393504,0
42.0,0.3220866976892247,0
60.0,0.30545630852067024,0
21.0,0.26935055816704134,0
108.0,0.23803855293169432,1
41.0,0.40975831918890965,0
151.0,0.2898657359992515,1
32.0,0.4497041532510302,0
120.0,0.31164523438137304,1
48.0,0.476642789647052,0
89.0,0.3235066679191636,0
86.0,0.31392146969355006,0
88.0,0.2840859539453968,0
137.0,0.26114637649408756,1
134.0,0.3988450273403672,1
88.0,0.4005683391853042,0
23.0,0.2815232973295349,0
120.0,0.26883338077991076,1
125.0,0.4015867340365961,1
35.0,0.42368294503657117,0
137.0,0.29245480470430396,1
104.0,0.4336886475823518,0
148.0,0.39710091405667125,1
45.0,0.42183839121630706,0
76.0,0.29506989667924644,0
105.0,0.29587321278056,1
118.0,0.42441727476167174,1
132.0,0.4389026535774303,1
73.0,0.4680567296084887,0
110.0,0.330782521728581,1
87.0,0.475760513154986,0
143.0,0.32459096067672943,1
144.0,0.47983496942517234,1
137.0,0.4776847403932397,1
25.0,0.5024941086167277,0
35.0,0.36406201291136797,0
131.0,0.3565100691992575,1
36.0,0.4890887866444032,0
112.0,0.3425079368789177,1
41.0,0.4960066969334962,0
51.0,0.33921237219372324,0
83.0,0.34346767558904046,0
