3835.547628394172,0.5,0
2374.690580230623,0.3611111111111111,1
2309.7583140600264,0.4655549480590486,1
2086.412420051605,0.5306122448979592,1
1413.3998281640918,0.5708557425139519,1
656.0825607181526,0.759131917253061,1
1627.9238509138358,0.7712849385116255,1
1337.8440240875177,0.7600689118993602,1
1662.1995512621068,0.7521779961874296,1
2554.020374808393,0.7474472432787027,1
1663.6111221223032,0.5607383049920874,1
1380.2304958574905,0.7431972106087394,1
1132.047218228773,0.7536599723906217,1
1154.534885422725,0.7354721634866477,1
829.1223733391403,0.7203764903422479,1
2189.1740088866386,0.7270853218992352,1
732.6723166443169,0.5788391231508803,1
2177.94131215216,0.7494523365210481,1
3105.8528637551867,0.5762379415900454,0
1030.4423775704856,0.3958409947551432,1
2539.5916850627436,0.6543613791723262,1
412.4114355295936,0.5078156797521813,1
1700.1086112365797,0.741507683268007,1
478.4314394520113,0.7637885409577265,1
2501.2682382915523,0.7753389373953252,1
333.4424696612444,0.5864040372458807,1
1590.0998087375476,0.7513739116807581,1
2030.4536541679404,0.761262045493264,1
1215.8686151145205,0.5973242979343416,1
1208.431414750837,0.7534558497615647,1
558.2624815605354,0.7238797530505487,1
2901.978628593609,0.7501469669359221,0
625.8583118859185,0.384616872677799,1
715.1448855414458,0.6527940892119176,1
2726.46411941783,0.6761824804155189,0
548.8014911235696,0.3160282431204109,1
1748.8814262811372,0.6150647597692446,1
667.2654138523155,0.6733353565726601,1
2535.9698214333557,0.72035663414744,1
1804.8588360733045,0.5670327956507291,1
473.7264309435081,0.7491154183842762,1
2052.0972075923646,0.7653850885650854,1
2095.4035193222935,0.571605100182129,1
1075.7745018324545,0.5587074564270169,1
949.7890868873311,0.7434988645860452,1
3303.9193286025084,0.7271730403542778,0
3198.7059636452045,0.31118282603799063,0
1166.6494640081007,0.2451123926377523,1
1429.4092437644401,0.5812406380642541,1
1146.5774922328371,0.6667618789495435,1
2667.422304048906,0.7065259291081647,1
1277.1719283312682,0.5591122986056483,1
2520.829772656576,0.6868797503258989,1
1439.0069739953735,0.5305515346350503,1
1243.1835816928735,0.6991246617295248,1
2142.8121705796257,0.7219651653132815,1
969.4740751737007,0.5540049101429821,1
1712.8089123099453,0.691143603400594,1
1809.4817950161478,0.6943385232578158,1
929.3128567633166,0.7029608877337885,1
2127.6429055857766,0.7198296102534789,1
1903.7069736054061,0.5347157335967835,1
1585.048943229317,0.7006969862832384,1
1420.7332116015236,0.7103061357752571,1
1003.055183953439,0.6943555710816345,1
509.7164557605582,0.7017867444161963,1
1410.4363516183366,0.7083423586402156,1
1869.5742931464802,0.7304108875453759,1
1599.7752963576163,0.7080833803491773,1
2723.8107865071725,0.699261413117428,0
1004.035919734398,0.30546350797614175,1
3171.7935585021523,0.6315268929730972,0
967.1261968158275,0.30813041635105,1
2038.7692209777606,0.6326920478476508,1
722.4163781756201,0.5095510333295645,1
2113.8788165975593,0.7296908325878146,1
1425.662177614146,0.5514736711621704,1
372.27506901286404,0.7546635778012587,1
480.12013062838673,0.7265566877353468,1
890.7148782622515,0.7550930991766742,1
2280.9575879482945,0.7504486373917415,1
2672.8814725039674,0.5950420806780593,1
1230.5498037747948,0.5759886364038296,1
1339.1257599812857,0.7579210514075098,1
1231.4515521819876,0.7493772359632466,1
1035.704148753228,0.7650676531688955,1
1617.6315933910796,0.76185184704743,1
1486.9028125936359,0.7554355393978933,1
611.9426368651123,0.7529780015514888,1
1037.6538502591509,0.7596022490664976,1
2721.2197402792503,0.7621978391797267,0
2649.487295027946,0.38587599204867945,1
2439.6606359608236,0.48927998986620524,1
1035.0060575870136,0.5249505265124207,1
367.45481448170614,0.7393034903651087,1
1223.0853574638847,0.7597013395618972,1
2044.267083178173,0.7617019448031299,1
1159.5693983602423,0.6045975469267892,1
1401.3726189773988,0.7759184707355291,1
769.3901751788809,0.7729355051237656,1
3062.908748579861,0.7729847625551791,0
1958.5827351358676,0.39437706532914624,1
1378.8218439016712,0.6783310353886052,1
1259.7366314603623,0.6851458284673456,1
403.57646354974804,0.7303795665006647,1
1762.668850494207,0.7452269308836987,1
2402.1417522110987,0.7518162610665822,1
897.2723294401426,0.6031000970455193,1
297.9844972147686,0.7758975447039738,1
1976.2180469144591,0.7728668942048342,1
616.1994622406255,0.7580102938748572,1
893.4767291659857,0.7431513013357633,1
551.7555423253539,0.7456683470162604,1
549.5582381432407,0.7503773948316619,1
1078.043072669577,0.7717845995764259,1
1575.0037900113896,0.7762622616278573,1
697.4926924280289,0.7510941338397874,1
1965.9583546147626,0.7509140868820832,1
1679.689384267354,0.7399515026974404,1
1476.1379822995827,0.764266430497136,1
2376.699639799534,0.771640050738943,1
1220.7306394140676,0.5958132961217983,1
1102.3993957562982,0.7721741481512238,1
2976.581888964469,0.7723671376772593,0
1708.8967852843693,0.3950947954007359,1
1171.648792384996,0.6808120535342813,1
1199.9520249234067,0.711201271243963,1
1736.6133765185928,0.7513246305115648,1
765.9675260716132,0.7663014401586572,1
1783.3774793919517,0.7775743756325402,1
808.805134539063,0.7599829368260864,1
867.4536659931626,0.7716834506185464,1
1360.002967342078,0.7788042823086534,1
2322.2507492296195,0.7814864708799942,1
1579.203936085866,0.6150703239379893,1
2065.3800007623568,0.769593052431375,1
1101.3611227157774,0.5869106071717577,1
1777.0472144712464,0.7398794943149511,1
1421.140737896119,0.7602964312484701,1
414.7794846105497,0.7737365473732807,1
908.2592948664371,0.7585288257889069,1
2990.2181499271173,0.7535107527536964,0
1356.6474006621843,0.37538583658276914,1
1417.4342571172547,0.6665846655714145,1
1183.596205770935,0.7132835409293907,1
1597.1817358187614,0.7314035569844013,1
2836.498282773299,0.7623904933583306,0
1073.9045267061988,0.38308432046462293,1
2205.178550808215,0.6699627145616821,1
1526.8690673662843,0.4939588281428477,1
1996.5021532383478,0.7374597565518686,1
759.2207458019664,0.7472607113930282,1
2457.642126382408,0.7642191377784844,1
1319.0737186217837,0.6046094066310822,1
1079.7871538367338,0.7749823554577645,1
1473.1061792968803,0.7634319549566985,1
1007.30241043861,0.7569465925739387,1
1090.6641572900246,0.7286410185072227,1
352.2059867210013,0.7527647154599925,1
974.4946815646454,0.7275978261496001,1
1229.7907007441754,0.7567750882081393,1
1691.9050256942035,0.7347336470441042,1
1298.1554818539728,0.7458583125073718,1
708.7672764393128,0.7605196818395236,1
885.9921609341496,0.7717649798424163,1
1122.6420610403645,0.7805291119474367,1
2833.477429806845,0.781920722376103,0
1311.2602460826256,0.37732954486474324,1
812.3189214247377,0.6428335865786432,1
1150.9086955552373,0.6717155951005018,1
966.5118152699323,0.7171787872361697,1
823.513958856852,0.7460031484678521,1
1250.7721705035776,0.727611468121915,1
2314.58921896126,0.7433001962900799,1
1511.638404505466,0.5457575157081492,1
1550.0425423815955,0.7196071900124268,1
1272.9321307022744,0.745936709150636,1
2197.2026518492867,0.7608091692957025,1
2280.102246756471,0.5972209179232828,1
385.17613473076915,0.5880341945630007,1
1884.1049116196968,0.7154896438340695,1
1511.1496286977838,0.7398210795912173,1
2776.8808317586627,0.7630340541108934,0
1635.1404893371025,0.3811768904150898,1
1855.1589475237126,0.6720137378917157,1
1378.9501324195503,0.6832304010444541,1
385.4881665848519,0.7288142144027167,1
1596.9344027167,0.7522756522956029,1
1149.6672244945248,0.7673585962238946,1
1617.3241755978354,0.7593715435341786,1
528.3741239338301,0.764471415510404,1
914.830047789886,0.7585607687575888,1
2180.1524019163558,0.7464634534699802,1
936.8374298518271,0.5973080938265759,1
984.0722473557051,0.7544166291908292,1
857.2336301048535,0.7673448541691823,1
1204.6682900539083,0.7733524855438607,1
1227.7691714467883,0.7335459148600566,1
674.2975156599013,0.7457520421949457,1
1260.5820932065496,0.7663922968945904,1
1825.9891608162359,0.7624221051649179,1
2723.687481278279,0.7726368330829408,0
1059.5596352003022,0.3810327745017627,1
1501.994710597535,0.6701352524680206,1
613.3431721984405,0.7240716243733941,1
1361.5108571666487,0.7624616977608567,1
1374.7544576857686,0.7774970623710655,1
2176.57725692143,0.7606301283219578,1
708.9404576536081,0.5896545550055122,1
585.5411104371649,0.7588760228412269,1
421.8955340500912,0.7619055578870736,1
1780.3881842078838,0.7500613038473876,1
1142.1387762546474,0.73494649184997,1
1361.839656329522,0.7532036718012016,1
494.6845834835255,0.7682971659234894,1
493.66390865372784,0.7730250216373197,1
1423.6884298069674,0.7751249435849444,1
1888.2263837350174,0.7588239477525357,1
566.6035878591995,0.7472699460292793,1
545.9562919571413,0.75106505410141,1
2827.409153483807,0.7615757468914207,0
1304.1482994926914,0.37996398868785697,1
1849.124255178994,0.6759180759499066,1
3168.4633990152115,0.6928440968096564,0
600.4553752578673,0.3740694363988888,1
1929.7527026744237,0.664704531208131,1
1688.6574689933695,0.7111847000443448,1
1019.5246889638913,0.749601843053721,1
486.0530681178384,0.7763535081686062,1
1442.5422764894124,0.7416537278791597,1
570.7107906243564,0.7405579490416828,1
981.8210945650192,0.7594052528749762,1
2522.287800507392,0.7778581944818752,1
795.1760846522892,0.6199848698944261,1
1678.5354197590539,0.7821368898495995,1
3173.881045921348,0.7627971557254739,0
1738.2406754960127,0.3278661861743522,1
955.6257868015861,0.6268907161754861,1
2369.3631142384156,0.6994429347142151,1
1698.0084275570669,0.5340974364524559,1
879.1293815885141,0.7340597212526981,1
1433.8108619971563,0.7551913091213409,1
711.4890956261985,0.7585856044938203,1
2347.5804297622276,0.7402781865897576,1
2486.701510904032,0.562293846422364,1
1118.8757651833878,0.5362316063279662,1
1048.4694826879509,0.7396057362503006,1
3211.067898653867,0.7408914767213287,0
659.8185015543091,0.30319635138372203,1
2842.1139832706162,0.626342164321602,0
2001.9238553894552,0.31458155206200983,1
1089.6102211447078,0.44662232432748555,1
1661.698986527891,0.7269537020089079,1
1462.8610797914841,0.7387066718343385,1
484.78605496731245,0.7570716933648901,1
835.6398375155146,0.7408863715943422,1
574.2716393602972,0.7299510513624132,1
1327.6307018580078,0.7301519225508503,1
2255.0145737631547,0.7606516080433424,1
819.1805981969135,0.6003969385900724,1
1094.711551882084,0.7461459490925605,1
972.0430503223781,0.729582606178201,1
1137.5458670392695,0.7545358790874568,1
947.994139711308,0.7614208071670905,1
1390.2326482799501,0.7510358673558767,1
1800.2577219865705,0.7670316414008551,1
1061.413299704421,0.7734839837354741,1
1912.2016557885204,0.7626201042705183,1
1186.5687667968077,0.7254253362186336,1
1574.8441615051916,0.7512793588029414,1
3051.276493197347,0.7713024411708099,0
1319.7399304122498,0.3762679886444611,1
977.7661673081191,0.6520036569662395,1
2399.3862206976273,0.6801706327390693,1
1919.7857777397835,0.5442318948559441,1
331.8645915656662,0.7485060612717472,1
639.936900462235,0.7465719118837808,1
1424.3256862289118,0.7463275317627629,1
1919.1911682907157,0.7387725112525769,1
1986.251435554468,0.7514143670525267,1
1341.1714816449419,0.7455109033627833,1
572.319072279824,0.7593797851565613,1
1276.867475583575,0.7644107104255384,1
1845.017372939081,0.7319759717298966,1
2390.642178691738,0.7498709973197821,1
497.1016503843065,0.555773159449922,1
492.4893927197528,0.745066489570035,1
1211.1324740658365,0.7650076918064563,1
835.3678120855169,0.7388763040464288,1
1495.3515500265157,0.7221438896489476,1
1336.4102465363512,0.7280421608841775,1
1368.7179629906466,0.7186617274442151,1
1600.9816195233313,0.7458398854580969,1
1515.0775427908222,0.7511022572976631,1
596.1429521181867,0.7616614603841101,1
1939.2869926278704,0.7615122849341716,1
3237.6641455107488,0.7615439692141692,0
1703.3224479097157,0.3254472949454997,1
473.8864836626101,0.6420622161091312,1
2510.295090265161,0.6944829583015345,1
1157.2762331252234,0.5395418042016304,1
723.5327363840818,0.747092380380612,1
2468.3466290575466,0.7418666435563743,1
1362.5125394487948,0.5816344663008779,1
2468.808438666578,0.7449322373333434,1
977.4921108757053,0.577472557670986,1
1554.4443382648997,0.7313645133406508,1
2613.3130048326916,0.7235890730554353,1
828.7321073503396,0.568868037238411,1
906.8106798350984,0.7580921296006271,1
1975.7337242359447,0.7486412977092691,1
1310.651253380631,0.7379824130461785,1
1878.865665491016,0.7520625391301409,1
2820.198820164065,0.7232704265191557,0
2450.5797982734753,0.30542496693143256,1
1211.380594485947,0.46658502199348617,1
670.5566667185266,0.7318288166832255,1
1775.879363478328,0.7483084535152714,1
394.7757850350932,0.7715627811723293,1
1753.1645111509097,0.7311367930490253,1
725.301167827516,0.7497552367106475,1
987.5375309908353,0.7464075363832988,1
2128.723132750787,0.7644389585632287,1
1900.8225311869353,0.5583011369920605,1
697.8061109729003,0.7586828808568902,1
584.3363943562031,0.7741718040140659,1
1988.3096381434846,0.7416333488451088,1
2496.548360111508,0.7503514205317952,1
1561.0369634116064,0.5479179174841802,1
767.0438986703257,0.7436480523804492,1
1150.131004572164,0.7652919111483483,1
548.3004470144912,0.747940955964828,1
1222.6894799679887,0.7637278299201998,1
468.35237412774666,0.7653653342192118,1
1349.3437854952977,0.7449337305095544,1
1629.8724491308506,0.7349033645487423,1
1265.0131272995577,0.7375759477763644,1
1789.7241840975446,0.727403237992441,1
351.7335038820077,0.7454832834723525,1
1066.0031899326946,0.7319670742292759,1
395.18411611490166,0.7347337125112205,1
1887.6526938222323,0.7282137608573197,1
1134.9726194746024,0.7435319573925375,1
528.5750417384113,0.7323551914123374,1
1051.7436843860553,0.7476851370978013,1
1015.464734215278,0.7525074106540011,1
567.3294704426243,0.7294035170265621,1
1991.3869735221274,0.7498512994795055,1
2070.5656442983905,0.7569976690231928,1
1865.9162739274593,0.6039571299624604,1
403.9158302466758,0.7516382200635144,1
1711.9023257341323,0.7625305906457754,1
3253.1279677582315,0.7739317149550484,0
2042.9141834345955,0.38233193181308867,1
1821.655153385221,0.4663397298935893,1
1335.682522634315,0.6969050855949184,1
1993.978534165802,0.7247883294211466,1
1574.2470179564157,0.7387931287006912,1
964.3280741703203,0.7434422741869694,1
346.67854950199455,0.7521043431923409,1
1655.9924523557347,0.7614861564406116,1
424.51077586278234,0.7477308200765227,1
1587.4429747000993,0.7316115069508824,1
1198.2414432932715,0.7519879739858641,1
1746.053845859601,0.7288798783693419,1
701.3485900963445,0.7493238645367605,1
1273.554780066361,0.7500642587050687,1
328.6318553236337,0.7513593413003246,1
786.4625445439115,0.7415025823069414,1
831.6118886448955,0.7194858218316078,1
721.708102785903,0.7311512255143291,1
3025.5656522663817,0.7377672130406934,0
2725.7268915771965,0.3049036764497515,0
1547.606018255167,0.2767548128082269,1
2327.4586663689656,0.5913720038749346,1
2691.1554535265564,0.4750354468376474,1
1066.4803674189582,0.5086086536717132,1
1611.7310527254917,0.7163741579337601,1
1607.9195260125298,0.7364794935968031,1
992.0374656297341,0.7115043995685141,1
2728.1766668980677,0.7339665756573589,0
1529.0058868898093,0.32895093988075325,1
1026.4537085951538,0.6473926746143133,1
1424.1899637476138,0.6959483937015494,1
570.4331183724019,0.7356734970700323,1
1486.4557546642834,0.7594676464622907,1
622.9785030489734,0.7718685766868604,1
3475.69254030888,0.7215321908480944,0
722.5862744329488,0.3315466313896368,1
1271.4774701962133,0.6255308688751232,1
654.1516739935588,0.6767247427243216,1
1892.6724535134215,0.722534935820621,1
312.40396704873046,0.7546874185118033,1
745.7543833197772,0.7467774912825177,1
1446.5626671611194,0.7234159753507158,1
2176.8836975907866,0.7427811231873477,1
706.7670206416608,0.5847867045496817,1
763.5465673754743,0.7282963024546242,1
2487.7586973947073,0.7238145942866923,1
1767.5009364631605,0.5380848610908379,1
1566.993337577596,0.7207269719976525,1
726.2646908278152,0.7480970816042257,1
2516.5442842881685,0.7349323702776231,1
1655.2844369412785,0.5747353937754726,1
505.4861870827587,0.7208959318107262,1
1314.55641889063,0.7346999839954116,1
1012.916832329579,0.7434189748503461,1
2359.218322037219,0.7420886522153461,1
1553.695596496268,0.5589646233453764,1
1387.164416755901,0.7193261230282133,1
1660.6673830421744,0.7191903330012239,1
1086.5587239269862,0.7268908869200603,1
552.0947327900949,0.7527479062547215,1
2216.1626917494823,0.7225902138269443,1
943.5958635055725,0.5533277098139096,1
2385.898076017951,0.7229955362589822,1
2123.268526478703,0.5685714945786606,1
1895.8209295169238,0.5425571627136246,1
1054.2425994207144,0.7276358206874267,1
1424.3235967122823,0.7555051579555604,1
2056.3445997135113,0.7440977227305814,1
1316.245105027683,0.5317762123452395,1
890.759799101176,0.727495780452508,1
494.9404336891023,0.7385839877139209,1
553.0412301628681,0.7527717192945831,1
2581.2325953089676,0.7361505812817775,1
1571.0169110812635,0.5459002556765211,1
335.388076989953,0.726689037342211,1
1056.9973075186563,0.7276156881278847,1
1087.9531755214675,0.7411767713607389,1
838.4565787941498,0.7501161947482704,1
2524.2227825327177,0.7636524931930899,1
1423.198355346633,0.5924740608852598,1
307.92662198190305,0.7351637421001551,1
361.9741183308167,0.7344618917125617,1
852.2719501556974,0.7514751385924655,1
615.8170525604849,0.7642585205630981,1
1524.0053589628176,0.7193674244230432,1
2831.7424220336484,0.7238155737156767,0
1603.3293357487091,0.3569811691340799,1
715.9768935578863,0.6519782940629395,1
824.2915944531436,0.7106444735710995,1
480.38265204385596,0.7461620884243425,1
1630.7821079723471,0.7657581452608888,1
720.6967157963788,0.7651458261085233,1
1055.071015502798,0.7722803147095862,1
2833.6534570041886,0.7515408810177308,0
695.3330845927305,0.3432195997933061,1
994.8735784577098,0.6315139605994562,1
2491.56456997965,0.6761730523768958,1
496.51999914304713,0.5367012616548401,1
994.1000624800216,0.7410520601461181,1
3427.405818032894,0.714443411513114,0
2716.2185714482594,0.30443107658017016,0
2403.0897900982723,0.280804834010306,1
2227.2137991622512,0.3892849446105906,1
1988.7937034972888,0.48494162146102215,1
1353.8250068341472,0.6886753467344404,1
412.534632428934,0.7081009542384377,1
956.5779067581158,0.7333579347982633,1
616.5094313051541,0.7376645233953187,1
379.48296687772984,0.7224913632329686,1
1175.9657981934083,0.7167983705727573,1
2702.6195888396915,0.7023384265683567,0
934.6799943767891,0.3081469908729738,1
1136.3683046661586,0.634857839739659,1
1095.6236073479056,0.7040806052948806,1
2437.2161339787735,0.7249779504654088,1
734.3196537432854,0.5565527316992895,1
492.37711636076847,0.7488744111065143,1
594.7438831402607,0.7489020102366593,1
764.1473689067672,0.7526503110169793,1
2722.035038719894,0.751918179895741,0
366.23124958395306,0.3260422348660075,1
3185.9915480343716,0.6506924741004527,0
1969.0288865858347,0.3203547397660804,1
470.781755079753,0.6435769638850993,1
1515.8425483730061,0.724118699209765,1
1839.8930016981244,0.7386337690894867,1
1215.9367398326885,0.7595652080802715,1
1407.9541991653457,0.7352011658291948,1
2026.8996611963378,0.7584090051954915,1
1259.8079948029745,0.6079387507408054,1
1766.734319754444,0.7391156896215119,1
1942.4231148542337,0.740160318526262,1
720.880025043928,0.7532712811455161,1
1378.449000165255,0.772053153782905,1
2185.6151198444927,0.7271340455045407,1
1360.6044447091526,0.5843482990745157,1
1502.79685321205,0.7505425702117118,1
687.7669906685979,0.7250768253429731,1
2984.0384114025396,0.7581701294640083,0
1654.6658369878687,0.3944726550577443,1
1606.0367416323538,0.6827921237074748,1
1233.7636798172252,0.6888031345883932,1
715.6476002720239,0.7347321096046708,1
657.6593038011929,0.7604539294442295,1
2366.4979459085243,0.7744691788724737,1
3083.8281749411967,0.6179038630003639,0
1698.9374329795146,0.36451862334817753,1
