704.0,0.5,1
737.0,0.5533333333333332,1
1118.0,0.6427471377927587,1
220.0,0.7068970526220019,1
1425.0,0.7537446924525442,1
1309.0,0.7887343018701095,1
646.0,0.8156238126096916,1
1264.0,0.8368495909740769,1
676.0,0.8537463108256363,1
1617.0,0.8672504457819433,1
620.0,0.8783442231424572,1
1060.0,0.887605766294644,1
1786.0,0.8955352626562619,1
779.0,0.9026431163335924,1
736.0,0.9087648121479517,1
1410.0,0.9140565726425095,1
2244.0,0.9188513014550583,1
576.0,0.8457753206095391,1
1080.0,0.8980471567446029,1
1332.0,0.9193463933397092,1
1027.0,0.9293214135808807,1
2900.0,0.9344669149505116,0
2567.0,0.8071542236429323,1
1162.0,0.7781992307451141,1
2300.0,0.8814742177906103,1
714.0,0.8142349438281682,1
1121.0,0.8938708311865503,1
1695.0,0.9131838752676494,1
1235.0,0.9193352615588334,1
2420.0,0.9227149098165537,1
2160.0,0.8498701890222883,1
1653.0,0.8234985609168652,1
1620.0,0.9065938625857329,1
810.0,0.9268750905948531,1
2860.0,0.9328420921534974,0
1260.0,0.8239055282005462,1
1397.0,0.9012903349193738,1
1620.0,0.913591014853803,1
2100.0,0.9171479349770287,1
350.0,0.8389863973854254,1
2160.0,0.9100872610001685,1
1590.0,0.8430411311388798,1
495.0,0.9135660691947975,1
1920.0,0.9252142054111305,1
1820.0,0.9284265938928102,1
345.0,0.9302262494830745,1
1570.0,0.9318381548105108,1
380.0,0.933283152556428,1
1950.0,0.9347151759616316,1
1918.0,0.9361400825511464,1
608.0,0.9373928072746053,1
1599.0,0.9387070650219362,1
1728.0,0.9399648552221043,1
2376.0,0.9412203593138647,1
1880.0,0.8816718811061987,1
2482.0,0.9336200912287737,1
2700.0,0.8827171753410592,1
2240.0,0.8685235293313782,1
325.0,0.8657313271245515,1
1755.0,0.9342466064417795,1
2100.0,0.9460607159382151,1
1560.0,0.893913402149983,1
1152.0,0.9408294406555384,1
1444.0,0.9492635273369847,1
1876.0,0.9512387993709821,1
1296.0,0.9521440669963359,1
1760.0,0.9528340114509414,1
2698.0,0.9535279668833768,1
1420.0,0.9049834103391746,1
1638.0,0.9466585592498017,1
996.0,0.9542915868651133,1
418.0,0.956050365711721,1
2071.0,0.956918578239412,1
231.0,0.9114541025122453,1
2584.0,0.9502508867150212,1
532.0,0.9110639690843898,1
1920.0,0.9510545033724647,1
432.0,0.958436909798591,1
1260.0,0.9602295657274955,1
460.0,0.9609264074653519,1
845.0,0.9615411500529569,1
1800.0,0.9619724295789697,1
858.0,0.9623826616469595,1
990.0,0.9628695447305464,1
689.0,0.9633282892714252,1
1938.0,0.9637025364025471,1
996.0,0.9642045759566761,1
300.0,0.9646967294573764,1
2484.0,0.9650826410015576,1
715.0,0.9274351617236986,1
1166.0,0.9591772510826881,1
532.0,0.9651830879087973,1
2565.0,0.9665997925120303,1
1936.0,0.9308036721926451,1
1430.0,0.9611592711595983,1
940.0,0.9668711555412557,1
608.0,0.9681402217655871,1
481.0,0.968693653440965,1
936.0,0.9690107530570842,1
2414.0,0.969252376084295,1
754.0,0.9356865380038384,1
1428.0,0.9637558308384414,1
1740.0,0.9689905834952515,1
638.0,0.9701307049542816,1
988.0,0.9705751475145101,1
500.0,0.9708591420362019,1
1456.0,0.9710964385276791,1
1554.0,0.9713550241665521,1
418.0,0.9715609741716561,1
492.0,0.9717462363219753,1
440.0,0.9720152514136783,1
1080.0,0.9722028471472072,1
1410.0,0.9724162081139405,1
456.0,0.9726733793069715,1
578.0,0.9728695499800286,1
1960.0,0.9731323671614586,1
1024.0,0.9733640690010457,1
1672.0,0.973644401224681,1
990.0,0.9739614280571136,1
1440.0,0.9742754779007444,1
1639.0,0.9744554714155645,1
1595.0,0.9746643939802634,1
280.0,0.9748958955252259,1
2000.0,0.9750845365034436,1
1232.0,0.9473845299808747,1
1463.0,0.9704094008691126,1
377.0,0.9747638416337961,1
460.0,0.975786744535531,1
2394.0,0.9761677185012817,1
976.0,0.9496211530524458,1
1815.0,0.9716544438311423,1
780.0,0.9759359316747842,1
420.0,0.9769052787142907,1
884.0,0.9772381148007442,1
468.0,0.9773666737544657,1
560.0,0.9775468361790499,1
1998.0,0.9776576225441976,1
770.0,0.9777526985235193,1
680.0,0.9779558146946891,1
832.0,0.9781888355109057,1
1960.0,0.9782849405914384,1
2295.0,0.9783660288312613,1
1344.0,0.954103106724998,1
360.0,0.9740693012110034,1
1155.0,0.977910388535452,1
1736.0,0.9787696499086258,1
1424.0,0.9790491282618946,1
1768.0,0.9792760165115412,1
1246.0,0.9793634511907339,1
1768.0,0.9794462773331255,1
629.0,0.9795397106380034,1
1792.0,0.9796629449925081,1
1387.0,0.9798494498062692,1
481.0,0.9799888195040426,1
1003.0,0.9801614889859745,1
1551.0,0.9802388334936158,1
1596.0,0.980339316272906,1
1270.0,0.9805291281570295,1
1768.0,0.9806140847701825,1
2312.0,0.9807048065144481,1
1248.0,0.9588604170639001,1
2431.0,0.976723405200504,1
1778.0,0.957665354606721,1
1452.0,0.9766716272020537,1
1452.0,0.9803555341773864,1
648.0,0.9812024243308229,1
990.0,0.9814616131535642,1
1209.0,0.9815508685478942,1
2620.0,0.9817168264229011,1
1032.0,0.9611167170503773,1
1095.0,0.9781273408161211,1
2052.0,0.9813772413359111,1
1540.0,0.9616436421679011,1
420.0,0.978534999596348,1
528.0,0.9818483318982543,1
672.0,0.98257010928633,1
1152.0,0.9828318382525916,1
1540.0,0.982992779224215,1
1807.0,0.9830686885667673,1
884.0,0.9831057607334751,1
1890.0,0.9831814433493792,1
1672.0,0.9832607490517058,1
2016.0,0.9832801980315496,1
2790.0,0.9642680766011693,0
1476.0,0.9397260607273381,1
1463.0,0.9695468959455731,1
2320.0,0.97392932876342,1
1744.0,0.9460961342151004,1
612.0,0.9708267486554043,1
1488.0,0.974483681388612,1
616.0,0.9751097702809922,1
649.0,0.9753238066909327,1
2002.0,0.9755496231962266,1
1066.0,0.9482724960572607,1
1177.0,0.9719637413974709,1
2352.0,0.9754898044027175,1
2280.0,0.9490274267613787,1
972.0,0.9414140798183867,1
2096.0,0.9714461298711348,1
1944.0,0.9487558741554553,1
1178.0,0.9727917909545823,1
744.0,0.9763512025486385,1
1206.0,0.9770053708095005,1
1122.0,0.9772418389921123,1
1989.0,0.9773966368950027,1
1148.0,0.9775839300140859,1
1342.0,0.9776908319893522,1
935.0,0.9777847512223635,1
348.0,0.9778736049742495,1
1416.0,0.9780438073878507,1
913.0,0.9782323270519675,1
2520.0,0.9783888281438415,1
2560.0,0.9542359850193173,1
825.0,0.9472901176554738,1
704.0,0.9743441378847013,1
1800.0,0.9783611390782658,1
1518.0,0.9790466287335697,1
594.0,0.9792879527998563,1
1022.0,0.9793840891655468,1
1632.0,0.9794692163227144,1
2336.0,0.9795659492150539,1
308.0,0.9565860140035992,1
880.0,0.9764527122221116,1
1836.0,0.9795070474982329,1
1581.0,0.9800513794369394,1
1350.0,0.9802182884184785,1
1260.0,0.980307524451171,1
520.0,0.9804254947067027,1
860.0,0.9805156496630668,1
915.0,0.980668487123018,1
2176.0,0.9807733970361714,1
686.0,0.9590090353965002,1
720.0,0.9777798050498953,1
528.0,0.9805869189742258,1
494.0,0.9810445178094767,1
793.0,0.9811426323359143,1
1904.0,0.9813051117215269,1
1292.0,0.981454442311557,1
1020.0,0.9815989174987628,1
1152.0,0.9817321254284997,1
820.0,0.9818605903666927,1
1106.0,0.9820030710133689,1
324.0,0.982053053984591,1
2546.0,0.9821009756920485,1
2232.0,0.961822599383223,1
1404.0,0.9555745072654489,1
435.0,0.9784005651453609,1
1800.0,0.9819117988279911,1
1776.0,0.9824904416639879,1
1940.0,0.9826363517007166,1
852.0,0.9827811009640025,1
2466.0,0.9828413635841502,1
832.0,0.963289848546883,1
2074.0,0.9800995249807576,1
624.0,0.9627750430032279,1
500.0,0.98013182080552,1
2533.0,0.9827397351188023,1
456.0,0.9638248030267954,1
1584.0,0.9803716326107201,1
1898.0,0.9828872247758269,1
946.0,0.9833507560201167,1
1794.0,0.9834377508386156,1
1260.0,0.9835616218754428,1
1710.0,0.9836797824072319,1
1100.0,0.9837646659283286,1
1900.0,0.983818314607082,1
1425.0,0.9838271706022861,1
920.0,0.9838867767206713,1
920.0,0.9839748151589257,1
2128.0,0.9840495126396357,1
1938.0,0.9659795672465155,1
1628.0,0.9815847884202974,1
1717.0,0.9839596163923309,1
1518.0,0.9843626977512798,1
970.0,0.9844915183199797,1
1848.0,0.9845789752253526,1
1162.0,0.9846909049685364,1
1540.0,0.984779059703173,1
3040.0,0.984890540539259,0
1740.0,0.9518010392069733,1
1248.0,0.9739868498050902,1
1651.0,0.97673961614217,1
640.0,0.9772133165576606,1
1296.0,0.977449659704971,1
792.0,0.977577933685227,1
676.0,0.9776767204001027,1
1272.0,0.9777544279102831,1
646.0,0.9778957162331935,1
970.0,0.9780554903808623,1
1818.0,0.9781373276222173,1
1812.0,0.9782154917213278,1
440.0,0.9783449343651851,1
1080.0,0.9784490384237312,1
1044.0,0.9785761465568914,1
780.0,0.9787003272146286,1
2120.0,0.9788181006989692,1
1716.0,0.9548776257191685,1
1157.0,0.9761575497056411,1
1496.0,0.978771597851875,1
720.0,0.9791781745130033,1
2016.0,0.9793449610472093,1
715.0,0.9561418800987656,1
1560.0,0.9768702043611539,1
803.0,0.9794392743317217,1
530.0,0.9798627193670268,1
1320.0,0.9799572331410799,1
1027.0,0.9801053121324467,1
644.0,0.9802304158977607,1
1472.0,0.980385991596424,1
1080.0,0.9804960648470428,1
944.0,0.9805899075224739,1
1615.0,0.9807018205618523,1
432.0,0.9807658887235668,1
864.0,0.9808915243648886,1
1408.0,0.9809945181924254,1
2556.0,0.981055920064984,1
1974.0,0.9595405545928029,1
790.0,0.9785968652324781,1
2358.0,0.9810095322103413,1
946.0,0.9599656122007728,1
2448.0,0.9789530845268881,1
1248.0,0.9599350318075703,1
1185.0,0.979155145929844,1
979.0,0.9815466729946934,1
1680.0,0.9818809442975258,1
1072.0,0.9819722641585031,1
1080.0,0.9821162019887725,1
2352.0,0.9822666337757123,1
980.0,0.9621706672634852,1
448.0,0.9800849494406996,1
470.0,0.9822919781006555,1
770.0,0.9825832177045801,1
2048.0,0.9826924023150134,1
2280.0,0.9630981818245973,1
720.0,0.9583637931548394,1
2208.0,0.9801151821448268,1
2512.0,0.9629879575448916,1
720.0,0.9588881259661973,1
2620.0,0.980342097232056,1
528.0,0.9635661635528273,1
2256.0,0.9810189377893876,1
546.0,0.9638615495208287,1
616.0,0.9811183731861404,1
816.0,0.983331095275061,1
936.0,0.9837251443364046,1
1215.0,0.9838051763651682,1
1974.0,0.9839211620847503,1
845.0,0.9840182019991319,1
814.0,0.9840709068841968,1
440.0,0.9841599941344075,1
315.0,0.9842118755487484,1
1200.0,0.9843155928566154,1
1287.0,0.9843289712064923,1
1230.0,0.9844513393084009,1
1518.0,0.9844800045730888,1
1635.0,0.9845766640123035,1
990.0,0.9846766641729835,1
1677.0,0.9847336624295059,1
1372.0,0.9847531752014322,1
730.0,0.9847860267185397,1
1668.0,0.9848669319453571,1
1564.0,0.9849034707480754,1
560.0,0.9849714176457928,1
1548.0,0.9850340406154202,1
1836.0,0.9850882015744356,1
1300.0,0.9851293250663484,1
2142.0,0.9851729242784452,1
585.0,0.9681141110061399,1
2740.0,0.9831271925758058,0
1368.0,0.952327830278578,1
1349.0,0.9750120271793443,1
1023.0,0.9772835820633266,1
406.0,0.9776596308383599,1
715.0,0.9777755477094178,1
1326.0,0.9779660147353127,1
484.0,0.9781397052261019,1
2720.0,0.9783211028439833,0
2052.0,0.9392066408457765,1
2144.0,0.9337397334924826,1
2679.0,0.933188094463281,1
550.0,0.9334828354820545,1
774.0,0.9687268158051132,1
949.0,0.9716247360017303,1
1155.0,0.9720354391199258,1
858.0,0.972225026999605,1
1372.0,0.9724078248561644,1
720.0,0.9725406063534047,1
1008.0,0.9726887509016409,1
2416.0,0.9729177064344369,1
520.0,0.9428932328112113,1
715.0,0.970881056877345,1
516.0,0.9732053883561149,1
1199.0,0.9735072183639261,1
2160.0,0.9736393646970779,1
1102.0,0.9442995199525384,1
1628.0,0.9716009107215264,1
1040.0,0.9739448701741238,1
390.0,0.9742783450558683,1
660.0,0.9744511380842626,1
1815.0,0.9746199333753303,1
1547.0,0.9747776408324391,1
1343.0,0.9749880073810588,1
2060.0,0.9751850594658,1
1104.0,0.9475510990498957,1
660.0,0.973268707766393,1
1989.0,0.9754687183809447,1
1615.0,0.9757883478436729,1
840.0,0.9759334770008762,1
1746.0,0.9760466852830773,1
2584.0,0.9761787749409649,1
793.0,0.9495323984515002,1
1520.0,0.9743232113775445,1
900.0,0.9765042233534648,1
1328.0,0.9768147517766133,1
810.0,0.97692945373049,1
1102.0,0.9770541287395446,1
1843.0,0.977145989602728,1
868.0,0.9772750975574335,1
1152.0,0.9773641877364111,1
2256.0,0.9775226858164621,1
812.0,0.9522637501946215,1
828.0,0.9756370448866366,1
1885.0,0.977669855010868,1
1650.0,0.9780062325898136,1
595.0,0.9781441025054565,1
1258.0,0.9782214677378473,1
2360.0,0.9783522272196704,1
1880.0,0.9539886344812492,1
1755.0,0.9766034343080648,1
3000.0,0.9785783079665431,0
2926.0,0.9399120422360938,0
1755.0,0.9240694283877325,1
666.0,0.9627827004766976,1
3040.0,0.9683006299290157,0
396.0,0.9204500529944447,1
1020.0,0.9569505410054959,1
1572.0,0.9614184565345499,1
410.0,0.9622235762329318,1
2322.0,0.9625931971199282,1
544.0,0.9221060265750447,1
1007.0,0.9583532499742735,1
1501.0,0.9628485203807181,1
1830.0,0.9635765676791639,1
1582.0,0.9639111842280955,1
2100.0,0.9641550177547044,1
1596.0,0.9251859677942529,1
819.0,0.9599483888700301,1
1876.0,0.9642769148182594,1
1610.0,0.9650208114227378,1
1236.0,0.9653139502653536,1
825.0,0.9655725439734915,1
774.0,0.965771374443585,1
972.0,0.9660160880123468,1
532.0,0.9662956657155368,1
2800.0,0.9665140100467026,0
1644.0,0.9155972282055538,1
345.0,0.9548923258254175,1
2340.0,0.9591052848022303,1
1785.0,0.9158794116889253,1
2980.0,0.9556422331198102,0
396.0,0.9021800239587068,1
1456.0,0.9487947494428577,1
918.0,0.9531095048827053,1
1176.0,0.9538388715910551,1
1740.0,0.9542225014461236,1
2256.0,0.9545753281383618,1
952.0,0.9062782337241617,1
731.0,0.951019031019017,1
741.0,0.9551909079948088,1
988.0,0.9558189989858943,1
1734.0,0.9562054330109189,1
1380.0,0.956500008068998,1
1387.0,0.9568402313820925,1
1344.0,0.9571591933980573,1
1558.0,0.9574657115840451,1
660.0,0.9577325233333219,1
703.0,0.9580672482946913,1
1888.0,0.9583384628171528,1
1768.0,0.9586394711930862,1
640.0,0.9589396753520608,1
950.0,0.9592178738571362,1
210.0,0.9595059937540344,1
551.0,0.9597622551509076,1
1764.0,0.9600135339916088,1
330.0,0.9602769711815174,1
1496.0,0.9605794417484215,1
1744.0,0.960864115459549,1
1170.0,0.9611767113206321,1
540.0,0.9614869674994684,1
1360.0,0.9617657374891468,1
275.0,0.9620216607608442,1
689.0,0.9623144278749114,1
680.0,0.962601350918758,1
1656.0,0.962837585113116,1
741.0,0.9630721814348925,1
570.0,0.9632995693973558,1
2394.0,0.9635684580992914,1
2718.0,0.9239845539762424,0
1520.0,0.904137333177168,1
2058.0,0.9529851724903977,1
