119.0,0.5,1
115.0,0.44444444444444453,1
56.0,0.5188284518828452,0
61.0,0.3179414597014092,0
40.0,0.23121502902191915,0
38.0,0.18549311442918232,0
38.0,0.16537382471456824,0
59.0,0.1673228537071548,0
152.0,0.18367417516762852,1
67.0,0.4578526318214052,0
62.0,0.29225654847067895,0
61.0,0.2507789011902264,0
149.0,0.21153194011022391,1
60.0,0.3878244647903537,0
125.0,0.25078583415045,1
74.0,0.4253543565809892,0
26.0,0.27584417363481806,0
121.0,0.26551750059923424,1
103.0,0.41148495712445776,0
107.0,0.36313670138085036,1
154.0,0.4065114340111894,1
86.0,0.4969607656663508,0
28.0,0.3297370627461296,0
127.0,0.30741701960278406,1
108.0,0.4556737722054396,1
54.0,0.4994543120007004,0
113.0,0.332902933199242,1
58.0,0.49535854860789963,0
102.0,0.3233038792091842,0
148.0,0.4255824539055463,1
81.0,0.43630579854399715,0
125.0,0.30477418282440305,1
78.0,0.474629862769235,0
49.0,0.2991679981512884,0
67.0,0.2701516854335994,0
134.0,0.23351313276114444,1
23.0,0.3918661782507455,0
66.0,0.2519027506601336,0
101.0,0.2433930864850905,0
72.0,0.30768508486316104,0
92.0,0.19148951137937806,0
134.0,0.18103024423558273,1
43.0,0.34001878502665467,0
59.0,0.22860427974413597,0
146.0,0.21147889153444357,1
55.0,0.3751519650975325,0
122.0,0.23824010549907784,1
64.0,0.41058562555122924,0
70.0,0.2580742064042069,0
62.0,0.24120946868138118,0
82.0,0.20488098328784532,0
47.0,0.17953424823787045,0
131.0,0.1650425705476033,1
80.0,0.40148187328076623,0
88.0,0.24233757173675502,0
127.0,0.2220213264313442,1
27.0,0.40074696361112233,0
147.0,0.2574441025783195,1
104.0,0.4477716201754308,0
90.0,0.3901846392894165,0
89.0,0.25840127540007074,0
46.0,0.2473827895599147,0
26.0,0.22017244650979467,0
47.0,0.19942779618128884,0
127.0,0.18167282157519482,1
22.0,0.41254566955192,0
85.0,0.25266275561045354,0
76.0,0.23501415343620746,0
96.0,0.20101416123996407,0
25.0,0.1764971697171063,0
149.0,0.158424571540335,1
148.0,0.32917575324256526,1
98.0,0.39037755519809836,0
84.0,0.2564751208045269,0
135.0,0.22375232496003997,1
38.0,0.4884608937877035,0
56.0,0.301878111453868,0
123.0,0.2636193565897441,1
148.0,0.4399921572152352,1
147.0,0.4578522652135297,1
51.0,0.4930971352142392,0
133.0,0.3424110577956238,1
141.0,0.5134846331353832,1
92.0,0.5219580642872866,0
85.0,0.37439859466302877,0
87.0,0.2798533124421141,0
88.0,0.22837743306658703,0
79.0,0.1921714985268885,0
30.0,0.18028743942552844,0
94.0,0.19580151662745215,0
78.0,0.1989976394593745,0
146.0,0.17338827195245307,1
150.0,0.49005457465696717,1
98.0,0.48927514435170194,0
31.0,0.35207828090618803,0
49.0,0.2912275346577444,0
152.0,0.24390728533094724,1
141.0,0.43241549330500473,1
104.0,0.4496172375609294,0
66.0,0.4304694448446641,0
125.0,0.2839734531356549,1
144.0,0.43699183280255505,1
153.0,0.4518658153508512,1
96.0,0.46783365252951276,0
80.0,0.33886358877034667,0
88.0,0.30153979704093786,0
131.0,0.2711395711271925,1
151.0,0.4365172239659191,1
81.0,0.4556141041763452,0
76.0,0.33006225922361565,0
110.0,0.2933796449796081,1
143.0,0.45231015132653823,1
72.0,0.46655356209557214,0
117.0,0.33465461102334176,1
89.0,0.4854409993315456,0
40.0,0.3450772355433355,0
87.0,0.3218675080277458,0
125.0,0.2941309413432704,1
39.0,0.4342964170553425,0
55.0,0.30699598828965363,0
42.0,0.2904245720027763,0
150.0,0.2696676119436973,1
66.0,0.4040828435163037,0
146.0,0.2827537750087827,1
88.0,0.4225681429929108,0
52.0,0.290034541953953,0
63.0,0.28494108978714594,0
77.0,0.26668934833392643,0
134.0,0.25034555221732685,1
88.0,0.37815004962348064,0
66.0,0.2578739807185795,0
127.0,0.2491387302846412,1
68.0,0.37872766840241556,0
145.0,0.25480325537817616,1
133.0,0.3990303348885422,1
60.0,0.41991206125034836,0
65.0,0.28950050947395145,0
82.0,0.28345206056576766,0
106.0,0.25890773484032914,1
124.0,0.39753348601631255,1
119.0,0.4310941153254652,1
98.0,0.4624920061778343,0
23.0,0.3216657846450503,0
104.0,0.29610164954557816,0
82.0,0.3773197624593474,0
124.0,0.26504837446588275,1
113.0,0.4027387690836004,1
69.0,0.43248021478837384,0
97.0,0.30142433401256036,0
127.0,0.2725284105264205,1
26.0,0.41347475472485334,0
77.0,0.2918533649670338,0
119.0,0.27050314022799105,1
76.0,0.41451321708964817,0
89.0,0.28738400822282884,0
49.0,0.2707954658103371,0
137.0,0.25016180632962853,1
44.0,0.43059281469537547,0
138.0,0.28984274843724483,1
115.0,0.4619206783142542,1
48.0,0.4565477818811228,0
132.0,0.32842042412181927,1
56.0,0.4974581607742255,0
129.0,0.329026814234163,1
71.0,0.5133867081194874,0
42.0,0.32936920800977854,0
126.0,0.2586600220157495,1
36.0,0.4431424132498224,0
107.0,0.28355062984712487,1
71.0,0.47969990780568555,0
130.0,0.2963330866281456,1
108.0,0.5029833241401978,1
130.0,0.4836182104091916,1
75.0,0.5415549731917115,0
49.0,0.37756851192652413,0
154.0,0.34091013650374563,1
92.0,0.5007839375547806,0
107.0,0.33266673136415276,1
42.0,0.5172292460784503,0
96.0,0.3299251550642234,0
63.0,0.3076036258518054,0
52.0,0.2665830381658707,0
24.0,0.23677785031011003,0
154.0,0.21155895877857175,1
54.0,0.4142801525988474,0
122.0,0.2662797880811795,1
119.0,0.45170211108473435,1
79.0,0.4663959212676436,0
52.0,0.3226586374546426,0
27.0,0.29985460097900785,0
147.0,0.2669276327704954,1
104.0,0.41616753650395505,0
94.0,0.37729138430307335,0
87.0,0.254341309926809,0
117.0,0.2415573725285726,1
143.0,0.3773334563622606,1
31.0,0.42842415178359305,0
99.0,0.2884075870193187,0
57.0,0.2698681844639192,0
106.0,0.24431628917667442,1
52.0,0.3966895270118559,0
99.0,0.2664123634525415,0
149.0,0.24707795633633112,1
32.0,0.4142532557326399,0
38.0,0.2708028053302223,0
104.0,0.2556971743023274,0
84.0,0.32171252694179275,0
107.0,0.20380518841767462,1
61.0,0.3677793623693811,0
63.0,0.2394204970301128,0
124.0,0.22362771666988202,1
71.0,0.37791654156663956,0
104.0,0.2658159712086534,0
102.0,0.3445778121790826,0
112.0,0.3097883588998289,1
138.0,0.36421903305887315,1
93.0,0.4313090448476751,0
41.0,0.2582094356768251,0
49.0,0.2436433164690648,0
28.0,0.21961634438631233,0
151.0,0.20217534739008897,1
143.0,0.4375646279847596,1
96.0,0.5206300393642378,0
144.0,0.3299909073360561,1
139.0,0.5182294204550844,1
147.0,0.5445856338808122,1
124.0,0.5844301032973706,1
24.0,0.6139674200141134,0
51.0,0.33223851229234463,0
96.0,0.30321935782588694,0
125.0,0.2587271099745817,1
142.0,0.4210863347793712,1
42.0,0.4619720288914043,0
56.0,0.3100542182332444,0
93.0,0.2796620797938542,0
63.0,0.2505069452407873,0
21.0,0.2248636930003135,0
58.0,0.2010390010586699,0
62.0,0.1850725294112025,0
47.0,0.1683267174027133,0
121.0,0.16888446594774031,1
106.0,0.4534272473782173,1
150.0,0.47145246658523215,1
50.0,0.5061355538985893,0
94.0,0.34952688067699456,0
138.0,0.29020219618862864,1
126.0,0.46400501980266656,1
67.0,0.4917861859200399,0
28.0,0.34709370553452085,0
115.0,0.30357032041322873,1
101.0,0.5502794402863563,0
125.0,0.4855188465019464,1
156.0,0.5328406807108408,1
130.0,0.5504635363482324,1
32.0,0.5722493590443148,0
140.0,0.42257491510842005,1
21.0,0.5966023484811336,0
127.0,0.40973373028953447,1
64.0,0.567418925739917,0
147.0,0.3882921849209946,1
83.0,0.5724531082851058,0
53.0,0.3774190260627781,0
142.0,0.26834792859701745,1
29.0,0.4631000397500099,0
129.0,0.3085225930902326,1
57.0,0.504554514578868,0
93.0,0.3238511418378096,0
25.0,0.2936141899301044,0
32.0,0.2505466674297182,0
35.0,0.21920751510226485,0
116.0,0.19486887224794142,1
149.0,0.3866204232845657,1
96.0,0.39511184442932096,0
114.0,0.2749200848647145,1
49.0,0.4452489583794243,0
92.0,0.29465542802297506,0
68.0,0.27759343935642067,0
33.0,0.24682748671991317,0
61.0,0.22219130720176203,0
104.0,0.20086537695914364,0
123.0,0.2646683336075132,1
56.0,0.40104814945282424,0
100.0,0.26799144670326713,0
75.0,0.33485727840268226,0
49.0,0.20027010913181295,0
142.0,0.19204967890221541,1
130.0,0.42032520179533694,1
64.0,0.4219150328402537,0
151.0,0.2936813949921912,1
55.0,0.48583373085437526,0
85.0,0.3114758625249729,0
95.0,0.287879232124655,0
153.0,0.2481399618877761,1
63.0,0.4102672648675959,0
98.0,0.26606274866148183,0
110.0,0.25373782099422526,1
97.0,0.4001207065906639,0
25.0,0.2644872621726408,0
117.0,0.2584157739643805,1
103.0,0.39663279129651785,0
119.0,0.35992921151343166,1
98.0,0.39514724600582724,0
131.0,0.2781874447604887,1
34.0,0.44243779063869926,0
69.0,0.2816443378053881,0
34.0,0.29730904381533857,0
100.0,0.26870960944120487,0
103.0,0.35168006009352776,0
55.0,0.31561261755434344,0
80.0,0.19851707487372677,0
127.0,0.17628202296859966,1
109.0,0.49400736756632546,1
65.0,0.4769438883910808,0
109.0,0.3302243519974607,1
127.0,0.5310738797072858,1
116.0,0.5248664445929235,1
87.0,0.5667939546826837,0
136.0,0.38182423516375197,1
154.0,0.5749927493133024,1
102.0,0.5683054284795237,0
144.0,0.5235440074801271,1
54.0,0.5199842778057602,0
140.0,0.37111737233161696,1
30.0,0.5518631171592604,0
36.0,0.34624716912743336,0
127.0,0.21812166499254362,1
89.0,0.44817858842585956,0
139.0,0.27876057257238135,1
48.0,0.49049595903973997,0
33.0,0.29779979888446756,0
82.0,0.285993810635462,0
107.0,0.242599590447786,1
48.0,0.4027964694830681,0
32.0,0.25717930032255826,0
145.0,0.2508664431808253,1
27.0,0.39350051988081025,0
113.0,0.25732529282174305,1
45.0,0.4268847827394001,0
111.0,0.277505828955235,1
59.0,0.45337372523810654,0
133.0,0.2864439149735333,1
82.0,0.47294652115804514,0
98.0,0.2959297972942999,0
24.0,0.18911189611184676,0
123.0,0.1578601585732437,1
137.0,0.38537727016002377,1
140.0,0.43834281005467446,1
139.0,0.48405454373105544,1
27.0,0.5218957137418432,0
103.0,0.32121515186943517,0
112.0,0.3674834494113124,1
46.0,0.4382005120167873,0
61.0,0.29487202482347624,0
108.0,0.26373371939547813,1
47.0,0.4241066629765271,0
51.0,0.2800624481771362,0
117.0,0.26266487102245456,1
73.0,0.4086288758511292,0
123.0,0.26741826043609274,1
63.0,0.4314696415735647,0
143.0,0.27571322609331117,1
156.0,0.4520339511846141,1
76.0,0.46930890714745876,0
104.0,0.3248152052048306,0
91.0,0.42365414963741194,0
140.0,0.27627186982248325,1
71.0,0.42809876290660553,0
54.0,0.2810451176218135,0
47.0,0.2800236731528549,0
101.0,0.25858476971931865,0
50.0,0.3368388144044029,0
143.0,0.21994995731018085,1
95.0,0.35473285103988556,0
93.0,0.23416386357367885,0
126.0,0.22760702032095725,1
42.0,0.4020861969109928,0
83.0,0.25595534355932004,0
152.0,0.2456361358895426,1
128.0,0.3927899529105608,1
138.0,0.4468732704305785,1
33.0,0.48783701730751505,0
91.0,0.33265989037997723,0
75.0,0.30372255973493767,0
129.0,0.2771351670803353,1
80.0,0.4180566856879684,0
84.0,0.28807156023707453,0
30.0,0.26921910815696937,0
47.0,0.24184262722340236,0
119.0,0.2147162378064142,1
119.0,0.38615734159027015,1
146.0,0.41100793094295063,1
50.0,0.43570135152897105,0
92.0,0.30399444976646905,0
115.0,0.26521003277512784,1
85.0,0.42455071509414183,0
73.0,0.3000460307227476,0
150.0,0.27067648122540594,1
147.0,0.4191145484418684,1
132.0,0.4353559393397965,1
28.0,0.4545538596407275,0
70.0,0.32506181245128735,0
104.0,0.2953098239442419,0
118.0,0.37173080053319574,1
99.0,0.4138341228527199,0
126.0,0.29436582561890423,1
122.0,0.433095453652607,1
72.0,0.4441332934235672,0
28.0,0.31983291054243507,0
23.0,0.3000961668165763,0
118.0,0.27974460114599176,1
79.0,0.4597054826516048,0
44.0,0.3233415038983815,0
157.0,0.2917898541703313,1
29.0,0.4447174730033361,0
73.0,0.30894054481985367,0
32.0,0.2889967352385007,0
65.0,0.2627109831995834,0
144.0,0.23982658197291593,1
125.0,0.38033747148651126,1
57.0,0.39271457958858097,0
53.0,0.27708203306420565,0
127.0,0.2545480313483638,1
120.0,0.3996181940178364,1
35.0,0.41144703017636586,0
28.0,0.2921620732187588,0
68.0,0.2699132905760948,0
71.0,0.22746798968807005,0
56.0,0.18838301604893262,0
110.0,0.16455883870490576,1
137.0,0.4920030628309904,1
49.0,0.4681721332616499,0
34.0,0.34271436570352304,0
113.0,0.28435198063637956,1
35.0,0.46089341408773876,0
74.0,0.31977044443761893,0
25.0,0.28614847515193415,0
59.0,0.2505635583353028,0
36.0,0.22177106374447636,0
57.0,0.19917392879799523,0
31.0,0.18401512079649063,0
142.0,0.17924352754007344,1
157.0,0.46365795942591714,1
147.0,0.44587694771654296,1
85.0,0.46320358254032323,0
141.0,0.33698374794837915,1
73.0,0.5222052828426824,0
51.0,0.36094053672737875,0
142.0,0.29578724480731133,1
49.0,0.4735422852451352,0
100.0,0.3273656542594428,0
135.0,0.3892019615274415,1
52.0,0.43570484386722197,0
24.0,0.31102678585845706,0
83.0,0.2840163911293688,0
48.0,0.25161319836321094,0
122.0,0.22491016659696897,1
110.0,0.383895982819402,1
63.0,0.3900887923057,0
116.0,0.27629222588407326,1
43.0,0.4299237309355007,0
74.0,0.29501395390907326,0
123.0,0.27941892885803915,1
49.0,0.4241779833758737,0
113.0,0.28720705118448725,1
89.0,0.44719819527025373,0
51.0,0.29598950871751506,0
97.0,0.2960908553339683,0
84.0,0.2711416376635093,0
106.0,0.2529205175908714,1
151.0,0.3845780491470442,1
62.0,0.45887152142123044,0
119.0,0.2974478621013127,1
107.0,0.4372336974790944,1
28.0,0.47314978126673723,0
50.0,0.323028842138541,0
74.0,0.30993250763807095,0
129.0,0.2916190742616469,1
30.0,0.4221095576475453,0
132.0,0.2869209526376117,1
75.0,0.42682643290611283,0
142.0,0.28448696329405826,1
55.0,0.43349075264033365,0
99.0,0.2833349575997244,0
27.0,0.2949690543979897,0
47.0,0.2764835611552025,0
52.0,0.26445443470005275,0
99.0,0.2524292356756131,0
88.0,0.23618137975919742,0
22.0,0.21943652503577105,0
73.0,0.2037240996243548,0
77.0,0.1891059438172482,0
43.0,0.17481523357892875,0
145.0,0.1853155810102174,1
25.0,0.40629864450792075,0
78.0,0.2570590016903404,0
50.0,0.22811710854272577,0
29.0,0.19434462886190357,0
39.0,0.17205789490906387,0
39.0,0.1554560086543808,0
100.0,0.1628521819919126,0
140.0,0.21829295894652484,1
68.0,0.36879341356947987,0
141.0,0.2448561578109566,1
111.0,0.43578363913878754,1
66.0,0.46292742980901996,0
98.0,0.3142260843692751,0
66.0,0.2850187764528425,0
98.0,0.24946557216589163,0
60.0,0.22119750631369423,0
133.0,0.2060072749962608,1
128.0,0.5345780213165707,1
125.0,0.5038149430282943,1
152.0,0.54549050432251,1
139.0,0.5729431694754855,1
53.0,0.5985877996361192,0
53.0,0.41756700423837106,0
49.0,0.33849971224446973,0
128.0,0.27898635623038925,1
55.0,0.48529796219086324,0
86.0,0.343334962887435,0
39.0,0.2947644166193727,0
80.0,0.2509346809599429,0
82.0,0.2155386073615811,0
23.0,0.2002001352427899,0
108.0,0.1844382043954016,1
44.0,0.40568165284972696,0
125.0,0.2862245814572116,1
89.0,0.46302278162755356,0
57.0,0.31274291386712094,0
108.0,0.28399704083189065,1
24.0,0.4409719878865015,0
105.0,0.2941686826729682,1
84.0,0.47331815441980263,0
82.0,0.3012233046217293,0
96.0,0.2933713027921236,0
120.0,0.2582450453844873,1
85.0,0.4062131062166843,0
136.0,0.268189291387504,1
79.0,0.43448843752128813,0
52.0,0.27557582401037295,0
71.0,0.27506768591034925,0
48.0,0.24617281023269122,0
101.0,0.22466830297106355,0
32.0,0.2856890536918168,0
118.0,0.17239063134811283,1
60.0,0.354834298151131,0
127.0,0.23275900431711827,1
28.0,0.40794880048250987,0
86.0,0.25778413439441755,0
114.0,0.25079768219756693,1
62.0,0.3961429573803991,0
93.0,0.2532109598380723,0
75.0,0.24532000553848163,0
98.0,0.21488714858653213,0
128.0,0.19248203477334586,1
109.0,0.476112980187861,1
86.0,0.5197144676830122,0
126.0,0.34363729454624353,1
22.0,0.543562042007425,0
135.0,0.3374106129007632,1
126.0,0.5507440626983571,1
118.0,0.5402520005636122,1
102.0,0.5874577311084671,0
21.0,0.5320303669740148,0
81.0,0.3331224310856572,0
134.0,0.2849849113403977,1
136.0,0.4630387968865426,1
124.0,0.4828642549322359,1
43.0,0.5084165530958131,0
57.0,0.3605474014963184,0
57.0,0.3140483497634044,0
75.0,0.2760424464456145,0
98.0,0.24478889172433815,0
146.0,0.2189445338905141,1
86.0,0.4384010879864422,0
73.0,0.31532721286245363,0
122.0,0.2716302355509593,1
148.0,0.5158821997529432,1
62.0,0.5082468968657672,0
21.0,0.3707888589671145,0
52.0,0.3065627119932118,0
137.0,0.25686619243225745,1
51.0,0.4775883325188797,0
150.0,0.33154851453770107,1
154.0,0.5152992076539328,1
88.0,0.5009790428291814,0
87.0,0.3712696532795094,0
141.0,0.3260783538574294,1
41.0,0.4873831199682366,0
124.0,0.3379915621734195,1
126.0,0.5115156288160803,1
143.0,0.49915524531828825,1
50.0,0.5225874348948898,0
120.0,0.38420144634402287,1
68.0,0.5472189698073018,0
113.0,0.37952421939945546,1
47.0,0.5455679295828093,0
47.0,0.3715721218040147,0
117.0,0.27319857093426114,1
63.0,0.4656905636047994,0
94.0,0.3158994251754679,0
110.0,0.27724552705218725,1
90.0,0.4447968409825844,0
47.0,0.2999266971988766,0
114.0,0.2766639000231817,1
50.0,0.4294494028832624,0
102.0,0.28611167483061717,0
33.0,0.37737782375893064,0
71.0,0.240477089038623,0
101.0,0.22720430646587655,0
40.0,0.29579502858775775,0
150.0,0.19499165269972396,1
55.0,0.45996592453929563,0
140.0,0.28864621066351337,1
48.0,0.49982964496185445,0
139.0,0.30871183729292023,1
21.0,0.5260889785893347,0
86.0,0.3086886651428946,0
88.0,0.2386325373297568,0
53.0,0.1936193253908671,0
46.0,0.18531468607423038,0
33.0,0.15341808649881264,0
46.0,0.1599742321039431,0
93.0,0.15775734503198266,0
118.0,0.16254364256666579,1
36.0,0.4446997006357388,0
95.0,0.2747504182750795,0
86.0,0.24167906262004785,0
128.0,0.19797376338445455,1
21.0,0.4085986695572864,0
55.0,0.2505881145715153,0
52.0,0.22978019993176468,0
56.0,0.19620644698853584,0
84.0,0.17635036864143067,0
69.0,0.18416340854416505,0
98.0,0.14972202030443563,0
95.0,0.16282330051825258,0
61.0,0.1542177687224603,0
95.0,0.15662321627257877,0
116.0,0.15545230544969904,1
126.0,0.3870455896311978,1
118.0,0.4307100760576281,1
82.0,0.4742873314460205,0
106.0,0.3193567851100726,1
99.0,0.49491333031215845,0
22.0,0.3326514340657959,0
85.0,0.29929839831469646,0
42.0,0.26171976929262325,0
152.0,0.2301535330791829,1
146.0,0.46058730608089254,1
63.0,0.4831615326639266,0
99.0,0.332262142888482,0
28.0,0.28448702535561465,0
23.0,0.24203671632474216,0
69.0,0.21480790821875734,0
70.0,0.2167323920823257,0
41.0,0.18906835360761154,0
23.0,0.1892601402736666,0
69.0,0.1998407632911585,0
78.0,0.19423292566819753,0
134.0,0.18193559254065864,1
82.0,0.5701435585424165,0
112.0,0.33911883322735326,1
50.0,0.5583777844500281,0
110.0,0.3443154009187747,1
77.0,0.5632902091384655,0
126.0,0.33932187113760803,1
44.0,0.545919178300631,0
57.0,0.3344296194107424,0
75.0,0.21554409593512186,0
73.0,0.17618088008589342,0
128.0,0.17633857836946756,1
149.0,0.42133319443368916,1
97.0,0.477666824044228,0
120.0,0.3148507121995252,1
97.0,0.5031869666260326,0
147.0,0.321827631056824,1
115.0,0.5195333921340295,1
100.0,0.5131133892414634,0
153.0,0.4807017365274423,1
38.0,0.5115097153001038,0
83.0,0.36081227539643357,0
22.0,0.21723302367875288,0
102.0,0.1764597233005581,0
121.0,0.2345668281614635,1
138.0,0.5193759350113711,1
51.0,0.4887434029630663,0
102.0,0.3527328709118824,0
142.0,0.3801243336666708,1
41.0,0.44760080565678495,0
95.0,0.3075375041306658,0
153.0,0.26619112643647624,1
129.0,0.44077530402296977,1
109.0,0.44511243902084785,1
72.0,0.4742495674441619,0
58.0,0.3363448548629137,0
74.0,0.29972456578304596,0
125.0,0.26420919055767095,1
143.0,0.47844450353985096,1
103.0,0.4807620486858457,0
64.0,0.4585968882716886,0
28.0,0.2988077218657343,0
128.0,0.25771661143614044,1
29.0,0.41857261016258895,0
51.0,0.29411100188123834,0
131.0,0.26467238777681973,1
82.0,0.42513647843871183,0
145.0,0.28716394811206575,1
84.0,0.4508163632564752,0
54.0,0.2929089055624476,0
96.0,0.2883354360991376,0
44.0,0.26075934782171895,0
60.0,0.24011016559198037,0
132.0,0.2199511111852589,1
85.0,0.36611144631761894,0
85.0,0.24112782434954075,0
75.0,0.23010132654781143,0
87.0,0.20714888192532815,0
63.0,0.18579777047129156,0
145.0,0.1677358249554995,1
75.0,0.35410553165204567,0
53.0,0.2277392734883258,0
104.0,0.20172999881706796,0
98.0,0.2605210747048439,0
69.0,0.15221440976857542,0
143.0,0.1702061819596257,1
32.0,0.4336044688559679,0
129.0,0.26421008771483745,1
141.0,0.4801369025961878,1
116.0,0.5036464626485644,1
37.0,0.5496848397168264,0
52.0,0.3790290255683655,0
137.0,0.33125430480047935,1
83.0,0.4952030107934835,0
44.0,0.33389785985029985,0
99.0,0.30671796358910564,0
95.0,0.27211235950185403,0
63.0,0.22453419470636352,0
65.0,0.1931429011158775,0
63.0,0.1669168655166879,0
28.0,0.2065499963100973,0
63.0,0.1819091228541348,0
128.0,0.16925496744426446,1
99.0,0.4321172922223263,0
89.0,0.2834203168440868,0
102.0,0.24245024019931516,0
61.0,0.29274445227131773,0
31.0,0.18317744783653742,0
41.0,0.1630324917166537,0
80.0,0.1571569330137007,0
99.0,0.14998970660482497,0
60.0,0.1407793893836293,0
51.0,0.1430801503023481,0
91.0,0.14754862731894638,0
86.0,0.19831462876598147,0
30.0,0.1664485831794434,0
66.0,0.14979598365093327,0
57.0,0.15739294454594863,0
26.0,0.1432961313385622,0
93.0,0.13858027510355372,0
145.0,0.15724004281822995,1
71.0,0.47283433504482897,0
27.0,0.28711183637714927,0
40.0,0.24546089462672976,0
40.0,0.20324286711478423,0
137.0,0.19701170065720006,1
79.0,0.43188158120158215,0
56.0,0.27265799389681716,0
112.0,0.23828552078163678,1
146.0,0.42442629404480425,1
43.0,0.4994167253703488,0
34.0,0.321984088122891,0
94.0,0.2781939069663803,0
91.0,0.23706326272808237,0
83.0,0.20502977109999337,0
82.0,0.2136771524826541,0
106.0,0.1760210706035665,1
144.0,0.44437218330274614,1
142.0,0.4722279531587465,1
64.0,0.5084730337636856,0
44.0,0.3451144314904301,0
119.0,0.2847114856062813,1
123.0,0.5087296357051342,1
124.0,0.5274045804862872,1
24.0,0.5584872843629489,0
22.0,0.35929435698056766,0
120.0,0.29910624506715977,1
29.0,0.4735760377098802,0
62.0,0.3160832499515238,0
104.0,0.28449694042279366,0
73.0,0.3456151571466484,0
42.0,0.2233009787148861,0
88.0,0.20614957004082507,0
81.0,0.17742156322691077,0
152.0,0.194418605488772,1
83.0,0.44019812298879485,0
106.0,0.2826527389213947,1
70.0,0.48338982328766894,0
147.0,0.31430869820895474,1
55.0,0.5151024516702325,0
137.0,0.3025285738072298,1
34.0,0.5252709413484027,0
62.0,0.31497760913451106,0
40.0,0.27802873604427203,0
44.0,0.23322657109347922,0
89.0,0.20172233284964394,0
114.0,0.1784504187219065,1
144.0,0.3558781502942283,1
154.0,0.39407973648291195,1
107.0,0.4361712853498981,1
61.0,0.4724379930147403,0
29.0,0.31696221320325546,0
47.0,0.26775550174439633,0
65.0,0.23431312664849432,0
57.0,0.20356962774254986,0
137.0,0.19091654084011128,1
67.0,0.41407053071445044,0
63.0,0.29372987993427974,0
51.0,0.24810056030582373,0
24.0,0.2147225378362818,0
65.0,0.1887943153710468,0
44.0,0.16970187937190123,0
125.0,0.15656224574928068,1
75.0,0.37252410738831926,0
60.0,0.2587562554314997,0
117.0,0.22105615369293702,1
36.0,0.4220512626020728,0
24.0,0.27897254562666557,0
145.0,0.24952530777298032,1
37.0,0.4100965176846635,0
150.0,0.2694650940116483,1
110.0,0.4417737960872433,1
77.0,0.5315438361369286,0
157.0,0.3223811469981339,1
119.0,0.4965897951641606,1
76.0,0.5275516970230595,0
33.0,0.3431080627003757,0
77.0,0.3269789704828238,0
75.0,0.2934101570949474,0
151.0,0.2669100694430592,1
27.0,0.40766788607078475,0
135.0,0.2676855711557368,1
74.0,0.420384763495982,0
32.0,0.272270639998235,0
136.0,0.2746966527908892,1
44.0,0.40480292881882846,0
110.0,0.2659008586930307,1
107.0,0.4250152416972361,1
42.0,0.4601272952894384,0
155.0,0.31152707413791353,1
138.0,0.4670925927499335,1
113.0,0.4955889157890031,1
49.0,0.5320072920517256,0
28.0,0.36635602093220804,0
149.0,0.3525119683896663,1
104.0,0.48849935299400066,0
153.0,0.4455261132462087,1
145.0,0.46860970513185385,1
39.0,0.5018134643558378,0
104.0,0.3554644958473118,0
145.0,0.4525631421823322,1
158.0,0.4642647662273542,1
133.0,0.4997104166710879,1
52.0,0.5264492916020215,0
122.0,0.37701329579971055,1
129.0,0.522979790600784,1
155.0,0.5349217727866389,1
140.0,0.5573712610868915,1
145.0,0.57828390919098,1
91.0,0.5985621890902273,0
28.0,0.4209575566054924,0
60.0,0.39775996971857697,0
65.0,0.3719812686694148,0
67.0,0.34879925816150414,0
107.0,0.32785146009513305,1
142.0,0.45966476211181684,1
56.0,0.49497132750604383,0
83.0,0.2911460910424576,0
136.0,0.2853190347748782,1
39.0,0.41206003216694637,0
60.0,0.2686584540531316,0
75.0,0.2704988017780966,0
56.0,0.25598817685758507,0
91.0,0.239230220088478,0
36.0,0.2220047642469538,0
106.0,0.2062769922291511,1
51.0,0.33788256237920866,0
146.0,0.22899848510753465,1
100.0,0.39815575524782376,0
137.0,0.34778960654218755,1
102.0,0.3955334173658308,0
72.0,0.3842601087824304,0
152.0,0.2534751227565513,1
68.0,0.41635835435633917,0
107.0,0.2619228079080496,1
152.0,0.437015822741303,1
151.0,0.5252552948531193,1
140.0,0.5759557459568123,1
143.0,0.598819703922915,1
88.0,0.6266579650100607,0
69.0,0.3102866157558929,0
28.0,0.32135018734162146,0
112.0,0.29286235850806486,1
124.0,0.4306040973870681,1
127.0,0.4850458904634318,1
119.0,0.5306029043179544,1
126.0,0.5581683723253525,1
111.0,0.590616797250757,1
154.0,0.610440835198131,1
70.0,0.6075656836516198,0
100.0,0.3265652976831328,0
79.0,0.4221528626701832,0
99.0,0.2963069496056356,0
53.0,0.27532268608233174,0
151.0,0.25837252096184693,1
109.0,0.38739330506083003,1
90.0,0.4339100141429513,0
147.0,0.2903277310318361,1
48.0,0.41623122214088204,0
92.0,0.2836370967639986,0
145.0,0.272944292750427,1
64.0,0.40971492604602694,0
83.0,0.2745181911881921,0
61.0,0.26811648600816035,0
115.0,0.2470629938337265,1
141.0,0.38147732809036317,1
146.0,0.41444766501410935,1
46.0,0.4458018572218364,0
101.0,0.3086554904705185,0
36.0,0.38993707912353975,0
65.0,0.27316362261400773,0
141.0,0.2486746477489134,1
62.0,0.3821575853377759,0
103.0,0.2681574222496156,0
132.0,0.3465805223779871,1
128.0,0.38563585808388096,1
135.0,0.40928254708316003,1
101.0,0.43079510886881633,0
143.0,0.41114594278894,1
58.0,0.4409272055669884,0
129.0,0.31363691605802163,1
133.0,0.45750522910934777,1
147.0,0.46662764100240123,1
69.0,0.48511553274462493,0
39.0,0.3521096356362817,0
112.0,0.3323505614133353,1
29.0,0.46771195465052184,0
119.0,0.33494768826062027,1
117.0,0.4772228249251574,1
30.0,0.48182241814585725,0
140.0,0.35163548329981253,1
119.0,0.4966159387997756,1
86.0,0.49542205057488786,0
56.0,0.3657907172212623,0
37.0,0.35534505057603555,0
132.0,0.33422018051501073,1
94.0,0.4665556231573851,0
116.0,0.3327387178782515,1
24.0,0.47721253557757337,0
152.0,0.33488191752635765,1
155.0,0.48748466619056763,1
152.0,0.4752519799118495,1
111.0,0.49156481398292823,1
75.0,0.503125153924382,0
85.0,0.37424986010574357,0
47.0,0.24756613370282082,0
99.0,0.19265972867079845,0
96.0,0.16736152434697654,0
54.0,0.20778251243447782,0
97.0,0.20147369266686516,0
42.0,0.17406306882382674,0
65.0,0.18350642379918058,0
113.0,0.1821637703003868,1
130.0,0.43077173922558154,1
134.0,0.44075994720210343,1
61.0,0.4507603359057048,0
33.0,0.3298219424953918,0
26.0,0.2736100328432391,0
32.0,0.23211359021059838,0
131.0,0.20429882516383419,1
81.0,0.49868637616130235,0
64.0,0.35689548701910323,0
48.0,0.29051111122421286,0
125.0,0.24194829719790262,1
145.0,0.4242177146798741,1
97.0,0.43473072589200923,0
59.0,0.31710851392684364,0
46.0,0.27459911754487243,0
66.0,0.2408622261352925,0
21.0,0.21877322975495436,0
63.0,0.19176545761235594,0
103.0,0.18874293368399198,0
103.0,0.26083282950806735,0
40.0,0.26294758813027536,0
105.0,0.18242250100836124,1
61.0,0.4301271887268394,0
107.0,0.31377258127032737,1
71.0,0.49276029664026505,0
94.0,0.3500558183530888,0
105.0,0.307380284649697,1
