4164.911355013605,0.5,0
3212.0,0.8532899750508913,1
2160.0,0.8738941835693623,1
920.0,0.9056520114196454,1
560.0,0.9077367281105918,1
2592.0,0.9091695262236988,1
3926.0,0.9089491936190017,0
2889.0,0.880834100676286,1
525.0,0.9061758496815354,1
2714.0,0.9071973174113611,1
2220.0,0.9088125775955441,1
1575.0,0.9057646453929746,1
3857.0,0.9057535722016546,0
1204.0,0.8814868165890419,1
2898.0,0.9046526981938192,1
1972.0,0.9088129234029276,1
1248.0,0.9063003561748716,1
3496.0,0.9092360276296975,1
3066.0,0.8828159735697425,1
1575.0,0.8767077576924324,1
3525.0,0.9042158157079306,1
660.0,0.8819225707309962,1
1568.0,0.9067475907141326,1
2940.0,0.9088656000630523,1
4239.0,0.9091646305134339,0
2492.0,0.8803762573157284,1
1176.0,0.9051314461926357,1
1975.0,0.9094071493932773,1
660.0,0.9093149489771397,1
952.0,0.9090551626622311,1
630.0,0.9097539173946001,1
1824.0,0.9090941205389077,1
2794.0,0.9097542954718079,1
2664.0,0.9090370842408497,1
3192.0,0.9062178155623867,1
2028.0,0.8797826971282848,1
3168.0,0.9063952372607269,1
3892.0,0.8816487944082111,0
3003.0,0.8773867223766317,1
3822.0,0.8778466372523663,0
777.0,0.8770240471257703,1
2662.0,0.9061774620963376,1
3750.0,0.9087537157112101,0
2898.0,0.8784761201446131,1
3016.0,0.9061519491266142,1
2832.0,0.8801020269077086,1
1334.0,0.9059302369776432,1
3150.0,0.9071751316079786,1
2875.0,0.8822969341694074,1
4004.0,0.9049229039032056,0
1035.0,0.8776640154583653,1
2834.0,0.904255737955555,1
3348.0,0.908990812195029,1
4144.0,0.8803623008427406,0
3360.0,0.8762008282089,1
1932.0,0.876039430370469,1
2740.0,0.9059066355351261,1
3051.0,0.908967288581069,1
4060.0,0.8785036248224785,0
1204.0,0.8779198726457481,1
3500.0,0.9047777453025699,1
1760.0,0.8816819075229827,1
2444.0,0.9063457545763688,1
2200.0,0.9088277905334015,1
2725.0,0.9095024058660606,1
750.0,0.9089794019275088,1
2550.0,0.9074005393920782,1
2444.0,0.9090334818640065,1
1288.0,0.9079849779764219,1
1682.0,0.9089433494601373,1
1612.0,0.9092703494692056,1
2662.0,0.9092956491611871,1
1924.0,0.9092324787606718,1
1932.0,0.905953504199217,1
1378.0,0.9092083864004923,1
736.0,0.909534459734746,1
1840.0,0.9090746470569069,1
3128.0,0.9097475513863489,1
1215.0,0.8828705032174057,1
2639.0,0.905158824995625,1
638.0,0.9089265123862759,1
2304.0,0.9097372053756628,1
3978.0,0.9098049828584225,0
2424.0,0.8831371308762176,1
2990.0,0.9061553808690316,1
2132.0,0.907481728568917,1
1995.0,0.9057871256872301,1
2185.0,0.9091999598720816,1
2040.0,0.9090544822264246,1
990.0,0.9090348766006386,1
3380.0,0.9095181372503927,1
3275.0,0.8819598850225224,1
2220.0,0.87661154660155,1
1600.0,0.9046681876938057,1
2920.0,0.9072300727993705,1
3416.0,0.9088155061124878,1
693.0,0.878179053290328,1
912.0,0.9046952807209967,1
3565.0,0.9086478092006296,1
2236.0,0.8824234268740039,1
1820.0,0.9061986733863086,1
2538.0,0.9095350683932275,1
4320.0,0.9093262836340976,0
552.0,0.8819365456873529,1
3640.0,0.9052645122829444,0
2550.0,0.882632979007822,1
1420.0,0.9066059813043871,1
2926.0,0.909092871236995,1
2484.0,0.9092162072452621,1
2530.0,0.9061504895531778,1
1541.0,0.9086431659750204,1
2340.0,0.9079479822558999,1
3078.0,0.90932005804223,1
1488.0,0.8806354295039099,1
2675.0,0.9060718448545492,1
2295.0,0.9085021247432351,1
990.0,0.9058884622989934,1
3294.0,0.9089682647618297,1
2332.0,0.882153085055959,1
1804.0,0.9066563335855672,1
1590.0,0.9072385711178217,1
3808.0,0.9088796430489102,0
3335.0,0.8821892878198578,1
529.0,0.8768741274422878,1
1110.0,0.9048105183936833,1
2600.0,0.9088981672225601,1
744.0,0.9096383057418719,1
1980.0,0.9078401081361559,1
594.0,0.9091753567284145,1
1900.0,0.9090517205072144,1
696.0,0.9090346733966103,1
672.0,0.9095128635649036,1
2850.0,0.9095569488251425,1
897.0,0.909322864267357,1
4312.0,0.9092997916196874,0
1909.0,0.8827895758655442,1
3094.0,0.9062258051078819,1
912.0,0.8827839716715786,1
2133.0,0.9066176189142702,1
2793.0,0.9090912143586749,1
640.0,0.9094468273029452,1
3220.0,0.9065558061145923,1
3550.0,0.8815776648462567,1
1566.0,0.8763334067265774,1
1863.0,0.9043723350175797,1
616.0,0.9093399880650743,1
2016.0,0.9095445916982041,1
2958.0,0.9093245167963753,1
506.0,0.9089631106927115,1
2920.0,0.9073993000242503,1
483.0,0.908828243719577,1
3584.0,0.906111575121801,1
1960.0,0.8818285640487171,1
1596.0,0.9052618181738349,1
1848.0,0.9089360589604373,1
3105.0,0.9097379508665357,1
3690.0,0.8831298557164019,0
3000.0,0.8789102509785448,1
2160.0,0.8782815071601667,1
2328.0,0.9046144772264854,1
3875.0,0.9088898873743406,0
3052.0,0.8821459346173991,1
2322.0,0.8792954163144139,1
2736.0,0.9063850256009535,1
2320.0,0.908530027614038,1
3330.0,0.9063615323650533,1
1680.0,0.8800390329218879,1
972.0,0.9066005894996384,1
1250.0,0.9093309486631077,1
1474.0,0.9097719471031821,1
4200.0,0.9098155791603533,0
2583.0,0.881992689240404,1
1440.0,0.9047754748806004,1
1804.0,0.907620820302028,1
1550.0,0.9093900449615452,1
4212.0,0.9097785966094332,0
840.0,0.8825822369209998,1
2726.0,0.9053253417111211,1
2160.0,0.9089438462328837,1
2208.0,0.9095070041020233,1
984.0,0.9095513249937609,1
2875.0,0.9097938042367093,1
2632.0,0.9092438439888006,1
1817.0,0.9078048010486246,1
3003.0,0.9094113473342574,1
3078.0,0.8822030521722574,1
2970.0,0.8788223877651834,1
3668.0,0.9063469324416807,0
1508.0,0.8819478448034066,1
2619.0,0.9048904606299832,1
725.0,0.908906145675106,1
1400.0,0.9095014690648289,1
2160.0,0.9097847093470958,1
2204.0,0.9098112664616183,1
1890.0,0.9095796889527896,1
3480.0,0.9095648335467835,1
3926.0,0.8819646413538531,0
2875.0,0.8769379996884501,1
2929.0,0.9060637868883603,1
552.0,0.9070979183054322,1
2900.0,0.9078204394232426,1
1360.0,0.9095447186363438,1
1450.0,0.9076364944578541,1
3020.0,0.9096290120986938,1
2728.0,0.8825299062594685,1
2780.0,0.9059045877281188,1
3016.0,0.9059530183795155,1
3690.0,0.8799937127453931,0
2625.0,0.876484788428332,1
4030.0,0.9060299269395533,0
4104.0,0.8798486792273447,0
1550.0,0.8767136954375461,1
2709.0,0.9059595825413709,1
1932.0,0.908941153200267,1
2620.0,0.9079761139345419,1
1377.0,0.909085659560854,1
2375.0,0.9074102778727617,1
1386.0,0.9091303738838332,1
2304.0,0.9097538193205542,1
3915.0,0.9098114885705441,0
2860.0,0.8825474645883798,1
1550.0,0.9063037365612348,1
3276.0,0.907397969001248,1
3660.0,0.8825843554168413,0
3120.0,0.8783610595565544,1
960.0,0.8770747525536944,1
3712.0,0.9063678634064102,0
1350.0,0.8825406630858453,1
1846.0,0.904944326790635,1
3780.0,0.9086716873937271,0
1950.0,0.8821233071279254,1
3808.0,0.906183977958452,0
1800.0,0.8816239625723788,1
736.0,0.9048627367571553,1
672.0,0.9089065398847882,1
910.0,0.9092661850419215,1
3225.0,0.9095382849853205,1
4437.0,0.8822151629356384,0
3159.0,0.8790636493813611,1
1247.0,0.8785602783752686,1
1584.0,0.9063270510622856,1
1872.0,0.9093139696630043,1
3900.0,0.9093068885509444,0
2886.0,0.8819352144106873,1
3596.0,0.9049638268097746,1
2472.0,0.8794435194475587,1
3552.0,0.9047511916586557,1
2968.0,0.8794235034999274,1
3699.0,0.9043651454473131,0
1725.0,0.8793821027505139,1
3900.0,0.9046668035250353,0
2266.0,0.8822747400080355,1
3611.0,0.905886746963222,0
1474.0,0.8783408827262722,1
1474.0,0.9047010587642358,1
759.0,0.90937216007263,1
3888.0,0.909068117967145,0
3480.0,0.8824644611693964,1
735.0,0.8790614642407051,1
2325.0,0.904481252978938,1
2132.0,0.9091156128853847,1
3536.0,0.9092873284830627,1
676.0,0.8824895366539577,1
2540.0,0.9065962897285589,1
3161.0,0.908751679927644,1
1617.0,0.8805761266881776,1
2028.0,0.9066401164080214,1
2163.0,0.909341888604862,1
2121.0,0.9089660765124721,1
1827.0,0.9076914364430232,1
2784.0,0.9078743094310522,1
780.0,0.908834524550848,1
1848.0,0.9079684308418491,1
4560.0,0.9089446516639756,0
1782.0,0.8818950115284911,1
598.0,0.9052672653017173,1
4088.0,0.9089391366536749,0
918.0,0.882491882796706,1
2140.0,0.9053151292958068,1
1073.0,0.9090820359737829,1
2716.0,0.9079846684037096,1
1875.0,0.9094270474105189,1
2808.0,0.9090661150546493,1
3000.0,0.909650347337631,1
3275.0,0.8806682004412874,1
1944.0,0.8786787502649098,1
3150.0,0.9059506251598004,1
2352.0,0.8821650758399565,1
4172.0,0.9061812160279951,0
1200.0,0.8825167721915164,1
2400.0,0.9047463518150177,1
841.0,0.9088958704203576,1
4116.0,0.9092653405686909,0
2132.0,0.8825257225942525,1
1840.0,0.9053208593416436,1
552.0,0.90894088466099,1
2064.0,0.9097383289357205,1
1300.0,0.9098102732609825,1
2436.0,0.9093422614966196,1
2781.0,0.909538999623807,1
1320.0,0.9094593306344999,1
903.0,0.9074379035847897,1
528.0,0.9093767089372043,1
1848.0,0.9093060408232547,1
1350.0,0.9095361681636032,1
2457.0,0.9095561734459736,1
2625.0,0.9095603476938192,1
2760.0,0.9090189816360742,1
1540.0,0.9061595750183086,1
2403.0,0.9061767922158597,1
1940.0,0.9087411565601003,1
3192.0,0.9097280874017791,1
2376.0,0.8819837555245067,1
4050.0,0.9047747634373896,0
1275.0,0.880390356823765,1
1624.0,0.9062436926340325,1
2496.0,0.909299708434303,1
966.0,0.9097695048662586,1
2150.0,0.9098127292931412,1
3648.0,0.9093424537280131,0
2667.0,0.8825354855454056,1
2064.0,0.9046307616330109,1
1200.0,0.9076087578006435,1
2117.0,0.9093916904337085,1
754.0,0.9095422720621511,1
4263.0,0.9097904822946945,0
3654.0,0.8825840814454744,0
1189.0,0.8769165069799465,1
2982.0,0.9048078041628025,1
1247.0,0.9090624498577123,1
1596.0,0.906134762539133,1
2116.0,0.9089868888468436,1
621.0,0.9092772017179425,1
2134.0,0.909059815773727,1
1344.0,0.9090378695764482,1
784.0,0.9092778280438756,1
1274.0,0.9092988162627473,1
1518.0,0.9093030986115725,1
1230.0,0.9090618848755393,1
630.0,0.9090406325904868,1
2562.0,0.9090337798308475,1
3036.0,0.9094155054274209,1
1800.0,0.8799274173072034,1
1830.0,0.9050990540960362,1
3480.0,0.9089228723759734,1
990.0,0.882782225217957,1
2875.0,0.9051548545225605,1
2825.0,0.9085873073452082,1
720.0,0.9070905252253876,1
1628.0,0.9063225041738302,1
3724.0,0.9094798594436474,0
2060.0,0.8825134439741723,1
1500.0,0.9061084588148658,1
2813.0,0.907768990323528,1
3096.0,0.9091720079342563,1
2856.0,0.8819207971264864,1
3528.0,0.9048882936489879,1
3473.0,0.8782118815553255,1
660.0,0.8783997052408636,1
1188.0,0.9059303168882338,1
1554.0,0.9090428106055468,1
2376.0,0.9090391862381852,1
3750.0,0.9092753802839182,0
2070.0,0.8827851779083851,1
986.0,0.9068067292794745,1
2530.0,0.9091129276177637,1
2350.0,0.9091863141205965,1
3792.0,0.9078028927083669,0
4350.0,0.8820679265175589,0
1872.0,0.8769506440354183,1
1281.0,0.9061642979374456,1
1204.0,0.9095330538869173,1
999.0,0.9095636799194134,1
1248.0,0.9090820804231553,1
3944.0,0.9092787401627768,0
1274.0,0.882786821989329,1
1972.0,0.906421089950387,1
1708.0,0.9093132086587093,1
2184.0,0.9097757517813049,1
2520.0,0.9093447576829677,1
3752.0,0.9087623902041146,0
1998.0,0.8779333360565789,1
1820.0,0.9044777893536534,1
3388.0,0.9088731588354032,1
1210.0,0.8821894414294178,1
3335.0,0.9052954962820795,1
3500.0,0.8814751581214312,1
462.0,0.8763223912965948,1
3780.0,0.9047636731577253,0
3120.0,0.8817200943081495,1
598.0,0.8765898774830068,1
3848.0,0.9042029883875323,0
1890.0,0.8819555364771521,1
4396.0,0.9050861065192234,0
1014.0,0.8814497063330042,1
1344.0,0.9052276590919605,1
2540.0,0.9091733044508313,1
3129.0,0.9096613417300985,1
624.0,0.8806647278960277,1
990.0,0.9049670745601247,1
2150.0,0.9091537281845405,1
860.0,0.9095254537063817,1
3625.0,0.9095605868630017,0
2987.0,0.8819648672101291,1
1040.0,0.904582999216058,1
2352.0,0.9070276240029154,1
1472.0,0.908798144363839,1
4408.0,0.9059158134879826,0
1140.0,0.8820711055670155,1
1325.0,0.9063739119231329,1
3159.0,0.9088351634979639,1
2460.0,0.8821393943713484,1
2625.0,0.9066548710432452,1
1288.0,0.9073379239877454,1
1782.0,0.9072691157967765,1
2720.0,0.9088815347769091,1
868.0,0.9091663968000678,1
3150.0,0.9074187768434702,1
3875.0,0.8819789045651767,0
2904.0,0.8790165313785877,1
2928.0,0.9041058016537112,1
4060.0,0.9050837567825158,0
1260.0,0.8779456635743754,1
1536.0,0.9058262603466151,1
3000.0,0.909269674449562,1
2001.0,0.8822351497395549,1
1340.0,0.9049066663065951,1
1690.0,0.9093868421284159,1
1239.0,0.9093055968152687,1
840.0,0.9097701062874549,1
3328.0,0.9095817004769401,1
4147.0,0.8822201673989728,0
3248.0,0.8788238754485954,1
609.0,0.8787786341584729,1
3250.0,0.9061561567630562,1
1679.0,0.8818821960447498,1
946.0,0.906553142739884,1
1800.0,0.9088511485120975,1
624.0,0.909016729778063,1
2600.0,0.909750942327928,1
1113.0,0.9087993484986533,1
2508.0,0.9059140116848382,1
1539.0,0.908866345088644,1
3825.0,0.9075831308438015,0
1288.0,0.8823405250869497,1
2040.0,0.904922758098865,1
1584.0,0.9089140750450719,1
1682.0,0.9090276487680171,1
1470.0,0.9092796546314099,1
2825.0,0.9090600220564038,1
4144.0,0.9089388569876854,0
3220.0,0.8803536292820835,1
1533.0,0.8767636334916193,1
4170.0,0.9063488813769662,0
2610.0,0.8822084301943197,1
3900.0,0.9065746204346862,0
3429.0,0.8822299856678769,1
945.0,0.8785861719058053,1
504.0,0.9065158038367175,1
1380.0,0.9095683546876187,1
1276.0,0.9090824969076038,1
2904.0,0.9095140853302577,1
3427.0,0.9096893381491651,1
756.0,0.8804308319482388,1
2574.0,0.9051449434497947,1
1568.0,0.9086826928995829,1
2133.0,0.909724125511154,1
3306.0,0.909099419678503,1
1104.0,0.8821672287691443,1
1876.0,0.9061843691764045,1
3321.0,0.9090616737099277,1
3234.0,0.8819121691281625,1
1536.0,0.876370991757574,1
2900.0,0.9041902402514004,1
2366.0,0.9085036747406023,1
2040.0,0.90755218674994,1
880.0,0.9095210555525142,1
725.0,0.907448947177216,1
3096.0,0.9088957490822805,1
1798.0,0.882191546233023,1
2552.0,0.9049060996131497,1
3080.0,0.9090481027531194,1
2904.0,0.8801285113330487,1
4290.0,0.9059291514224634,0
3266.0,0.8803191688889065,1
2002.0,0.8781468322624312,1
2670.0,0.904595209129916,1
1155.0,0.909357298992829,1
3570.0,0.9097772572881095,1
3645.0,0.8825840897578044,0
1110.0,0.8767651979467898,1
4560.0,0.9059596013628938,0
1430.0,0.8824650586223295,1
2565.0,0.9065967088717594,1
832.0,0.908849284973364,1
1363.0,0.9095014376038497,1
840.0,0.9093185055203716,1
2916.0,0.9092994518030246,1
1265.0,0.9094368940321926,1
1798.0,0.9080168386126343,1
