60.0,0.5,0
52.0,0.33333333333333326,0
102.0,0.24137931034482757,0
137.0,0.2647058823529411,1
31.0,0.37299035369774913,0
141.0,0.23087071240105536,1
159.0,0.40676323821520277,1
110.0,0.4444444444444444,1
112.0,0.48877805486284287,1
47.0,0.5263851001787226,0
170.0,0.3676138843582733,1
32.0,0.5161290322580646,0
149.0,0.3647798742138365,1
64.0,0.5242752978836919,0
44.0,0.36085821704501325,0
28.0,0.3472188468429849,0
54.0,0.3164044286044799,0
36.0,0.29144693118735066,0
156.0,0.2696497460027245,1
116.0,0.40230854470468835,1
158.0,0.42185551063880944,1
102.0,0.4414232146349378,0
75.0,0.42332677223032816,0
163.0,0.29769773608859035,1
41.0,0.42144304105563907,0
66.0,0.30251192446001457,0
108.0,0.2859850123216021,1
105.0,0.4130627975653593,1
169.0,0.42745986335887903,1
78.0,0.44188714768073656,0
127.0,0.3189000961842055,1
85.0,0.44444444444444436,0
96.0,0.3218142548596112,0
84.0,0.3094900353752933,0
67.0,0.29564882886747834,0
71.0,0.2828684102427636,0
75.0,0.2710409387955344,0
56.0,0.26007550634979903,0
166.0,0.24989075852841977,1
115.0,0.3645626168229566,1
60.0,0.38255906962617603,0
79.0,0.2724172588088381,0
91.0,0.25697564132629325,0
130.0,0.24759799233550733,1
26.0,0.3600244520346276,0
131.0,0.26058097690508547,1
74.0,0.36989207732182117,0
100.0,0.2652297994921454,0
132.0,0.3550004714399268,1
82.0,0.36931812876374676,0
145.0,0.2622789633274606,1
90.0,0.37641443685187537,0
93.0,0.26591195116275335,0
46.0,0.26221492405430546,0
169.0,0.255019839845517,1
74.0,0.36592339333250995,0
80.0,0.2570460492303546,0
138.0,0.2546708373205843,1
165.0,0.3647214176127169,1
92.0,0.3673878351538331,0
159.0,0.2617222121774015,1
52.0,0.3772723381994878,0
49.0,0.26447762585679446,0
61.0,0.2646757664546763,0
92.0,0.25828966018014105,0
94.0,0.2525060067283639,0
91.0,0.24694330222190797,0
59.0,0.2416040962684067,0
172.0,0.23647573581040304,1
97.0,0.34121358018882286,0
160.0,0.23867890896697314,1
35.0,0.34754366579614554,0
140.0,0.24172350699252992,1
159.0,0.3535271078695843,1
170.0,0.35229329397704634,1
43.0,0.35918980543209267,0
100.0,0.25579341944948597,0
30.0,0.35351272811507806,0
46.0,0.24722463591826058,0
30.0,0.24518997440513474,0
28.0,0.24065643956609845,0
53.0,0.23632422983748816,0
162.0,0.23213490794596484,1
116.0,0.3343188352294444,1
51.0,0.3389382133292582,0
94.0,0.23967475397070903,0
24.0,0.23605295792749037,0
56.0,0.23208523694388863,0
112.0,0.22824052033175282,1
135.0,0.3290088159951823,1
60.0,0.3347440403179725,0
46.0,0.23648881360090268,0
155.0,0.23203307562866454,1
57.0,0.3333399256205611,0
74.0,0.2358507822551726,0
104.0,0.232561316312282,0
49.0,0.32216667003406835,0
34.0,0.22651519596150674,0
31.0,0.22225448252589142,0
155.0,0.21899081692851619,1
117.0,0.3167312915060555,1
133.0,0.322910016172512,1
109.0,0.32777760418459806,1
81.0,0.33252097565093935,0
111.0,0.23502089172480956,1
130.0,0.3317117919399033,1
127.0,0.33982897863021566,1
127.0,0.34451052767464696,1
30.0,0.3489429318052166,0
149.0,0.24845308028170673,1
157.0,0.34572857988895356,1
102.0,0.35539615781019784,0
49.0,0.35280361527290194,0
68.0,0.2511782653665441,0
142.0,0.24251568641876378,1
102.0,0.34444071711344315,0
132.0,0.34781664068285945,1
126.0,0.35331186772248857,1
171.0,0.35741205946343063,1
76.0,0.3613889233304448,0
99.0,0.25891316057128244,0
87.0,0.2507952282803535,0
36.0,0.2473389714728138,0
159.0,0.2441977436997657,1
92.0,0.34643392756660263,0
33.0,0.2520482296067091,0
72.0,0.24469370898971712,0
49.0,0.24150262481038806,0
169.0,0.2385850561286149,1
161.0,0.3393912626940064,1
77.0,0.3491638197936124,0
28.0,0.2494123759697006,0
113.0,0.24134577266179638,1
69.0,0.3422313043953507,0
123.0,0.2484440872925028,1
104.0,0.34609564346446414,0
125.0,0.3482367193708174,1
134.0,0.35283579268530707,1
128.0,0.3563452250797275,1
77.0,0.3597731342547487,0
162.0,0.2579105199318509,1
89.0,0.3577648938202441,0
47.0,0.25938675770099,0
169.0,0.2540769355365238,1
60.0,0.3574731506173429,0
88.0,0.2585371436744448,0
64.0,0.25399409602615935,0
52.0,0.2512769961646142,0
156.0,0.24865124402947109,1
134.0,0.3508710989056814,1
140.0,0.35691589306833144,1
159.0,0.36018264101041925,1
157.0,0.36330854633728515,1
149.0,0.36639160937961374,1
98.0,0.3694370309650279,0
100.0,0.26613293440672164,0
124.0,0.3575847154035462,1
127.0,0.36779852941865004,1
62.0,0.37120507446262907,0
146.0,0.2676832311639667,1
115.0,0.3669894781142248,1
58.0,0.3753213634743203,0
136.0,0.27143544997257557,1
131.0,0.3718284317622966,1
120.0,0.3796898616151416,1
135.0,0.38279000391402335,1
59.0,0.385583202878908,0
81.0,0.27984781193547037,0
144.0,0.27136592101868057,1
58.0,0.37706038144444665,0
39.0,0.2783554139926332,0
165.0,0.2709721325382407,1
119.0,0.3766317955145034,1
35.0,0.3851393371611926,0
118.0,0.27986367127182754,1
47.0,0.38136553742196827,0
70.0,0.2807710966024565,0
84.0,0.27436073847960474,0
150.0,0.27169083676466477,1
100.0,0.37761193463082066,0
41.0,0.3806595402326281,0
115.0,0.2756147399647737,1
122.0,0.3773481942507067,1
171.0,0.3839924085543006,1
76.0,0.38670281176494226,0
82.0,0.28098745262345326,0
142.0,0.2742816660040903,1
131.0,0.3802858929230611,1
94.0,0.38761599204736674,0
172.0,0.28201200145922894,1
26.0,0.38454304456746535,0
168.0,0.28287059528570424,1
82.0,0.3867235987391867,0
152.0,0.28389831508499924,1
113.0,0.38886069045098337,1
107.0,0.3935309408252849,1
118.0,0.3959447426944394,1
59.0,0.3982736623894945,0
134.0,0.2909611815277693,1
125.0,0.3960742149495497,1
137.0,0.4014323442927837,1
173.0,0.40380614642834806,1
103.0,0.40605491607742095,0
95.0,0.40413005441016303,0
52.0,0.29565325552262123,0
98.0,0.28914414734176297,0
71.0,0.2866286654761585,0
167.0,0.2843126914116792,1
168.0,0.3918911788529868,1
55.0,0.3994519927454634,0
35.0,0.29232844396042973,0
161.0,0.28540273974785135,1
133.0,0.3928424887566049,1
76.0,0.400273697272301,0
165.0,0.29305537949106947,1
68.0,0.3965749600622698,0
75.0,0.29369244990357674,0
62.0,0.2878623323604525,0
154.0,0.28552595451274576,1
134.0,0.39313142355320535,1
140.0,0.399827024431433,1
145.0,0.4021103492345968,1
128.0,0.40416311640046587,1
78.0,0.4061876991299932,0
81.0,0.2979657241030632,0
133.0,0.29037798516183055,1
111.0,0.3983450790657603,1
50.0,0.40643507744626817,0
105.0,0.2985379354901248,1
141.0,0.4019095157319282,1
150.0,0.40928244613135895,1
103.0,0.4115386688731294,0
35.0,0.4098441410669208,0
105.0,0.30083820990066057,1
95.0,0.4040358670108356,0
138.0,0.3012237177974994,1
142.0,0.4057024675218531,1
133.0,0.41257521194042873,1
137.0,0.4147194135770967,1
158.0,0.41660058233653907,1
40.0,0.4184533979842076,0
63.0,0.3087326726691862,0
127.0,0.3007889193519619,1
155.0,0.41008807519885315,1
55.0,0.41841804863610116,0
147.0,0.3090975431166604,1
128.0,0.41339186935642913,1
154.0,0.42096842577746546,1
107.0,0.4231010809123026,1
48.0,0.4248933015228055,0
134.0,0.3144314890344201,1
171.0,0.41890553655149293,1
129.0,0.4268364128724622,1
118.0,0.42896648319513553,1
40.0,0.43071414630459276,0
102.0,0.31959064918476826,0
75.0,0.41926075924736883,0
160.0,0.31548247686674463,1
67.0,0.41945316007326194,0
98.0,0.3160532875739834,0
71.0,0.3080601991493559,0
118.0,0.30564006436089214,1
126.0,0.41578636436258004,1
25.0,0.42488739392574143,0
137.0,0.31497788425842416,1
48.0,0.41898208727446695,0
131.0,0.3151630198957246,1
26.0,0.42037648226050767,0
141.0,0.3157656369171179,1
38.0,0.42177121723750377,0
86.0,0.3163439082582101,0
74.0,0.31019499934386313,0
102.0,0.3080403580690729,0
131.0,0.4137411974017481,1
82.0,0.4217010184571525,0
61.0,0.312044617573441,0
98.0,0.30564405067784717,0
98.0,0.3035453356706833,0
110.0,0.30165533770830616,1
27.0,0.4110989533083105,0
106.0,0.3074949065214364,1
125.0,0.41275409950925923,1
150.0,0.41903392915752,1
132.0,0.42083656989484874,1
74.0,0.42241108135376837,0
168.0,0.3124279315837572,1
158.0,0.4176113795026741,1
144.0,0.42422758138463273,1
107.0,0.42602773182270615,1
112.0,0.4275668230771558,1
155.0,0.4290823579637798,1
68.0,0.4305876248698874,0
87.0,0.319661157044197,0
40.0,0.31175772879017793,0
158.0,0.30954980182067643,1
140.0,0.41995285146791755,1
150.0,0.4284734143751523,1
170.0,0.4304251187946102,1
120.0,0.43192328792466794,1
38.0,0.43338102508896276,0
103.0,0.32216831012240127,0
103.0,0.42177704733137555,0
53.0,0.42780159168522774,0
101.0,0.31747210014937155,0
111.0,0.41570303770429445,1
100.0,0.42607014399337706,0
34.0,0.4254446198738208,0
74.0,0.31494725838365023,0
43.0,0.305462770883008,0
31.0,0.3031633685152,0
120.0,0.3014022214573633,1
149.0,0.41057122514145333,1
70.0,0.42115457570157144,0
148.0,0.3121530508000281,1
158.0,0.4136579491057041,1
134.0,0.4232201851073472,1
70.0,0.42529998729041896,0
137.0,0.3151480192148479,1
85.0,0.4169795961590286,0
95.0,0.31499549718107395,0
57.0,0.30642915426794964,0
84.0,0.3042683044705809,0
111.0,0.3025716430621543,1
63.0,0.41182930978248367,0
135.0,0.3111165785371444,1
166.0,0.41370974213128386,1
73.0,0.4227258954644869,0
88.0,0.3133998665547367,0
71.0,0.3046145291083931,0
162.0,0.30250722032716165,1
101.0,0.4116737203354016,0
122.0,0.418822176160323,1
136.0,0.42116285874018256,1
153.0,0.42256075550744354,1
137.0,0.42388507467283115,1
42.0,0.4251973323078737,0
132.0,0.31506886202078854,1
34.0,0.4176047650763885,0
164.0,0.3149907105919181,1
166.0,0.4187037226784439,1
150.0,0.42690787690023807,1
125.0,0.42868044079907575,1
67.0,0.42999488052152235,0
150.0,0.31932773761710687,1
117.0,0.4227345162102223,1
99.0,0.43114004689129826,0
70.0,0.32081120766463284,0
59.0,0.3124999502602687,0
151.0,0.3104860404952026,1
37.0,0.4206614777133332,0
66.0,0.31802345395875464,0
36.0,0.3103341554980915,0
172.0,0.3083993827257423,1
61.0,0.4182723541581671,0
62.0,0.3157964749511202,0
40.0,0.3082619499555068,0
144.0,0.30637523157940766,1
144.0,0.4159475702361068,1
126.0,0.42467196236994253,1
126.0,0.42643597287404356,1
71.0,0.4276943575037199,0
44.0,0.3173488286259216,0
66.0,0.3086923644244791,0
160.0,0.3067130885913956,1
40.0,0.41628718422814853,0
166.0,0.3146072275461385,1
81.0,0.4179169237565423,0
41.0,0.31511442537888734,0
155.0,0.3076086024670719,1
71.0,0.41689602005346815,0
44.0,0.31427309446203533,0
86.0,0.30709653974525175,0
113.0,0.3053195138850519,1
110.0,0.4146658327036773,1
113.0,0.4229727907706022,1
67.0,0.4246377419401057,0
174.0,0.3147223599230087,1
155.0,0.4179103730819827,1
123.0,0.4257723040107813,1
75.0,0.42738958908034536,0
39.0,0.31715687450766283,0
28.0,0.3091863095122755,0
27.0,0.30735975504395285,0
149.0,0.3059217517118278,1
71.0,0.41532405131381755,0
111.0,0.3133965613831945,1
139.0,0.41683963039339694,1
84.0,0.42477837250198486,0
76.0,0.31526159341295273,0
38.0,0.30754905340937366,0
72.0,0.30578758032228676,0
136.0,0.3043924386557278,1
169.0,0.413542588511854,1
109.0,0.4222256817522192,1
149.0,0.42389368751279954,1
25.0,0.42504890410886714,0
148.0,0.31510526816243084,1
65.0,0.417552326562428,0
71.0,0.3149804830856662,0
66.0,0.3074180836656642,0
167.0,0.30567900231380274,1
79.0,0.41494619212789036,0
137.0,0.31302700007977546,1
145.0,0.41640768809485995,1
33.0,0.424247061026166,0
118.0,0.31482599318332033,1
94.0,0.41820406930283915,0
132.0,0.31483208649798616,1
114.0,0.4191190143093643,1
78.0,0.42621199451486513,0
126.0,0.3164838289197025,1
67.0,0.42086771156951236,0
93.0,0.3165505110838904,0
160.0,0.3103912346675783,1
170.0,0.42001344769562443,1
41.0,0.426807764047879,0
34.0,0.31697929812899206,0
116.0,0.3106175852524924,1
109.0,0.4202456601018269,1
49.0,0.42697782413706664,0
34.0,0.3171327478913831,0
68.0,0.3108267673017219,0
39.0,0.309298552291944,0
94.0,0.3080066631658991,0
168.0,0.3067353628544792,1
26.0,0.41608159106564035,0
89.0,0.3128060450629936,0
119.0,0.3065839196396402,1
165.0,0.4156125802559145,1
74.0,0.4225753622822511,0
39.0,0.31329830365822986,0
173.0,0.3068384469216761,1
44.0,0.4158765014424305,0
165.0,0.31230653550059556,1
85.0,0.41703862441517364,0
165.0,0.31269549946795056,1
51.0,0.4179137864006035,0
38.0,0.31306196381870316,0
112.0,0.30793753046314293,1
91.0,0.41722283386501025,0
105.0,0.3123643526847194,1
52.0,0.41825350814207984,0
50.0,0.31272394581079976,0
110.0,0.3082531789863974,1
168.0,0.4176155329958277,1
45.0,0.4224311520568098,0
84.0,0.3130281543226201,0
82.0,0.3084730649993109,0
72.0,0.3071729952181029,0
90.0,0.30598664930797265,0
125.0,0.30481201793218243,1
36.0,0.4137925223250752,0
80.0,0.3091836164180275,0
117.0,0.3045515999857409,1
26.0,0.4133454816675637,0
170.0,0.30854353137041274,1
174.0,0.4143236788651425,1
60.0,0.418813296431105,0
121.0,0.30985671578371554,1
40.0,0.4158852301862952,0
53.0,0.3100866857976505,0
129.0,0.30625543691654383,1
81.0,0.41531860908928964,0
146.0,0.3094408448285909,1
90.0,0.41621519085654646,0
141.0,0.3097726963740889,1
27.0,0.41702075371390657,0
122.0,0.3100946923458696,1
98.0,0.41781779812437064,0
43.0,0.3104089490765567,0
166.0,0.30797323755452183,1
110.0,0.41730805868575227,1
153.0,0.419755102343841,1
86.0,0.42072987412285595,0
138.0,0.3114550556073212,1
146.0,0.4195220499433087,1
84.0,0.4219759076381238,0
26.0,0.3125762096968779,0
54.0,0.3101005833079107,0
120.0,0.3089707972452173,1
163.0,0.4184375598566146,1
95.0,0.4210865586366812,0
124.0,0.31180779733921354,1
123.0,0.4199233894576146,1
121.0,0.4223414632825254,1
37.0,0.4232897978231097,0
67.0,0.313724802134911,0
104.0,0.311072877981303,0
151.0,0.41815773997668393,1
76.0,0.4214503312729223,0
83.0,0.31214960138807857,0
75.0,0.3095662104346548,0
73.0,0.3084636339254333,0
27.0,0.30739034813226757,0
116.0,0.30632409251231857,1
173.0,0.4153823896871605,1
95.0,0.4185247393393572,0
116.0,0.30959937282046496,1
43.0,0.41685526701843845,0
173.0,0.3098555651814287,1
123.0,0.41760078055997424,1
73.0,0.4200885559242208,0
90.0,0.31095755233721784,0
85.0,0.30847570384771944,0
43.0,0.3074065388268601,0
94.0,0.3063643284372325,0
109.0,0.30532874902480317,1
97.0,0.4142145521136177,0
138.0,0.30767667003845767,1
100.0,0.41499677202867663,0
141.0,0.4159061049415336,1
110.0,0.4170394263017369,1
174.0,0.41792502581022667,1
166.0,0.4188045142517294,1
97.0,0.4196808209478923,0
148.0,0.31059381769311717,1
155.0,0.4184098640726233,1
120.0,0.42083033117389274,1
63.0,0.4217232282770294,0
42.0,0.31239383511333535,0
85.0,0.3097776957754105,0
35.0,0.30873063850574395,0
101.0,0.3077146979309841,0
67.0,0.41445833503637686,0
107.0,0.3080490637723661,1
115.0,0.4146493177421604,1
95.0,0.4179318282595054,0
63.0,0.30912882768851435,0
87.0,0.3059502308592015,0
57.0,0.304911993163044,0
131.0,0.30392548979309003,1
128.0,0.41255275066999847,1
97.0,0.4161975873416276,0
80.0,0.30763303201351894,0
27.0,0.3041969345483699,0
164.0,0.30316426711695504,1
174.0,0.4116688477861004,1
103.0,0.41545214055753366,0
47.0,0.41478808790765365,0
116.0,0.3061808860994757,1
99.0,0.41198049147231053,0
160.0,0.30638862547256795,1
161.0,0.41268509962695477,1
118.0,0.4159947542500636,1
56.0,0.4168868870763413,0
33.0,0.3081838737626874,0
70.0,0.3048088878539249,0
145.0,0.3037969433651569,1
29.0,0.4123651295448879,0
113.0,0.30676808231452285,1
106.0,0.41313251389382843,1
144.0,0.4164011419310113,1
57.0,0.41727944290845753,0
62.0,0.30853705072370297,0
26.0,0.3052027475913141,0
41.0,0.3042041977084736,0
76.0,0.3032653132966269,0
57.0,0.3023329398012743,0
123.0,0.3014057322017002,1
161.0,0.40960563532162175,1
41.0,0.41373347970028623,0
103.0,0.3055387340182535,0
52.0,0.40873991190742504,0
72.0,0.30388204498517707,0
166.0,0.29989236174498396,1
57.0,0.40774813565047935,0
96.0,0.30337853449996777,0
94.0,0.2996001723041542,0
163.0,0.29861751649223545,1
130.0,0.4063811611707589,1
83.0,0.410701542053501,0
159.0,0.30291712134142845,1
69.0,0.4077666725899987,0
112.0,0.30310706309417235,1
96.0,0.4084445805664281,0
34.0,0.30339634287718154,0
41.0,0.30013062184998174,0
144.0,0.2991883915869458,1
81.0,0.4070190379088538,0
166.0,0.30216170352175126,1
106.0,0.407766255829634,1
152.0,0.41104762426581126,1
142.0,0.41189168354750144,1
94.0,0.4126707702629424,0
99.0,0.3045401228377981,0
143.0,0.3010658814628656,1
135.0,0.40908437131874437,1
89.0,0.41279459143413805,0
38.0,0.30472746020927105,0
143.0,0.30127422619865074,1
24.0,0.4093163501712359,0
32.0,0.304179416563305,0
165.0,0.300983419434158,1
122.0,0.40898864545591507,1
65.0,0.41246295329295035,0
64.0,0.3044341846705864,0
43.0,0.3011913457452948,0
101.0,0.3002759222412418,0
56.0,0.40611188812322957,0
27.0,0.3014377267696505,0
37.0,0.29780136090353654,0
33.0,0.29688091815820833,0
163.0,0.29604045760504605,1
127.0,0.4033504373305456,1
101.0,0.4076426109638108,0
127.0,0.40711373452523436,1
33.0,0.4080684677938564,0
104.0,0.3005602857049265,0
153.0,0.40325664961447233,1
80.0,0.4074560921474064,0
172.0,0.3001149838305255,1
84.0,0.4050202218151682,0
51.0,0.3003184154643047,0
143.0,0.2972458945123333,1
52.0,0.40465866998658945,0
41.0,0.2998869123729919,0
60.0,0.29699147854979663,0
53.0,0.29613352936203513,0
148.0,0.29532238512812836,1
128.0,0.4024921168043251,1
64.0,0.40592032183909715,0
105.0,0.29876562833586867,1
137.0,0.4037391197432723,1
47.0,0.40696135816937407,0
130.0,0.29966404443394123,1
162.0,0.4049125393047449,1
162.0,0.4079910842348896,1
130.0,0.40877503533305015,1
85.0,0.409501368397998,0
126.0,0.3018207920751797,1
130.0,0.40714796936293457,1
59.0,0.4104373282388584,0
37.0,0.30269729650420685,0
128.0,0.2995873802628866,1
111.0,0.4073155974983376,1
120.0,0.4106460737236886,1
29.0,0.4114284807922226,0
58.0,0.3035079136285322,0
90.0,0.3002486396846428,0
115.0,0.2993894039656936,1
59.0,0.40713685349097023,0
151.0,0.30232262906265245,1
168.0,0.40781901628031514,1
148.0,0.41106048485149915,1
42.0,0.41183097556887965,0
107.0,0.3038655673900915,1
96.0,0.40946761639688817,0
29.0,0.30405069026627024,0
139.0,0.3011616150292723,1
25.0,0.40910660779409114,0
69.0,0.3036210220734524,0
50.0,0.3008987886526309,0
47.0,0.3000760787944405,0
47.0,0.29929402100274627,0
33.0,0.29851637738257175,0
141.0,0.2977423810913537,1
172.0,0.4052188434634211,1
96.0,0.4086769420589958,0
90.0,0.3011941508354047,0
167.0,0.2980057273385212,1
82.0,0.40544959178691325,0
64.0,0.30072314992180027,0
83.0,0.29776345897553375,0
31.0,0.29695349902703977,0
57.0,0.29619445950206935,0
92.0,0.29543999933321896,0
140.0,0.29468902746431536,1
97.0,0.4016830114062082,0
136.0,0.29772971584189145,1
98.0,0.40236072887010926,0
84.0,0.2979918682246313,0
134.0,0.2950571472069024,1
168.0,0.40204360998792643,1
95.0,0.4052834674457305,0
87.0,0.2982502406238407,0
108.0,0.29527212933789915,1
129.0,0.4022847323713896,1
47.0,0.4055100428994803,0
37.0,0.2984492448614646,0
92.0,0.2954834751194523,0
56.0,0.2947005148227267,0
103.0,0.2939685751396112,0
39.0,0.3989861395846327,0
123.0,0.2952583893985044,1
137.0,0.3992253404500081,1
125.0,0.4028387806249762,1
56.0,0.40359523072832537,0
28.0,0.29674181970144986,0
105.0,0.29323572820206384,1
50.0,0.3998841767906083,0
98.0,0.29628859337573904,0
112.0,0.29302806938177706,1
130.0,0.39965154697909866,1
125.0,0.40330666092095807,1
100.0,0.40405580508659117,0
137.0,0.4034958378174654,1
145.0,0.40432734534865866,1
64.0,0.40498867060997684,0
155.0,0.29795468598589475,1
148.0,0.4023389898474516,1
174.0,0.40582700104703134,1
99.0,0.406560318734081,0
44.0,0.29932311845941617,0
25.0,0.2959201915870782,0
111.0,0.29513742213868427,1
126.0,0.4021436527753844,1
53.0,0.4059704718389924,0
95.0,0.29889948513141096,0
88.0,0.29541630784114736,0
124.0,0.2946353559812851,1
129.0,0.4015573066265376,1
54.0,0.4054817437626821,0
47.0,0.2984843550275529,0
46.0,0.29492009398468605,0
158.0,0.29414072437539934,1
29.0,0.4009793238596991,0
148.0,0.29743179001192777,1
156.0,0.4016368690654661,1
100.0,0.405284866020588,0
56.0,0.40483124262433007,0
150.0,0.29771927133830284,1
93.0,0.4018678820025699,0
110.0,0.2978707911052207,1
126.0,0.4024184215393526,1
104.0,0.40577328472689955,0
44.0,0.40530676110423264,0
81.0,0.2981356359971425,0
28.0,0.29491117621910856,0
127.0,0.2941633677068004,1
60.0,0.4009875092197734,0
161.0,0.29711802113273017,1
52.0,0.40161285061701346,0
135.0,0.29735935917622297,1
43.0,0.4021578757710006,0
105.0,0.297595621875815,1
127.0,0.40269928857726106,1
39.0,0.4054308541622191,0
115.0,0.29840377448715805,1
156.0,0.4036964323277054,1
111.0,0.4063073551112131,1
113.0,0.4069663861755578,1
134.0,0.4075838877596753,1
145.0,0.40819897405597333,1
170.0,0.4088125104217728,1
76.0,0.4094245234665975,0
42.0,0.30183933516810585,0
35.0,0.298682799091575,0
39.0,0.2979432742341102,0
75.0,0.2972644731588374,0
160.0,0.29658988657316326,1
45.0,0.4037628764260693,0
160.0,0.29966612658502284,1
34.0,0.40437537320712785,0
133.0,0.2998965448855724,1
56.0,0.4049003633432572,0
131.0,0.30012178795263206,1
72.0,0.4054219274938977,0
125.0,0.30034396555825804,1
26.0,0.4059401672162031,0
47.0,0.30056312033334154,0
141.0,0.29827831477267375,1
108.0,0.4056615694594676,1
115.0,0.4081352325699207,1
130.0,0.40876930352174945,1
83.0,0.40936704675919044,0
174.0,0.3018015283407267,1
125.0,0.40752936113024163,1
54.0,0.4101516530990437,0
117.0,0.302523286885195,1
114.0,0.4084743253715952,1
129.0,0.41097800685808833,1
43.0,0.4116055475388321,0
163.0,0.3037569774383091,1
60.0,0.40984912833649134,0
44.0,0.30392524105730134,0
64.0,0.3016856608873601,0
154.0,0.3009993458661379,1
102.0,0.40879905535220595,0
39.0,0.41022282049336917,0
44.0,0.30247341788181326,0
120.0,0.30015641737898074,1
125.0,0.4077963153808071,1
126.0,0.4102631561339327,1
117.0,0.41088064522445494,1
128.0,0.4114616944714638,1
102.0,0.41204066548035856,0
80.0,0.41153141294166135,0
46.0,0.3035910088639882,0
173.0,0.3007914711312831,1
141.0,0.4084968850408977,1
90.0,0.4115073064105901,0
77.0,0.30373274115258775,0
56.0,0.3009477099728188,0
41.0,0.30025653006593683,0
165.0,0.29961129493113575,1
100.0,0.4071872621152417,0
78.0,0.40933733994908345,0
31.0,0.30174093781436034,0
168.0,0.29882296281430326,1
66.0,0.40621884536578623,0
61.0,0.3013422410065472,0
142.0,0.29861876905753204,1
156.0,0.4059886439960465,1
145.0,0.40899147474347103,1
111.0,0.40961696112610335,1
39.0,0.41018378881406686,0
129.0,0.3025357770869894,1
61.0,0.40778279152843055,0
124.0,0.3026764805919259,1
31.0,0.40826353370058766,0
173.0,0.3028791247212908,1
144.0,0.40874296026778373,1
43.0,0.4113587350708833,0
33.0,0.30360126212932637,0
173.0,0.301133820825868,1
125.0,0.40887552119262194,1
133.0,0.4115173119110658,1
128.0,0.4121170435889284,1
77.0,0.4126731547295783,0
40.0,0.3047139640990495,0
130.0,0.3020012834416677,1
70.0,0.40985387755866753,0
147.0,0.3043218549957603,1
76.0,0.41037017033072043,0
25.0,0.3045169720664847,0
36.0,0.3021986752907391,0
25.0,0.30154659521784544,0
123.0,0.300924968570048,1
166.0,0.408660973449291,1
152.0,0.41137769063859225,1
43.0,0.41197209550139674,0
35.0,0.30410906135881716,0
115.0,0.30146290842291484,1
54.0,0.4092272982259077,0
25.0,0.3037268333202474,0
44.0,0.3012555704217087,0
103.0,0.3006074640273302,0
158.0,0.4067742406656963,1
82.0,0.4099405719884041,0
123.0,0.30239132483942005,1
132.0,0.40809690440415414,1
132.0,0.4107086144133889,1
131.0,0.41129250248757665,1
135.0,0.4118327212068804,1
146.0,0.4123708157394966,1
39.0,0.41290771371084733,0
61.0,0.3049323913307864,0
156.0,0.3019830260229388,1
105.0,0.4097948756062907,1
139.0,0.4129827826912136,1
47.0,0.41358495775569104,0
107.0,0.3055281706853884,1
82.0,0.4111002021773236,0
30.0,0.3056500296395276,0
86.0,0.30286359249341027,0
103.0,0.3022105851042655,0
122.0,0.4086232547378088,1
104.0,0.4121478727069177,0
157.0,0.411757590941884,1
157.0,0.41242623916924165,1
66.0,0.41295722663039935,0
117.0,0.304982942804329,1
145.0,0.41077060392294473,1
126.0,0.41362752828339144,1
62.0,0.41420656292624286,0
158.0,0.306077838881431,1
138.0,0.4119932174495109,1
95.0,0.4148703357664968,0
158.0,0.30670743205230017,1
25.0,0.41282131658490345,0
104.0,0.3068390642483766,0
73.0,0.4118012833447565,0
79.0,0.3058236805550073,0
86.0,0.3031936407866637,0
104.0,0.3025594264375408,0
172.0,0.40903804933478993,1
64.0,0.4123626632388171,0
89.0,0.30452953964678114,0
69.0,0.3018187119018035,0
37.0,0.3011888577700205,0
97.0,0.3006037697436997,0
163.0,0.30002162832475726,1
31.0,0.4075747278701263,0
79.0,0.3026627779915752,0
174.0,0.2998872350340036,1
95.0,0.4073625337277743,0
89.0,0.30235436000349036,0
154.0,0.2996996646123514,1
25.0,0.40715005367808055,0
37.0,0.3020476876262412,0
151.0,0.2995133486940516,1
126.0,0.4069386570064104,1
97.0,0.4097314063400913,0
51.0,0.3022285461364197,0
148.0,0.2996579024101334,1
48.0,0.4071006213869327,0
96.0,0.3018790767343471,0
65.0,0.2994721827593727,0
160.0,0.2988719319304456,1
62.0,0.406237951390366,0
139.0,0.30109279905745306,1
101.0,0.4067153529699067,0
122.0,0.4082455813859803,1
27.0,0.4089166285196509,0
43.0,0.301481253221333,0
143.0,0.2994832393187884,1
155.0,0.40691141935008335,1
148.0,0.4090457346572195,1
34.0,0.40957545559873426,0
100.0,0.30205502726716643,0
87.0,0.4067199103522196,0
173.0,0.30107638742484205,1
110.0,0.4068243232433034,1
92.0,0.4091467345997109,0
64.0,0.301712806816377,0
69.0,0.2995325519850577,0
165.0,0.2989518073630122,1
98.0,0.40631495360160785,0
70.0,0.3009125767141521,0
150.0,0.2988017416653956,1
130.0,0.406112354438136,1
106.0,0.40841373661401364,1
95.0,0.40894182864812306,0
145.0,0.30150918437557506,1
171.0,0.4072963919564371,1
157.0,0.4095962581002417,1
117.0,0.41012193605236225,1
24.0,0.4106141320642001,0
66.0,0.3029674791633026,0
28.0,0.3005817212928814,0
171.0,0.29999898263288804,1
91.0,0.4075071216851057,0
122.0,0.30216296751217064,1
69.0,0.40796540879749255,0
110.0,0.30233822250923637,1
57.0,0.4083810915858472,0
172.0,0.30251083079304253,1
101.0,0.4087946290301245,0
27.0,0.4098567580551211,0
123.0,0.30223741953896993,1
45.0,0.4085825913988976,0
140.0,0.3023869403462557,1
103.0,0.4089924754613586,0
173.0,0.4097117420780978,1
164.0,0.41032955138618976,1
92.0,0.4108141538411786,0
44.0,0.3031491300422776,0
32.0,0.3017856646976753,0
148.0,0.3012389972928034,1
64.0,0.40891606361587846,0
77.0,0.30238765880753526,0
136.0,0.3010657077730261,1
76.0,0.40870764698953416,0
36.0,0.30209644280157866,0
64.0,0.3008853525144703,0
149.0,0.3003474830713023,1
53.0,0.407887713934278,0
57.0,0.30135450580590717,0
42.0,0.3001765234457274,0
116.0,0.299643165868003,1
28.0,0.4070758704086396,0
114.0,0.3006198335454521,1
64.0,0.4074848676261534,0
99.0,0.3007846105175128,0
52.0,0.29982603986893364,0
27.0,0.2992998309518196,0
94.0,0.29877734420598784,0
32.0,0.2982565102125422,0
166.0,0.2977373107368175,1
161.0,0.40487768271675917,1
53.0,0.40619726707161785,0
57.0,0.2991474895211335,0
125.0,0.2978816444025443,1
114.0,0.4050342577794917,1
25.0,0.4063511421376634,0
148.0,0.29928256367123723,1
166.0,0.4057887158731574,1
135.0,0.4070091122087476,1
143.0,0.4074844171085024,1
145.0,0.407952719987067,1
71.0,0.4084200813016363,0
121.0,0.30107671306493344,1
71.0,0.4075680578831775,0
64.0,0.3012280154418029,0
70.0,0.2999141080965649,0
74.0,0.2993927353069571,0
153.0,0.29887947824281935,1
174.0,0.4061791606575196,1
121.0,0.40772958432143913,1
63.0,0.4082050015495473,0
162.0,0.30089288446997636,1
104.0,0.407266919531141,0
30.0,0.4079761519441617,0
41.0,0.3006180880575796,0
115.0,0.29915158074012577,1
135.0,0.40647582005664035,1
134.0,0.40801875146381156,1
67.0,0.4084902103375873,0
152.0,0.3011438453074229,1
160.0,0.4075541975355693,1
