182.0,0.5,1
98.0,0.4444444444444444,0
84.0,0.2705882352941177,0
45.0,0.1999999999999999,0
92.0,0.153855380543811,0
104.0,0.12407202566186341,0
165.0,0.15587120783306732,1
59.0,0.2503742766997502,0
39.0,0.16148089142109748,0
97.0,0.1436732616236864,0
113.0,0.12816668511882487,1
42.0,0.25252828606601896,0
93.0,0.16122828524322894,0
35.0,0.1518219720761139,0
81.0,0.13924216063071096,0
55.0,0.12875016012622575,0
132.0,0.11957181009572503,1
58.0,0.221412047221177,0
166.0,0.14149141651600744,1
93.0,0.25293959204794936,0
130.0,0.15909912991235248,1
114.0,0.2791256672680539,1
145.0,0.2833006367405091,1
88.0,0.3051146086675312,0
141.0,0.20728487403334311,1
26.0,0.32749128567212027,0
24.0,0.21796550350790225,0
159.0,0.21519759583750167,1
144.0,0.32901254426662335,1
145.0,0.33404010058777744,1
155.0,0.35017658005003877,1
162.0,0.3647651780818835,1
135.0,0.37858402561817195,1
55.0,0.3916975306251018,0
155.0,0.27820503227865884,1
115.0,0.3943858376453528,1
154.0,0.41011157306979057,1
103.0,0.4217495514034203,0
140.0,0.41166419635763846,1
91.0,0.4262599006373906,0
145.0,0.3086168246403471,1
50.0,0.43104625003097535,0
151.0,0.31226362473507824,1
141.0,0.43912827767267476,1
172.0,0.44302054632236626,1
92.0,0.45249817780145235,0
174.0,0.33227741010325806,1
61.0,0.45980862877028367,0
90.0,0.3341109466836209,0
121.0,0.32894265794234884,1
109.0,0.4522133905260212,1
40.0,0.4534993191839579,0
153.0,0.334333695939519,1
157.0,0.46419153313123085,1
58.0,0.4626984244526886,0
133.0,0.34308965454245355,1
143.0,0.4748366262767933,1
99.0,0.47093723568620105,0
172.0,0.3510744120294773,1
56.0,0.48455572141431036,0
126.0,0.35062947973837694,1
137.0,0.48867462193004374,1
71.0,0.4780623430154598,0
37.0,0.3591448498711442,0
81.0,0.3623021345908931,0
118.0,0.35149786836497643,1
116.0,0.4741961074156162,1
152.0,0.4681651879768548,1
141.0,0.47543424868125495,1
114.0,0.48133505254913966,1
170.0,0.4871798026161524,1
41.0,0.4928760485533578,0
168.0,0.3716211616178139,1
160.0,0.5006858220525259,1
57.0,0.4980579057954799,0
69.0,0.37704843812085725,0
39.0,0.3748236018667357,0
28.0,0.3657256773129807,0
156.0,0.3572912672397259,1
128.0,0.4788181006244407,1
72.0,0.4803614054326581,0
119.0,0.3608978040541404,1
144.0,0.4859577415989594,1
66.0,0.48569375667804726,0
165.0,0.3660479060552626,1
36.0,0.49259262694508826,0
147.0,0.36605447457285073,1
62.0,0.4953581199272669,0
133.0,0.36607152149432176,1
148.0,0.4979736449156866,1
67.0,0.4902123325300286,0
48.0,0.37143467014037207,0
53.0,0.37409106793659,0
172.0,0.36615464785618296,1
47.0,0.4871192460584807,0
27.0,0.35918837435589285,0
86.0,0.3622986992749974,0
117.0,0.3550217732339965,1
120.0,0.4748794388527425,1
129.0,0.4706774888003241,1
173.0,0.47540446116900004,1
93.0,0.47949083886275495,0
153.0,0.3611094210918759,1
27.0,0.48724126148122654,0
166.0,0.36104027561708796,1
36.0,0.48965095248064405,0
73.0,0.36112995817178956,0
169.0,0.3651329691472432,1
39.0,0.4843118859241807,0
69.0,0.35649335643291347,0
101.0,0.3612789995178544,0
106.0,0.46795602214456494,1
117.0,0.46446298952455717,1
167.0,0.46882118147741875,1
66.0,0.4724821603492955,0
142.0,0.35518316162632735,1
77.0,0.48218410267742046,0
119.0,0.3548847586604459,1
84.0,0.48442542353066836,0
51.0,0.3549986290348136,0
171.0,0.3614515963408566,1
132.0,0.47942714925179614,1
115.0,0.471381748993799,1
164.0,0.47588308764460463,1
145.0,0.47917762945592407,1
163.0,0.4825215906136565,1
143.0,0.4858110752456478,1
64.0,0.4890551824422358,0
27.0,0.37076653378828434,0
92.0,0.3720697861481933,0
57.0,0.3665107009269457,0
64.0,0.36141753831252266,0
161.0,0.3564291586259169,1
137.0,0.4746785012106031,1
132.0,0.4739553389656452,1
68.0,0.47714335384451606,0
70.0,0.36000214438964573,0
145.0,0.3579528089388488,1
116.0,0.47609921935425664,1
121.0,0.4761322427879234,1
156.0,0.47915312306358915,1
49.0,0.4820789921330742,0
75.0,0.36466950369536627,0
104.0,0.3613498226932508,0
114.0,0.47009307851819426,1
33.0,0.4740365649746566,0
147.0,0.35737048002509864,1
90.0,0.47651694038904724,0
152.0,0.35773549360979984,1
89.0,0.47839700523107864,0
144.0,0.3580399770356279,1
169.0,0.4802124356238974,1
61.0,0.47772295677030024,0
121.0,0.3610676833222859,1
171.0,0.4840011806996986,1
151.0,0.4806374350593655,1
52.0,0.48356729497177275,0
147.0,0.3663231968036684,1
64.0,0.48965227558709984,0
110.0,0.3662405111957486,1
162.0,0.4912305299999367,1
124.0,0.48611749808712323,1
82.0,0.4891057118699252,0
144.0,0.3715388242675377,1
49.0,0.4965405039751118,0
87.0,0.3712097220255895,0
150.0,0.3748440708250228,1
61.0,0.4929459441665511,0
130.0,0.3679475534430376,1
160.0,0.4948489526473101,1
118.0,0.4875768913055681,1
123.0,0.4906995006248201,1
128.0,0.4930441620244125,1
127.0,0.4954147186904115,1
167.0,0.4977579298410506,1
125.0,0.500077732572457,1
120.0,0.5023741834173651,1
151.0,0.5046481401273628,1
107.0,0.5068994728368844,1
163.0,0.5091288068221365,1
124.0,0.5113366410224548,1
79.0,0.5135230810387399,0
140.0,0.3947761705382215,1
108.0,0.5170425581281418,1
80.0,0.5154466157715792,0
115.0,0.396741574639011,1
154.0,0.5197817960376541,1
30.0,0.517354402607264,0
171.0,0.3986475450833226,1
27.0,0.5224407329915932,0
74.0,0.3982557706788495,0
83.0,0.3998017431045327,0
32.0,0.39556165895493056,0
79.0,0.39161546819391135,0
173.0,0.3877210638742636,1
65.0,0.5065103959047035,0
29.0,0.385520658681177,0
34.0,0.3850830675877577,0
80.0,0.38128194257704073,0
113.0,0.37761445766155216,1
155.0,0.4957743432929213,1
86.0,0.4959890131663583,0
131.0,0.37852577464851883,1
117.0,0.49856023003903854,1
131.0,0.4980379229408183,1
156.0,0.5000560381571376,1
171.0,0.5020135197631572,1
50.0,0.5039553918172153,0
62.0,0.3860507259224075,0
145.0,0.3835601993908119,1
141.0,0.5019044470951948,1
76.0,0.5027857759425031,0
44.0,0.384995515671731,0
106.0,0.3825315930618122,1
24.0,0.5007648189474854,0
109.0,0.3821944183068128,1
174.0,0.5018906408505407,1
118.0,0.5016675252048665,1
83.0,0.5035462689363207,0
115.0,0.3857767078792751,1
111.0,0.5058021266306126,1
92.0,0.5053337533605375,0
97.0,0.3875259717574948,0
59.0,0.3863298443978807,0
101.0,0.38296026170127545,0
106.0,0.49475930581205724,1
156.0,0.4967511618645143,1
173.0,0.4985392157703666,1
34.0,0.5003150934656405,0
119.0,0.3828282077449645,1
66.0,0.5013921569294132,0
134.0,0.38287089680775527,1
85.0,0.5024323441326024,0
147.0,0.38288635447974845,1
53.0,0.503446005524244,0
101.0,0.38287695804600147,0
157.0,0.498401987487918,1
133.0,0.49764844831749266,1
26.0,0.4994351202802049,0
163.0,0.38208374641527215,1
100.0,0.5033733697190903,0
111.0,0.4972127799869069,1
103.0,0.49949381827482126,0
26.0,0.4973912836948181,0
105.0,0.3796673680936528,1
134.0,0.5020279400415019,1
72.0,0.4983306409745052,0
144.0,0.3813183353624165,1
44.0,0.5042276387260718,0
90.0,0.38105799366016685,0
120.0,0.3841010512933602,1
156.0,0.5017119018929146,1
115.0,0.497396426620808,1
63.0,0.49930151064236195,0
157.0,0.3820630469999865,1
59.0,0.5053515684141756,0
154.0,0.381769000911879,1
34.0,0.5062505700657249,0
70.0,0.3816916757773135,0
71.0,0.3861390440692278,0
86.0,0.38292442696282236,0
120.0,0.38016127814187517,1
89.0,0.4977341911742356,0
27.0,0.3750175397685352,0
167.0,0.37852089250653315,1
93.0,0.4956563488708364,0
70.0,0.3728633526473099,0
39.0,0.37667432607658696,0
102.0,0.37370586292971253,0
30.0,0.485633931357896,0
81.0,0.36438869103169697,0
44.0,0.3660896469377942,0
41.0,0.3634260883400307,0
129.0,0.3609303472940716,1
85.0,0.47709215652434345,0
118.0,0.3584737684792275,1
158.0,0.478205893398093,1
103.0,0.47547221644122417,0
102.0,0.4739021269378029,0
172.0,0.471710048813391,1
43.0,0.4736546691397843,0
107.0,0.3584038228497113,1
66.0,0.4787002991602135,0
157.0,0.35840381188800874,1
125.0,0.4796953579630231,1
95.0,0.4752854588642313,0
47.0,0.360195165924038,0
152.0,0.3629725215483892,1
89.0,0.47894015035408216,0
132.0,0.35818170849834985,1
152.0,0.48014134222368005,1
134.0,0.47495774453050693,1
78.0,0.4767565717289599,0
53.0,0.3613197203490812,0
122.0,0.3644495079339802,1
79.0,0.4804450673933988,0
164.0,0.3593172091673794,1
127.0,0.4816426195752249,1
52.0,0.47610025658635435,0
147.0,0.36111231783203873,1
87.0,0.48359749697288773,0
151.0,0.3608415460394357,1
155.0,0.4845087637001608,1
75.0,0.4776911401351185,0
110.0,0.36273970018668555,1
143.0,0.4863930182990206,1
73.0,0.4791747545782866,0
60.0,0.36417230477191687,0
115.0,0.36931595058049593,1
112.0,0.48533400710520175,1
86.0,0.4787505242767766,0
65.0,0.36375110605471844,0
49.0,0.36881768126784764,0
123.0,0.3661889657280232,1
107.0,0.4824714134187978,1
68.0,0.4764204915535309,0
168.0,0.3615556907647934,1
97.0,0.4847219646918419,0
61.0,0.3611769780023295,0
117.0,0.36696092135210995,1
120.0,0.4827050283732699,1
86.0,0.4760845085197324,0
40.0,0.36134035081852794,0
75.0,0.3664799915112582,0
141.0,0.36394243983260616,1
55.0,0.47998987378739455,0
95.0,0.3575913040332983,0
127.0,0.36304603677790515,1
80.0,0.47849833840251677,0
97.0,0.35605336290082,0
150.0,0.36175835507863247,1
170.0,0.477062947937527,1
43.0,0.4705121513445798,0
164.0,0.35625006812428656,1
45.0,0.47933884594482423,0
63.0,0.35583434836142996,0
74.0,0.3621838137212584,0
58.0,0.3596631411739127,0
174.0,0.35774030028343634,1
154.0,0.4731855729984922,1
135.0,0.46687588204276226,1
88.0,0.4686192560642682,0
81.0,0.3540470690561268,0
87.0,0.35868788488174136,0
156.0,0.3564040478678556,1
26.0,0.4717287397213916,0
59.0,0.35071772069522056,0
33.0,0.3556025579642819,0
70.0,0.3533621882658567,0
51.0,0.3515221627292113,0
57.0,0.3496789457319421,0
121.0,0.3478528389208853,1
108.0,0.4623630028442662,1
132.0,0.4581441803735782,1
39.0,0.45961800252297835,0
169.0,0.3459021296428097,1
126.0,0.46528385146819795,1
83.0,0.4608266854521142,0
32.0,0.34725423105389536,0
149.0,0.35034554268832074,1
108.0,0.46482265275029155,1
85.0,0.4606504650634115,0
27.0,0.3470919054823177,0
31.0,0.35014664981861626,0
71.0,0.3481836442748659,0
120.0,0.34643876168505144,1
76.0,0.4607437479408073,0
78.0,0.34277409269667203,0
98.0,0.3456246160124681,0
41.0,0.34374319551889615,0
127.0,0.34204981467610557,1
161.0,0.455903522128298,1
75.0,0.45291640923372284,0
107.0,0.340027946333509,1
92.0,0.45776994144134403,0
137.0,0.3401102768408242,1
140.0,0.4586284113797408,1
55.0,0.4545509353762685,0
133.0,0.3415895111515083,1
60.0,0.46032136932492995,0
79.0,0.3415825216775095,0
31.0,0.3452004189386596,0
80.0,0.34333153531454197,0
82.0,0.3417090361755833,0
48.0,0.34009065410215256,0
34.0,0.3384858199798063,0
152.0,0.3368939897203074,1
27.0,0.45014232772845064,0
146.0,0.3338900783819857,1
174.0,0.4511149682730215,1
174.0,0.44760181191499515,1
170.0,0.4489007833120885,1
45.0,0.4500150731214019,0
169.0,0.3373367410282655,1
135.0,0.4544618458663305,1
104.0,0.4512587222114306,0
40.0,0.4502814843579214,0
97.0,0.3372831382932107,0
72.0,0.3391842205679524,0
112.0,0.3375392155170792,1
136.0,0.4508007303285201,1
174.0,0.44837383754398635,1
94.0,0.4495673248756945,0
90.0,0.33695610630459594,0
151.0,0.338314968341034,1
34.0,0.4515578379835567,0
47.0,0.3358551115487935,0
117.0,0.3375352371048962,1
174.0,0.4506686259742715,1
100.0,0.448293850547214,0
65.0,0.4473119952484392,0
174.0,0.3346616267353247,1
151.0,0.45069245528992274,1
80.0,0.44825258675360047,0
83.0,0.33589023091807346,0
76.0,0.3374469776194254,0
54.0,0.33589752157514285,0
73.0,0.33443737161767695,0
105.0,0.33298649586986767,1
141.0,0.4456788900872377,1
93.0,0.44420011753575606,0
147.0,0.3322243563694375,1
83.0,0.4473181061080425,0
112.0,0.33242021300762276,1
157.0,0.44811980158395043,1
134.0,0.4457743582422622,1
145.0,0.44689971978570436,1
132.0,0.4479266927197246,1
85.0,0.4489516242189429,0
56.0,0.3364641636285628,0
112.0,0.3372687966480879,1
78.0,0.4503309799235989,0
83.0,0.335463725771036,0
96.0,0.336545760358705,0
145.0,0.3350866961389203,1
125.0,0.4479474603668653,1
63.0,0.4465092236998507,0
151.0,0.3343278478555966,1
92.0,0.44951423148798986,0
158.0,0.3345086220604507,1
56.0,0.4502772364432262,0
45.0,0.33472486153034575,0
26.0,0.3365017212796444,0
62.0,0.3350463403546869,0
80.0,0.33368340349958014,0
131.0,0.3323281966620318,1
94.0,0.44484680754638933,0
125.0,0.33045338529532653,1
97.0,0.44566146053642663,0
147.0,0.33068177850876945,1
163.0,0.44641773956630315,1
26.0,0.44370587448490184,0
29.0,0.3318983513329848,0
117.0,0.3337500611088946,1
62.0,0.4463010912144385,0
136.0,0.3309272739208893,1
34.0,0.4471395008385052,0
86.0,0.3311361578645583,0
108.0,0.3337672540830156,1
165.0,0.4462551552355693,1
127.0,0.4429733566022205,1
63.0,0.44408655683648707,0
160.0,0.3321541432135245,1
152.0,0.44854826957790034,1
24.0,0.4451405269201091,0
26.0,0.33324929037729634,0
135.0,0.3356979101314236,1
31.0,0.44837819357767916,0
116.0,0.3322495218507848,1
62.0,0.44922460496685934,0
37.0,0.33243734485451476,0
81.0,0.3356899235810896,0
98.0,0.3342468510675545,0
40.0,0.33298736851930816,0
160.0,0.331730035722823,1
82.0,0.444084776667378,0
157.0,0.3284980720182152,1
136.0,0.44492390604092524,1
77.0,0.4411406581675894,0
159.0,0.3297137455683772,1
112.0,0.4463108662853652,1
99.0,0.4423028749127086,0
62.0,0.3307745183878816,0
108.0,0.3337448680042523,1
118.0,0.44612397418670274,1
63.0,0.44232785942641784,0
41.0,0.3307940821795197,0
141.0,0.33374026991345684,1
102.0,0.44611001694511837,0
76.0,0.44052657202999784,0
103.0,0.3289763344235917,0
142.0,0.4428527932512295,1
95.0,0.4394335565219586,0
150.0,0.3282086671170202,1
90.0,0.44490619086970096,0
46.0,0.3282145854107367,0
132.0,0.3319334186319362,1
85.0,0.4440214629597144,0
58.0,0.327442567143477,0
59.0,0.331345366763304,0
159.0,0.3299561099520152,1
63.0,0.4420436157572699,0
127.0,0.3257166340621526,1
75.0,0.44292831257496806,0
172.0,0.3258986816677468,1
171.0,0.44359824225069805,1
157.0,0.4381229497848257,1
62.0,0.4393401200344924,0
150.0,0.32797145927505683,1
153.0,0.4455524189991127,1
41.0,0.4401308851530823,0
118.0,0.32899018097665117,1
48.0,0.44684882369852075,0
113.0,0.32886845663646186,1
80.0,0.44750783479198997,0
146.0,0.329032524225103,1
133.0,0.44814472835120567,1
104.0,0.44156979883793057,0
106.0,0.4411806686163249,1
148.0,0.44222743747988363,1
83.0,0.443077161460934,0
52.0,0.33134840931452003,0
119.0,0.3366018346432396,1
119.0,0.4489510672054464,1
65.0,0.4426710129880936,0
64.0,0.3313864668732983,0
61.0,0.3365742645306665,0
125.0,0.3350917246140165,1
67.0,0.4476877067696534,0
53.0,0.32931288365713035,0
105.0,0.33486066929069364,1
150.0,0.446993356466797,1
34.0,0.4408231704970799,0
168.0,0.32973005116431275,1
40.0,0.44861230523406176,0
42.0,0.32947624383421226,0
171.0,0.3354040960840429,1
164.0,0.4475367917823324,1
45.0,0.44102114380912416,0
128.0,0.3299534182014963,1
167.0,0.4491779728511357,1
141.0,0.44201253161921633,1
93.0,0.44336362358483955,0
67.0,0.3316039905273064,0
87.0,0.3370152609382575,0
148.0,0.33554893271896347,1
85.0,0.4481537397801261,0
44.0,0.3295894765385172,0
90.0,0.3353530648193447,0
35.0,0.3338865088141275,0
48.0,0.33283598057159824,0
145.0,0.3317689243133287,1
167.0,0.4439237147218791,1
68.0,0.43818628194170445,0
118.0,0.327350712563053,1
27.0,0.4454389258448753,0
67.0,0.32715742281213367,0
109.0,0.33262119268741835,1
97.0,0.44446384591525345,0
30.0,0.32647975226510334,0
117.0,0.3320885932927346,1
157.0,0.44384709414003237,1
64.0,0.4376290587533518,0
42.0,0.32691581137197606,0
155.0,0.33207538977518136,1
148.0,0.44385486176669425,1
52.0,0.43768017681035043,0
84.0,0.3269605021402433,0
159.0,0.3320837907782541,1
76.0,0.44386107606024544,0
71.0,0.32590008474004806,0
131.0,0.33158632861622206,1
108.0,0.4432579450887348,1
167.0,0.43696886059489143,1
141.0,0.4381954259639052,1
83.0,0.43895521008341676,0
129.0,0.327730183693517,1
79.0,0.4459729429662521,0
153.0,0.32753073738398975,1
122.0,0.44656170103895565,1
110.0,0.4396897660116916,1
126.0,0.44094662527352185,1
127.0,0.44169201452639173,1
86.0,0.44246600194739505,0
69.0,0.33087766591052664,0
25.0,0.3357217942459653,0
164.0,0.3344056258761971,1
30.0,0.4467943213384849,0
45.0,0.3290508368596408,0
136.0,0.33418412160078964,1
51.0,0.4461765173251533,0
151.0,0.3283797644697242,1
159.0,0.4470778336024711,1
77.0,0.4405813418586444,0
152.0,0.32959012778051544,1
138.0,0.4481639847584436,1
173.0,0.4415105285632288,1
165.0,0.44271747614029805,1
173.0,0.4434432548866435,1
36.0,0.44419522942087175,0
128.0,0.3324456419294168,1
144.0,0.45093420611941754,1
154.0,0.44474424631018883,1
112.0,0.4458839187378836,1
96.0,0.44660359319574283,0
104.0,0.33461572396138334,0
77.0,0.45089154429334516,0
38.0,0.33267546233946244,0
73.0,0.33714734271992247,0
97.0,0.3359155380790953,0
43.0,0.3349460584202404,0
140.0,0.3339703319907087,1
77.0,0.4462488011874912,0
152.0,0.329653671850752,1
71.0,0.44699184382386786,0
158.0,0.3297834215303886,1
65.0,0.44752410306311036,0
57.0,0.3299182578968655,0
45.0,0.3346291999931386,0
28.0,0.33340401626316507,0
52.0,0.3324638678222723,0
31.0,0.33151563804002837,0
99.0,0.33057269840851705,0
160.0,0.32963441036376245,1
168.0,0.44140685983482025,1
102.0,0.4370681946769681,0
71.0,0.4365969739726697,0
147.0,0.3255028224888156,1
85.0,0.4416161286589685,0
84.0,0.3254796976309067,0
80.0,0.32938044208615225,0
82.0,0.3282640924990486,0
107.0,0.327355551078956,1
146.0,0.43884902486598243,1
36.0,0.43474601047473066,0
77.0,0.3242163884505078,0
159.0,0.32754671695072574,1
30.0,0.4388786405983369,0
152.0,0.32344918556578606,1
108.0,0.4395970180113463,1
110.0,0.4349709658307449,1
25.0,0.43591587050581654,0
132.0,0.3250758909162559,1
139.0,0.44116429128482876,1
32.0,0.4365807005051617,0
159.0,0.3258887946044989,1
42.0,0.44220511110572214,0
170.0,0.3258252285633068,1
40.0,0.4427321282206954,0
69.0,0.32596568600056064,0
104.0,0.3304138038093549,0
80.0,0.4399319896096754,0
42.0,0.3237686100509054,0
117.0,0.32770369545531425,1
63.0,0.4389840771355944,0
118.0,0.32321466676820065,1
133.0,0.43971975991098206,1
76.0,0.4346638386358303,0
103.0,0.32423037574407726,0
126.0,0.4387167731973605,1
109.0,0.43404513585366294,1
86.0,0.43499759628682294,0
33.0,0.32427368249070315,0
149.0,0.32822333257560804,1
48.0,0.4395366864594832,0
51.0,0.32348651407592494,0
161.0,0.3278107110572062,1
105.0,0.43904678388672097,1
89.0,0.4341614929380351,0
132.0,0.32378863398778734,1
131.0,0.44029707831531817,1
145.0,0.43500247847780704,1
135.0,0.43597674731798036,1
48.0,0.43663688855172444,0
74.0,0.32575622569681034,0
163.0,0.3296327980951168,1
88.0,0.4410986788514191,0
29.0,0.3249783274635755,0
104.0,0.32921869132639425,0
35.0,0.43866684845493986,0
40.0,0.3228688014767617,0
58.0,0.32663499968968124,0
35.0,0.32561462077531145,0
106.0,0.3247841184526317,1
136.0,0.43589261793550826,1
143.0,0.43192488521280775,1
94.0,0.4327759852596985,0
126.0,0.32232307397979615,1
77.0,0.4375375626815755,0
151.0,0.3223186786215663,1
169.0,0.43804032166041623,1
29.0,0.43359716615071503,0
59.0,0.3232576832713303,0
130.0,0.32674292630940477,1
48.0,0.43788461212313257,0
163.0,0.3225348789951113,1
107.0,0.43856694056710777,1
169.0,0.43381749743063425,1
149.0,0.4347141443078566,1
79.0,0.43535423789995165,0
79.0,0.32463357712886165,0
102.0,0.3280828554970998,0
122.0,0.43749578178350534,1
59.0,0.43381583851179406,0
52.0,0.323429107540746,0
143.0,0.32685552840239857,1
137.0,0.43799998120618266,1
105.0,0.4338584790433838,1
32.0,0.43470105607227844,0
79.0,0.3240512866913474,0
135.0,0.32731878924135166,1
110.0,0.4385249617185321,1
169.0,0.4345721568564213,1
124.0,0.4353932984841517,1
60.0,0.43602227572262453,0
113.0,0.325239894278705,1
52.0,0.4405801971061362,0
110.0,0.32523504621382027,1
39.0,0.44105519529181947,0
71.0,0.3253668392863892,0
129.0,0.3290504153198558,1
101.0,0.4404177857751782,0
37.0,0.43497329821138103,0
42.0,0.3243652619943113,0
92.0,0.32783980164880827,0
117.0,0.32688329540759353,1
89.0,0.43818939281549213,0
102.0,0.323019171343315,0
63.0,0.43700535470311186,0
41.0,0.32170417468105256,0
149.0,0.3250708041854461,1
44.0,0.4359857868179681,0
45.0,0.32122423819895995,0
129.0,0.3247032501238153,1
70.0,0.4355606043462644,0
39.0,0.3207270293123266,0
135.0,0.324339797484449,1
136.0,0.4351387558193963,1
74.0,0.4310065255129484,0
32.0,0.32097220008738664,0
123.0,0.3243818732496225,1
81.0,0.4351905377755737,0
149.0,0.3203055247414221,1
58.0,0.43583530376221313,0
67.0,0.3204351730201429,0
134.0,0.32444499854432335,1
152.0,0.4352116150829032,1
60.0,0.4306815716241851,0
89.0,0.3207205445121625,0
139.0,0.32448384150105686,1
135.0,0.4352627792639063,1
45.0,0.43075736833944706,0
173.0,0.3207880218865443,1
35.0,0.4363732622173017,0
81.0,0.320708143640191,0
106.0,0.3249471862206369,1
128.0,0.43574146261288055,1
97.0,0.43098074940077974,0
153.0,0.3210108792824005,1
149.0,0.43686441514885554,1
28.0,0.431733350874724,0
109.0,0.3217017790470686,1
146.0,0.43775504888857375,1
37.0,0.4324908998368974,0
101.0,0.32238771337086447,0
51.0,0.43691237534692834,0
76.0,0.320893857527359,0
89.0,0.32507966881466127,0
121.0,0.3241354165113511,1
131.0,0.43506388526813433,1
137.0,0.4305160022434391,1
164.0,0.43134418274704384,1
106.0,0.43192862785023844,1
156.0,0.4325223249772719,1
36.0,0.4331142326585469,0
139.0,0.3226906355383799,1
63.0,0.4379009014118796,0
80.0,0.3226589690298783,0
42.0,0.32633645677134493,0
153.0,0.32543675239165576,1
163.0,0.43650641330867823,1
43.0,0.4324667854480482,0
88.0,0.32228612429621595,0
156.0,0.3256261320549987,1
152.0,0.43654214380742684,1
121.0,0.43253022070985997,1
29.0,0.43329799460394497,0
57.0,0.3228549537335651,0
158.0,0.32605187685061154,1
79.0,0.4370252331043368,0
157.0,0.32223630439934586,1
122.0,0.43761326304517234,1
168.0,0.43331513304663855,1
166.0,0.43409281076081013,1
154.0,0.43466108872906983,1
155.0,0.43523628986962126,1
99.0,0.43580981988030615,0
132.0,0.32510339646715447,1
119.0,0.44016449071032865,1
155.0,0.4363785992296675,1
171.0,0.4371080876618356,1
174.0,0.4376709028170426,1
121.0,0.4382382553372482,1
82.0,0.4388041495236596,0
141.0,0.327779793157786,1
169.0,0.44268977414720895,1
149.0,0.43939035845618396,1
166.0,0.4400778552538014,1
91.0,0.4406349128033261,0
136.0,0.32942026854530504,1
58.0,0.44435213248876076,0
162.0,0.3294387360149891,1
38.0,0.4447601013333937,0
27.0,0.32954699415857824,0
167.0,0.3325058600628341,1
55.0,0.4442180572775083,0
84.0,0.3290636620017366,0
125.0,0.3321385484990915,1
93.0,0.4437985205733508,0
79.0,0.3285802416050884,0
109.0,0.33177451551126086,1
42.0,0.4433821205142973,0
52.0,0.3281005328844049,0
100.0,0.3314135637999922,0
140.0,0.44136458354095903,1
28.0,0.43797963484144226,0
135.0,0.3271896295819587,1
111.0,0.4427144598953714,1
45.0,0.43864021655831814,0
131.0,0.32780901087156333,1
96.0,0.44351907493151554,0
46.0,0.3277535804917339,0
157.0,0.33142516029141067,1
44.0,0.4429450939300524,0
130.0,0.3272893651643945,1
76.0,0.4435189600259872,0
71.0,0.32738559844763954,0
49.0,0.331426098387409,0
83.0,0.3305397676122454,0
73.0,0.3298532930308719,0
62.0,0.3291616913098084,0
36.0,0.3284729111122696,0
104.0,0.32778664540792435,0
65.0,0.4375001043522798,0
90.0,0.3228554439762894,0
70.0,0.3258546003719453,0
25.0,0.3250632608852823,0
110.0,0.3243929434314408,1
28.0,0.43526107880587456,0
82.0,0.3213179371358229,0
141.0,0.3241744884081205,1
130.0,0.43489402504900015,1
165.0,0.4315839227762363,1
173.0,0.43225110690205,1
126.0,0.4327835944952677,1
165.0,0.4333192842385514,1
81.0,0.43385370925674627,0
121.0,0.323394966081268,1
133.0,0.4373980485945973,1
150.0,0.4344317396765421,1
138.0,0.4350662405100137,1
161.0,0.4355932828750475,1
55.0,0.4361221995461571,0
115.0,0.3254186554973904,1
32.0,0.439366424904821,0
99.0,0.3254641655168813,0
130.0,0.32775296559790246,1
84.0,0.4389187078127997,0
69.0,0.32502767382349274,0
165.0,0.3274297217141596,1
60.0,0.4385484419338651,0
112.0,0.3245923288795859,1
74.0,0.43902538042639755,0
96.0,0.3247016901603113,0
86.0,0.32745688876965934,0
166.0,0.3266983772837512,1
130.0,0.437818522303754,1
169.0,0.4347490377086163,1
26.0,0.4353813844182339,0
96.0,0.32476347533245037,0
143.0,0.3271640050921002,1
102.0,0.43823956568980255,0
48.0,0.43430050218398286,0
144.0,0.3237955557398193,1
173.0,0.43797579910907863,1
29.0,0.43483660971986365,0
66.0,0.32438550346658834,0
149.0,0.3268777633623319,1
92.0,0.4379080097355186,0
106.0,0.3238634355688305,1
121.0,0.4383882940255154,1
78.0,0.4350029237120778,0
71.0,0.32455041185987105,0
107.0,0.32724674987663166,1
140.0,0.4383019750072563,1
70.0,0.4350504508531411,0
166.0,0.3245901301778921,1
45.0,0.4391664906529854,0
159.0,0.3245839402983081,1
34.0,0.4395437874383467,0
86.0,0.3246889716787966,0
112.0,0.3279498522456585,1
128.0,0.4390453828142395,1
155.0,0.4353304091543625,1
58.0,0.4359922154588744,0
166.0,0.32531845824231376,1
85.0,0.44030515406238707,0
31.0,0.32529114134325215,0
129.0,0.32864128105626633,1
113.0,0.4398048997947287,1
126.0,0.4359992872278139,1
82.0,0.4366635305207096,0
111.0,0.3259200954143672,1
78.0,0.4410601113171573,0
52.0,0.32588441085823144,0
148.0,0.32932329505414015,1
151.0,0.4405534156018999,1
54.0,0.4366580036064225,0
118.0,0.3260743928534318,1
134.0,0.44143502149083375,1
152.0,0.43726779066019844,1
165.0,0.4379472257806155,1
38.0,0.4384349871201911,0
37.0,0.32751233539897384,0
64.0,0.33065078985034596,0
170.0,0.3298949275973539,1
174.0,0.4413449293191076,1
142.0,0.43773240329227636,1
163.0,0.43837079425080083,1
161.0,0.43885618695600503,1
133.0,0.439345860841273,1
129.0,0.4398344412655654,1
52.0,0.4403220537882792,0
98.0,0.329204239337561,0
166.0,0.3316628315954306,1
41.0,0.4432088390496279,0
53.0,0.32869088410630176,0
140.0,0.33134826450968097,1
99.0,0.44284732757530126,0
53.0,0.32827111372394113,0
40.0,0.3310335924507611,0
68.0,0.33031377331921724,0
167.0,0.3296962807466002,1
103.0,0.44110617310142847,0
34.0,0.437199717599688,0
144.0,0.32641516969816026,1
142.0,0.4408514329796624,1
96.0,0.4376925791069845,0
170.0,0.32696035114135313,1
171.0,0.44155891820636506,1
121.0,0.43828791568667563,1
79.0,0.43888572571609663,0
25.0,0.32792459240237604,0
62.0,0.3304405417598235,0
105.0,0.32974201189004365,1
108.0,0.44115074674437893,1
81.0,0.43823826896855933,0
146.0,0.3274406506084441,1
74.0,0.4419378910857855,0
146.0,0.32744496846823773,1
57.0,0.4422852667096542,0
147.0,0.32753900639976197,1
45.0,0.44262808626060074,0
174.0,0.32763154045914994,1
62.0,0.44296921964095093,0
32.0,0.3277225217805764,0
168.0,0.3310775390162559,1
104.0,0.4424774586672018,0
129.0,0.43774551603772505,1
74.0,0.43849066970913636,0
27.0,0.32757257889916885,0
146.0,0.33107254404451164,1
99.0,0.44245072837713056,0
134.0,0.32701037080574813,1
139.0,0.442959644100096,1
103.0,0.4384178002955371,0
132.0,0.438177954593292,1
167.0,0.43873960829771885,1
161.0,0.4392022615719994,1
44.0,0.4396683594722996,0
93.0,0.3286395798304774,0
89.0,0.3323071686788883,0
123.0,0.33154984473077753,1
160.0,0.44314678196826823,1
111.0,0.43895142973561885,1
146.0,0.43960447367842115,1
115.0,0.44005906530163197,1
135.0,0.44052067199161127,1
133.0,0.4409811599527414,1
103.0,0.441440822158755,0
67.0,0.4409915446307024,0
33.0,0.32973089474394185,0
65.0,0.3326522511339243,0
145.0,0.3319507383964699,1
90.0,0.4435825605532312,0
124.0,0.32873007288040207,1
36.0,0.44402437679296125,0
42.0,0.3288127448624312,0
151.0,0.3320523357494346,1
68.0,0.4435495071495039,0
