1035.0,0.5,1
1012.0,0.5263157894736842,1
2640.0,0.6129917657822508,1
2728.0,0.6765278376135984,1
1160.0,0.7236387566260909,1
2940.0,0.760284974198928,1
2163.0,0.7879935395796647,1
4104.0,0.8104356570248864,0
3276.0,0.680771747762503,1
2996.0,0.7003760185316159,1
2800.0,0.7743750986535706,1
2992.0,0.797150112949925,1
3900.0,0.811650584299951,0
1107.0,0.7040187506016109,1
903.0,0.7742574325743984,1
2900.0,0.788327938117092,1
2835.0,0.8004191906589802,1
840.0,0.8110320293426362,1
780.0,0.8205403241488707,1
1638.0,0.8291140863721204,1
2156.0,0.8371355926792791,1
1131.0,0.8443740032836525,1
483.0,0.85075167632436,1
3074.0,0.8565482713712598,1
1980.0,0.8247891084003826,1
900.0,0.8637292546653844,1
2200.0,0.872556271894462,1
3420.0,0.8772313960069575,1
966.0,0.8479238796715995,1
1290.0,0.8805947924838151,1
2660.0,0.8877262318145511,1
2970.0,0.8919234477792364,1
2156.0,0.8952619456410044,1
2070.0,0.8984679225876916,1
3360.0,0.9016296738038077,1
2040.0,0.875988693945107,1
720.0,0.9023364558354137,1
660.0,0.9089549513845939,1
1932.0,0.912332050586478,1
3528.0,0.914791886952584,1
3003.0,0.8916138272208248,1
1725.0,0.8890836622746912,1
760.0,0.9157545457113998,1
1334.0,0.9217318479645079,1
2415.0,0.9240098142179993,1
3458.0,0.9253578443750813,1
2520.0,0.9055908307628484,1
3306.0,0.9255848563524017,1
1840.0,0.9092755173820111,1
3720.0,0.9287060165890281,0
3406.0,0.879702018103134,1
3000.0,0.8775940823027881,1
440.0,0.87909229704218,1
3750.0,0.907993453797206,0
2340.0,0.8541496944351273,1
1034.0,0.8867988209403581,1
2158.0,0.8906685637336569,1
2160.0,0.8936751339972773,1
1872.0,0.8960324226071789,1
1104.0,0.8983720927665898,1
4004.0,0.901026319417669,0
874.0,0.8449377227334575,1
3509.0,0.8801727797831349,1
780.0,0.850102342878335,1
2800.0,0.8852318654388689,1
2190.0,0.888332610464454,1
3930.0,0.8909442961444509,0
2500.0,0.834286597387516,1
2140.0,0.8727006516372943,1
1953.0,0.8750145930610453,1
740.0,0.8777966320159168,1
1029.0,0.8806624531072471,1
2470.0,0.8831781214057292,1
3190.0,0.8856437319699461,1
4350.0,0.8562720947587952,0
783.0,0.8340423909402392,1
2040.0,0.8726775712429775,1
1534.0,0.8741141838534066,1
3220.0,0.8766944024518588,1
696.0,0.8453622159702443,1
2088.0,0.8824554047242427,1
2982.0,0.8841835993079881,1
2599.0,0.8865654329106777,1
2912.0,0.888528235884501,1
2059.0,0.8906326222722168,1
1104.0,0.8929177953223614,1
1596.0,0.8947850824314834,1
1512.0,0.896866196771143,1
2460.0,0.8985336258927282,1
756.0,0.900577191226784,1
2436.0,0.9020998104279547,1
575.0,0.9038418535249593,1
1500.0,0.9057625435095734,1
2700.0,0.9075100569729484,1
1428.0,0.9093020639765534,1
2511.0,0.9109930808384797,1
3480.0,0.9122080127552439,1
2162.0,0.887876944474794,1
3380.0,0.914153716001975,1
4408.0,0.8914910970487723,0
2133.0,0.869853559049982,1
3294.0,0.9003034411881043,1
3654.0,0.8730777591175062,0
2604.0,0.8532717159879688,1
2100.0,0.8874200311567144,1
4470.0,0.8884955654619202,0
2756.0,0.8367993146416088,1
936.0,0.875799450520664,1
3942.0,0.8761495326127092,0
2552.0,0.8231950399491542,1
2136.0,0.8658921683478288,1
960.0,0.8652925868309752,1
812.0,0.867841727116935,1
3000.0,0.8701647810546409,1
3886.0,0.8368876982305744,0
3425.0,0.8225658316769224,1
2565.0,0.82487573689807,1
504.0,0.8649351617424056,1
3886.0,0.8642361668588932,0
910.0,0.8105599496511452,1
2398.0,0.8564607066628406,1
2214.0,0.8547025505056722,1
2046.0,0.8574600181780553,1
1449.0,0.8597043832048658,1
1725.0,0.861884722362001,1
1166.0,0.8640615163350305,1
2160.0,0.8661641473589289,1
2592.0,0.8683322359391403,1
2300.0,0.870390178982454,1
2581.0,0.8722324220400677,1
3456.0,0.8740380073636592,1
1352.0,0.8412539159892739,1
1863.0,0.8801366194646144,1
3780.0,0.8794709003544949,0
2133.0,0.8293714311196063,1
2478.0,0.8705803240945649,1
2000.0,0.8693583376311433,1
2835.0,0.8717060507181329,1
1365.0,0.8736608044698662,1
2620.0,0.8754340859928946,1
1870.0,0.8773311515710677,1
2425.0,0.8790154065304058,1
1170.0,0.8809285403741834,1
3915.0,0.8826991660056415,0
1633.0,0.833109926023061,1
3425.0,0.8737523318425642,1
2403.0,0.8369813004014859,1
1080.0,0.877449129058652,1
1350.0,0.8764683542155389,1
1830.0,0.8785143745771404,1
1080.0,0.8803615129771953,1
2834.0,0.8820245691345658,1
2425.0,0.8836068450525817,1
2376.0,0.8852986099055113,1
1296.0,0.8868746382220177,1
2691.0,0.8885728366759167,1
2668.0,0.8901458601734926,1
3381.0,0.8915649070976424,1
575.0,0.8625191565345731,1
3219.0,0.8963264595855276,1
1620.0,0.8661374167375828,1
528.0,0.8992420331419901,1
3960.0,0.8992107684888796,0
1736.0,0.85367997991341,1
2369.0,0.8891577840948285,1
3312.0,0.8887123094655992,1
1248.0,0.8590374292132943,1
1656.0,0.8938728975613897,1
1350.0,0.8935879522598424,1
2880.0,0.8953286193415375,1
1218.0,0.8966106793507744,1
2754.0,0.8979468029345581,1
1633.0,0.8994226500083524,1
1344.0,0.9008010164746023,1
3753.0,0.9021765345115292,0
2850.0,0.8567234472558019,1
1620.0,0.891541435285984,1
2800.0,0.8912371138333565,1
3321.0,0.8929973396316941,1
1771.0,0.8641930429836249,1
3100.0,0.8977623436011116,1
2581.0,0.8678094069702247,1
580.0,0.9003829476988007,1
2522.0,0.9001952919940732,1
1092.0,0.9017145872942244,1
1898.0,0.9029585585812422,1
1850.0,0.9042347626642524,1
4437.0,0.9054060730494963,0
2134.0,0.861818748064493,1
3562.0,0.8955331379443922,1
560.0,0.8650101236124901,1
3277.0,0.8983913933469307,1
1080.0,0.8682537585909462,1
2440.0,0.9009312653490735,1
1782.0,0.9005757324739065,1
598.0,0.9019095771714567,1
2668.0,0.9031705216041647,1
2160.0,0.9044074682787364,1
962.0,0.9056950182383098,1
1100.0,0.9071862275071788,1
3045.0,0.9083223391685571,1
2025.0,0.8828043403397103,1
3025.0,0.9118708890757369,1
3654.0,0.8861441857123075,0
2575.0,0.8697812498683565,1
1311.0,0.9000311222768633,1
2156.0,0.9001147084880576,1
2494.0,0.9017762178796556,1
2784.0,0.9030530502616387,1
3915.0,0.9043349379944678,0
2436.0,0.8586374809164476,1
2898.0,0.8933210558460359,1
3920.0,0.8926382778511966,0
2016.0,0.8451532648322824,1
1276.0,0.8831338928724234,1
1836.0,0.8820554293385546,1
3264.0,0.8840656619821795,1
690.0,0.8531353804202455,1
1410.0,0.8898731498669222,1
1798.0,0.8889123134609702,1
2700.0,0.8909129393616162,1
1584.0,0.8924877758170681,1
3066.0,0.8941560014409281,1
3024.0,0.8653818258448569,1
1232.0,0.8693852725733564,1
2898.0,0.9001840176274439,1
1620.0,0.8999242002703457,1
1102.0,0.9016663873883937,1
3699.0,0.9030668915304207,0
3066.0,0.8571595206920463,1
3267.0,0.8613734004737646,1
2340.0,0.8632071751403524,1
2398.0,0.8951512137860734,1
1980.0,0.8945880832200164,1
2291.0,0.8964100221087855,1
1860.0,0.8977892760695924,1
3300.0,0.8993274281725855,1
702.0,0.8718860120164061,1
3360.0,0.9036736790306471,1
2783.0,0.8755752775213127,1
968.0,0.9068381684227854,1
2352.0,0.906859326963237,1
1363.0,0.9084859800209975,1
1568.0,0.9100078538032542,1
3225.0,0.9110406534185964,1
2136.0,0.8863178043188068,1
2646.0,0.9148053206127772,1
1104.0,0.9150491000439991,1
3172.0,0.9163535435572551,1
3219.0,0.8926419713393131,1
3060.0,0.8953964701370015,1
768.0,0.8966192451305298,1
4031.0,0.9215049421836475,0
2016.0,0.8785274122405194,1
1953.0,0.9083920168224087,1
4410.0,0.9080523556700392,0
2794.0,0.8632727611518162,1
975.0,0.8969487618959423,1
2898.0,0.8964567327037746,1
2268.0,0.8981299037917667,1
567.0,0.8997135758655845,1
4200.0,0.9011082753898941,0
2349.0,0.8543017991765356,1
1344.0,0.8904339901528667,1
3726.0,0.8893104610333968,0
1738.0,0.8407754062088035,1
600.0,0.8802303219321759,1
3297.0,0.878741235285097,1
3875.0,0.8473224556667172,0
784.0,0.8346119386784633,1
3090.0,0.8719328075636372,1
1650.0,0.8343322608678738,1
2835.0,0.8761754217298034,1
2940.0,0.8741481273779131,1
644.0,0.8765912197569332,1
1078.0,0.8784564155466443,1
2226.0,0.8802485795628623,1
2256.0,0.8820762807165319,1
3240.0,0.8837381759969904,1
2920.0,0.852854763645239,1
3509.0,0.8897538046843041,1
2640.0,0.8568686420343836,1
638.0,0.8931496665150552,1
3886.0,0.8922354715033961,0
3630.0,0.8444837787471107,0
1736.0,0.8414841101547024,1
3312.0,0.8769495269297071,1
3625.0,0.8427660308884847,0
1188.0,0.8292664377467083,1
2024.0,0.867515850898596,1
2520.0,0.8672477915653428,1
4284.0,0.8694307746558254,0
1716.0,0.8176901644730673,1
1188.0,0.8611680086276791,1
1020.0,0.8599930999025894,1
2088.0,0.8624061947897279,1
483.0,0.8643047418964367,1
858.0,0.866223886194188,1
2860.0,0.8682102187821708,1
2024.0,0.8700426329250792,1
2790.0,0.8720648032476509,1
3180.0,0.8739329612038595,1
1770.0,0.841108449865509,1
780.0,0.8795013350389729,1
828.0,0.8792847697014797,1
2054.0,0.8811903508598171,1
3660.0,0.8829991336967232,0
696.0,0.833883674727781,1
1113.0,0.8733994055064407,1
1920.0,0.8727771892021958,1
3161.0,0.8747964630325581,1
2860.0,0.8419750365038295,1
1161.0,0.8803647820418612,1
2002.0,0.880209669008891,1
2728.0,0.8821518866252239,1
3510.0,0.8839446173694054,1
1482.0,0.8528834845960789,1
2835.0,0.8884616003121362,1
3528.0,0.8884042312952787,1
1900.0,0.8586543448926396,1
3509.0,0.8929793055792651,1
1196.0,0.862354533550437,1
3404.0,0.8955917708966411,1
1541.0,0.8661354279572562,1
1386.0,0.8985632748800885,1
2142.0,0.8988750382240248,1
2060.0,0.900260358573764,1
2619.0,0.9017304818312846,1
4002.0,0.9033170881130358,0
3425.0,0.8581512966343493,1
2375.0,0.8608338047030333,1
1554.0,0.8932931404559634,1
4200.0,0.8936768377494283,0
4380.0,0.846663033046923,0
2728.0,0.8431837258832918,1
1275.0,0.8782008969824521,1
1971.0,0.8793308128973684,1
1380.0,0.8811489171718916,1
3180.0,0.8828941268423022,1
1404.0,0.851788316801185,1
1386.0,0.8867201442790094,1
1650.0,0.8880097346122975,1
504.0,0.8894226844115232,1
3094.0,0.891027037392611,1
2880.0,0.8616808849764601,1
2716.0,0.8940864773384832,1
2376.0,0.8954977576311868,1
504.0,0.8969340551524903,1
3753.0,0.8983501200560965,0
1846.0,0.8531895183705558,1
819.0,0.8868084044540496,1
2856.0,0.8879179242355683,1
2904.0,0.8894496833066934,1
2184.0,0.8908587864869044,1
1848.0,0.8924372438918957,1
1421.0,0.893694858532663,1
3690.0,0.8950110011903135,0
3645.0,0.8494721136680097,0
2816.0,0.8445198091126099,1
4118.0,0.8792945333900378,0
1421.0,0.8305657003324901,1
4144.0,0.8683000886341523,0
3212.0,0.8168667345050182,1
2093.0,0.8193609294499867,1
2225.0,0.8600543844232698,1
1040.0,0.8609094452687817,1
2349.0,0.8629443902203944,1
2552.0,0.8648133695337866,1
1230.0,0.8666964029947162,1
3650.0,0.8685277932401193,0
1288.0,0.8183522988480029,1
1350.0,0.8593943819550587,1
1400.0,0.8599885943150276,1
520.0,0.8618942067673379,1
2884.0,0.8637160650191802,1
4134.0,0.8654779895025313,0
1898.0,0.8146607748650655,1
4004.0,0.8566722776072713,0
2860.0,0.8021857212889685,1
696.0,0.8473808977765086,1
2850.0,0.8470068831096824,1
3159.0,0.849213395497983,1
3105.0,0.8109920205783752,1
1281.0,0.8156406356912084,1
1534.0,0.8567788310313512,1
1624.0,0.8570067266684599,1
441.0,0.8589369453256231,1
2700.0,0.8607403670484647,1
3473.0,0.8624739222196355,1
620.0,0.8268816500608877,1
3192.0,0.867076406604012,1
1225.0,0.8310547968702324,1
2350.0,0.8704511451917287,1
2100.0,0.8710692024457306,1
3024.0,0.8728047621523496,1
3537.0,0.8392927602036234,1
594.0,0.8420963969487713,1
2565.0,0.8783068004002366,1
3129.0,0.8792805843341492,1
2583.0,0.8470655860543227,1
1428.0,0.8827160445443815,1
2222.0,0.8838462899155656,1
1300.0,0.8852450324464289,1
2240.0,0.8866592035465871,1
2352.0,0.8880742117436606,1
3420.0,0.8895506242649074,1
3390.0,0.8595880412839452,1
3306.0,0.8613173104921701,1
1625.0,0.8627691040556036,1
462.0,0.8946283314801238,1
4230.0,0.8962738849538363,0
1144.0,0.8512514290947587,1
2320.0,0.8850562433702697,1
1357.0,0.8862596248192957,1
2184.0,0.8876420276640696,1
2700.0,0.8892557916879219,1
2184.0,0.8908097445264932,1
1848.0,0.892336079413228,1
2044.0,0.893533103213916,1
2640.0,0.8949968645811381,1
2975.0,0.8963114132605627,1
2599.0,0.897659200651998,1
3408.0,0.8988123461941252,1
1508.0,0.8710606186493576,1
2997.0,0.9013312196127875,1
2940.0,0.9026699546143517,1
814.0,0.9039707557265879,1
2366.0,0.9049975920901231,1
1971.0,0.9060667459386011,1
2438.0,0.9074420245755841,1
2640.0,0.908770555817317,1
2871.0,0.9099567196328233,1
2540.0,0.9111439663744946,1
770.0,0.9121085507410266,1
903.0,0.9133903787004973,1
1960.0,0.9147034280361445,1
1518.0,0.9156747603688424,1
2760.0,0.9167209471899461,1
4020.0,0.9178762656560553,0
1134.0,0.8763306000140857,1
4104.0,0.9042631195591311,0
2280.0,0.8601360758737993,1
966.0,0.8920837017064706,1
2576.0,0.8933069225849328,1
2950.0,0.8949016744948265,1
696.0,0.8962849605778063,1
3648.0,0.8975885836890887,0
1500.0,0.8520631190658103,1
1800.0,0.8860698446801795,1
3614.0,0.8868295738008564,0
3509.0,0.8388381754891161,1
3045.0,0.8413663687692952,1
2266.0,0.8433200223696347,1
2400.0,0.879505125011327,1
2790.0,0.8800659491643965,1
760.0,0.8816740750282015,1
1380.0,0.8833733330468688,1
2610.0,0.8851502114933065,1
1092.0,0.886750470080712,1
2418.0,0.8882569040211922,1
1537.0,0.8897643984156778,1
3212.0,0.8912422137203704,1
2408.0,0.8621140482440931,1
696.0,0.8947772196842185,1
814.0,0.8957250062322993,1
3473.0,0.8970884148346452,1
667.0,0.8690128270637547,1
1500.0,0.9002421584399202,1
1140.0,0.9016097157138873,1
2323.0,0.9029305895933211,1
546.0,0.9043045527670401,1
1188.0,0.9056495960203246,1
899.0,0.9071244554646513,1
1232.0,0.9085602291597703,1
1764.0,0.9097797999130245,1
1500.0,0.9110090956418417,1
1248.0,0.9121544264654874,1
630.0,0.9134928424055555,1
3212.0,0.9146854904262128,1
1640.0,0.8907760922705382,1
3926.0,0.9168191637174976,0
644.0,0.8753592785604717,1
864.0,0.903998604457696,1
2340.0,0.9052211370124605,1
1342.0,0.9066703705798189,1
1325.0,0.908010290607923,1
3969.0,0.9093281951770003,0
2210.0,0.866632440220196,1
3528.0,0.8974504223805572,1
2772.0,0.8688068376367872,1
728.0,0.9001630189767077,1
2904.0,0.9012162729031832,1
3300.0,0.9023281117994052,1
1378.0,0.875422023067372,1
4110.0,0.9051508168193829,0
2024.0,0.8605332988682195,1
2100.0,0.8929033679234656,1
1586.0,0.8937832484624124,1
2625.0,0.8953766358850576,1
1225.0,0.8966302332953067,1
