2175.0,0.5,1
2600.0,0.5263157894736842,1
1848.0,0.6129917657822507,1
1943.0,0.6766823076308479,1
520.0,0.7244558505157561,1
2233.0,0.7609861170912493,1
2604.0,0.789319670017457,1
3542.0,0.811996977429259,1
3672.0,0.7856738322999477,0
2640.0,0.6965896095610984,1
1375.0,0.7765738870833921,1
1850.0,0.7999517311880681,1
775.0,0.8147845203599438,1
2093.0,0.8270145859996714,1
3600.0,0.8377144347132595,1
3388.0,0.8059251807219432,1
3036.0,0.8064480224118756,1
1026.0,0.8133551678451026,1
630.0,0.8595846589655995,1
1276.0,0.8736835931346105,1
3108.0,0.8808462026718106,1
2565.0,0.8538442489197485,1
1541.0,0.8838023570332222,1
1302.0,0.89377950131619,1
2835.0,0.8989563317630545,1
3040.0,0.9030256170946896,1
1225.0,0.8790234169951916,1
2720.0,0.9031155226178318,1
2565.0,0.9111254042174474,1
2990.0,0.9150071587125335,1
3289.0,0.9178358879736614,1
550.0,0.8965400447747384,1
1125.0,0.9166625672995735,1
1550.0,0.9233741227789402,1
1363.0,0.9266127430953935,1
4620.0,0.92873892949337,0
1300.0,0.876640885471424,1
600.0,0.9022024668905588,1
2781.0,0.9081507132514512,1
2775.0,0.9108816206756063,1
4340.0,0.9132027192254595,0
3096.0,0.8609036113834792,1
1014.0,0.8602143202937067,1
1710.0,0.8935814339684942,1
3366.0,0.8987763923750487,1
2280.0,0.8726821151664962,1
1500.0,0.900775598271792,1
2793.0,0.9053526449344109,1
1144.0,0.9075842347026283,1
1334.0,0.9095730049050531,1
2856.0,0.9114437607900453,1
2726.0,0.9132365327164392,1
1232.0,0.9148922390026631,1
1610.0,0.9164756166995306,1
1092.0,0.9180887014548426,1
3266.0,0.9195651192522539,1
2750.0,0.8974953754068926,1
3432.0,0.9198313105458136,1
1474.0,0.900716575580416,1
4144.0,0.9226654008894346,0
1512.0,0.8828347607441247,1
2825.0,0.9090437658572419,1
989.0,0.9122615411099677,1
3562.0,0.9138493686911582,1
874.0,0.8902498001420888,1
4140.0,0.9148224104175278,0
756.0,0.8736832244905369,1
594.0,0.9024341192933132,1
2060.0,0.9050017296460371,1
2214.0,0.906527137613785,1
2280.0,0.9079667568767307,1
924.0,0.9094434640233183,1
4140.0,0.9108676218420558,0
3420.0,0.8680070823604713,1
1204.0,0.8689582856714713,1
3082.0,0.8998398546688856,1
704.0,0.8732007027192675,1
3276.0,0.9026300834756347,1
3575.0,0.8766900877895069,1
1008.0,0.8776602044533294,1
1440.0,0.906640941661304,1
4379.0,0.9086980413027204,0
2392.0,0.8666194195928588,1
1518.0,0.8976542086265258,1
2256.0,0.8990577513878429,1
1534.0,0.9004453641343442,1
2794.0,0.9017788586400842,1
1880.0,0.9031141903983891,1
754.0,0.9043785163858915,1
3640.0,0.905643857373866,0
3240.0,0.8637187755203336,1
3250.0,0.8655961890015853,1
2625.0,0.8672199551022374,1
2340.0,0.8982660353965939,1
2461.0,0.899269234923288,1
3256.0,0.9006153957843742,1
1407.0,0.8732827763296411,1
2992.0,0.9032214506969751,1
2980.0,0.9043010241145817,1
1200.0,0.905457183125626,1
2583.0,0.9066535300044909,1
1743.0,0.9077797701782275,1
3930.0,0.9088700757801008,0
3344.0,0.8689479301201172,1
2976.0,0.8708313336265778,1
1377.0,0.9010807792122583,1
2275.0,0.9017792832786395,1
3255.0,0.9029245926109324,1
2300.0,0.876004605034151,1
2304.0,0.9054534737398554,1
1250.0,0.9062274972745177,1
3750.0,0.9073282960067924,0
1274.0,0.8679747034088368,1
1914.0,0.8992903811845249,1
3696.0,0.8996435241750476,0
2618.0,0.8587383501134603,1
2511.0,0.8925164801490106,1
1800.0,0.8923623955576444,1
1824.0,0.8935994587015238,1
1876.0,0.8947774451334846,1
884.0,0.8959087310846728,1
1716.0,0.8970419749717801,1
2576.0,0.8981431300171946,1
1606.0,0.899192476187321,1
2783.0,0.9002725159389467,1
1224.0,0.9013114920885463,1
1440.0,0.902341674935008,1
2944.0,0.9033114077328455,1
3451.0,0.904314259739119,1
3060.0,0.8775493701950091,1
1421.0,0.8796533252036599,1
552.0,0.9078123389606468,1
2277.0,0.9081063628173777,1
2970.0,0.9090416098381715,1
884.0,0.9099605218036148,1
3450.0,0.9108463166233973,1
567.0,0.885609954446979,1
3248.0,0.9129584025193206,1
1400.0,0.8876568384194105,1
3600.0,0.9145492481263441,1
2737.0,0.8897304532856546,1
936.0,0.9161312742695512,1
2160.0,0.916578509157641,1
1230.0,0.9173837881023206,1
3741.0,0.918173279473745,0
750.0,0.8837615574906486,1
3146.0,0.9114705116843896,1
2088.0,0.8855421960676031,1
972.0,0.9130471872468281,1
1239.0,0.9132036052460601,1
3973.0,0.9139967621500849,0
3562.0,0.8789267537736432,1
4158.0,0.8808514562193764,0
2028.0,0.8716816609256245,1
3318.0,0.9014369861421481,1
2960.0,0.8722162177789231,1
1755.0,0.9031531322404741,1
2755.0,0.9027123365989732,1
1040.0,0.903579718733978,1
3570.0,0.9043908710775407,1
1420.0,0.8774881649020966,1
3304.0,0.9071264650217075,1
3500.0,0.8794816361794975,1
3780.0,0.8817785463668416,0
2990.0,0.8730759678147988,1
2088.0,0.9024834887097378,1
1680.0,0.9019150350887948,1
1400.0,0.9027794758426747,1
1827.0,0.9035999540694405,1
650.0,0.9043936221347222,1
3210.0,0.9051478542313317,1
1350.0,0.8783907978987128,1
2001.0,0.9078381825419145,1
1449.0,0.9073657731390479,1
1892.0,0.9081514146790576,1
1281.0,0.9088698407761361,1
4524.0,0.9095885570634754,0
2392.0,0.8742662637795486,1
702.0,0.9046236661022015,1
1924.0,0.9039368586723396,1
2378.0,0.904799335381644,1
1175.0,0.90552822702603,1
1125.0,0.9062814440779005,1
1416.0,0.9070308150953724,1
2320.0,0.9077439847432726,1
2354.0,0.9084899886645421,1
644.0,0.9092317979112386,1
3108.0,0.9099281451896263,1
2620.0,0.8842628822853202,1
950.0,0.9123498903484987,1
3224.0,0.911936338885837,1
1943.0,0.8868393282055025,1
2354.0,0.9143140700053062,1
4340.0,0.9139879979654514,0
2525.0,0.8801973661085731,1
800.0,0.9091810666600855,1
1536.0,0.9085625663921661,1
1701.0,0.9093396948386342,1
3058.0,0.9100425973407654,1
1968.0,0.8844228417647192,1
1530.0,0.912509526627218,1
2610.0,0.9120104340655586,1
4228.0,0.91269329318375,0
2596.0,0.8788241704054871,1
1925.0,0.908201964626177,1
2376.0,0.907464968498853,1
3168.0,0.9082052285018646,1
1725.0,0.8820757346025933,1
1850.0,0.9108265537309188,1
2059.0,0.9101502045462442,1
864.0,0.9108403080884371,1
3072.0,0.9114834310098597,1
1971.0,0.8861849899247368,1
2320.0,0.91390317504634,1
1932.0,0.913320622287489,1
2960.0,0.9140157086413088,1
3388.0,0.9146298354753767,1
1410.0,0.8900703330685479,1
1536.0,0.9168150678503912,1
1560.0,0.9163854689980688,1
2040.0,0.9169920798441006,1
3672.0,0.9175599528537293,0
858.0,0.885367006036932,1
1428.0,0.9131622501385345,1
546.0,0.9124992419586782,1
1075.0,0.913173958566698,1
3536.0,0.9137502607377198,1
1586.0,0.8889736634251804,1
900.0,0.9160592581291918,1
2310.0,0.9155095679158628,1
2000.0,0.9161337844634876,1
3404.0,0.9166995083466749,1
2862.0,0.8926856229832532,1
1652.0,0.9188285015301396,1
2130.0,0.918349141680916,1
2024.0,0.9189681383315405,1
3276.0,0.9195107820741538,1
1998.0,0.8961858733907553,1
567.0,0.9214994967914422,1
504.0,0.9211302151036858,1
525.0,0.9217034653528549,1
2028.0,0.9221984543314775,1
2457.0,0.9226901500746578,1
2520.0,0.9231898067139488,1
2834.0,0.9237139537954479,1
2700.0,0.9241962272086865,1
1015.0,0.9247221081157722,1
851.0,0.9252062269738263,1
1378.0,0.9256874640753596,1
784.0,0.9261885655979457,1
1595.0,0.9266661982620684,1
3724.0,0.9271487385932735,0
1500.0,0.8976470803712808,1
1496.0,0.9224963035989059,1
2800.0,0.9221162221327979,1
3456.0,0.9226686178168427,1
2900.0,0.9001243862459359,1
3542.0,0.9244744244672011,1
1008.0,0.9013225061313677,1
3683.0,0.9254442756480203,0
1274.0,0.8945697576397357,1
1826.0,0.9202455605814079,1
2996.0,0.9196771877132153,1
3393.0,0.9202603555994121,1
3000.0,0.8970602883898319,1
1058.0,0.8989117492247358,1
2323.0,0.9226654163595085,1
600.0,0.9222358010548849,1
1344.0,0.9227928642780288,1
2575.0,0.9233172311650176,1
3045.0,0.9238194732825351,1
760.0,0.9015694013133204,1
2136.0,0.9256150686950808,1
2806.0,0.9252430737317273,1
2116.0,0.9257708446962014,1
1300.0,0.9262369230271066,1
2240.0,0.92673482593254,1
1755.0,0.927199538183827,1
2320.0,0.9276639425903603,1
2640.0,0.9281167564412471,1
870.0,0.9285507663062875,1
2794.0,0.9290261951360876,1
968.0,0.9294540046027642,1
2800.0,0.9299040369036679,1
3161.0,0.9303680896560201,1
2125.0,0.9098140496818724,1
900.0,0.9318659850514261,1
675.0,0.9316875546226957,1
816.0,0.9321334284888557,1
2256.0,0.9325828808123626,1
3630.0,0.933025198056791,0
2040.0,0.9054771348643317,1
870.0,0.9284698122109465,1
882.0,0.9281515961695185,1
3976.0,0.9286452158976158,0
1440.0,0.9000328361633994,1
2680.0,0.9243708419295,1
1000.0,0.9238475593958064,1
2958.0,0.924356533118155,1
3161.0,0.9248282269597626,1
2376.0,0.902839930982206,1
960.0,0.9266355364827987,1
3996.0,0.9261861349111231,0
1140.0,0.8970155657676212,1
3625.0,0.9221618767870727,0
1708.0,0.8905074650248788,1
1403.0,0.9173143263717723,1
2310.0,0.9164673249464627,1
3384.0,0.9170711566588677,1
3483.0,0.8930537905058868,1
1326.0,0.895248702396709,1
2712.0,0.9197095202319242,1
897.0,0.9190361331431387,1
805.0,0.9196053327249352,1
2438.0,0.9200647072244487,1
2240.0,0.9205617637959299,1
2794.0,0.9210552536812636,1
3045.0,0.9215215067804339,1
3172.0,0.898649197439591,1
3000.0,0.9005895301584762,1
1880.0,0.9010547667957359,1
576.0,0.9243317853366669,1
696.0,0.9237721195436873,1
1890.0,0.9242780743849018,1
2320.0,0.9247262035409183,1
1975.0,0.9251934327884952,1
2340.0,0.9256304582354078,1
1118.0,0.9260658965821247,1
1029.0,0.9265129129645086,1
650.0,0.926958480235962,1
1960.0,0.9274049503612746,1
900.0,0.9278078811320665,1
1728.0,0.9282531995685819,1
1176.0,0.9286512860056237,1
2820.0,0.9290837134987981,1
3132.0,0.9294958604806548,1
2921.0,0.9086607910465997,1
2684.0,0.9310861113501762,1
1533.0,0.9306774333094209,1
920.0,0.9310789159211686,1
2800.0,0.9314678695412258,1
1624.0,0.9318881453614587,1
3192.0,0.9322911290802232,1
3444.0,0.9121829645812594,1
1464.0,0.9135374035478458,1
2106.0,0.934043895186372,1
4020.0,0.933792284613662,0
1620.0,0.9070248496430896,1
1239.0,0.9297164181206234,1
1892.0,0.9292845032942678,1
2816.0,0.9297378116191449,1
2349.0,0.930114457978492,1
2860.0,0.9304973871400253,1
2277.0,0.9309087665910913,1
2626.0,0.9313275106458653,1
2310.0,0.9317355402544848,1
2323.0,0.9321356120311425,1
651.0,0.9325177619273891,1
3429.0,0.9328758001458514,1
2640.0,0.9129097616584001,1
2464.0,0.9343030264833623,1
3683.0,0.9339682512851502,0
1176.0,0.9073319438839814,1
3799.0,0.9299864921211916,0
1040.0,0.9012270456124067,1
2938.0,0.9254523176972923,1
2540.0,0.924780928769076,1
2523.0,0.9252422411984748,1
2709.0,0.9256591170254778,1
2106.0,0.9260628166304963,1
1320.0,0.9264785164437493,1
2755.0,0.9268829309377739,1
2280.0,0.9272863343101047,1
1080.0,0.92771874800837,1
2967.0,0.9281281338812157,1
784.0,0.9285512692355613,1
1740.0,0.928939658096608,1
660.0,0.9293185932626948,1
1659.0,0.9297441140791004,1
3075.0,0.9301615697999487,1
840.0,0.909477847698595,1
2929.0,0.9317510675408414,1
2940.0,0.9313102626504777,1
2280.0,0.931742500512818,1
1508.0,0.9321428431678968,1
2260.0,0.932515806832515,1
726.0,0.9328885116551154,1
2080.0,0.9332672728424907,1
880.0,0.933622387794906,1
1647.0,0.9339797990582765,1
2704.0,0.9343743014746511,1
3198.0,0.9347532236773127,1
1600.0,0.9153008148372423,1
2000.0,0.9361166857380802,1
2208.0,0.9357794628838872,1
2205.0,0.9361813268111991,1
3024.0,0.9365273301386787,1
3240.0,0.9175394302820444,1
567.0,0.9187995295348353,1
2800.0,0.9381629888151817,1
3675.0,0.9379015179552956,0
1386.0,0.9123560021869349,1
2400.0,0.9337947586669726,1
1122.0,0.9333931565332731,1
2120.0,0.9338104302591494,1
1152.0,0.9341860396030063,1
4200.0,0.9345521061815479,0
1064.0,0.9081728229840438,1
2134.0,0.9306586867669615,1
1920.0,0.9301471069709453,1
3496.0,0.9305530744264873,1
3720.0,0.9099589990544994,0
1344.0,0.9048165817650063,1
2325.0,0.9272079238198457,1
3360.0,0.9266004388961737,1
4004.0,0.9050606905127772,0
648.0,0.9001813597538858,1
3124.0,0.9235319067465252,1
3213.0,0.8996025225778148,1
3150.0,0.9017428849182062,1
3624.0,0.9021486657818211,0
2856.0,0.896096563584708,1
2349.0,0.9204182882360475,1
3150.0,0.9195102996980454,1
1620.0,0.8961649666792394,1
1872.0,0.9218065725775932,1
2162.0,0.9208577350473348,1
2790.0,0.9213766972231706,1
1247.0,0.9218092055252493,1
1694.0,0.9222363521729052,1
3425.0,0.9226573741456403,1
2470.0,0.9000231085242555,1
1386.0,0.92469129796226,1
2320.0,0.9238372571810595,1
1475.0,0.9243351238866399,1
1400.0,0.9247401190185364,1
928.0,0.9251351424162205,1
896.0,0.9255323317161215,1
1850.0,0.9259626236816093,1
777.0,0.9263503918085142,1
2300.0,0.9267623943021472,1
3125.0,0.9271454198440493,1
1350.0,0.9056803970484645,1
3375.0,0.9289726152791281,1
2700.0,0.9066281948076403,1
1008.0,0.9297129746623369,1
3013.0,0.9290740821836209,1
2160.0,0.908193648706105,1
4410.0,0.9308457159184611,0
2150.0,0.9022849334383484,1
1680.0,0.9263754131369929,1
1850.0,0.9255861864647976,1
567.0,0.9260418069841502,1
3770.0,0.9264558876082323,0
2980.0,0.8980733672098054,1
3024.0,0.9231785791315366,1
3672.0,0.8989504664871291,0
984.0,0.8947201153115281,1
2840.0,0.9192341122190507,1
2499.0,0.9182381351454607,1
2233.0,0.9187655217040683,1
2728.0,0.9192032891835595,1
840.0,0.9196492530892522,1
2806.0,0.9200795751223707,1
2288.0,0.9205103703153941,1
1104.0,0.9209367314733978,1
780.0,0.9213863392050273,1
3161.0,0.9218097389574781,1
3248.0,0.8989248447688808,1
3807.0,0.9010751187556151,0
3124.0,0.8949869432251709,1
3456.0,0.8955250074980029,1
3969.0,0.896056728687224,0
1537.0,0.8901163492484045,1
884.0,0.915703955480983,1
2736.0,0.9145160788584755,1
2860.0,0.9150767892860341,1
1491.0,0.9155552061347962,1
3060.0,0.9160079717059497,1
4176.0,0.8916558368762432,0
2400.0,0.8878270442487084,1
1320.0,0.9137641044488388,1
1300.0,0.9124757295707333,1
648.0,0.9130601413087434,1
2398.0,0.9135155196294229,1
2604.0,0.9140034488126922,1
1440.0,0.9144623649827923,1
2106.0,0.914953192276273,1
1914.0,0.9154138818681399,1
1140.0,0.9158764468114549,1
1800.0,0.9163267525009202,1
2660.0,0.9167696833548525,1
546.0,0.9172263610543127,1
4200.0,0.9177023728514371,0
1743.0,0.8871832073015052,1
2730.0,0.9150390923212844,1
3614.0,0.9136469151789495,0
1575.0,0.8823068892170344,1
1485.0,0.9113712074588364,1
3366.0,0.909779443701915,1
