1392.0,0.5,1
1768.0,0.8965991923219018,1
738.0,0.9125337350876425,1
2091.0,0.9138311254523503,1
1045.0,0.8312448159712489,1
737.0,0.9110442005847731,1
1218.0,0.9151794272059102,1
1320.0,0.915461396706042,1
1410.0,0.9153346197089157,1
1573.0,0.9139391320998129,1
1027.0,0.9137990410550817,1
988.0,0.9139345477001664,1
1660.0,0.9153289970141852,1
432.0,0.9153227569011338,1
480.0,0.9140844719988173,1
2466.0,0.9153424258047558,1
2338.0,0.8315222796430081,1
377.0,0.8234152080554131,1
1862.0,0.9101588360184588,1
1584.0,0.9150930002024097,1
1344.0,0.9153046492295978,1
1881.0,0.9140830416596284,1
950.0,0.9151922913390483,1
1420.0,0.9140732660646371,1
530.0,0.9151914312142487,1
1580.0,0.9140731946929657,1
663.0,0.9151914250172623,1
1615.0,0.9140731941808408,1
1764.0,0.9153414476865029,1
1375.0,0.9153238379434764,1
1280.0,0.9139940503551572,1
3995.0,0.8478734838452094,0
308.0,0.8227775809769368,1
1296.0,0.9095707876668091,1
1005.0,0.9150378182891372,1
616.0,0.915449051632994,1
688.0,0.915482369389857,1
1834.0,0.9154851387647716,1
988.0,0.9153365919361214,1
1053.0,0.9140856175334393,1
1980.0,0.9153425241120791,1
924.0,0.9153239305059032,1
1210.0,0.914084568660338,1
1700.0,0.9151924218644677,1
3021.0,0.9139268054481177,0
1742.0,0.8286689524213123,1
2812.0,0.9102002882980625,0
3132.0,0.8282536757560465,0
3080.0,0.8221643720631483,0
2980.0,0.8215930618677777,0
1207.0,0.8215340395871018,1
1090.0,0.9100238656297415,1
1840.0,0.9149287917976885,1
1330.0,0.9139629665775763,1
1892.0,0.8478705306932043,1
430.0,0.9105840211628763,1
1050.0,0.9137234094023774,1
671.0,0.9152170500055195,1
3315.0,0.8480106355138062,0
1230.0,0.822921407446246,1
2844.0,0.9098783809395597,0
2071.0,0.8282118066709003,1
440.0,0.822289692253469,1
1090.0,0.9105378809345248,1
1309.0,0.9150453656637695,1
1992.0,0.8479965191388535,1
420.0,0.9105969692387147,1
629.0,0.9137245592104833,1
896.0,0.9153124031067071,1
2370.0,0.9154703017945701,1
1728.0,0.8314444445947894,1
550.0,0.9104771192987261,1
1750.0,0.8476071733547791,1
544.0,0.9105641370283288,1
1500.0,0.9137218166746213,1
880.0,0.9151618325309477,1
2226.0,0.9140707732135381,1
3306.0,0.8311838911269903,0
3024.0,0.8225452470854531,0
803.0,0.8216368005990068,1
510.0,0.9100300608057084,1
708.0,0.9150822844325395,1
900.0,0.9154528530556134,1
1012.0,0.9154826898216402,1
1320.0,0.9154851657263186,1
1554.0,0.9154853731175145,1
702.0,0.9153909923525743,1
3122.0,0.8480276024926482,0
2086.0,0.8228052521874045,1
1720.0,0.8207370488283158,1
1984.0,0.909763054170929,1
3097.0,0.9135363053570817,0
1005.0,0.8286124603337464,1
1806.0,0.9103971768032355,1
2768.0,0.9150117871355189,0
1960.0,0.7246018362208031,1
1513.0,0.9039823649035487,1
648.0,0.9132610204183891,1
1620.0,0.915274745182475,1
2120.0,0.9154671582131199,1
840.0,0.8315423218519289,1
1616.0,0.9110630100170414,1
2540.0,0.9150289998819916,1
2448.0,0.8288811259653991,1
2840.0,0.8222358542913988,0
1638.0,0.8216009919594136,1
1005.0,0.909822886533501,1
1302.0,0.9136921126686781,1
2160.0,0.9153104276496388,1
676.0,0.8315174153257042,1
2980.0,0.9110614660180463,0
1300.0,0.830890465495658,1
1952.0,0.9105700900588767,1
1394.0,0.914970471374812,1
3160.0,0.9140569961391146,0
1230.0,0.8311818325582699,1
1638.0,0.9105864161226976,1
475.0,0.9150275560908173,1
2475.0,0.8479942852033602,1
2071.0,0.8229189152222033,1
1887.0,0.8217659935747755,1
558.0,0.9103827587683201,1
2110.0,0.847618501428184,1
481.0,0.8227461028223674,1
1065.0,0.9095689185576172,1
1340.0,0.9150376746167952,1
430.0,0.9154490398318884,1
2574.0,0.9154823684039033,1
1767.0,0.8314463242072582,1
714.0,0.9106039380119499,1
1683.0,0.9151256507090547,1
3380.0,0.9153073110817989,0
1166.0,0.8289193798437315,1
564.0,0.9102899771322057,1
3604.0,0.8475896174143899,0
2240.0,0.8227384861312762,1
2132.0,0.8207294368636504,1
2312.0,0.8214271456834978,1
2366.0,0.8215157238301394,1
3173.0,0.8215256991658442,0
410.0,0.8215268010377267,1
1190.0,0.9100234298550358,1
1573.0,0.9149287579895072,1
1170.0,0.9139069834459437,1
2025.0,0.9139442112419747,1
2040.0,0.8312625201951792,1
1853.0,0.8233853878486367,1
1545.0,0.9100271527331635,1
2895.0,0.8474474576449941,0
1968.0,0.8217891866454855,1
1512.0,0.9098014633283326,1
2964.0,0.9135960192943876,0
3500.0,0.7243556083232208,0
600.0,0.8111276437923476,1
700.0,0.9093982967712132,1
2484.0,0.9150338495194247,1
1680.0,0.8314787023852664,1
1617.0,0.910937512936214,1
2850.0,0.8474254025704783,0
1080.0,0.8203465354352377,1
847.0,0.909880975071696,1
1053.0,0.9150683054151835,1
1404.0,0.91545163616578,1
350.0,0.9153881712844824,1
3420.0,0.8480273358658638,0
2574.0,0.8229242144006373,1
2451.0,0.8216344278175537,1
520.0,0.8216696091884166,1
2556.0,0.9105033720889,1
1212.0,0.8308149398535483,1
804.0,0.91043840613196,1
3211.0,0.8476037388731474,0
2652.0,0.822740844371772,1
2304.0,0.8207297117869053,1
1540.0,0.8215600618164428,1
936.0,0.9104968629551902,1
1440.0,0.9151389297687885,1
1360.0,0.9153635538412223,1
1540.0,0.8480250451638622,1
2628.0,0.9105994756563062,1
1944.0,0.8282656208437753,1
700.0,0.9101750674866763,1
1463.0,0.9137164032512957,1
1768.0,0.9151620544282381,1
666.0,0.9139243080113847,1
2048.0,0.9139456013149204,1
891.0,0.8311632959296357,1
1458.0,0.9105852026522854,1
260.0,0.9151241546854285,1
2016.0,0.9154562658120478,1
1261.0,0.8314423695582974,1
465.0,0.9106036849948381,1
870.0,0.9151256307881689,1
1881.0,0.915456388453196,1
1160.0,0.9154829844946165,1
3078.0,0.9153907910554832,0
3690.0,0.7246567011786053,0
1792.0,0.8110121214754505,1
1360.0,0.908706527390385,1
2958.0,0.9134503426575001,0
2197.0,0.8285995654099527,1
1952.0,0.8222014425997478,1
1120.0,0.9098576786233947,1
630.0,0.9136946407529425,1
3200.0,0.9153106357768427,0
1854.0,0.8314189836734376,1
2041.0,0.9104754607956116,1
2101.0,0.7239942545372122,1
465.0,0.8110881183553426,1
742.0,0.9093958679308456,1
2160.0,0.9150336612165316,1
2793.0,0.8314786741876121,0
2700.0,0.8234104269419729,1
1963.0,0.8217713948474106,1
1536.0,0.9098342758634133,1
931.0,0.9135996168022874,1
3224.0,0.847836945236067,0
1638.0,0.8224716430527106,1
816.0,0.9082064308759068,1
648.0,0.9135100666910961,1
1837.0,0.9152934379627262,1
1320.0,0.915319728275768,1
2448.0,0.9139937109333542,1
4200.0,0.7244137745094612,0
1900.0,0.8109771549770024,1
852.0,0.9087787186557712,1
4140.0,0.84745137715778,0
1630.0,0.8227165980726976,1
1573.0,0.9093705182072267,1
1054.0,0.9134991754857046,1
308.0,0.9139117046756651,1
2907.0,0.9153270861333498,0
858.0,0.8314214353683923,1
656.0,0.9106023262813498,1
1056.0,0.9151255231463898,1
728.0,0.9154563795329229,1
2754.0,0.9154829837473852,0
686.0,0.8314464186651714,1
1023.0,0.9106039440738101,1
2608.0,0.9151256511869684,1
1992.0,0.8313937985855513,1
1818.0,0.9104021334219161,1
748.0,0.913641515268881,1
1782.0,0.8478408651181413,1
465.0,0.9105813301766131,1
1672.0,0.913723178800553,1
1474.0,0.9151619491771058,1
1308.0,0.9139801774202864,1
4880.0,0.8477538980806344,0
1224.0,0.8214291905880667,1
2840.0,0.9083530370310415,0
517.0,0.8303671587960876,1
2635.0,0.9105347486218471,1
2480.0,0.8307797156456597,1
1988.0,0.8225016642123644,1
2916.0,0.9098772486983036,0
1820.0,0.8282132594251277,1
1932.0,0.9101724437479961,1
2070.0,0.913565418219109,1
1397.0,0.8286166624075199,1
1292.0,0.9102694906789564,1
3192.0,0.847587736437851,0
400.0,0.8228573920029869,1
1606.0,0.9100784515723169,1
2720.0,0.914932140386185,0
340.0,0.8288658814093851,1
2280.0,0.9104143422014168,1
2660.0,0.8307610333848302,1
828.0,0.8224994822694603,1
2226.0,0.9100814622046082,1
3021.0,0.8307176445918154,0
1378.0,0.8224946271278408,1
1116.0,0.9099507547059338,1
3728.0,0.8475612188270261,0
2394.0,0.8227342270646497,1
1130.0,0.8207289530686361,1
1680.0,0.9098369124381946,1
3852.0,0.8475510082519266,0
1242.0,0.8224322628388626,1
590.0,0.9084231101123177,1
1240.0,0.9148998897875799,1
2128.0,0.9154362542082198,1
1843.0,0.8315376180140017,1
425.0,0.9110627207563526,1
1045.0,0.9151808705611317,1
540.0,0.9154615155979248,1
897.0,0.9154834287165542,1
2880.0,0.9154852281504404,0
2736.0,0.8314467621438398,0
2034.0,0.8225767682233401,1
1232.0,0.821772469219928,1
2180.0,0.9105093828339769,1
380.0,0.8309164690933389,1
2774.0,0.9110261552014148,0
1764.0,0.8308856051894835,1
710.0,0.9105697853410394,1
2394.0,0.9151230217895772,1
868.0,0.8313934042967223,1
830.0,0.9106005746896755,1
1156.0,0.9151253866836572,1
704.0,0.9154563682869826,1
2926.0,0.9154829828069786,0
710.0,0.8314464185209002,1
2040.0,0.9106039440645525,1
814.0,0.8307896762517698,1
660.0,0.9105630982428566,1
1540.0,0.9151224756940157,1
930.0,0.9153070468961905,1
2385.0,0.9140832349780769,1
598.0,0.8311858657000338,1
540.0,0.9105866757338001,1
1330.0,0.9151242716987988,1
527.0,0.9153071953088948,1
1220.0,0.9140832470095169,1
504.0,0.9153423224120004,1
1752.0,0.9154728189792812,1
308.0,0.9153355319962861,1
1118.0,0.9140855305084453,1
1080.0,0.915342516663562,1
2220.0,0.915472835421843,1
1328.0,0.8314448341309415,1
2862.0,0.910603841996557,0
2640.0,0.8307896615306809,1
1370.0,0.8225028062883882,1
1030.0,0.9098773196699387,1
1200.0,0.913602793076441,1
3895.0,0.8478372424444705,0
1736.0,0.8227716600236613,1
2432.0,0.9093739744146702,1
2376.0,0.828131039024749,1
1976.0,0.8221500605327408,1
627.0,0.9098545308346954,1
1615.0,0.9136944052266087,1
1343.0,0.9153106161745003,1
1856.0,0.9154701700439982,1
1848.0,0.9153353072733588,1
1054.0,0.9139391874388544,1
2040.0,0.9139468584682766,1
2470.0,0.831163494837205,1
722.0,0.8226713384660783,1
896.0,0.9105611312818065,1
1566.0,0.9151437470529873,1
3400.0,0.9154585111905799,0
1580.0,0.8314427436118557,1
1308.0,0.9106037094464969,1
1751.0,0.9149730862666086,1
1955.0,0.9139664989147728,1
2120.0,0.8477526172986309,1
648.0,0.8214289949379324,1
1110.0,0.9083530232368938,1
325.0,0.9147961662485216,1
2964.0,0.8479713137795619,0
731.0,0.8224962660781924,1
1419.0,0.9084275093038333,1
1661.0,0.9147453927263423,1
1326.0,0.9138904592170308,1
3002.0,0.9139427916568145,0
1652.0,0.831162853829152,1
2015.0,0.9104583483553998,1
2430.0,0.7239917924921411,1
1188.0,0.8110877953141343,1
2502.0,0.9092607275041045,1
1890.0,0.7240154264072203,1
1606.0,0.904752706948548,1
1888.0,0.9132009569837708,1
1173.0,0.9137405744894399,1
525.0,0.9139297283053635,1
1802.0,0.9153285828300906,1
2310.0,0.9153771613822644,1
1730.0,0.7246546437542433,1
2160.0,0.9039862647435346,1
846.0,0.8275285753629323,1
1298.0,0.9107960760048178,1
570.0,0.9150632306847762,1
2730.0,0.8479981273148175,0
1638.0,0.8229196104262636,1
2820.0,0.9098782636286248,0
2227.0,0.8282117901879862,1
2185.0,0.8221595874358941,1
2254.0,0.8217248574288772,1
1740.0,0.822410358922937,1
2385.0,0.9098956711551072,1
1751.0,0.8282175063649931,1
264.0,0.9102454925905481,1
3105.0,0.8475856216130864,0
2142.0,0.8224375623336725,1
1380.0,0.8186472447118809,1
1566.0,0.9097876659588935,1
1752.0,0.9150613903707794,1
429.0,0.9153564677083691,1
3640.0,0.8480243606832216,0
780.0,0.8229237282710342,1
3192.0,0.9100827992709969,0
1760.0,0.8307162899641255,1
1870.0,0.9105584678588038,1
2124.0,0.9150254044485763,1
3024.0,0.7247857731283553,0
2352.0,0.8126136270105396,1
924.0,0.8207664586421747,1
608.0,0.9104521381994914,1
969.0,0.9151356204367123,1
1397.0,0.9154578516395115,1
1209.0,0.9153343219370944,1
1728.0,0.9140854332032307,1
1652.0,0.9151924969613613,1
2091.0,0.9139826952518433,1
1672.0,0.7244120825385338,1
450.0,0.9039665334053354,1
740.0,0.9132596537048554,1
2840.0,0.915274625732678,0
700.0,0.8314134591136735,1
1755.0,0.9106018153595504,1
2520.0,0.9149729348280381,1
1400.0,0.8288718190364992,1
730.0,0.910214334009403,1
1370.0,0.9137194193698255,1
960.0,0.9151623105184233,1
2460.0,0.9140708304612897,1
588.0,0.8311839009943967,1
1760.0,0.9105865483999244,1
2016.0,0.9149717004943795,1
2624.0,0.828871637030463,1
3460.0,0.8222347047558667,0
1410.0,0.8216008618514501,1
970.0,0.9100278425038525,1
2142.0,0.9150821121454025,1
1700.0,0.8313873101367301,1
795.0,0.9104017149585186,1
1712.0,0.9137345598838484,1
1683.0,0.915218689667011,1
2816.0,0.8477761168232033,0
1404.0,0.820395607161065,1
572.0,0.9098841953402074,1
1862.0,0.9150685625234043,1
1260.0,0.915302529374815,1
990.0,0.9140828670338667,1
1694.0,0.9153422899745421,1
1584.0,0.915323910477435,1
450.0,0.9140845670181402,1
2916.0,0.9153424339463919,0
1199.0,0.8314238377678695,1
1008.0,0.9104757741887762,1
3260.0,0.8476070514846238,0
1736.0,0.8228605695252468,1
1562.0,0.9098743562767193,1
3240.0,0.9135439655026264,0
480.0,0.8286135495974277,1
3400.0,0.9103972472014907,0
1236.0,0.8307585112408459,1
1826.0,0.9104341007004891,1
2832.0,0.8473608726122134,0
1972.0,0.8202134985939733,1
2109.0,0.9092522575548816,1
2541.0,0.7238114038043383,1
690.0,0.8105135722078453,1
2060.0,0.9077097645986761,1
2924.0,0.830379702908472,0
1560.0,0.8232881138637719,1
1440.0,0.9099477131586552,1
1080.0,0.9137023032534631,1
324.0,0.9153113019148741,1
996.0,0.9154702284741337,1
800.0,0.915484104221582,1
456.0,0.9154852834944037,1
2565.0,0.9154853829925174,1
1665.0,0.8315451335245382,1
1368.0,0.9109415973231151,1
2496.0,0.8475462005735782,1
2880.0,0.8218058694081911,0
1848.0,0.8214986999568398,1
1776.0,0.9098156114439315,1
1335.0,0.9135981359749221,1
1790.0,0.8478368037796286,1
790.0,0.9105809571539877,1
1920.0,0.9137231467018544,1
2080.0,0.9153122791960911,1
640.0,0.8315176646016561,1
240.0,0.9110614809351508,1
1900.0,0.9151807746512828,1
2502.0,0.9154615077168528,1
1260.0,0.8315415611974798,1
1422.0,0.9109413769402916,1
3726.0,0.8476665915252715,0
1056.0,0.8227534930147865,1
741.0,0.9095693859126024,1
986.0,0.9150377116511482,1
2850.0,0.9154490429053551,0
448.0,0.8314412632165196,1
2192.0,0.9106036140393174,1
624.0,0.8308905729229353,1
2250.0,0.9110240066572093,1
1536.0,0.8308852665570705,1
2086.0,0.9105697634009982,1
1070.0,0.8307848708991364,1
3096.0,0.9103638941510088,0
1188.0,0.8282781045299502,1
686.0,0.9101766139133928,1
506.0,0.9137165484777272,1
902.0,0.915312400215902,1
1536.0,0.9154703185602735,1
