Timestep: 0, Trans probs: [0.125, 0.125, 0.125, 0.125, 0.125, 0.125, 0.125, 0.125]
Timestep: 1, Trans probs: [0.14814814814814814, 0.07407407407407407, 0.2962962962962963, 0.14814814814814814, 0.07407407407407407, 0.037037037037037035, 0.14814814814814814, 0.07407407407407407]
Timestep: 2, Trans probs: [0.15942124456467863, 0.06280097765754357, 0.07971062228233931, 0.031400488828771785, 0.31884248912935725, 0.12560195531508714, 0.15942124456467863, 0.06280097765754357]
Timestep: 3, Trans probs: [0.19298633135415397, 0.07232765902369488, 0.2586644960216921, 0.0969426038544679, 0.11782020168727704, 0.044156802784659534, 0.1579174176573498, 0.059184487616704765]
Timestep: 4, Trans probs: [0.1682434378705039, 0.05761840127007016, 0.33660585457403197, 0.11527754927136862, 0.07999650126837626, 0.02739643559727252, 0.16004957467108002, 0.054812245477296524]
Timestep: 5, Trans probs: [0.16159319493525068, 0.057646505600180434, 0.3396393821876887, 0.12116242614776943, 0.0760293513760074, 0.0271225928271996, 0.1597998105045499, 0.057006736421353975]
Timestep: 6, Trans probs: [0.17217530526138272, 0.05394612182452154, 0.35081457224408724, 0.10991753796147709, 0.07849721211450081, 0.024594817248533452, 0.15994143787633222, 0.050112995469164937]
Timestep: 7, Trans probs: [0.1653347355023546, 0.0775841763856221, 0.0873409549432678, 0.040985193059510816, 0.2800172795547803, 0.13139955098963904, 0.14792400715203724, 0.06941410241278814]
Timestep: 8, Trans probs: [0.15476430949102835, 0.057637274145199, 0.3397584669486428, 0.1265327385045883, 0.07326862673430243, 0.027286678299508406, 0.1608486890585198, 0.05990321681821097]
Timestep: 9, Trans probs: [0.1579298214805434, 0.06103315754200526, 0.07559688223795741, 0.029214979033469604, 0.32984687338910407, 0.1274717846165312, 0.15788908649672936, 0.06101741520365974]
Timestep: 10, Trans probs: [0.20167680363925683, 0.06463036451464203, 0.2910276364472646, 0.09326418253368318, 0.10830954375334403, 0.034709422040000104, 0.15629497272080753, 0.050087074351001674]
Timestep: 11, Trans probs: [0.17220998553863945, 0.04883372771029769, 0.3542039915246456, 0.10044191817282346, 0.08265553213455218, 0.023438697456384276, 0.1700070951871894, 0.04820905227546806]
Timestep: 12, Trans probs: [0.14507029243455677, 0.07253514621727838, 0.31975309863906826, 0.15987654931953413, 0.06299481389823901, 0.031497406949119504, 0.13884846169480258, 0.06942423084740129]
Timestep: 13, Trans probs: [0.13174089532111985, 0.16472618289873228, 0.08197099279550141, 0.10249489134493348, 0.14218687763619983, 0.1777876304408679, 0.08847062632997978, 0.11062190323266562]
Timestep: 14, Trans probs: [0.11780178967064155, 0.12276027053716697, 0.054489090171018516, 0.05678263012319386, 0.21702049346133567, 0.22615526100162983, 0.10038259410349798, 0.10460787093151573]
Timestep: 15, Trans probs: [0.2614537398300206, 0.1419303630704753, 0.13887826524447533, 0.07539017273786532, 0.1618485580222862, 0.08785961377898167, 0.08597026374557919, 0.04666902357031628]
Timestep: 16, Trans probs: [0.1655918756865456, 0.06870112847310797, 0.30660682307821197, 0.12720572585880313, 0.08226098965640417, 0.03412862373397712, 0.15231291147135076, 0.06319192204159928]
Timestep: 17, Trans probs: [0.15925888870238775, 0.06385635096516458, 0.34392764702049006, 0.13790102840542037, 0.06665821660558971, 0.02672723958430259, 0.14395179935346936, 0.05771882936317559]
Timestep: 18, Trans probs: [0.1766863586870691, 0.06132565634782759, 0.36223792718243664, 0.1257283177015594, 0.06669056930359654, 0.023147474231425533, 0.13672732726320797, 0.047456369282877206]
Timestep: 19, Trans probs: [0.18625876489002988, 0.05729443314411553, 0.3772057830420358, 0.1160310041293123, 0.06653886894056787, 0.02046779801343189, 0.13475256413450962, 0.041450783705997134]
Timestep: 20, Trans probs: [0.2258948930375069, 0.06012113787298312, 0.34470235447166053, 0.09174132933979906, 0.08677983253448736, 0.02309614974577595, 0.13242093343972813, 0.03524336955805878]
Timestep: 21, Trans probs: [0.3763769846879399, 0.0909662277800746, 0.23284877272204113, 0.056277018413614814, 0.12116750542990175, 0.029284869550720554, 0.07496129168614363, 0.018117329729563696]
Timestep: 22, Trans probs: [0.20293775831450758, 0.04612469232569768, 0.3710561830978215, 0.08433547518747406, 0.08514028075612427, 0.019351101968484753, 0.1556724971618352, 0.035382011188054924]
Timestep: 23, Trans probs: [0.17703473625140898, 0.048205772629242694, 0.3650736312290778, 0.0994079288200756, 0.07964073380582982, 0.02168581820246771, 0.16423179145449354, 0.044719587607403855]
Timestep: 24, Trans probs: [0.1527493531395293, 0.07865398743779504, 0.3204461903843075, 0.1650047618201931, 0.060333493231900126, 0.031067037085292286, 0.12657099792153903, 0.06517417897944355]
Timestep: 25, Trans probs: [0.17519713453425334, 0.29724251217347414, 0.09769555766929765, 0.1657519859957127, 0.06287894129132712, 0.10668150778794999, 0.03506332025031035, 0.059489040297674496]
Timestep: 26, Trans probs: [0.12753618269189296, 0.07864486467671752, 0.2742109485090032, 0.16909148825994888, 0.0688293690222449, 0.04244345642377764, 0.1479875449186211, 0.09125614549779393]
Timestep: 27, Trans probs: [0.24634156725473214, 0.11893793924216628, 0.11381964686235266, 0.05495408019825072, 0.21492624609370709, 0.10377008267145851, 0.09930451325959452, 0.047945924417738164]
Timestep: 28, Trans probs: [0.20862802579019957, 0.09581960894495059, 0.24261497943199298, 0.11142928839646266, 0.10819899209412058, 0.04969411502327248, 0.12582535899503575, 0.057789631323965245]
Timestep: 29, Trans probs: [0.16839791689474856, 0.07780063726253185, 0.31692435749282466, 0.1464205581139771, 0.06893485279551377, 0.03184822933671958, 0.1297351792346426, 0.05993826886904173]
Timestep: 30, Trans probs: [0.14788035323037013, 0.06284511378073399, 0.32194168923394745, 0.13681643063937446, 0.07300684419677, 0.031025916087520332, 0.15893894106225842, 0.06754471176902532]
Timestep: 31, Trans probs: [0.15200790538219344, 0.060154334972647654, 0.33333022899828035, 0.1319093122246309, 0.07239053807649992, 0.02864722505948095, 0.15874144554310193, 0.06281900974316464]
Timestep: 32, Trans probs: [0.16170018385823237, 0.059867438435538, 0.3422980775655591, 0.12673151381958567, 0.07244524947885159, 0.02682193309640773, 0.15335708985408011, 0.056778513891745264]
Timestep: 33, Trans probs: [0.15477256522961277, 0.07444820138678085, 0.33654609909475636, 0.16188432183811916, 0.05792902569458696, 0.027864833568226322, 0.1259641047685046, 0.060590848419413076]
Timestep: 34, Trans probs: [0.34525752638783236, 0.1578435646498697, 0.17725668882617815, 0.08103756032512294, 0.10819616338931837, 0.049464723591936176, 0.05554837244747934, 0.02539540038226303]
Timestep: 35, Trans probs: [0.1806571907725455, 0.07365757329116025, 0.36256538520836296, 0.14782520595842905, 0.05558699077642737, 0.0226639351007332, 0.11155890688460714, 0.04548481200773457]
Timestep: 36, Trans probs: [0.4181257555088659, 0.1460441950743291, 0.16849392874176738, 0.05885205556891605, 0.1101336731088608, 0.038467813637043, 0.044381038537770756, 0.015501539822447208]
Timestep: 37, Trans probs: [0.23688232150299943, 0.09754870138349246, 0.24726852005194982, 0.10182576256025232, 0.10967737365001644, 0.04516540239401406, 0.11448622123234674, 0.04714569722492878]
Timestep: 38, Trans probs: [0.15345476691822174, 0.06821790256525695, 0.32399380042899895, 0.14403056974561973, 0.06904113794211182, 0.030692051577904982, 0.14576869208454288, 0.06480107873734288]
Timestep: 39, Trans probs: [0.08513415341299235, 0.15190552996920184, 0.04805672602042445, 0.08574798881600483, 0.14443424190844192, 0.25771513761777126, 0.08153057865848734, 0.14547564359667603]
Timestep: 40, Trans probs: [0.1365335365803705, 0.08201815664627385, 0.24952863280857784, 0.14989634785719655, 0.08440285527467083, 0.05070231665196603, 0.15425462204614726, 0.09266353213479721]
Timestep: 41, Trans probs: [0.15699822635875071, 0.0689477767576035, 0.3192182669887563, 0.1401887799610998, 0.07207819833007717, 0.03165406159555276, 0.14655374198956134, 0.06436094801859839]
Timestep: 42, Trans probs: [0.16915743073677972, 0.06041099491836869, 0.3664234835146815, 0.13086038907165412, 0.06356857308274744, 0.022702169977064, 0.13770023515717392, 0.049176723541530486]
Timestep: 43, Trans probs: [0.3541054410290166, 0.10971193572287354, 0.1905404779694801, 0.059034858687416245, 0.14226273651656482, 0.044077041457226546, 0.07655010816648607, 0.023717400450936132]
Timestep: 44, Trans probs: [0.1521916855269067, 0.05845323692218556, 0.3434564154566463, 0.131913508649476, 0.06965728216107958, 0.026753719189194867, 0.15719807792829066, 0.06037607416622009]
Timestep: 45, Trans probs: [0.13188357597020126, 0.13629795208168866, 0.06922006624116372, 0.07153698405752329, 0.19061858682926797, 0.19699892744343764, 0.10004756930537158, 0.1033963380713459]
Timestep: 46, Trans probs: [0.21758755984243794, 0.12502982718208644, 0.09159426576668242, 0.0526317553630877, 0.22934785347115527, 0.1317875089221357, 0.0965448036600389, 0.05547642579237577]
Timestep: 47, Trans probs: [0.17153368417912232, 0.07895470986812961, 0.2833263071714517, 0.13041139113744532, 0.08671224465913882, 0.039912511363816766, 0.14322469772273122, 0.06592445389816419]
Timestep: 48, Trans probs: [0.30962507517614535, 0.12835683912679854, 0.18225828607347586, 0.07555621098113677, 0.13536870478894697, 0.05611786788751864, 0.07968368876062086, 0.033033327205357094]
Timestep: 49, Trans probs: [0.3470561898937366, 0.14751760465115135, 0.12232699160964142, 0.05199557106865322, 0.17179278595430883, 0.07302120238249338, 0.0605518509624165, 0.025737803477598773]
Timestep: 50, Trans probs: [0.17169234386915672, 0.07373776648453259, 0.2820701149705343, 0.12114238644102376, 0.09300248307399593, 0.039942348184250985, 0.15279202614427007, 0.06562053083223554]
Timestep: 51, Trans probs: [0.1950784924385568, 0.07809924342253935, 0.09343317131476214, 0.03740576369560453, 0.2877691386202632, 0.11520773882173169, 0.13782751184771, 0.05517893983883231]
Timestep: 52, Trans probs: [0.1493788458779978, 0.06891832353258766, 0.3189525351212549, 0.14715386156470084, 0.06888250353309891, 0.03178004647395628, 0.14707737898393228, 0.06785650491247132]
Timestep: 53, Trans probs: [0.21268385594780284, 0.08528575763722496, 0.10869506787687871, 0.043586482735127226, 0.25968328679373287, 0.10413242585447434, 0.13271478626691385, 0.053218336887845274]
Timestep: 54, Trans probs: [0.16358466055753138, 0.0757115523291203, 0.06364495024365154, 0.02945666155025458, 0.3285505112497453, 0.15206235805035012, 0.12782727225003007, 0.059162033769316565]
Timestep: 55, Trans probs: [0.1881831866410278, 0.07471667333791276, 0.2836024278758332, 0.11260214230434215, 0.09733027379133205, 0.03864422960712623, 0.1466820838021844, 0.058238982640241556]
Timestep: 56, Trans probs: [0.3846997204939297, 0.1493831556387968, 0.12611875529877728, 0.04897330735665523, 0.15776124287754265, 0.06126043519940079, 0.0517199533198458, 0.02008342981505167]
Timestep: 57, Trans probs: [0.2154873154385427, 0.0700171777259457, 0.33846086736087516, 0.1099743372599714, 0.07811625456697173, 0.02538191015174061, 0.122695367112041, 0.03986677038391168]
Timestep: 58, Trans probs: [0.17946250015914716, 0.06846657572656129, 0.37089779999282274, 0.14150088340184783, 0.056570576324870094, 0.02158218928415234, 0.11691524571770512, 0.04460422939289345]
Timestep: 59, Trans probs: [0.37963586343314687, 0.12339396470663941, 0.20449565675676556, 0.06646771889334147, 0.11085405504965425, 0.03603116215808651, 0.05971293804153907, 0.019408640960826787]
Timestep: 60, Trans probs: [0.20133422309821908, 0.07636454423185154, 0.3252449170666003, 0.1233629309181117, 0.07586857094622243, 0.028776373696804546, 0.12256171199134733, 0.04648672805084315]
Timestep: 61, Trans probs: [0.1610873408618924, 0.07978263201077147, 0.32516142513696933, 0.16104452520600188, 0.060467706855067076, 0.029948180774112425, 0.12205655410635304, 0.06045163504883238]
Timestep: 62, Trans probs: [0.16640419063264014, 0.0651735576583831, 0.35748032187204454, 0.14001008196181264, 0.061838107632141495, 0.02421939891012666, 0.13284465094450573, 0.0520296903883457]
Timestep: 63, Trans probs: [0.17312104228769118, 0.056228661183313565, 0.3524441902230849, 0.11447172854440564, 0.07552119532718159, 0.024528824734974797, 0.1537479568054818, 0.04993640089386652]
Timestep: 64, Trans probs: [0.16659873785402618, 0.07199044501245754, 0.3394217545963933, 0.14667051788659746, 0.06329363295831185, 0.027350368086920665, 0.12895197304744246, 0.0557225705578505]
Timestep: 65, Trans probs: [0.1733741735316296, 0.06562725657614225, 0.36882365027916436, 0.13961066885088425, 0.05858445797405328, 0.02217595144951622, 0.1246283295803264, 0.04717551175828364]
Timestep: 66, Trans probs: [0.2053683096588442, 0.27869927320737936, 0.11731485630431929, 0.15920452986517483, 0.06464461196563866, 0.08772729542121288, 0.03692767095466417, 0.05011345262276664]
Timestep: 67, Trans probs: [0.17306384921222112, 0.09038038422802946, 0.34145393432720933, 0.17831995486719043, 0.04790122323790993, 0.025015801861231177, 0.09450882554688542, 0.04935602671932323]
Timestep: 68, Trans probs: [0.16428041342571836, 0.08007724525168121, 0.3630268122931751, 0.17695467447847096, 0.04517032529989427, 0.0220179334937782, 0.09981737239345927, 0.0486552233638225]
Timestep: 69, Trans probs: [0.18742863376726604, 0.07482296173576193, 0.3834829797312833, 0.1530893745636479, 0.04720208031519361, 0.018843435916294414, 0.09657646243776401, 0.038554071532788885]
Timestep: 70, Trans probs: [0.18014443283325698, 0.07519492168665655, 0.36609292978860186, 0.15281254464839886, 0.052526714710541204, 0.02192541915948303, 0.10674578491332674, 0.04455725225973482]
Timestep: 71, Trans probs: [0.17061572152089385, 0.059167594444092156, 0.3672681383743954, 0.12736441911604152, 0.0649060661327456, 0.022508686559892566, 0.13971707803527147, 0.04845229581666753]
Timestep: 72, Trans probs: [0.1837823257583209, 0.05639016821191672, 0.3759714129127774, 0.11535979387323439, 0.06745676649551385, 0.020697846727199716, 0.13799921023524958, 0.042342475785787335]
Timestep: 73, Trans probs: [0.166814287621375, 0.05098445800069496, 0.37498686551763055, 0.11460949999193058, 0.06900058443014306, 0.021089065265721622, 0.1551084936625568, 0.04740674550994737]
Timestep: 74, Trans probs: [0.35703472362657024, 0.09452332148259421, 0.21544494769747502, 0.05703807138464448, 0.13607919115581762, 0.03602634780746438, 0.08211406981227874, 0.021739327033155238]
Timestep: 75, Trans probs: [0.2492708264624345, 0.05839945781869644, 0.3511089572697732, 0.08225821300806208, 0.08711004730971486, 0.020408242735998592, 0.1226983450598212, 0.028745910335499062]
Timestep: 76, Trans probs: [0.18670228299831607, 0.041566959020505063, 0.3755207123023076, 0.08360505189838346, 0.08490615364879965, 0.01890330719383969, 0.17077466212522957, 0.03802087081261904]
Timestep: 77, Trans probs: [0.36144483990063764, 0.07059281447448743, 0.2215768712760593, 0.043275579671100566, 0.1572091589726615, 0.030704095806425465, 0.09637407907297531, 0.0188225608256529]
Timestep: 78, Trans probs: [0.23807013025932905, 0.04168174724172012, 0.3651489208085187, 0.06393093079819968, 0.09779255827888957, 0.017121697257281732, 0.1499929750941168, 0.02626104026194444]
Timestep: 79, Trans probs: [0.2058488377151638, 0.03159680439561665, 0.42282371142828556, 0.06490140168930401, 0.07801373703847207, 0.011974732608335216, 0.16024408106029914, 0.024596694064523403]
Timestep: 80, Trans probs: [0.20952840366146266, 0.028589705980471877, 0.4250120011633432, 0.057991985521277614, 0.08103044168361064, 0.011056431790246516, 0.16436392189931565, 0.022427108300271743]
Timestep: 81, Trans probs: [0.2024829551946332, 0.025320343334199732, 0.43660132265049273, 0.05459667150279324, 0.07913400051250198, 0.009895648058174902, 0.17063169221909344, 0.021337366528110885]
Timestep: 82, Trans probs: [0.22344935122857232, 0.024902282594437747, 0.4484725945433279, 0.04997996737862359, 0.07575806150653462, 0.008442846873664539, 0.152049733931222, 0.016945161943617216]
Timestep: 83, Trans probs: [0.38826699747098564, 0.03893186305803424, 0.19486518455427376, 0.019539298290250577, 0.21688414689413169, 0.021747158427936942, 0.10885078975732265, 0.010914561547064376]
Timestep: 84, Trans probs: [0.19307400893850576, 0.017624076174879353, 0.12060476312311397, 0.011008978080586856, 0.37095560994956606, 0.03386136727151226, 0.23171950338176836, 0.021151693080067584]
Timestep: 85, Trans probs: [0.22947895001509658, 0.01932078422899821, 0.3532860087825292, 0.02974461381474062, 0.13371814479102156, 0.011258285009754955, 0.20586092829828861, 0.01733228505957016]
Timestep: 86, Trans probs: [0.2631642878549457, 0.020923563436098604, 0.3684912269082414, 0.029297856577371825, 0.12277674407208775, 0.00976168542475621, 0.17191600512247288, 0.0136686306040256]
Timestep: 87, Trans probs: [0.258186772798872, 0.019333684108870805, 0.13863619569573285, 0.010381431955559127, 0.3471208940787332, 0.025993297956185425, 0.18639033936515925, 0.013957384040887474]
Timestep: 88, Trans probs: [0.2332133225958702, 0.01821925202671344, 0.12226295775924921, 0.009551511106452658, 0.37530623824191284, 0.029319932779210155, 0.19675570092738034, 0.0153710845632113]
Timestep: 89, Trans probs: [0.22634056089494467, 0.01677870517947501, 0.3702206962820859, 0.027444590088915973, 0.12688356105238188, 0.009405922891602164, 0.20754088500013332, 0.015385078610461025]
Timestep: 90, Trans probs: [0.4617481686571336, 0.03281568614767153, 0.19124449796883924, 0.013591433272092694, 0.19845816521631957, 0.014104096789644893, 0.08219638918112172, 0.005841562767176733]
Timestep: 91, Trans probs: [0.22326563795982696, 0.01613192635350878, 0.4395865770514194, 0.03176206760603478, 0.09086285845963504, 0.006565241988576273, 0.17889941907928306, 0.012926271501715752]
Timestep: 92, Trans probs: [0.20381294657577584, 0.014137368585633992, 0.4353366710910438, 0.030196879449798868, 0.09438421184048926, 0.006546906925549301, 0.20160107233871907, 0.01398394319298989]
Timestep: 93, Trans probs: [0.2128278260712924, 0.014906591280666417, 0.4356713376031424, 0.03051468730491948, 0.0938756706265944, 0.006575109463178698, 0.1921691338264208, 0.013459643823785393]
Timestep: 94, Trans probs: [0.36413976876640575, 0.024513529004066958, 0.22108313381996478, 0.014883097859828458, 0.21883875111254986, 0.014732008236245665, 0.1328653474491725, 0.008944363751766087]
Timestep: 95, Trans probs: [0.2901183264979287, 0.019170969518361725, 0.13483177104517108, 0.008909660427233151, 0.3502760416857805, 0.02314618107456387, 0.16278991963481887, 0.01075713011614228]
Timestep: 96, Trans probs: [0.4093634393005019, 0.02828456946993933, 0.20483248392851644, 0.014152701646429742, 0.21406443919504947, 0.01479057463412453, 0.10711105729424894, 0.00740073453118978]
Timestep: 97, Trans probs: [0.2830307209641622, 0.018934536705997124, 0.37233686279380745, 0.024909048641606105, 0.12175503399769509, 0.00814531776803549, 0.16017302727287827, 0.010715451855818188]
Timestep: 98, Trans probs: [0.3149976092972712, 0.020474715395736566, 0.3626414601332555, 0.023571546157087217, 0.12147739687759909, 0.007895980968339766, 0.13985103148927652, 0.009090259681434143]
Timestep: 99, Trans probs: [0.414909577410651, 0.027362783889167294, 0.2189884214732476, 0.014442021050460656, 0.19913194359954314, 0.01313251039455103, 0.10510143021018702, 0.006931311972192428]
Timestep: 100, Trans probs: [0.32270970984040026, 0.020564893632880922, 0.16171660771011426, 0.010305499756649981, 0.30355027394969125, 0.01934394567518453, 0.15211541232179693, 0.009693657113282036]
Timestep: 101, Trans probs: [0.25186258576588844, 0.015603240952485338, 0.3485641727098308, 0.02159404008998232, 0.14313912395039738, 0.008867669780861138, 0.19809679222684132, 0.012272374523713239]
Timestep: 102, Trans probs: [0.2131180872402626, 0.012950610562231755, 0.42626065999094187, 0.025902709042799916, 0.10110782106041567, 0.006144049209080374, 0.2022272585755295, 0.012288804318738487]
Timestep: 103, Trans probs: [0.2253013205499746, 0.013502379861889598, 0.4532513293764054, 0.027163496455357795, 0.08795718479844891, 0.00527130208483464, 0.17694841220098484, 0.010604574672104322]
Timestep: 104, Trans probs: [0.234946514693382, 0.013806771489981353, 0.40708048075655806, 0.023922326250178958, 0.11068703982288024, 0.006504589641312185, 0.19178208897213145, 0.011270188373575723]
Timestep: 105, Trans probs: [0.22024990744253398, 0.030614001922443505, 0.12550995914972057, 0.01744546535937988, 0.3390164578623192, 0.047122155978408076, 0.1931893741589175, 0.026852678126277417]
Timestep: 106, Trans probs: [0.43696475014782726, 0.05375781375426246, 0.19680924552468568, 0.024212558936284195, 0.17697020960858392, 0.021771851310597872, 0.07970751284085945, 0.00980605787689923]
Timestep: 107, Trans probs: [0.18364409340144086, 0.020192620587512974, 0.10997442843304987, 0.012092258817292032, 0.3798483178563341, 0.041766292730751144, 0.22747043410859863, 0.02501155406502044]
Timestep: 108, Trans probs: [0.23650645334428563, 0.023431192469313664, 0.33359229634164683, 0.033049691419975394, 0.1409498836815376, 0.013964201848910257, 0.19880977749881856, 0.019696503395512086]
Timestep: 109, Trans probs: [0.20821496904602688, 0.020573384417243372, 0.4208009118268152, 0.04157865768155154, 0.09303594571115471, 0.009192731360799799, 0.18802495789469287, 0.01857844206171559]
Timestep: 110, Trans probs: [0.21017224174179078, 0.019042146526320688, 0.44627387940414026, 0.040433563119736456, 0.08339645906076454, 0.007555934028445082, 0.17708171643018433, 0.016044059688617985]
Timestep: 111, Trans probs: [0.21174983096555472, 0.01767524093423675, 0.4441261896831666, 0.03707222514445107, 0.08622769851452657, 0.00719762249395566, 0.18085482766045335, 0.015096364603655228]
Timestep: 112, Trans probs: [0.21736877074735683, 0.01787654074124696, 0.4672218032284285, 0.03842460704863435, 0.07601927012497384, 0.00625187130072353, 0.16339909521400817, 0.013438041594627859]
Timestep: 113, Trans probs: [0.2334626260522474, 0.018071771474886512, 0.478922253266775, 0.03707220149805885, 0.07071177124251159, 0.0054736254452699366, 0.14505722559794015, 0.011228525422310513]
Timestep: 114, Trans probs: [0.22907311028429322, 0.01688710295036735, 0.494636715312904, 0.036464258612257085, 0.06572106303114571, 0.004844908929019056, 0.1419112470435916, 0.010461593836421854]
Timestep: 115, Trans probs: [0.2473741972959176, 0.01742966565217453, 0.49943396385465566, 0.03518947044793715, 0.06206507022304712, 0.004373024488776368, 0.12530572863803496, 0.008828879399456684]
Timestep: 116, Trans probs: [0.24533201158387455, 0.017178233755057448, 0.5164921643759393, 0.036164963043447435, 0.055627054961850275, 0.003895025957154388, 0.11711043263215898, 0.008200113690517529]
Timestep: 117, Trans probs: [0.24795955742972642, 0.08168949378201315, 0.37958729996760787, 0.12505383822207797, 0.049250646621251226, 0.01622547012355856, 0.07539503686167782, 0.02483865699208704]
Timestep: 118, Trans probs: [0.4604951304852387, 0.07875454888513933, 0.2519632629929503, 0.0430911247459404, 0.09145606889076495, 0.01564095029780407, 0.050040853882522995, 0.008558059819639287]
Timestep: 119, Trans probs: [0.47158513461741136, 0.07555476111370883, 0.2588398779737038, 0.04146989315698139, 0.08489055126460723, 0.013600694446850883, 0.046594047007604965, 0.007465040419131432]
Timestep: 120, Trans probs: [0.2307638840433899, 0.03512894554340643, 0.40436061249537175, 0.06155539457629125, 0.08456967368883125, 0.012873953278928194, 0.1481888952992299, 0.02255864107455128]
Timestep: 121, Trans probs: [0.432815350273331, 0.07640716853476111, 0.1804688534468929, 0.031859115190539716, 0.16702535083354406, 0.029485863019083777, 0.06964372576540767, 0.012294572936439754]
Timestep: 122, Trans probs: [0.2929381188165455, 0.04759791262913737, 0.3011764277191387, 0.04893651038125528, 0.13121095217834292, 0.021319749928761893, 0.1349010023494015, 0.02191932599741677]
Timestep: 123, Trans probs: [0.21396410327615, 0.03175756846401727, 0.4121150432811377, 0.06116807212825137, 0.08361959449642749, 0.012411217379423219, 0.16105922571773587, 0.023905175256856957]
Timestep: 124, Trans probs: [0.20185268533420278, 0.027751446416369674, 0.43842350552014897, 0.06027606915892616, 0.07530186372575216, 0.010352775999873647, 0.1635554514035031, 0.022486202441223502]
Timestep: 125, Trans probs: [0.4279439229503824, 0.054250985789273405, 0.2372036753498788, 0.030070606288435903, 0.1430520945571055, 0.01813489275753341, 0.07929189030539893, 0.01005193200199171]
Timestep: 126, Trans probs: [0.23883976161651058, 0.028210326115355264, 0.4527233407842586, 0.05347297701654623, 0.07003947779227741, 0.008272644789529646, 0.13276058457894882, 0.015680887306573372]
Timestep: 127, Trans probs: [0.2183139866685004, 0.02382354327085086, 0.46995190571038375, 0.05128356516117601, 0.06767200764436002, 0.007384716970923131, 0.14567362101268114, 0.01589665356112466]
Timestep: 128, Trans probs: [0.3204885512771964, 0.032489987351470316, 0.17087549598562768, 0.017322748912947772, 0.27171821189608636, 0.027545824125344103, 0.14487252053479283, 0.014686659916534594]
Timestep: 129, Trans probs: [0.39379330985349853, 0.11162019317320782, 0.17735564948629856, 0.05027122442325186, 0.14341217328695027, 0.04064999096006539, 0.06458961719540421, 0.018307841621323352]
Timestep: 130, Trans probs: [0.2563252258337042, 0.04425548450655636, 0.12058802168504008, 0.020819961468875662, 0.3236109345402298, 0.05587260736088748, 0.15224253588357559, 0.026285228721130836]
Timestep: 131, Trans probs: [0.2093093981425129, 0.03473200540552126, 0.09073240480035638, 0.01505579014582172, 0.38900875173232063, 0.06455063264174472, 0.16862931070599324, 0.027981706425729277]
Timestep: 132, Trans probs: [0.34629930023140393, 0.060948938719448474, 0.20076794733419717, 0.035335310555709216, 0.19197457016750077, 0.03378766952463625, 0.1112977715148116, 0.019588491952292647]
Timestep: 133, Trans probs: [0.25894760837854003, 0.05144754349089495, 0.2964250532476119, 0.058893538018137646, 0.13002980278173445, 0.025834237186490958, 0.14884899480132216, 0.029573222095267897]
Timestep: 134, Trans probs: [0.2247784250665275, 0.040598396581700176, 0.12600364869857109, 0.02275817218263618, 0.317982867851342, 0.057432534156222056, 0.17825110021589505, 0.03219485524710588]
Timestep: 135, Trans probs: [0.37411472829578873, 0.06143647111007235, 0.18087765336834646, 0.029703414180572343, 0.20489168792761192, 0.03364695724063101, 0.0990613972239146, 0.016267690653062532]
Timestep: 136, Trans probs: [0.24080073650915268, 0.0401628502982943, 0.33355591111931604, 0.05563336856275377, 0.11852136528315464, 0.019768028619945126, 0.1641751705465622, 0.027382569060821326]
Timestep: 137, Trans probs: [0.4343908237790389, 0.07506696729242586, 0.16421558213403448, 0.02837805279982775, 0.1843541964408088, 0.03185820159378659, 0.0696926132647289, 0.01204356269534885]
Timestep: 138, Trans probs: [0.199967951211941, 0.03220774817558254, 0.4020768686277632, 0.06476033011042061, 0.08610395353849129, 0.013868294572616421, 0.17312978307475727, 0.02788507068842759]
Timestep: 139, Trans probs: [0.45072365163829536, 0.0656821310234516, 0.19654058055091586, 0.028641062247893985, 0.1570585681834298, 0.022887508601519457, 0.06848627104228092, 0.00998022671221303]
Timestep: 140, Trans probs: [0.19300435042756522, 0.02536780529544112, 0.43242775013808615, 0.05683676531408337, 0.07974063056252666, 0.01048082484029319, 0.17865950374878659, 0.02348236967321776]
Timestep: 141, Trans probs: [0.39370572423617345, 0.046907214416138265, 0.24353286352876186, 0.029015194709404717, 0.1583515614998771, 0.018866453269928293, 0.09795084714892924, 0.011670141190787037]
Timestep: 142, Trans probs: [0.23563639757951463, 0.02559209305258775, 0.0900030009404302, 0.009775082282449046, 0.41708411956589087, 0.04529884053708211, 0.15930825114935837, 0.017302214892687028]
Timestep: 143, Trans probs: [0.20410574489292183, 0.020357925947977796, 0.3803979529246313, 0.037941672638684, 0.11341867670645607, 0.011312611620603824, 0.21138176421830177, 0.021083651050423344]
Timestep: 144, Trans probs: [0.4795952613135088, 0.044277511723798964, 0.16289348156418326, 0.015038760015966402, 0.20377868347787803, 0.01881339073709884, 0.06921298415118905, 0.006389927016376601]
Timestep: 145, Trans probs: [0.20438697544308115, 0.017784859315661268, 0.4434037657716525, 0.03858305343179445, 0.08587002032488675, 0.007472033027546727, 0.1862892207118476, 0.016210071973529642]
Timestep: 146, Trans probs: [0.4413098342177408, 0.03618395416876505, 0.2329126699167472, 0.019097016925831933, 0.16363565158567753, 0.013416843356431452, 0.08636294401176209, 0.007081085817043859]
Timestep: 147, Trans probs: [0.45013257382913147, 0.0369863643174592, 0.20563431130979673, 0.016896501156481607, 0.18416987387889228, 0.01513281741341151, 0.0841344247916483, 0.006913133303178836]
Timestep: 148, Trans probs: [0.28054625993559584, 0.022249404131283512, 0.3602879447848778, 0.028573512578597762, 0.12506838819442398, 0.009918853003511087, 0.160617477311837, 0.012738160059872881]
Timestep: 149, Trans probs: [0.22239271862538398, 0.018428420169160534, 0.4434582559404771, 0.036746864368883435, 0.0860464204730654, 0.007130177643994654, 0.1715793385177458, 0.014217804261289086]
Timestep: 150, Trans probs: [0.226116666546015, 0.017712005110521532, 0.46065999992952084, 0.0360840817158611, 0.07921007621875858, 0.006204625674976268, 0.16137206629978834, 0.01264047850455826]
Timestep: 151, Trans probs: [0.22062178690336243, 0.016896135448177405, 0.4722901606408226, 0.03616994784166162, 0.0751265834027995, 0.00575350669917519, 0.1608252142352835, 0.01231666482871772]
Timestep: 152, Trans probs: [0.22667275059119596, 0.016877670345138474, 0.4904410533539287, 0.03651741288108576, 0.06751301983300365, 0.0050269054827911394, 0.1460747111227274, 0.010876476390128929]
Timestep: 153, Trans probs: [0.23097981407927728, 0.01639310056153275, 0.4483453266791698, 0.03181996684793539, 0.08650153808355973, 0.006139187609027825, 0.1679045439746229, 0.011916522164874467]
Timestep: 154, Trans probs: [0.3091666689386157, 0.021065227927443083, 0.1612886580851083, 0.010989484592043212, 0.3060780915832899, 0.020854786141513065, 0.15967738317393262, 0.01087969955805423]
Timestep: 155, Trans probs: [0.31854558626034807, 0.0237928940384862, 0.18486829563840607, 0.01380823329193828, 0.27024692564094266, 0.02018535727174191, 0.15683811265847403, 0.01171459519966276]
Timestep: 156, Trans probs: [0.2466380135332652, 0.041894191218946594, 0.32254599209639173, 0.05478799993646777, 0.12376374995027016, 0.021022640152310455, 0.16185461819694522, 0.02749279491540286]
Timestep: 157, Trans probs: [0.41458817861459013, 0.07545625517723627, 0.18695268688959163, 0.03402593314442984, 0.1684986515293674, 0.03066724499793232, 0.07598208840868201, 0.013828961238170406]
Timestep: 158, Trans probs: [0.27148554987713985, 0.04869890129457376, 0.3245285644533222, 0.05821372273675044, 0.11473613591312266, 0.02058129340689617, 0.13715335308143523, 0.02460247923675975]
Timestep: 159, Trans probs: [0.2148165466985016, 0.035101441471718856, 0.4139198126263388, 0.06763530230881237, 0.07886007078275173, 0.01288588892047241, 0.1519517291557136, 0.02482920803569067]
Timestep: 160, Trans probs: [0.221419927732543, 0.03190821791877898, 0.4408292465711016, 0.06352669250959435, 0.07081259000716385, 0.01020460794328787, 0.14098216461488974, 0.020316552702640555]
Timestep: 161, Trans probs: [0.36614070660583975, 0.049329468124314886, 0.21680851586727187, 0.02921021503371957, 0.1873692668630185, 0.025243918828030423, 0.11094983959661676, 0.014948069081188209]
Timestep: 162, Trans probs: [0.2648923766450472, 0.031875553298551774, 0.12200108331193342, 0.014680875617653605, 0.34623334617765844, 0.04166363569839724, 0.15946417125092371, 0.019188957999834704]
Timestep: 163, Trans probs: [0.35539784319924467, 0.0868814535419317, 0.1493209365677213, 0.0365033729424551, 0.21042894025186415, 0.05144198972001278, 0.08841203468346823, 0.021613429093302175]
Timestep: 164, Trans probs: [0.3696291142522138, 0.08865850277471293, 0.18709711475407437, 0.0448767411114871, 0.16586233176940926, 0.03978340837990539, 0.08395540969011658, 0.020137377268080778]
Timestep: 165, Trans probs: [0.28501204896507637, 0.06803128125809309, 0.3011039032718377, 0.07187234506673817, 0.10755594421451405, 0.025673190724417323, 0.11362858075886657, 0.027122705740456676]
Timestep: 166, Trans probs: [0.36847028441253854, 0.09405694077213257, 0.19173131859097786, 0.0489419691078373, 0.1555200677867503, 0.039698565728353896, 0.0809239412932622, 0.02065691230814728]
Timestep: 167, Trans probs: [0.20630454376877447, 0.049558282463800195, 0.08736988195178268, 0.020987910442962738, 0.3601228719725364, 0.08650837584504614, 0.15251187510267392, 0.03663625845242347]
Timestep: 168, Trans probs: [0.23757517760281582, 0.05280013691226784, 0.3700075869775277, 0.08223271239073995, 0.08234157766235652, 0.01830008765230964, 0.12824154764900036, 0.02850117315298215]
Timestep: 169, Trans probs: [0.1907092845290011, 0.05089841864478315, 0.06876090449629478, 0.018351604181673427, 0.38944757121982615, 0.1039396984215855, 0.1404166940120222, 0.03747582449481363]
Timestep: 170, Trans probs: [0.21218297523811014, 0.05974473676997419, 0.2842177508310073, 0.08002769633000592, 0.1213472471234262, 0.03416795965375812, 0.16254386860327166, 0.045767765450446564]
Timestep: 171, Trans probs: [0.17559849741945022, 0.053428900305704914, 0.36240235233801316, 0.1102672257346772, 0.07464983409115766, 0.022713511801679527, 0.15406325153031394, 0.046876426779003444]
Timestep: 172, Trans probs: [0.34602034994439473, 0.09076816565581115, 0.21949927987638745, 0.05757911926380311, 0.13869233641147577, 0.036381816759076, 0.08797999300210162, 0.023078939086950166]
Timestep: 173, Trans probs: [0.37018495364332604, 0.1051655526040527, 0.21042630746779023, 0.05977984434397724, 0.12633660463368243, 0.035890866740149234, 0.07181422407756252, 0.020401646489459604]
Timestep: 174, Trans probs: [0.23563265173279152, 0.07057357736834574, 0.34688307556606846, 0.10389383386048283, 0.07564594846309992, 0.02265647463203223, 0.11136104892096631, 0.033353389456212794]
Timestep: 175, Trans probs: [0.1682621152590907, 0.07747223424909086, 0.34524601410004596, 0.1589602034702736, 0.056105151489232334, 0.025832264333903305, 0.11511848577625801, 0.05300353132210523]
Timestep: 176, Trans probs: [0.14842301602144156, 0.059826422429671886, 0.3343823912472607, 0.1347830190225516, 0.07067908411954207, 0.028489360052265628, 0.15923299359207582, 0.0641837135151907]
Timestep: 177, Trans probs: [0.16227610805868928, 0.05589151947183302, 0.3705742748193603, 0.12763406483310485, 0.06424755478389503, 0.022128294190559672, 0.146715935622195, 0.050532248220362855]
Timestep: 178, Trans probs: [0.18397594067952794, 0.05406046166688292, 0.3921313441494645, 0.11522594432987353, 0.06284120164927144, 0.018465590447932563, 0.1339414533209038, 0.039358063756143355]
Timestep: 179, Trans probs: [0.2168995926306596, 0.06518258506966261, 0.37733661922419376, 0.11339706075134043, 0.06376182299162979, 0.01916167937865084, 0.11092538455893866, 0.03333525539492421]
Timestep: 180, Trans probs: [0.3824621124313144, 0.1032088250735393, 0.2136198235262514, 0.05764610475637812, 0.1228139940949782, 0.03314181358397339, 0.06859634691223149, 0.01851097962133375]
Timestep: 181, Trans probs: [0.3853238078103977, 0.09310472597424982, 0.20291553357448575, 0.04902991916520084, 0.142246744974562, 0.03437068757013414, 0.07490861859734838, 0.018099962333621253]
Timestep: 182, Trans probs: [0.2507661800310231, 0.058576047246643684, 0.34410785315981235, 0.08037957057102624, 0.09095642505367749, 0.021246357266641338, 0.12481276443434378, 0.029154802236832162]
Timestep: 183, Trans probs: [0.21804055033617487, 0.1308785692807201, 0.09554525125316381, 0.05735091828699326, 0.21646305098382243, 0.1299316772555494, 0.09485399188998647, 0.056935990713589776]
Timestep: 184, Trans probs: [0.20202162116622166, 0.09860486717619049, 0.2410480676263049, 0.11765331133449647, 0.1043837822524623, 0.05094874956915453, 0.12454859464165148, 0.06079100623351821]
Timestep: 185, Trans probs: [0.16446262816035098, 0.06557058485818129, 0.32947266968573796, 0.13135942121158736, 0.07359047311448352, 0.029340224074506562, 0.14742589189822217, 0.05877810699693009]
Timestep: 186, Trans probs: [0.33562842319654435, 0.1276795152074759, 0.19463913781715728, 0.0740444760911763, 0.12288564316979225, 0.046748065007265124, 0.07126439235650966, 0.027110347154079135]
Timestep: 187, Trans probs: [0.3311740872722396, 0.1214776361912721, 0.18095292239200023, 0.06637516073536559, 0.14194540011006346, 0.05206685044600178, 0.07755870992679201, 0.028449232926265257]
Timestep: 188, Trans probs: [0.2044405709584136, 0.08593778421397161, 0.28617083507420743, 0.12029357655209189, 0.08894063452875735, 0.037386713518525835, 0.12449689186351254, 0.05233299329051982]
Timestep: 189, Trans probs: [0.16991309310788746, 0.06198642940949206, 0.343081668524747, 0.12516049963375533, 0.0727707741302738, 0.026547691947648465, 0.14693581378451684, 0.0536040294616791]
Timestep: 190, Trans probs: [0.1702275383466801, 0.06371573677266694, 0.3545793755593308, 0.13271816286354435, 0.06579285200067622, 0.024626097988098384, 0.13704473791518124, 0.051295498553822046]
Timestep: 191, Trans probs: [0.19987149651505393, 0.0676293560063736, 0.3607652208568894, 0.12207002990149192, 0.0665044590619091, 0.022502727083801043, 0.12003960684624451, 0.040617103728236424]
Timestep: 192, Trans probs: [0.36739542382902257, 0.12885290644893546, 0.20808274373753294, 0.07297877048389112, 0.10525448074749746, 0.036914846733094246, 0.05961326604547239, 0.020907561974553814]
Timestep: 193, Trans probs: [0.2513280485489095, 0.07996549153456453, 0.34820193682772127, 0.11078802860436618, 0.06669459369888647, 0.02122033731858484, 0.0924018900237109, 0.029399673443256346]
Timestep: 194, Trans probs: [0.20014342979415928, 0.05830379788575665, 0.4273154212079621, 0.12448128813021399, 0.046872833642181914, 0.013654528763782689, 0.10007565410275694, 0.029153046473186346]
Timestep: 195, Trans probs: [0.44026934579684635, 0.11238761504102383, 0.2201812601305324, 0.0562056998495103, 0.0907873747716951, 0.023175305353043078, 0.04540329407898086, 0.011590104978368106]
Timestep: 196, Trans probs: [0.19192025604508237, 0.041886607582653265, 0.4308851730234462, 0.09404071528216995, 0.061028170862869185, 0.013319402011529442, 0.13701593830395278, 0.029903736888296825]
Timestep: 197, Trans probs: [0.3034000001230227, 0.17212560289081524, 0.1373559131037567, 0.0779250802373632, 0.13579673268745324, 0.07704052233010229, 0.06147819448658105, 0.03487795414090566]
Timestep: 198, Trans probs: [0.21167065284376257, 0.10496028930616388, 0.2676595197563762, 0.1327232672632917, 0.08354078346849293, 0.041425037830769826, 0.1056381018475568, 0.05238234768358583]
Timestep: 199, Trans probs: [0.1607002841931218, 0.06487214870537823, 0.3157500941336273, 0.12746329082876984, 0.07958633657751532, 0.03212773821338293, 0.15637429262976119, 0.06312581471844336]
Timestep: 200, Trans probs: [0.1571951448945462, 0.07013151761864864, 0.3408446368921527, 0.15206545770519683, 0.06105967665216831, 0.02724134890930146, 0.1323950770313048, 0.05906714029668123]
Timestep: 201, Trans probs: [0.3480575307043221, 0.14432590453136857, 0.1822758701294536, 0.07558270547240016, 0.1158694764167036, 0.04804655988214526, 0.060680226032059775, 0.025161726831546972]
Timestep: 202, Trans probs: [0.18428513932611024, 0.07284252078858489, 0.37397511717399645, 0.14782141602288523, 0.05230417309802517, 0.02067430846651469, 0.10614235816599865, 0.04195496695788495]
Timestep: 203, Trans probs: [0.38190525080344007, 0.1274140004184633, 0.15597375030614744, 0.05203709413517638, 0.1504929478952205, 0.050208549072729, 0.061462756609037286, 0.020505650759785894]
Timestep: 204, Trans probs: [0.18973765589729502, 0.0580620612312153, 0.3836191987288378, 0.11739220293793604, 0.06364754516990095, 0.01947693328134985, 0.12868515827112104, 0.03937924448234412]
Timestep: 205, Trans probs: [0.41673790400662325, 0.14099043658418584, 0.1642133629191986, 0.055556534474884726, 0.11926061489255506, 0.040348156477584426, 0.04699401337634667, 0.015898977268621294]
Timestep: 206, Trans probs: [0.2946785856616541, 0.09437736620535503, 0.2983361494508373, 0.09554878229714914, 0.08169540607711388, 0.026164769453209287, 0.08270941311240404, 0.026489527742277044]
Timestep: 207, Trans probs: [0.21007197601729297, 0.057416881689574005, 0.4136854140983972, 0.1130685155074412, 0.054421424959081824, 0.014874466254348974, 0.10716969558171496, 0.029291625892148752]
Timestep: 208, Trans probs: [0.16660253127605668, 0.04756392853381716, 0.3738508986752012, 0.10673197634330366, 0.07319983041632536, 0.020898070851280058, 0.16425814286501444, 0.04689462103900152]
Timestep: 209, Trans probs: [0.2217879586805061, 0.16851658447579354, 0.11912687961737098, 0.09051372757930906, 0.14789243385207196, 0.11237006720669153, 0.07943607159122248, 0.06035627699703431]
Timestep: 210, Trans probs: [0.16123382892610524, 0.08355536212131358, 0.277865153828801, 0.14399660234888154, 0.08062261723546153, 0.04178063637851344, 0.13894240488749526, 0.07200339427342825]
Timestep: 211, Trans probs: [0.14945254574056407, 0.06744421930641638, 0.3227865879681865, 0.14566556441191114, 0.06861527626991719, 0.03096436877396463, 0.14819480524679787, 0.06687663228224229]
Timestep: 212, Trans probs: [0.32239084861523054, 0.1179003692515781, 0.1835202999950689, 0.06711453264730424, 0.14421603120590631, 0.05274071334284827, 0.0820946668451922, 0.030022538096871363]
Timestep: 213, Trans probs: [0.3435409201782716, 0.10912303628348244, 0.18778031518556076, 0.05964692106164344, 0.14716789569607458, 0.04674670957239357, 0.0804423351508287, 0.025551866871744894]
Timestep: 214, Trans probs: [0.18601402746597084, 0.05316901415864863, 0.36486253679534225, 0.1042898842044636, 0.0765932218968914, 0.02189289783662865, 0.1502359667350397, 0.042942450907014984]
Timestep: 215, Trans probs: [0.20841195544015897, 0.06317644293454275, 0.12596340037211962, 0.03818360400027589, 0.2698873843110391, 0.08181164510293681, 0.16311891788336844, 0.04944664995555847]
Timestep: 216, Trans probs: [0.2334223379626845, 0.06561828882491152, 0.11504940246674233, 0.0323419985682906, 0.28943965090748913, 0.08136554014665633, 0.14265926379510654, 0.040103517328118905]
Timestep: 217, Trans probs: [0.36270914321932946, 0.09995761262954532, 0.15450201993210266, 0.042578615255686195, 0.1870605840234007, 0.05155130424920356, 0.07968158129341037, 0.021959139397321595]
Timestep: 218, Trans probs: [0.24789626155588673, 0.0709436962239834, 0.303257987855133, 0.0867872812315112, 0.10180246562970104, 0.029134135186858433, 0.1245376218737146, 0.03564055044321145]
Timestep: 219, Trans probs: [0.22747207473600364, 0.06116421780842827, 0.2860538825427914, 0.07691608737951423, 0.12162229073998101, 0.032702617628179456, 0.15294417352238274, 0.041124655642719325]
Timestep: 220, Trans probs: [0.2409450571053404, 0.059818494934855936, 0.13997885051824058, 0.03475200637567568, 0.26578026411442435, 0.06598423546726905, 0.1544070515831591, 0.03833403990103486]
Timestep: 221, Trans probs: [0.20461857772564138, 0.046057876364405684, 0.3221052591462139, 0.0725031146584013, 0.11247949878305315, 0.025318164685058254, 0.17706231030854958, 0.039855198328676816]
Timestep: 222, Trans probs: [0.1839886428424441, 0.039124755500716604, 0.38084817464986087, 0.0809864755012619, 0.08462828839329711, 0.01799600801809957, 0.17517673189170344, 0.03725092320261629]
Timestep: 223, Trans probs: [0.19633080865106625, 0.03649777863049581, 0.4121543119992248, 0.07661923742028205, 0.07574544870125682, 0.014081033119358233, 0.1590112805577218, 0.02956010092059422]
Timestep: 224, Trans probs: [0.19688913043541295, 0.03237939082647215, 0.409212245596356, 0.06729697673934941, 0.08207847972441118, 0.013498211747708386, 0.17059102718816285, 0.028054537742127014]
Timestep: 225, Trans probs: [0.19629805409148643, 0.031137254345564788, 0.44388262499165326, 0.07040969538852652, 0.06835172631982976, 0.010842109959923843, 0.1545616121462764, 0.024516922756738984]
Timestep: 226, Trans probs: [0.21161827305826242, 0.030706271972058583, 0.4236573829994969, 0.06147360829171657, 0.07928373055880455, 0.01150424185168452, 0.1587251295342188, 0.02303136173375769]
Timestep: 227, Trans probs: [0.21469130560435304, 0.02809391659827867, 0.45634999748600136, 0.05971671154966628, 0.06822463196731318, 0.008927688594759241, 0.14501896357248414, 0.0189767846271441]
Timestep: 228, Trans probs: [0.2208409044030473, 0.025683165896117542, 0.46425945421838927, 0.05399204741423504, 0.0679247315667483, 0.007899452114605526, 0.1427937405452594, 0.016606503841597463]
Timestep: 229, Trans probs: [0.21402411227702028, 0.02231731001502067, 0.4228957264099936, 0.04409734459313319, 0.0902750715640898, 0.009413410186774952, 0.17837682660912482, 0.018600198344842542]
Timestep: 230, Trans probs: [0.3925432473564904, 0.03717304683639271, 0.23694486836608591, 0.02243819693430216, 0.17710355603793862, 0.016771346412975407, 0.10690230708379868, 0.010123430972016133]
Timestep: 231, Trans probs: [0.4370895100813982, 0.038990705501759336, 0.20281807404831928, 0.01809244928842914, 0.19001998459960054, 0.016950791744217576, 0.08817298612360921, 0.007865498612666597]
Timestep: 232, Trans probs: [0.2495164715084124, 0.020655814239323576, 0.15241937422870655, 0.012617789364803355, 0.32380856057922414, 0.02680596369447179, 0.19780136307241572, 0.016374663312642534]
Timestep: 233, Trans probs: [0.2196037504886459, 0.02616607532087207, 0.3947120102373663, 0.04703045447512857, 0.09981417631220532, 0.01189299021380331, 0.179404286560281, 0.021376256391697362]
Timestep: 234, Trans probs: [0.20840281992878654, 0.022234148430433438, 0.09426282160567596, 0.010056742839507847, 0.4137758794503426, 0.04414505678846271, 0.1871552502153632, 0.01996728074142775]
Timestep: 235, Trans probs: [0.18077942758035542, 0.017438156627027957, 0.3757656469452431, 0.03624671398837691, 0.11546861632477187, 0.011138213257603957, 0.24001148745679998, 0.023151737819820602]
Timestep: 236, Trans probs: [0.3898364868884294, 0.0344299462105883, 0.23254088124511277, 0.02053776468420578, 0.18569952711444318, 0.01640078582924386, 0.11077139553217899, 0.00978321249579761]
Timestep: 237, Trans probs: [0.22483224331849372, 0.020513978727588294, 0.10534603747119994, 0.009611905925159423, 0.39917454006800224, 0.036421190762883235, 0.18703481064316632, 0.017065293083506843]
Timestep: 238, Trans probs: [0.22328474803169454, 0.019030331054141068, 0.3854503731972941, 0.032851541681859595, 0.11470950593314966, 0.009776574048196669, 0.19801989280939875, 0.016877033244265646]
Timestep: 239, Trans probs: [0.21667960101334346, 0.019684222047621904, 0.4355919909368833, 0.03957128142966859, 0.08784794601303181, 0.007980531935913669, 0.17660112684615792, 0.016043299777379325]
Timestep: 240, Trans probs: [0.2118723320473543, 0.01776461673190932, 0.4453241912139341, 0.03733858735549715, 0.08557595258976114, 0.007175188872161812, 0.17986794927937938, 0.01508118191000286]
Timestep: 241, Trans probs: [0.27524177042732095, 0.02184824312153175, 0.4035085861713299, 0.03202985389394107, 0.1004490303729045, 0.007973480309700484, 0.14725979332687938, 0.011689242376391932]
Timestep: 242, Trans probs: [0.4519995242534029, 0.03717114880717353, 0.2398633575880439, 0.01972567686441836, 0.1516648018555604, 0.012472479761777273, 0.08048421878560466, 0.0066187920840191]
Timestep: 243, Trans probs: [0.29368079412590203, 0.02274338065896428, 0.42407317133674943, 0.03284129488846005, 0.08607624703567583, 0.006665961449246706, 0.12429354519361493, 0.009625605311386762]
Timestep: 244, Trans probs: [0.23882527768428957, 0.017421804678998433, 0.4908422340873248, 0.035805914739799445, 0.06622866589529983, 0.004831242708336059, 0.13611551777046427, 0.009929342435487779]
Timestep: 245, Trans probs: [0.21545920099048355, 0.043534263380686646, 0.4510182668137706, 0.09112977272128064, 0.05348105480695465, 0.010806028775469823, 0.11195127678706254, 0.022620135724291463]
Timestep: 246, Trans probs: [0.21523786058523045, 0.04393109593435184, 0.4660498328963334, 0.09512304138077088, 0.04713795947529135, 0.009621087174106176, 0.10206679288114588, 0.02083232967277005]
Timestep: 247, Trans probs: [0.2143461726927989, 0.04145053864468522, 0.445194560176762, 0.08609229681678598, 0.05798345190768454, 0.011212914529135747, 0.12043096942331963, 0.023289095808828132]
Timestep: 248, Trans probs: [0.21706203922801176, 0.037028349746931956, 0.4543236660350767, 0.07750252261559029, 0.059127629507305636, 0.010086510533533153, 0.12375762015902134, 0.02111166217452924]
Timestep: 249, Trans probs: [0.1861889303529936, 0.06261593834188796, 0.41055192302199567, 0.1380699370760174, 0.04729826493432419, 0.01590655918797649, 0.10429402858470423, 0.03507441850010038]
Timestep: 250, Trans probs: [0.20820349820485562, 0.06134149052496649, 0.419147436499054, 0.12349037708902, 0.04814703964285761, 0.014185213992666038, 0.09692780580211911, 0.028557138244461155]
Timestep: 251, Trans probs: [0.17405539244699617, 0.04633165356295612, 0.35574591703439623, 0.09469569631112125, 0.08540786992200884, 0.0227346466268292, 0.17456225044341517, 0.04646657365227683]
Timestep: 252, Trans probs: [0.3344085236161632, 0.07759608163921508, 0.20319296375246293, 0.04714885145077118, 0.170476100633209, 0.0395572375943774, 0.10358451322366535, 0.02403572809013591]
Timestep: 253, Trans probs: [0.2044394130984454, 0.043697507716998936, 0.3695196680296875, 0.07898226814775051, 0.08902600452257338, 0.019028691487024792, 0.1609125126051388, 0.03439393439238068]
Timestep: 254, Trans probs: [0.19746891229993832, 0.0379375725126548, 0.4086338468865109, 0.07850641408220757, 0.07582677888251829, 0.014567781271247112, 0.15691274130639943, 0.03014595275852356]
Timestep: 255, Trans probs: [0.1845166577992244, 0.033451691845019955, 0.40396412731431913, 0.07323611680667355, 0.08091054857071253, 0.014668565809077709, 0.17713825696678157, 0.032114034888191235]
Timestep: 256, Trans probs: [0.19298473338811353, 0.030749223589395757, 0.3980053739128412, 0.063416188510696, 0.08868085628241577, 0.014129964738936336, 0.1828924845190255, 0.02914117505857592]
Timestep: 257, Trans probs: [0.26858004227039345, 0.03817141930254822, 0.14201392580336045, 0.02018345467078142, 0.30414776551770506, 0.04322641321137814, 0.16082065458164008, 0.02285632464219309]
Timestep: 258, Trans probs: [0.35806513160201764, 0.04738269551987139, 0.21970084733016843, 0.02907297426009537, 0.18924957788042662, 0.0250433631609214, 0.11611935636173557, 0.015366053884763557]
Timestep: 259, Trans probs: [0.24778130931329362, 0.029117356856746053, 0.3588668831194439, 0.042171280508672394, 0.117711902476168, 0.013832598916294401, 0.17048462478770193, 0.02003404402167975]
Timestep: 260, Trans probs: [0.2014658625597241, 0.021222417388380065, 0.4098883587693427, 0.04317764668375179, 0.09666892831343009, 0.010183106552589413, 0.19667584307806402, 0.020717836654717922]
Timestep: 261, Trans probs: [0.2816780026133294, 0.0268584272653656, 0.378278257287463, 0.036069408917854186, 0.10798059430314415, 0.010296114397485106, 0.14501207284521192, 0.013827122370146753]
Timestep: 262, Trans probs: [0.2544072680363705, 0.02227582278674378, 0.13528341481904455, 0.011845374535698254, 0.3458762066260336, 0.030284815148642782, 0.18392286784172335, 0.016104230205743204]
Timestep: 263, Trans probs: [0.22434482778478984, 0.018183940355693984, 0.44905205915209473, 0.036397254801239794, 0.08383042268364027, 0.0067947517271681, 0.16779626389154198, 0.013600479603831334]
Timestep: 264, Trans probs: [0.21438818972025797, 0.016321367781208, 0.09518054666918968, 0.007246092752736583, 0.42915697799250935, 0.03267171052112145, 0.19053006523131574, 0.014505049331661076]
Timestep: 265, Trans probs: [0.26804532948319115, 0.019495079815294383, 0.3414266825415321, 0.02483214477212424, 0.14193576941216537, 0.010323064231973128, 0.18079277478108194, 0.013149154962637601]
Timestep: 266, Trans probs: [0.21378212625467652, 0.014788098884515499, 0.43741145885491206, 0.030257365384516673, 0.09327064024193513, 0.006451874509268686, 0.19083750139127484, 0.013200934478900582]
Timestep: 267, Trans probs: [0.4291910709617528, 0.0319067955468804, 0.25542647671152713, 0.01898883951949917, 0.15433493650298108, 0.011473522162767025, 0.09185006802708326, 0.006828290567508952]
Timestep: 268, Trans probs: [0.2605642721290593, 0.020163457252574155, 0.4403146040076152, 0.03407322355842477, 0.0845011549193671, 0.006539021682012811, 0.14279429893626533, 0.011049967514681293]
Timestep: 269, Trans probs: [0.2360843820200715, 0.01724947589427249, 0.48863080698545935, 0.03570174890085701, 0.06749614792240734, 0.004931597620230681, 0.13969876764203684, 0.010207073014664803]
Timestep: 270, Trans probs: [0.24051196057089871, 0.016779839826081153, 0.5012544249509071, 0.034971104733526256, 0.06258407962046378, 0.004366314378716836, 0.1304323775282264, 0.009099898391179653]
Timestep: 271, Trans probs: [0.2465097711452754, 0.017020165086648283, 0.4937614030748493, 0.03409155164399692, 0.0649826479656784, 0.004486700024120295, 0.13016085847624756, 0.0089869025831841]
Timestep: 272, Trans probs: [0.2346628038524081, 0.016840821737221977, 0.5240194338984879, 0.037606803158607406, 0.05392923369567087, 0.0038702879032545823, 0.12042797600577085, 0.008642639748578203]
Timestep: 273, Trans probs: [0.25635873763269673, 0.018694370342019224, 0.5185024507088379, 0.03781059669081199, 0.051999662544488526, 0.0037919555941155077, 0.10517274626301273, 0.007669480224017188]
Timestep: 274, Trans probs: [0.25080357262423325, 0.017533929121664574, 0.5352224583169061, 0.03741793846976861, 0.04742492191987067, 0.003315523821462275, 0.10120622696818772, 0.007075428757906939]
Timestep: 275, Trans probs: [0.5166153623157327, 0.03552836656854288, 0.27811008927222663, 0.019126022799211967, 0.0916111782793937, 0.00630022984430193, 0.04931714158752606, 0.0033916093330641503]
Timestep: 276, Trans probs: [0.22403464859550812, 0.05525897475800711, 0.47031431055765627, 0.11600476434499214, 0.03478161998146786, 0.008579015222188556, 0.07301680219650827, 0.018009864343671647]
Timestep: 277, Trans probs: [0.5296820695683506, 0.08377645088339493, 0.22931302031480608, 0.03626898490066273, 0.07288636055756233, 0.011527973016523056, 0.031554384109752864, 0.004990756648947443]
Timestep: 278, Trans probs: [0.3578466349104731, 0.05686221094195123, 0.4112250484946532, 0.06534409764106669, 0.043651705817358104, 0.006936302488309278, 0.050163039387273727, 0.007970960318914784]
Timestep: 279, Trans probs: [0.2647691359853258, 0.03916699004131136, 0.520828891690054, 0.07704561159719975, 0.02882813086743418, 0.004264511837425769, 0.0567079821947741, 0.008388745786475192]
Timestep: 280, Trans probs: [0.2544717894949646, 0.03526482067786138, 0.5452726264793581, 0.07556413790111516, 0.024991454880922238, 0.003463327611299034, 0.0535507541700629, 0.007421088784416608]
Timestep: 281, Trans probs: [0.25649305041677334, 0.033339463096129666, 0.5545726958175438, 0.0720844322927552, 0.023371597003023416, 0.0030378854105941825, 0.0505325564745996, 0.006568319488580689]
Timestep: 282, Trans probs: [0.26316844000994327, 0.032139222413492236, 0.5574481258516881, 0.06807787932342836, 0.0226252372523813, 0.0027630878998440634, 0.04792518473268762, 0.0058528225165348615]
Timestep: 283, Trans probs: [0.41413263361303965, 0.047279301676118456, 0.2522158687693646, 0.028794133036599282, 0.1436804008905184, 0.016403220773458422, 0.08750451955349517, 0.00998992168740609]
Timestep: 284, Trans probs: [0.4954545183685636, 0.05302469552895273, 0.27131188393873884, 0.02903642918952334, 0.08823828446099975, 0.00944346654249526, 0.048319460828546504, 0.0051712611421799535]
Timestep: 285, Trans probs: [0.23596663143699798, 0.023768474949935954, 0.43073983742746175, 0.043387613636242536, 0.08557400180735418, 0.00861970824407404, 0.15620908516617338, 0.015734647331760204]
Timestep: 286, Trans probs: [0.5032676468109835, 0.0479200157769596, 0.21241646319502694, 0.02022581887012233, 0.13879464009707757, 0.013215714114258125, 0.05858168460990061, 0.005578016525671173]
Timestep: 287, Trans probs: [0.21982797181280928, 0.022999885709758396, 0.4680538711459863, 0.04897095421293599, 0.069475437604901, 0.007268989070730549, 0.14792588610254614, 0.015477004340332315]
Timestep: 288, Trans probs: [0.4462625949013182, 0.04374060514522824, 0.16434028014570273, 0.016107877705723757, 0.21935257560181765, 0.021499929652651226, 0.08077859120828966, 0.00791754563926856]
Timestep: 289, Trans probs: [0.21024142935706863, 0.019431112231880605, 0.4240960642325711, 0.039196167217861774, 0.09315267888156231, 0.008609436130563078, 0.18790627806898935, 0.017366833879503104]
Timestep: 290, Trans probs: [0.484295091389571, 0.042315141507452775, 0.1631024955978047, 0.014251032695039254, 0.20365948537869338, 0.01779468777684167, 0.06858911210956128, 0.005992953545035928]
Timestep: 291, Trans probs: [0.3587522454912336, 0.029781452773851202, 0.2888029842533783, 0.023974685997329735, 0.15279264255253536, 0.012683925816657924, 0.12300124025902497, 0.010210822855989034]
Timestep: 292, Trans probs: [0.25317491451558743, 0.020136883078019127, 0.43059295503973943, 0.03424825878363292, 0.08980941339440221, 0.007143210299048874, 0.1527453886095824, 0.012148976279987582]
Timestep: 293, Trans probs: [0.22572030350376152, 0.017194844225181777, 0.4722920490161275, 0.03597810248154702, 0.07476521416564931, 0.005695438961782499, 0.15643704020110744, 0.011917007444842975]
Timestep: 294, Trans probs: [0.2270665149453714, 0.016727426085027162, 0.5003689287771173, 0.0368609359833488, 0.06366279863226526, 0.004689880226256112, 0.14028878878175263, 0.010334726568861669]
Timestep: 295, Trans probs: [0.32222869268435894, 0.023566931565352767, 0.19925968387732876, 0.014573312185674193, 0.2535615385305866, 0.018544802377389136, 0.15679730935862213, 0.011467729420687502]
Timestep: 296, Trans probs: [0.25598334480596874, 0.01815520720808297, 0.35709818558626133, 0.025326614736842345, 0.13390034866359513, 0.009496666968957594, 0.18679172894385387, 0.01324790308643808]
Timestep: 297, Trans probs: [0.2136107237007555, 0.014700353485839899, 0.42903102064881, 0.029525238951783377, 0.09738197060891472, 0.006701673803156798, 0.19558889890595568, 0.013460119894784028]
Timestep: 298, Trans probs: [0.20787542403840703, 0.014399418308648354, 0.46170162887816585, 0.031981822376332, 0.08247029287858194, 0.005712672629237971, 0.1831706115921892, 0.012688129298437762]
Timestep: 299, Trans probs: [0.4085726126326049, 0.02954003249944608, 0.21838521744339484, 0.01578937555091932, 0.19916257771739898, 0.01439956775501189, 0.10645393620769156, 0.00769668019353243]
Timestep: 300, Trans probs: [0.28680909721523346, 0.019984504245797313, 0.3883474726980201, 0.027059573048180248, 0.11032305480419742, 0.007687174425605043, 0.1493804761757036, 0.01040864738726291]
Timestep: 301, Trans probs: [0.2244678491745158, 0.015472380596296373, 0.45236890245353795, 0.031181409072300412, 0.0857889356235566, 0.005913359386657023, 0.17289000092175114, 0.01191716277138483]
Timestep: 302, Trans probs: [0.4825322834482558, 0.032171306056507074, 0.2549882582801138, 0.01700053152780376, 0.13083616416507435, 0.00872308532505759, 0.06913876390216876, 0.004609607295018997]
Timestep: 303, Trans probs: [0.3365067536676534, 0.021787045733202073, 0.14805529906362033, 0.009585803365265636, 0.3157204022666445, 0.020441238602545004, 0.13890977838810556, 0.00899367891296363]
Timestep: 304, Trans probs: [0.40887797946197196, 0.028550477029488593, 0.20964810535883954, 0.014638972302200109, 0.20902799124437874, 0.014595671966476792, 0.10717701742953324, 0.007483785207111113]
Timestep: 305, Trans probs: [0.2671178970362966, 0.022598888111857136, 0.35345695781615216, 0.029903403443458664, 0.12974284687978177, 0.010976591656648103, 0.17167891955327552, 0.014524495502530125]
Timestep: 306, Trans probs: [0.21189462329466655, 0.016876479416236136, 0.4235052350324744, 0.033730338554908014, 0.09698666112381313, 0.0077245631090380774, 0.19384332681786023, 0.015438772651003336]
Timestep: 307, Trans probs: [0.21838810983763776, 0.016846921762493583, 0.46188992500514275, 0.03563116799367339, 0.07964844353428537, 0.0061442497841301316, 0.16845611987840511, 0.012995062204231899]
Timestep: 308, Trans probs: [0.216305414242393, 0.01591293810880999, 0.4772089824727167, 0.03510682813767613, 0.07421908416608415, 0.005460074575405555, 0.16374076330453902, 0.012045914992375504]
Timestep: 309, Trans probs: [0.3198991632464792, 0.029039396934796086, 0.4190197340010929, 0.03803723728340927, 0.07700026207007682, 0.00698983126946611, 0.10085874874814361, 0.009155626446536027]
Timestep: 310, Trans probs: [0.2943622085466546, 0.024847463245650587, 0.15109454252529303, 0.012754069588455924, 0.31500982450578463, 0.026590353004454243, 0.16169285303188183, 0.013648685551825145]
Timestep: 311, Trans probs: [0.26386028991263444, 0.020861821063067016, 0.34566662752070626, 0.027329748380093454, 0.13731482554702737, 0.010856644328014817, 0.17988744221857345, 0.01422260102988309]
Timestep: 312, Trans probs: [0.21729749928410955, 0.018320647157802707, 0.43270715755863415, 0.03648212787724059, 0.09101011703198622, 0.007673186518144532, 0.181229554779645, 0.015279709792437335]
Timestep: 313, Trans probs: [0.22141955955937598, 0.017656758847918043, 0.43969282681555943, 0.035062621503227434, 0.08876495432811189, 0.007078423405036366, 0.1762685905813819, 0.01405626495938925]
Timestep: 314, Trans probs: [0.4439266154282892, 0.04272232011210699, 0.22268496050806375, 0.021430610007014118, 0.1635558385629692, 0.015740180129884564, 0.08204379774823724, 0.007895677503434933]
Timestep: 315, Trans probs: [0.2779448059133695, 0.02473350326650822, 0.40195858862552825, 0.035769130608863525, 0.09745030872210281, 0.008671820727787258, 0.1409308169164613, 0.012541025219378997]
Timestep: 316, Trans probs: [0.20771614858394058, 0.01727247983053248, 0.4224042775945663, 0.03512470944036592, 0.09662200164412263, 0.008034529746296357, 0.1964871151447013, 0.016338738015474433]
Timestep: 317, Trans probs: [0.2019920649095736, 0.01805149785026204, 0.45006905188118185, 0.04022148358223731, 0.08236999150136393, 0.007361188793127191, 0.18353287291298337, 0.016401848569270756]
Timestep: 318, Trans probs: [0.20470424652890112, 0.04539516424138401, 0.41503931951913003, 0.09203901919808553, 0.06564739371337508, 0.014557950165517064, 0.13310055886484434, 0.02951634776876284]
Timestep: 319, Trans probs: [0.2660736276918215, 0.046696903655252836, 0.1472069004557672, 0.02583535432505643, 0.281613949270744, 0.04942428744686675, 0.15580468067007958, 0.027344296484411685]
Timestep: 320, Trans probs: [0.15079435668775673, 0.06463087879422456, 0.3061697293402613, 0.1312251937148096, 0.08019476752323847, 0.03437169940290122, 0.16282579007871198, 0.06978758445809606]
Timestep: 321, Trans probs: [0.34108838859963525, 0.14001807881182007, 0.15470949015617005, 0.06350883322225848, 0.14665120406427926, 0.060200876179994714, 0.06651745931522854, 0.027305669650613443]
Timestep: 322, Trans probs: [0.2102897413657525, 0.09215727528228884, 0.29509684333643843, 0.12932309892849395, 0.0790200680665539, 0.03462971668679122, 0.11088782788558882, 0.04859542844809236]
Timestep: 323, Trans probs: [0.20584292818575456, 0.04072113952535432, 0.42439317969499185, 0.08395612147711627, 0.06682799893038431, 0.01322033403153239, 0.13778149780849297, 0.027256800346373167]
Timestep: 324, Trans probs: [0.36511101761926407, 0.153435351658497, 0.1851253764062823, 0.07779764471372351, 0.10209988290420119, 0.04290676172920539, 0.051768580901570466, 0.021755384067256148]
Timestep: 325, Trans probs: [0.14231495588051205, 0.17729320515281902, 0.0773418694865702, 0.09635099732805193, 0.14618019788263162, 0.18210844849114, 0.07944245716277296, 0.09896786861550244]
Timestep: 326, Trans probs: [0.14864244739279406, 0.08002321643287158, 0.28362670955607105, 0.15269340597555972, 0.07488480989149829, 0.04031502073997954, 0.14288874139115681, 0.07692564862006894]
Timestep: 327, Trans probs: [0.36185265814739026, 0.15195886900768057, 0.1890282647790881, 0.07938181654759187, 0.10074343255601846, 0.042306882999125266, 0.05262737695903977, 0.02210069900406569]
Timestep: 328, Trans probs: [0.21821871201105716, 0.0843298748520942, 0.09203199829268566, 0.03556545095004078, 0.28909437167232704, 0.11171953110206628, 0.1219232414808887, 0.047116819638840256]
Timestep: 329, Trans probs: [0.15780102652580885, 0.07486488889262365, 0.28065432835650284, 0.13314967318167006, 0.08629544631346997, 0.04094079197349621, 0.1534792964187114, 0.07281454833771704]
Timestep: 330, Trans probs: [0.22898535580880358, 0.10306120448949568, 0.31116252705213565, 0.14004731750953073, 0.06336508574263539, 0.028519212663839267, 0.08610524518876522, 0.03875405154479456]
Timestep: 331, Trans probs: [0.1596205185605618, 0.06926762718398181, 0.09827543071681927, 0.04264680980631637, 0.27200748456702994, 0.11803816453016416, 0.1674700279455686, 0.07267393668955784]
Timestep: 332, Trans probs: [0.19496618149354727, 0.06903687529393784, 0.3913479045388726, 0.13857498913517072, 0.050606067883373435, 0.01791944003220186, 0.10157955842083101, 0.03596898320206513]
Timestep: 333, Trans probs: [0.16766851674272681, 0.057250322158418576, 0.0750131200669314, 0.02561318829180998, 0.34737069718502667, 0.11860953212076358, 0.15540997392883776, 0.05306464950548532]
Timestep: 334, Trans probs: [0.1897809888934382, 0.08915886344079449, 0.2494850454981692, 0.11720775211357728, 0.1041647849290557, 0.048936481409337394, 0.13693445407181673, 0.06433162964381088]
Timestep: 335, Trans probs: [0.16614417730883224, 0.06471847394827317, 0.3313213730073723, 0.12906027761433822, 0.07421104422029869, 0.0289075765990761, 0.14799017011397303, 0.057646907187836355]
Timestep: 336, Trans probs: [0.17188785302127516, 0.07120863295288749, 0.3627684676975909, 0.15028546932843373, 0.05543180163060433, 0.022963942750174514, 0.11698854448290888, 0.04846528813612503]
Timestep: 337, Trans probs: [0.18643382366331138, 0.07198735877451427, 0.0937385995216167, 0.03619511772160838, 0.2936266154258473, 0.11337751967464722, 0.14763494719712594, 0.05700601802132887]
Timestep: 338, Trans probs: [0.17334204195677805, 0.07429836565206976, 0.267265042836068, 0.11455591300581078, 0.10203950172766932, 0.04373646534178797, 0.157328202047006, 0.06743446743281017]
Timestep: 339, Trans probs: [0.16021570587562836, 0.059321740337892476, 0.33482853192551254, 0.12397418293074132, 0.07597214657727751, 0.028129576482770573, 0.15877121513571407, 0.05878690073446305]
Timestep: 340, Trans probs: [0.18223667106580516, 0.07022516959359568, 0.3749879741001333, 0.14450216810222422, 0.053835876335682924, 0.020745734235498633, 0.11077795749316166, 0.04268844907389847]
Timestep: 341, Trans probs: [0.1453449373656492, 0.13632095787889584, 0.07443974844746863, 0.06981803423323966, 0.19590149925804157, 0.18373863247526906, 0.1003327572983432, 0.09410343304309302]
Timestep: 342, Trans probs: [0.16285305220322555, 0.08607644024100425, 0.25276221020545064, 0.13359817938679505, 0.09349142424457545, 0.04941515607574952, 0.14510688444343628, 0.07669665319976339]
Timestep: 343, Trans probs: [0.16180415122070324, 0.06664421506965788, 0.3244026688535145, 0.13361561535436275, 0.07390161992384625, 0.030438745947148134, 0.14816605479542397, 0.06102692883534311]
Timestep: 344, Trans probs: [0.17539105502676994, 0.05957755549608101, 0.36367440015484825, 0.12353441715954348, 0.06747316125319092, 0.02291956113978817, 0.13990600285493623, 0.047523846914841926]
Timestep: 345, Trans probs: [0.1559823432005074, 0.07571504500854526, 0.3209767581182104, 0.15580461986250113, 0.0641828200257507, 0.0311548410372211, 0.13207388141533571, 0.06410969133192816]
Timestep: 346, Trans probs: [0.1578950671895515, 0.06009307224612291, 0.35457181015568945, 0.13494601055867822, 0.06527629260516514, 0.02484341681663899, 0.1465855370990174, 0.055788793329136326]
Timestep: 347, Trans probs: [0.1707048531315555, 0.054914803870294876, 0.3835113594991841, 0.12337347592981075, 0.062337885712358855, 0.02005375186928553, 0.1400504253937473, 0.04505344459376307]
Timestep: 348, Trans probs: [0.34412659912833315, 0.11246873888792276, 0.22068624009042592, 0.0721255002541418, 0.11507189133834414, 0.03760822480172556, 0.0737948856725338, 0.024117919826572857]
Timestep: 349, Trans probs: [0.22467633856252617, 0.06383173419640698, 0.35030802947192385, 0.09952436098604156, 0.07962276158922064, 0.022621247018108206, 0.12414521658973157, 0.03527031158604092]
Timestep: 350, Trans probs: [0.16472488398303511, 0.07291857511568552, 0.32957689585529415, 0.1458934257880175, 0.0662689467793297, 0.02933519852449, 0.13258903720569948, 0.05869303674844864]
Timestep: 351, Trans probs: [0.16568792350287725, 0.06599425640499669, 0.35287076895912656, 0.14055003836240695, 0.06281468429351983, 0.02501937554425009, 0.13377840388104204, 0.05328454905178035]
Timestep: 352, Trans probs: [0.18039356208614962, 0.06371677833370941, 0.38434770280555836, 0.13575538450223024, 0.05565772351156788, 0.019658854731477913, 0.1185847096075524, 0.04188528442175401]
Timestep: 353, Trans probs: [0.24596034048021728, 0.07838657389166936, 0.13567737455957693, 0.043239835030222606, 0.24276978902717117, 0.07736975794182525, 0.13391739307759748, 0.0426789359917199]
Timestep: 354, Trans probs: [0.17093847488298425, 0.05066776069843738, 0.3338066413805144, 0.09894340660635324, 0.09029302724431974, 0.02676369670599, 0.17632316062921613, 0.05226383185218512]
Timestep: 355, Trans probs: [0.16506084602955023, 0.0546973623528206, 0.3602618616387897, 0.11938248265388644, 0.07094178993200308, 0.023508475106045267, 0.15483757610400162, 0.05130960618290301]
Timestep: 356, Trans probs: [0.3536410140504307, 0.11786693335572009, 0.20105304830315793, 0.06701006190965543, 0.12452942056469828, 0.04150508660297134, 0.07079783908884552, 0.023596596124520662]
Timestep: 357, Trans probs: [0.16752722733131825, 0.06705825020601855, 0.3789916579340302, 0.15170380259127525, 0.05138222016573319, 0.020567413613311398, 0.11624040533083028, 0.04652902282748293]
Timestep: 358, Trans probs: [0.3568249180885747, 0.13139622958079805, 0.22183855207173428, 0.08168922023168187, 0.09385446913539296, 0.03456071240696485, 0.05834945510528657, 0.021486443379566754]
Timestep: 359, Trans probs: [0.41407307506647606, 0.1288082803374877, 0.20260301092121116, 0.06302497554029272, 0.09807076004504948, 0.030507479750440675, 0.047985325453167325, 0.014927092885874953]
Timestep: 360, Trans probs: [0.21132122076043897, 0.08655739685633422, 0.28784888150457827, 0.1179032081178857, 0.0890085098585929, 0.03645798033769204, 0.12124196479174253, 0.049660837772735375]
Timestep: 361, Trans probs: [0.17457332488223057, 0.07359045284183836, 0.349291595758276, 0.14724200689332398, 0.05984850804293102, 0.025228818960507757, 0.11974670753489913, 0.05047858508599317]
Timestep: 362, Trans probs: [0.17206902713248132, 0.06123172829092983, 0.3622021248825357, 0.12889165741681752, 0.06546593230192356, 0.02329641915123661, 0.13780457867595436, 0.04903853214812105]
Timestep: 363, Trans probs: [0.20879299924004655, 0.07333159102279438, 0.3014105167292948, 0.10586041114027173, 0.0940708775163224, 0.033039264449912786, 0.13579934147492545, 0.047694998426431975]
Timestep: 364, Trans probs: [0.3659689220836216, 0.10922394850847894, 0.18751953699302784, 0.05596547416171137, 0.1432563252470555, 0.04275505527412805, 0.07340339072702011, 0.021907347004956553]
Timestep: 365, Trans probs: [0.16658500629259793, 0.06679843672177235, 0.33704282490198645, 0.1351498211801738, 0.06951285596050812, 0.027873757750273596, 0.1406417651945401, 0.05639553199814775]
Timestep: 366, Trans probs: [0.3415337503346052, 0.14746750155171914, 0.2064037184299281, 0.08912103309856102, 0.09380395529657619, 0.04050268797652599, 0.05668981515788518, 0.024477538154199383]
Timestep: 367, Trans probs: [0.2814448715144206, 0.10421077663416932, 0.12445502651819612, 0.04608204405964037, 0.22457554557927095, 0.08315373412891976, 0.09930738950762673, 0.03677061205775598]
Timestep: 368, Trans probs: [0.13591197895892349, 0.15560244032114898, 0.05577645450459957, 0.06385715593178336, 0.1946550410330097, 0.2228559957522497, 0.07988381983276087, 0.09145711366552414]
Timestep: 369, Trans probs: [0.20225610720208126, 0.10859575898067651, 0.2128923071375614, 0.11430656900585733, 0.11473452345639135, 0.06160349286058463, 0.12076815748537487, 0.06484308387147282]
Timestep: 370, Trans probs: [0.35379711425528954, 0.15398135263895094, 0.13555329209657, 0.05899618292712121, 0.14995205068485656, 0.06526288277969902, 0.057452402260966526, 0.025004722356546147]
Timestep: 371, Trans probs: [0.22712258851504616, 0.09209511088622732, 0.26375936687632423, 0.10695082465629346, 0.10207498633239395, 0.04139001429340085, 0.11854053771123739, 0.04806657072907656]
Timestep: 372, Trans probs: [0.17545243783669592, 0.06298065773245853, 0.3436447035319817, 0.1233551937013513, 0.0732635133972726, 0.026298775431354872, 0.14349540337849565, 0.051509314990389535]
Timestep: 373, Trans probs: [0.19741532253504598, 0.06464494114672793, 0.3585255687034799, 0.11740154710797165, 0.0700896890961972, 0.022951328034893418, 0.1272897428668598, 0.041681860508823984]
Timestep: 374, Trans probs: [0.35245094842423724, 0.10011348750998109, 0.2008202728447305, 0.05704288204380772, 0.1436600598997197, 0.040806556704571735, 0.08185494337562718, 0.02325084919732486]
Timestep: 375, Trans probs: [0.19441473322829778, 0.048428713818526245, 0.40123891548033624, 0.09994862162959119, 0.06688451017436503, 0.016660932781894556, 0.13803824370286752, 0.03438532918412135]
Timestep: 376, Trans probs: [0.4168114715736715, 0.10007757340456593, 0.19827558428797692, 0.047606509643307565, 0.1296322129233014, 0.03112504858718839, 0.06166553589053037, 0.014806063689457893]
Timestep: 377, Trans probs: [0.167792423077948, 0.03510230232234716, 0.3779123688366886, 0.07905955453123932, 0.08648989804127676, 0.018093752346990698, 0.1947978439648521, 0.04075185687865728]
Timestep: 378, Trans probs: [0.29979787148964937, 0.05734200153780209, 0.11485046503081059, 0.021967319213076538, 0.30713243331776396, 0.05874487492558521, 0.11766028430194334, 0.02250475018336881]
Timestep: 379, Trans probs: [0.27259440466180423, 0.045663243467521195, 0.28071286819316, 0.04702319572800291, 0.14938246535531335, 0.02502357997318798, 0.1538314051591796, 0.02576883746183061]
Timestep: 380, Trans probs: [0.19282605467208688, 0.029922971646432213, 0.4213685579102756, 0.06538846336139036, 0.07894901380973154, 0.012251399873112464, 0.17252145802607985, 0.026772080700891012]
Timestep: 381, Trans probs: [0.2018288941149998, 0.027574797254872416, 0.11347807113017326, 0.015503899072575671, 0.36133229160141694, 0.04936688934573624, 0.2031586788788076, 0.027756478601417996]
Timestep: 382, Trans probs: [0.24563600604848432, 0.02981345815576522, 0.3413647060222373, 0.04143229057730344, 0.1275312203252604, 0.01547878408334952, 0.17723239453094142, 0.021511140256658227]
Timestep: 383, Trans probs: [0.20947126449156112, 0.02317854453414912, 0.4214449169622371, 0.04663398485806882, 0.08946220469462156, 0.009899227470033193, 0.17999314378656642, 0.01991671320276252]
Timestep: 384, Trans probs: [0.20210755118562393, 0.020138469390076835, 0.4313696326791527, 0.042982679729463395, 0.08802743997889578, 0.008771260129086729, 0.1878819679256172, 0.018720998982083428]
Timestep: 385, Trans probs: [0.19778348312867058, 0.017950326682972893, 0.44803953923087936, 0.04066293084165583, 0.08298496786762051, 0.007531504953984016, 0.187986105706864, 0.017061141587352956]
Timestep: 386, Trans probs: [0.21289226303626088, 0.017861921910505466, 0.44477413285530815, 0.037317095114542266, 0.08575911239338421, 0.007195294684917614, 0.17916778329662264, 0.01503239670845883]
Timestep: 387, Trans probs: [0.21966261470385443, 0.017816146800525606, 0.464757756921292, 0.03769504626518243, 0.07720621099035703, 0.006261954000552185, 0.16335135356849922, 0.013248916749737103]
Timestep: 388, Trans probs: [0.20414770037412697, 0.015961562957681197, 0.45729105654208657, 0.03575391726482621, 0.08211253583115365, 0.006420079226373295, 0.18393216380475613, 0.014380983998995981]
Timestep: 389, Trans probs: [0.22585886007830625, 0.016610053702619903, 0.4718799761551575, 0.0347028748060214, 0.075667510607261, 0.005564720437774343, 0.15808980479532672, 0.011626199417533014]
Timestep: 390, Trans probs: [0.40910849354702883, 0.028639893126506482, 0.21414993613146033, 0.01499169873174039, 0.2043487187895825, 0.014305558449617953, 0.10696738338996205, 0.007488317834101361]
Timestep: 391, Trans probs: [0.2062607845362006, 0.015449135390608253, 0.45132222105157693, 0.03380447773188847, 0.08554750478609464, 0.006407592149622243, 0.18718773882441206, 0.014020545529596813]
Timestep: 392, Trans probs: [0.46292679172948614, 0.033009664000531985, 0.20734418952915382, 0.014784977130508208, 0.18175912177921655, 0.012960596893838312, 0.08140962776003005, 0.005805031177234855]
Timestep: 393, Trans probs: [0.32676531161132044, 0.022494228871217832, 0.37225013227942566, 0.02562536283776219, 0.11059245645135045, 0.007613084799545425, 0.1259866181637121, 0.00867280498566571]
Timestep: 394, Trans probs: [0.23898038861054877, 0.01660986355935019, 0.4810013916418698, 0.03343105906505487, 0.07137460185624167, 0.004960751822891575, 0.1436573227633509, 0.009984620680692394]
Timestep: 395, Trans probs: [0.4669142943842579, 0.031186727472812793, 0.26051279596814286, 0.017400498696989293, 0.13476828342795028, 0.009001612882272001, 0.07519337648452631, 0.005022410683048464]
Timestep: 396, Trans probs: [0.515448854818945, 0.03323103190585142, 0.2242556917864858, 0.014457783695034391, 0.13917801855808068, 0.008972818800657409, 0.06055200732607699, 0.003903793108868221]
Timestep: 397, Trans probs: [0.5277071836881128, 0.035039719143387715, 0.23193342174207518, 0.015400362566620628, 0.12371827560911072, 0.008214884625882962, 0.05437561564636427, 0.003610536978445764]
Timestep: 398, Trans probs: [0.48987015053903066, 0.031310538787746194, 0.27801230289044715, 0.017769433356051027, 0.1097536940891739, 0.007015016718402214, 0.06228768421772569, 0.003981179401423028]
Timestep: 399, Trans probs: [0.30961037858906754, 0.019861799497240915, 0.3851075739496587, 0.02470501619976084, 0.10918680470464436, 0.007004437101465509, 0.13581155017716684, 0.008712439780995151]
Timestep: 400, Trans probs: [0.428594612724216, 0.027873714697361766, 0.18653869141902757, 0.012131571676984362, 0.2256098852669747, 0.014672572608565743, 0.09819295791283884, 0.006385993694031046]
Timestep: 401, Trans probs: [0.23901485241080603, 0.015484777030125154, 0.47007375171411014, 0.030454120986994862, 0.07754957965652073, 0.005024114349585342, 0.15251781002436493, 0.009880993827492805]
Timestep: 402, Trans probs: [0.27442478763103034, 0.02165763014151409, 0.1073183822112382, 0.008469576853391461, 0.39186442146040057, 0.03092597712790617, 0.15324510631968055, 0.01209411825483858]
Timestep: 403, Trans probs: [0.2978758982466717, 0.025388151359016977, 0.3128268805059213, 0.0266624330407443, 0.15157621291250742, 0.012918936572245214, 0.15918412373549878, 0.013567363627394403]
Timestep: 404, Trans probs: [0.22832190334266125, 0.01809887122840892, 0.42745649626328025, 0.033884090699809924, 0.09427539533968742, 0.0074731255095556665, 0.17649918639325168, 0.013990931223345033]
Timestep: 405, Trans probs: [0.1767658891751985, 0.057038031354182124, 0.3632308931342471, 0.11720572995202992, 0.07072200654179198, 0.02282026269538535, 0.14532451775783803, 0.04689266938932679]
Timestep: 406, Trans probs: [0.262195960671942, 0.04222466210810817, 0.15003884297604952, 0.024162612694411136, 0.28561821773114, 0.045996638181268625, 0.16344197985139855, 0.026321085785682142]
Timestep: 407, Trans probs: [0.3437789699822095, 0.05325516025437991, 0.2020099038514917, 0.03129356575575229, 0.20160967582819586, 0.03123156601353416, 0.11846900126465525, 0.018352157049781274]
Timestep: 408, Trans probs: [0.22332991888228074, 0.06505858507599481, 0.3142025333012415, 0.09153082733463425, 0.09841461946742293, 0.02866931544768939, 0.1384593828954968, 0.040334817595239464]
Timestep: 409, Trans probs: [0.13701121788473533, 0.11686740453997026, 0.08182288872597608, 0.06979303435877995, 0.200875492064951, 0.1713421554508764, 0.11996253510302801, 0.10232527187168314]
Timestep: 410, Trans probs: [0.3535493563639762, 0.08461628655024851, 0.1586093894133603, 0.037960576939487053, 0.20345319903419803, 0.04869321320817021, 0.09127321855392585, 0.021844759936633783]
Timestep: 411, Trans probs: [0.2453124402139254, 0.057539251664463345, 0.3489867085057243, 0.08185656638836733, 0.08903964249566891, 0.02088469053263003, 0.12666969410109016, 0.029711006098130516]
Timestep: 412, Trans probs: [0.23598595863989352, 0.052180592854500746, 0.08697984342390008, 0.01923275360283869, 0.36238735679731454, 0.0801301366812029, 0.133568945096138, 0.029534412904211285]
Timestep: 413, Trans probs: [0.27255500570265373, 0.059739146326469594, 0.2570557069292301, 0.05634197930326195, 0.14955812869354482, 0.032780447056194546, 0.14105325418339074, 0.03091633180525455]
Timestep: 414, Trans probs: [0.20936721628905217, 0.049231345502233695, 0.3624240572788579, 0.08522167079674632, 0.08708433637201471, 0.02047731792853557, 0.15074689854885723, 0.035447157283702346]
Timestep: 415, Trans probs: [0.1722459147487986, 0.05701245861521196, 0.3680328569312786, 0.12181686895409571, 0.06728123691114143, 0.02226972256828795, 0.14375787010327504, 0.04758307116791082]
Timestep: 416, Trans probs: [0.1873146644466774, 0.05570236828279881, 0.38762900455814076, 0.11527049221038843, 0.0638054770693423, 0.01897404131531797, 0.1320390671750481, 0.03926488494228622]
Timestep: 417, Trans probs: [0.1807057529637261, 0.06180757801581266, 0.38530396530434824, 0.13178719827548, 0.05718877538362165, 0.019560526647214815, 0.12193890656393393, 0.041707296845862586]
Timestep: 418, Trans probs: [0.19762808085011419, 0.05988614846234544, 0.4011119068763846, 0.12154673112183778, 0.05568511309798347, 0.016873953012059562, 0.11302018318084771, 0.03424788339842755]
Timestep: 419, Trans probs: [0.16363055608286314, 0.06171335180973816, 0.33748567234075877, 0.12728290196217512, 0.07347652472559607, 0.027711710628492613, 0.15154427719308577, 0.05715500525729032]
Timestep: 420, Trans probs: [0.17372131233219207, 0.055979467628900666, 0.37603102668917526, 0.12117118160929423, 0.06526699166162742, 0.021031452030314625, 0.14127462862187737, 0.04552393942661829]
Timestep: 421, Trans probs: [0.19222896842765663, 0.05519544351432708, 0.39126892085208664, 0.11234655107630453, 0.0637214445344787, 0.018296583606636694, 0.1297006431552722, 0.03724144483323745]
Timestep: 422, Trans probs: [0.1921895137416902, 0.04815814089693432, 0.3873697544442032, 0.09706568714673895, 0.07297880315406755, 0.018286759856767573, 0.1470932545020048, 0.036858086257593486]
Timestep: 423, Trans probs: [0.2696657096997773, 0.06861460718735819, 0.1707221944521907, 0.04343910215185405, 0.21846860732897155, 0.055587852424156266, 0.13830991008697302, 0.035192016668718934]
Timestep: 424, Trans probs: [0.34464726518619004, 0.07592545988612687, 0.1993544183546183, 0.04391758595771451, 0.174521223965875, 0.038446857201493774, 0.10094836259750242, 0.022238826850479173]
Timestep: 425, Trans probs: [0.23576557557612526, 0.05978362250602458, 0.32802003087262666, 0.08317679819109887, 0.09782749254233515, 0.024806343634223692, 0.13610713542684796, 0.03451300125071793]
Timestep: 426, Trans probs: [0.1975254779613591, 0.10149163180672581, 0.3025655682086075, 0.1554628474410172, 0.06339076991207214, 0.03257115358616915, 0.09710071083275272, 0.04989184025129637]
Timestep: 427, Trans probs: [0.16735399557216468, 0.10586518813852289, 0.09268692076416811, 0.05863211255358317, 0.2268484315816527, 0.1435003198233462, 0.12563717126441648, 0.0794758603021457]
Timestep: 428, Trans probs: [0.3541321895650258, 0.17485151172559757, 0.15382490375479324, 0.07595050027958955, 0.11259326661692963, 0.05559252578048531, 0.04890729764515446, 0.024147804632424656]
Timestep: 429, Trans probs: [0.16941147764237813, 0.06672750547891251, 0.06882454320998133, 0.027108494347840295, 0.34075338748512923, 0.13421536631874678, 0.1384333373823973, 0.054525888134614536]
Timestep: 430, Trans probs: [0.2958319239934018, 0.09866708806705053, 0.16304039889352936, 0.054377908844191226, 0.18761888614378366, 0.06257542766954223, 0.10340147751438895, 0.03448688887411256]
Timestep: 431, Trans probs: [0.2519251421512376, 0.08024087016110784, 0.2587947603585762, 0.08242891752281388, 0.12218979578129632, 0.038918765529219385, 0.12552172699976225, 0.03998002149598654]
Timestep: 432, Trans probs: [0.33477135020796406, 0.15981777804875302, 0.1484943927253427, 0.07089030731966922, 0.13411327404255952, 0.06402484994910854, 0.059488570849882634, 0.028399476856720236]
Timestep: 433, Trans probs: [0.23203052389285456, 0.09737099393064706, 0.2716854493750205, 0.11401207823138008, 0.09244274365760455, 0.03879335218746265, 0.10824157068090622, 0.04542328804412441]
Timestep: 434, Trans probs: [0.1733461612653364, 0.07690957542288983, 0.3327999094876939, 0.1476554170720651, 0.06388325810983873, 0.02834348463210571, 0.12264674545743572, 0.05441544855263466]
Timestep: 435, Trans probs: [0.2308558798786157, 0.24664040002454982, 0.1365954335131407, 0.14593499797762155, 0.07289118113614033, 0.07787503650819888, 0.04312908335629635, 0.04607798760543691]
Timestep: 436, Trans probs: [0.20439161745659976, 0.11661470796879438, 0.2775168773453027, 0.1583359924968842, 0.06566074992507534, 0.037462442309555956, 0.08915221920599047, 0.05086539329179725]
Timestep: 437, Trans probs: [0.17426047320007162, 0.08001158722959704, 0.3485125930202689, 0.16001933901005172, 0.05418677527078898, 0.024879823959226586, 0.10837095303504252, 0.04975845527495276]
Timestep: 438, Trans probs: [0.17911071060713785, 0.07422262994795768, 0.365996070510739, 0.1516670377323746, 0.05319997109097722, 0.02204581598801545, 0.10870919055918603, 0.045048573563612054]
Timestep: 439, Trans probs: [0.17559388051392952, 0.06142515044136494, 0.3542328051267463, 0.12391549911929317, 0.06993450406266238, 0.024464049775074662, 0.14108177048515955, 0.04935234047576954]
Timestep: 440, Trans probs: [0.21468727500375023, 0.09421876297368084, 0.1187138190617402, 0.05209935791342617, 0.23283967057620558, 0.10218521676473943, 0.128751396759291, 0.05650450094716641]
Timestep: 441, Trans probs: [0.14534047687498158, 0.06357470996224074, 0.3005839825211537, 0.13148119449556478, 0.08140668274331228, 0.03560884315004682, 0.16836015285589714, 0.07364395739680302]
Timestep: 442, Trans probs: [0.3017813040411821, 0.1199374685826601, 0.18312165403774072, 0.07277835748552242, 0.14357427213432714, 0.057060972707041066, 0.08712122930887349, 0.03462474170265306]
Timestep: 443, Trans probs: [0.3599803358839569, 0.12171937938317084, 0.17733523316544933, 0.05996198228623955, 0.1406898624214334, 0.04757116162300839, 0.06930731228764259, 0.023434732949098935]
Timestep: 444, Trans probs: [0.17719577111434928, 0.06697755763956334, 0.3452522358986796, 0.13050058353350477, 0.06893471263152674, 0.02605637064366107, 0.13431394845032082, 0.05076882008839435]
Timestep: 445, Trans probs: [0.3913517865342552, 0.14716155665982358, 0.1547644633588434, 0.05819669189504539, 0.12942674599415455, 0.048668850045605214, 0.05118326165176039, 0.019246643860512478]
Timestep: 446, Trans probs: [0.24549126557421108, 0.09878362408607984, 0.2892617470911203, 0.11639649834504608, 0.08185960623736141, 0.0329396182445503, 0.09645497024517273, 0.03881267017645819]
Timestep: 447, Trans probs: [0.19813728516147192, 0.06758852343293957, 0.3792906434942382, 0.12938349551329142, 0.057721829724882545, 0.01969005095518989, 0.11049586110041615, 0.03769231061757035]
Timestep: 448, Trans probs: [0.18549389513002532, 0.06553306646508862, 0.385413771361563, 0.13616268221384423, 0.054595511009973396, 0.01928802696824137, 0.11343695048840237, 0.040076096362861614]
Timestep: 449, Trans probs: [0.1751221048138744, 0.06056479842762547, 0.3877532318117728, 0.13410183910991783, 0.05604938242591969, 0.01938430075533088, 0.12410385998845347, 0.042920482667105554]
Timestep: 450, Trans probs: [0.35208576117024726, 0.13314148550354155, 0.19305150983275696, 0.07300256821634525, 0.11656126835642655, 0.04407772802163241, 0.06391149920245864, 0.024168179696591557]
Timestep: 451, Trans probs: [0.12723939138183096, 0.19774967324683218, 0.07840587580094398, 0.12185484504354809, 0.11500609809935229, 0.1787372453888327, 0.0708676279098942, 0.11013924312876577]
Timestep: 452, Trans probs: [0.22942695593417384, 0.08208306872111554, 0.33542384697804317, 0.12000603229072697, 0.06971898074262102, 0.024943659580719178, 0.10192964742463692, 0.03646780832796337]
Timestep: 453, Trans probs: [0.1152719666343249, 0.2354451367200703, 0.06993099512090363, 0.1428353587428855, 0.08929830984442341, 0.18239345943396817, 0.054173793094424445, 0.1106509804089998]
Timestep: 454, Trans probs: [0.1544003568439728, 0.0906763195752594, 0.07163522418775874, 0.04206997065336205, 0.2759456812698953, 0.16205751911264743, 0.12802710528310812, 0.07518782307399613]
Timestep: 455, Trans probs: [0.182825941784589, 0.08362450338632248, 0.259755537845837, 0.1188120659583345, 0.10061719918657405, 0.0460222615673089, 0.14295495724586135, 0.06538753302517272]
Timestep: 456, Trans probs: [0.19696187084944472, 0.0748548222818281, 0.305050012711445, 0.11593342604893823, 0.08733638745436101, 0.03319195605442994, 0.13526458693870405, 0.05140693766084891]
Timestep: 457, Trans probs: [0.3226351591659558, 0.11833621405614493, 0.19755876794794094, 0.07246066024853334, 0.13114730682689718, 0.04810224593523539, 0.0803052600447841, 0.02945438577450831]
Timestep: 458, Trans probs: [0.1690964483067315, 0.052508282956539656, 0.3549725716548927, 0.11022703564095888, 0.07711115233464833, 0.023944761977187923, 0.16187415124089657, 0.05026559588814456]
Timestep: 459, Trans probs: [0.2919956010407271, 0.13700778521885495, 0.17868368453492087, 0.08384049549246289, 0.13025163142832036, 0.06111560406914389, 0.07970613713817758, 0.03739906107739232]
Timestep: 460, Trans probs: [0.3188720327557165, 0.12589309127733955, 0.1485642787576221, 0.058654301365192826, 0.17020772602224696, 0.06719929811042041, 0.07930073966330539, 0.031308532048156146]
Timestep: 461, Trans probs: [0.20702100556233777, 0.07150695993291978, 0.09834194355187095, 0.03396821205745516, 0.29687820662795006, 0.10254446387523469, 0.14102713760220448, 0.04871207079002714]
Timestep: 462, Trans probs: [0.14982149643812084, 0.06995326844060265, 0.2919697094462224, 0.13632379829987853, 0.08136015951814064, 0.03798793373748877, 0.15855336316722066, 0.07403027095232545]
Timestep: 463, Trans probs: [0.19129336735164257, 0.08533880653262757, 0.27351107121534196, 0.12201734285993981, 0.09330137202803952, 0.04162312497794611, 0.13340221128702456, 0.05951270374743781]
Timestep: 464, Trans probs: [0.3200281833705105, 0.13247528133952696, 0.16153179208851978, 0.06686589092508181, 0.14997863691524707, 0.062083476245789075, 0.07570057655786344, 0.03133616255746133]
Timestep: 465, Trans probs: [0.22285629695420334, 0.07836601971168071, 0.2810710645240044, 0.09883687777239522, 0.10432972073018142, 0.03668689223951198, 0.1315828453936405, 0.04627028267438229]
Timestep: 466, Trans probs: [0.17909388592146358, 0.05474140240299758, 0.3628437663955581, 0.11090594479807453, 0.07401194029508545, 0.022622309999441183, 0.1499480065259646, 0.04583274366141497]
Timestep: 467, Trans probs: [0.33411460878276783, 0.112786336610403, 0.1731036907991521, 0.058434233720292335, 0.15836101960480184, 0.053457582498963756, 0.08204632857023976, 0.027696199413379415]
Timestep: 468, Trans probs: [0.19104503819511523, 0.05587395681375866, 0.09953072977296916, 0.02910923910673412, 0.31765015101569405, 0.09290150106703272, 0.16548951829252095, 0.0483998657361752]
Timestep: 469, Trans probs: [0.16581807538132387, 0.056908449327225066, 0.3152754440643013, 0.10820193511106488, 0.09078525738206288, 0.031157328340141312, 0.17261304155050822, 0.05924046884337239]
Timestep: 470, Trans probs: [0.2105377375020772, 0.088656029597532, 0.2940584085350447, 0.12382602415982015, 0.08306725224997581, 0.03497906295296278, 0.11602016953262835, 0.04885531546995891]
Timestep: 471, Trans probs: [0.16322625430548124, 0.06548678941909243, 0.09179375609301259, 0.03682788899879071, 0.29356190372682794, 0.11777778429472359, 0.16509078091364365, 0.06623484224842778]
Timestep: 472, Trans probs: [0.33331304877587115, 0.1279154824985478, 0.14182335457592005, 0.05442752060493203, 0.17364282771749667, 0.06663887348986296, 0.07388432110710293, 0.02835457123026644]
Timestep: 473, Trans probs: [0.34656272858761655, 0.11992293109042013, 0.1800387832001749, 0.062299770893739295, 0.14236347039677047, 0.04926278344980405, 0.07395759517142873, 0.025591937210045823]
Timestep: 474, Trans probs: [0.18995694730070178, 0.08523833795169186, 0.2922145337655726, 0.13112382325283836, 0.08197977243005682, 0.03678633315018617, 0.12611110738126866, 0.056589144767683716]
Timestep: 475, Trans probs: [0.17338755465304567, 0.06704855061284017, 0.36025702917964636, 0.13931052723430667, 0.06091879223643968, 0.023557150527390946, 0.12657438508909935, 0.04894601046723123]
Timestep: 476, Trans probs: [0.17891604599921304, 0.060715054430056724, 0.38536945996570016, 0.13077489839900647, 0.057815702719800854, 0.019619724535831336, 0.12452994928562819, 0.04225916466476336]
Timestep: 477, Trans probs: [0.1677593981573206, 0.05048341433774547, 0.37934333830227845, 0.11415483802474402, 0.06794347801812312, 0.020446060191035162, 0.15363613633790082, 0.046233336630852384]
Timestep: 478, Trans probs: [0.23984598609355803, 0.07750373042167025, 0.3255353664495852, 0.10519336051838953, 0.08077010461584276, 0.0261000174163203, 0.10962670684025227, 0.03542472764438142]
Timestep: 479, Trans probs: [0.19837967906266757, 0.08476391894487824, 0.12491534144726807, 0.05337398430845935, 0.23154126685674703, 0.09893324391375702, 0.14579646738619262, 0.06229609808003002]
Timestep: 480, Trans probs: [0.14542234828498965, 0.06695909893850917, 0.2917737299948021, 0.1343459673481039, 0.0823334662856224, 0.037910092774498555, 0.16519292147915982, 0.07606237489431437]
Timestep: 481, Trans probs: [0.34539298872430907, 0.13572398662147753, 0.1579560537286285, 0.06206965984523156, 0.14722141656387375, 0.05785142786456295, 0.06732769553504074, 0.02645677111687601]
Timestep: 482, Trans probs: [0.19638906693547933, 0.09159575956830726, 0.26170381991354774, 0.1220585266835867, 0.09596656149077457, 0.04475875480275093, 0.1278829627229461, 0.05964454788260732]
Timestep: 483, Trans probs: [0.16865321573361775, 0.07174037909158233, 0.33654059907101436, 0.14315499441882415, 0.06555834926467811, 0.02788669524270967, 0.1308190065613064, 0.05564676061626734]
Timestep: 484, Trans probs: [0.18375565758681933, 0.05817342857443056, 0.3847809005935602, 0.12181406837451371, 0.06173499341847339, 0.019544085212591066, 0.12927191835970767, 0.04092494787990403]
Timestep: 485, Trans probs: [0.12176960967617666, 0.16140180552012934, 0.06395827591130158, 0.08477469244987067, 0.16016688903030482, 0.21229619724313695, 0.0841260648506392, 0.11150646531844072]
Timestep: 486, Trans probs: [0.18050678661269628, 0.04902487851586954, 0.3734356060055026, 0.10142352850810865, 0.07575264594149349, 0.020574097706951153, 0.15671840252953764, 0.04256405417984057]
Timestep: 487, Trans probs: [0.07556192720493847, 0.15079726526189302, 0.035765064630305314, 0.07137554768206618, 0.1510107007909461, 0.301368712351587, 0.07147657125006336, 0.14264421082820078]
Timestep: 488, Trans probs: [0.14353994290639008, 0.09138974498646182, 0.3112046429055082, 0.19813936370509164, 0.0493191410118638, 0.03140076294279291, 0.10692734967167251, 0.06807905187021886]
Timestep: 489, Trans probs: [0.15748105019432132, 0.0756997011083593, 0.06615052853690424, 0.03179795430767463, 0.3181068289606992, 0.15291104449163267, 0.1336220125595, 0.06423087984090882]
Timestep: 490, Trans probs: [0.1377766152669468, 0.06489957816681656, 0.29903593258318273, 0.14086066669417632, 0.0766374041714489, 0.03609999558263269, 0.16633691851669033, 0.07835288901810579]
Timestep: 491, Trans probs: [0.322230333473906, 0.15043259920951468, 0.20581978311555177, 0.0960865620843803, 0.09378194931951599, 0.04378191911039378, 0.05990181079789476, 0.027965042888842745]
Timestep: 492, Trans probs: [0.16954520901471215, 0.07410868373147458, 0.07929104401208133, 0.03465833648487152, 0.30457016324429936, 0.13312846781743481, 0.14243803383718712, 0.062260061857938996]
Timestep: 493, Trans probs: [0.30932978601187466, 0.1482653194065636, 0.13787319159266007, 0.06608420434591887, 0.15825182750686861, 0.07585191860921393, 0.07053534939213874, 0.03380840313476164]
Timestep: 494, Trans probs: [0.24020133889541426, 0.09582987508842528, 0.26829515784307606, 0.10703808555424406, 0.0974614953986961, 0.03888289288035474, 0.10886053929533117, 0.04343061504445826]
Timestep: 495, Trans probs: [0.18033397245228172, 0.06403904012618865, 0.33549355907309636, 0.11913831431426451, 0.07765273990540096, 0.027575541419553214, 0.14446525925409898, 0.051301573455115414]
Timestep: 496, Trans probs: [0.26593133187703244, 0.0961901583215053, 0.31516911460843106, 0.1139999819436543, 0.07014158031197766, 0.025370946956523026, 0.08312845127397121, 0.030068434706904987]
Timestep: 497, Trans probs: [0.20630051089788018, 0.0798024444340863, 0.1288230440357377, 0.04983212968668147, 0.23758739121935005, 0.0919050297233972, 0.14835993778288248, 0.05738951221998469]
Timestep: 498, Trans probs: [0.1704205636488361, 0.08106370549237636, 0.2731541186252058, 0.12993082848787155, 0.08993473479317071, 0.04277912652507739, 0.14414952450714977, 0.06856739792031244]
Timestep: 499, Trans probs: [0.1670681470102846, 0.06424372044845235, 0.33907518335396264, 0.13038662174818233, 0.07133713782262983, 0.027431699111307092, 0.14478315298287278, 0.05567433752230818]
