Timestep: 0, Trans probs: [0.2222222222222225, 0.11111111111111108, 0.22222222222222215, 0.11111111111111108, 0.11111111111111108, 0.05555555555555554, 0.11111111111111108, 0.05555555555555554]
Timestep: 1, Trans probs: [0.3748715134616147, 0.12506035818255684, 0.18743575673080745, 0.06253017909127842, 0.1250252854478587, 0.041709509574636275, 0.06251264272392935, 0.020854754787318137]
Timestep: 2, Trans probs: [0.2130707242879258, 0.05343652710511699, 0.4261414485758516, 0.10687305421023398, 0.05342699534784097, 0.013399086592449556, 0.10685399069568194, 0.02679817318489911]
Timestep: 3, Trans probs: [0.35112794163618744, 0.0706681373042381, 0.3417870589333366, 0.06878818785244598, 0.07071256485872748, 0.014231636534779234, 0.06883143352271012, 0.01385303935757504]
Timestep: 4, Trans probs: [0.44452328284334164, 0.07463926359246945, 0.2884591851220784, 0.04843476592784783, 0.074745345043859, 0.012550383132585642, 0.04850360409719786, 0.008144170240620184]
Timestep: 5, Trans probs: [0.5132951746024877, 0.07448810776188053, 0.24988081908550336, 0.03626207745686011, 0.07404868462897755, 0.010745759308063546, 0.0360481588037967, 0.005231218352430576]
Timestep: 6, Trans probs: [0.5859490858506246, 0.07513344941295588, 0.20027394806520066, 0.025680170699209328, 0.07462010617752685, 0.00956817939998947, 0.02550471300338805, 0.0032703473911051078]
Timestep: 7, Trans probs: [0.25380998780445985, 0.029148652418644307, 0.19468309868397274, 0.022358261092923135, 0.25380998780445985, 0.029148652418644307, 0.19468309868397274, 0.022358261092923135]
Timestep: 8, Trans probs: [0.44965413918730734, 0.046967551326694765, 0.2716545379826903, 0.028375027257375486, 0.11477620086367094, 0.011988674484105939, 0.06934101812869314, 0.007242850769462232]
Timestep: 9, Trans probs: [0.4966750052309608, 0.04738358818428749, 0.24741504027516212, 0.02360378971264245, 0.11268429116235469, 0.010750261219189946, 0.05613285980305691, 0.005355164412345576]
Timestep: 10, Trans probs: [0.6006118109745472, 0.05272941582144312, 0.16270503144409146, 0.014284336575625636, 0.12272876532669534, 0.010774706693934585, 0.03324707782415008, 0.002918855339512766]
Timestep: 11, Trans probs: [0.4886161417673063, 0.03975031173172289, 0.2914471902333763, 0.02371005718969603, 0.09063983080723255, 0.007373807825640672, 0.05406437027734748, 0.004398290167677905]
Timestep: 12, Trans probs: [0.416493084942643, 0.0314055426757061, 0.3783607248639184, 0.028530182903664037, 0.07075326951184767, 0.005335130174864908, 0.06427539689568079, 0.004846668031675103]
Timestep: 13, Trans probs: [0.3642444214088794, 0.02603406122872458, 0.44280467960392567, 0.03164908908305206, 0.056977778700965175, 0.004072438429228574, 0.06926674935647821, 0.004950782188746278]
Timestep: 14, Trans probs: [0.3240674924227474, 0.02184312116380889, 0.4938061864994103, 0.03328401834601261, 0.04714349109593237, 0.0031776127262714417, 0.0718361085288454, 0.004841969216971522]
Timestep: 15, Trans probs: [0.29190391388552356, 0.01867825179007799, 0.5353154110422416, 0.03425358674182527, 0.03974810908984533, 0.00254338895247145, 0.07289308002881706, 0.004664258469197837]
Timestep: 16, Trans probs: [0.265830464314171, 0.016000892371793588, 0.5708131188967339, 0.034358437071681985, 0.03386467819518788, 0.0020383859028520685, 0.07271703275582371, 0.004376990491755677]
Timestep: 17, Trans probs: [0.24438523273649912, 0.013983171924046198, 0.6004082383464089, 0.0343540054667045, 0.02924240858803528, 0.001673184677245159, 0.07184306035495554, 0.004110697906105248]
Timestep: 18, Trans probs: [0.5038752072423591, 0.02746774583466612, 0.34822922177466886, 0.0189830172598857, 0.05688634827018132, 0.0031010451264296334, 0.03931427564404821, 0.002143138847760993]
Timestep: 19, Trans probs: [0.5427870177928145, 0.028300159543121782, 0.31550823639932274, 0.01645016025545042, 0.05827568981135205, 0.0030384133464596876, 0.03387417074214532, 0.0017661521093335756]
Timestep: 20, Trans probs: [0.42262715561341374, 0.02149073935005588, 0.21177969957260456, 0.010769072130592479, 0.21131357780670687, 0.01074536967502794, 0.10588984978630228, 0.005384536065296239]
Timestep: 21, Trans probs: [0.2979281570916281, 0.014690521897874334, 0.5213685091553227, 0.0257081290180061, 0.04862270941169468, 0.0023975343059863923, 0.08508880048310176, 0.004195638636385847]
Timestep: 22, Trans probs: [0.27368166165384683, 0.013062020512043969, 0.5526818488172014, 0.026377878599025222, 0.042419728829173026, 0.002024568853951245, 0.0856638110641278, 0.004088481670630667]
Timestep: 23, Trans probs: [0.4324363464581991, 0.020170417966471295, 0.2840774067711764, 0.013250412636070569, 0.1441957435683638, 0.006725818587132011, 0.0947255087039774, 0.004418345308609555]
Timestep: 24, Trans probs: [0.3114368412555927, 0.014021600605344431, 0.4795700631764028, 0.021591343724876557, 0.06532261077297803, 0.002940973698116133, 0.10058787023701903, 0.004528696529670334]
Timestep: 25, Trans probs: [0.2886200106432731, 0.012486238130767437, 0.5107811123444909, 0.02209734033068937, 0.05745349663058479, 0.0024855450555068682, 0.10167749925462265, 0.004398757610065033]
Timestep: 26, Trans probs: [0.26880248175956334, 0.011215284741976118, 0.538206846016011, 0.02245568191423778, 0.050941520258761176, 0.0021254404020056086, 0.10199710497558732, 0.004255639931857671]
Timestep: 27, Trans probs: [0.25141950282916986, 0.010217247069123917, 0.5624973267119416, 0.022858903537974973, 0.045418261735508635, 0.0018457183964647821, 0.10161363984354678, 0.004129399876269411]
Timestep: 28, Trans probs: [0.4525222856435506, 0.017982250406416093, 0.36761325688028823, 0.014608150466089029, 0.07815499601764528, 0.003105709383799891, 0.06349038166518862, 0.0025229695370222317]
Timestep: 29, Trans probs: [0.3008840650957027, 0.011751202365398975, 0.5248778003798478, 0.020499408127204157, 0.04979156436550626, 0.0019446385396406577, 0.08685899259346244, 0.0033923285332369195]
Timestep: 30, Trans probs: [0.28102606588318074, 0.010830019765511675, 0.5499040440109074, 0.021191883560895557, 0.04463058892246139, 0.001719947787254746, 0.08733190374323489, 0.00336554632655377]
Timestep: 31, Trans probs: [0.42500126042853453, 0.01602892319608139, 0.4110876635252487, 0.015504171867299145, 0.06484483742635053, 0.002445623144085085, 0.06272196153581877, 0.0023655588765818876]
Timestep: 32, Trans probs: [0.3259619881374798, 0.011851582855436311, 0.5152023982357398, 0.01873213482620886, 0.04795564543269309, 0.0017436091504994043, 0.07579676292023889, 0.0027558784417040564]
Timestep: 33, Trans probs: [0.30547117878281527, 0.010780037961063957, 0.5403691176895518, 0.019069555513849708, 0.04336370248000893, 0.0015302993910241763, 0.07670905563740497, 0.002707052544281184]
Timestep: 34, Trans probs: [0.36417838777469047, 0.012764899089288942, 0.4086212296955553, 0.014322675199583662, 0.09110879712670351, 0.0031934750674671806, 0.10222734233484844, 0.0035831937118626146]
Timestep: 35, Trans probs: [0.33099651228732063, 0.011391191038309762, 0.48726384299366604, 0.016769105762612133, 0.06005787830816064, 0.0020668820962378006, 0.08841190616859956, 0.0030426813450934805]
Timestep: 36, Trans probs: [0.31197107021307247, 0.010657020717620112, 0.5111510539784749, 0.017461065759595887, 0.05451898312683891, 0.0018623840098041173, 0.08932698685197087, 0.003051435342622815]
Timestep: 37, Trans probs: [0.29478523384515115, 0.009965007077365326, 0.5328592114273241, 0.0180129301045719, 0.049742024779780035, 0.0016814940915031277, 0.08991459902253847, 0.0030394996517658828]
Timestep: 38, Trans probs: [0.27924621822446105, 0.009233297947523245, 0.5532628916363997, 0.018293680588651433, 0.045445061585587004, 0.0015026444996507804, 0.09003905708483355, 0.002977148432893254]
Timestep: 39, Trans probs: [0.35403319105663733, 0.01166563389703056, 0.4521218538151248, 0.014897721899216645, 0.0711203671842167, 0.002343464361963539, 0.09082502168616258, 0.0029927460996478513]
Timestep: 40, Trans probs: [0.3839807392700737, 0.012462469284185844, 0.42401655111239056, 0.013761870593482724, 0.07630550282884932, 0.0024765694941538056, 0.08426150801701707, 0.0027347893998471095]
Timestep: 41, Trans probs: [0.41197250556133164, 0.013328050448420978, 0.4007275478968582, 0.012964255872279907, 0.0790599821122194, 0.0025577324113102754, 0.0769020076362417, 0.0024879180613379477]
Timestep: 42, Trans probs: [0.437188051907706, 0.013989304653959407, 0.3799858262110199, 0.012158926722395028, 0.08122365221500732, 0.0025990244037658572, 0.07059624905145329, 0.00225896483469329]
Timestep: 43, Trans probs: [0.4650795710148554, 0.014619132644878902, 0.36524304913753536, 0.011480909753378735, 0.0779695463797357, 0.0024508647806204863, 0.06123217753354192, 0.0019247487554533544]
Timestep: 44, Trans probs: [0.2999314124318932, 0.009224344893875717, 0.49506402603068106, 0.015225618696056507, 0.06608615466975847, 0.002032469618440824, 0.10908119803265386, 0.0033547756266404396]
Timestep: 45, Trans probs: [0.42502009246859473, 0.012750847846275545, 0.37526032908411333, 0.011258026252602115, 0.09059996314867995, 0.002718051135599785, 0.07999285819339089, 0.0023998318707438297]
Timestep: 46, Trans probs: [0.4460638984062875, 0.013311172272736739, 0.35884635330079323, 0.010708478415976828, 0.09205626967675817, 0.002747088183623261, 0.074056781528396, 0.0022099582154282045]
Timestep: 47, Trans probs: [0.3358519835019331, 0.009739786799131612, 0.4738919356766889, 0.013742977996413037, 0.06722198179650167, 0.0019494533397902763, 0.09485117444120725, 0.0027507064483342034]
Timestep: 48, Trans probs: [0.3186488463136605, 0.009155213165344482, 0.4954445195134166, 0.014234792437572832, 0.061834942599748983, 0.0017766016953040913, 0.09614277214522263, 0.00276231212972988]
Timestep: 49, Trans probs: [0.44903995107854666, 0.012644023879863573, 0.4014491382818521, 0.011303966337058727, 0.0644789304579045, 0.0018155915403509342, 0.057645229578099096, 0.00162316884632434]
Timestep: 50, Trans probs: [0.43623043185737503, 0.012066077806896053, 0.3579529982075428, 0.009900934029737879, 0.09826714292920506, 0.002718056572524557, 0.08063403162184367, 0.0022303269748750196]
Timestep: 51, Trans probs: [0.3394282532861455, 0.009286254150837272, 0.4593238496412559, 0.01256642004315959, 0.07420357381194523, 0.0020300998477496583, 0.10041436106295093, 0.002747188155955908]
Timestep: 52, Trans probs: [0.32356166905216804, 0.008694647127340227, 0.47975505032424465, 0.012891826409314628, 0.06868031986478669, 0.0018455558953149559, 0.10183446762880759, 0.0027364636980231334]
Timestep: 53, Trans probs: [0.3090235594750752, 0.0081340834987981, 0.4987869687143838, 0.013129014689129014, 0.06370999475139918, 0.00167696734157147, 0.10283266173245538, 0.002706749797187932]
Timestep: 54, Trans probs: [0.29550622220193984, 0.0075922231098095126, 0.5166480941351126, 0.013273857892748951, 0.05923445779303755, 0.0015218671742418019, 0.10356252229770728, 0.0026607553954024845]
Timestep: 55, Trans probs: [0.42872511043298, 0.010924064697864675, 0.38729117821384434, 0.009868313716095364, 0.08360838622980987, 0.0021303707159491866, 0.07552809393132837, 0.0019244820621282708]
Timestep: 56, Trans probs: [0.3248647167240731, 0.008243859339733196, 0.4946750125771713, 0.0125530136473105, 0.061724080954674396, 0.0015663278129918687, 0.09398792466742917, 0.0023850642766165006]
Timestep: 57, Trans probs: [0.31053042646989476, 0.007932354059696958, 0.512263397670967, 0.0130855281665721, 0.057478720744741404, 0.0014682669554441875, 0.09481919410346895, 0.0024221118292147925]
Timestep: 58, Trans probs: [0.4361879051203576, 0.01088883340067464, 0.4301494341450683, 0.010738091246495487, 0.05503445916534337, 0.0013738598666148275, 0.05427257654455182, 0.0013548405108938582]
Timestep: 59, Trans probs: [0.3279617603695255, 0.008152941622063694, 0.4771810596156185, 0.011862447981182798, 0.06949142686001318, 0.0017275170915817591, 0.10110932648336769, 0.002513519976646869]
Timestep: 60, Trans probs: [0.31450424535882343, 0.007708153739851887, 0.49447545278791755, 0.012119050432287625, 0.06496200242324324, 0.001592147353545864, 0.10213571370266977, 0.002503234201660638]
Timestep: 61, Trans probs: [0.30185936008859915, 0.007400173684111265, 0.5105598484833523, 0.01251652939899358, 0.0608059483063824, 0.0014906762485756562, 0.10284615903605268, 0.0025213047539328712]
Timestep: 62, Trans probs: [0.290131405364737, 0.006958886826977507, 0.526118867056872, 0.012619115289445263, 0.05698703295932503, 0.0013668506946727763, 0.10333922030881507, 0.0024786214991551637]
Timestep: 63, Trans probs: [0.2787933836251723, 0.006724479986067994, 0.5405407421446474, 0.013037810850966803, 0.053460905759782344, 0.0012894738969202156, 0.10365309714081973, 0.002500106595623206]
Timestep: 64, Trans probs: [0.3976084078339346, 0.009506293410325049, 0.42502321968802753, 0.010161745458468641, 0.07444260168110173, 0.0017798245707723493, 0.07957536517102512, 0.0019025421863449932]
Timestep: 65, Trans probs: [0.4154866001043477, 0.009946373126683393, 0.41015901425735923, 0.009818835543797986, 0.07597457922399925, 0.001818762657844756, 0.07500039355133731, 0.0017954415346303583]
Timestep: 66, Trans probs: [0.3076634288245123, 0.007294039911909907, 0.5210362217878861, 0.01235265111551273, 0.054999099111673125, 0.0013039106583852473, 0.09314244111616203, 0.002208207473958556]
Timestep: 67, Trans probs: [0.29516262236523966, 0.006985355454728079, 0.5363516899686079, 0.012693366027012454, 0.05160081511513213, 0.0012211913298658655, 0.09376588461296359, 0.002219075126450376]
Timestep: 68, Trans probs: [0.28329949367413115, 0.0066258021485858, 0.551145631156416, 0.012890181552178722, 0.04844804241842568, 0.0011331017199770338, 0.09425335206461848, 0.0022043952656671762]
Timestep: 69, Trans probs: [0.405700759446821, 0.009381284279411978, 0.4315334438716065, 0.009978630354434588, 0.06792000322741557, 0.0015705587029311073, 0.07224475729466602, 0.0016705628227132343]
Timestep: 70, Trans probs: [0.31067213910788505, 0.007222140801821403, 0.5290143743733786, 0.012297904501134686, 0.05090813042297985, 0.0011834523910899248, 0.0866866686004272, 0.0020151898012834256]
Timestep: 71, Trans probs: [0.29816778695230695, 0.0068555236695180535, 0.5442018527279548, 0.012512380094798178, 0.04783986841855764, 0.0010999422628525275, 0.0873150828724665, 0.002007563001545405]
Timestep: 72, Trans probs: [0.394862790406028, 0.00888079917292204, 0.45022230265352803, 0.01012588157249539, 0.06210578906241747, 0.001396811888940062, 0.07081298121568719, 0.0015926440279818736]
Timestep: 73, Trans probs: [0.3245342928977039, 0.007170936234167984, 0.5232867077280864, 0.01156258582044091, 0.049976813332362986, 0.0011042917480102979, 0.08058378631708046, 0.0017805859221470613]
Timestep: 74, Trans probs: [0.31157983153395513, 0.0069024300620777615, 0.5383600264424123, 0.011926293214944894, 0.04706554107428606, 0.0010426432417006569, 0.08132171396503812, 0.001801520465585067]
Timestep: 75, Trans probs: [0.2994036881239552, 0.0066407400036613195, 0.5526861466893196, 0.0122585163422225, 0.04434767588623334, 9.836264448592582E-4, 0.08186387500357614, 0.0018157315061727252]
Timestep: 76, Trans probs: [0.3852914727327674, 0.008551939136339556, 0.4688477297468788, 0.010406555900569475, 0.056001035343583, 0.0012430003769185215, 0.06814570303901941, 0.0015125637239238089]
Timestep: 77, Trans probs: [0.3251930141542103, 0.007234521288778098, 0.530933463263431, 0.011811598883494175, 0.04638284990933584, 0.0010318724588104591, 0.07572797097884017, 0.001684709063099952]
Timestep: 78, Trans probs: [0.31242002657682055, 0.0069810643815746585, 0.5456136237690834, 0.012191804337036146, 0.04373330765739919, 9.772262032006615E-4, 0.07637630894476137, 0.0017066381301241945]
Timestep: 79, Trans probs: [0.37487894964473417, 0.00844352027644004, 0.4850504723409929, 0.010924949246121324, 0.051460011548146674, 0.0011590505451009882, 0.06658336759574335, 0.0014996788027204627]
Timestep: 80, Trans probs: [0.337333714403213, 0.0075436276515493, 0.5246411377609116, 0.011732291274102797, 0.04545598118599788, 0.001016509711191004, 0.07069580261092749, 0.0015809354021069193]
Timestep: 81, Trans probs: [0.37079082483359016, 0.008252889936139351, 0.5084879654457665, 0.01131768892760147, 0.04172637500277089, 9.287262717099153E-4, 0.057221910871468704, 0.0012736187109531351]
Timestep: 82, Trans probs: [0.372855656856632, 0.0082128737391848, 0.4737695884425796, 0.010435700088735931, 0.058054938858328964, 0.0012787733644681804, 0.07376759339484965, 0.0016248752552207554]
Timestep: 83, Trans probs: [0.35389087058382235, 0.007748204367616326, 0.49511520228232736, 0.010840216834269868, 0.054008064925178956, 0.0011824705278478224, 0.07556062112083613, 0.0016543493581013234]
Timestep: 84, Trans probs: [0.34060594569423225, 0.007431473273723636, 0.5106973852531855, 0.01114259459485959, 0.050950319772412225, 0.0011116539345918006, 0.07639383696767107, 0.00166679050932393]
Timestep: 85, Trans probs: [0.36409770817149695, 0.007902950422855989, 0.4894318409400781, 0.010623399948715674, 0.05341877028738594, 0.0011594851704814781, 0.0718072278285139, 0.001558617230472025]
Timestep: 86, Trans probs: [0.3943700570358373, 0.008553759735103311, 0.49317863703878173, 0.01069688606539445, 0.040533277907204714, 8.791537651219139E-4, 0.050688804579230105, 0.0010994238733265148]
Timestep: 87, Trans probs: [0.3868078448311142, 0.008394246756650785, 0.45199116250801863, 0.009808811792776134, 0.06454211128604263, 0.0014006500012087586, 0.07541849086240075, 0.0016366819617880729]
Timestep: 88, Trans probs: [0.35666202543487613, 0.00782082582795231, 0.48420960488795084, 0.010617668027407455, 0.058394210258814604, 0.0012804585720562036, 0.07927683762432779, 0.0017383693666146508]
Timestep: 89, Trans probs: [0.37739939220660457, 0.008220246476999891, 0.4657867656803744, 0.010145437694613927, 0.060646670471232816, 0.0013209628567976282, 0.07485019073007572, 0.0016303338833011168]
Timestep: 90, Trans probs: [0.21166776793693734, 0.21166776793693734, 0.24502492323004774, 0.24502492323004774, 0.020072056271835854, 0.020072056271835854, 0.023235252561179056, 0.023235252561179056]
Timestep: 91, Trans probs: [0.36217054521127257, 0.01617521314340487, 0.44880295800028064, 0.02004437854218734, 0.06532413975808778, 0.0029174981178556377, 0.08094989374453694, 0.0036153734823742563]
Timestep: 92, Trans probs: [0.34982723719753545, 0.015362629319906541, 0.46405385064224136, 0.020378880012325844, 0.06191703415535052, 0.0027190805722755312, 0.08213436538079834, 0.003606922719566499]
Timestep: 93, Trans probs: [0.33820929390864546, 0.014643396585071397, 0.47840405861817636, 0.020713388083728895, 0.05876388524750229, 0.002544291041248662, 0.08312273408480464, 0.0035989524308223373]
Timestep: 94, Trans probs: [0.3271863000989714, 0.014027174044335892, 0.4919082213514909, 0.021089153893820878, 0.05584126309944403, 0.0023940339681536543, 0.08395454333191536, 0.00359931021186794]
Timestep: 95, Trans probs: [0.3168064859951151, 0.013433789171967006, 0.5048923360690425, 0.02140933818317726, 0.05306037949804155, 0.0022499600957419843, 0.08456196492735066, 0.0035857460595639856]
Timestep: 96, Trans probs: [0.37146065936903194, 0.015414543679585673, 0.4530891614169391, 0.018801890572400445, 0.061090872773569, 0.0025350946406861893, 0.07451559570863377, 0.003092181839153978]
Timestep: 97, Trans probs: [0.38507278540457457, 0.015700443142790208, 0.44205965064557967, 0.01802394942917245, 0.06224060353713849, 0.002537715190599863, 0.0714515813593266, 0.0029132712908182296]
Timestep: 98, Trans probs: [0.3376011084951888, 0.01367494841170611, 0.49168177364244553, 0.019916175392630332, 0.0536508079727791, 0.0021731920091860733, 0.07813696032867799, 0.0031650337473860092]
Timestep: 99, Trans probs: [0.4003170300129665, 0.01609298426365496, 0.48315189764665073, 0.019422995533142154, 0.03529080942475871, 0.0014187116663657608, 0.04259329547510429, 0.001712275977356889]
Timestep: 100, Trans probs: [0.3817922758566078, 0.01516949269846672, 0.43497017940611443, 0.017282374154237664, 0.06779066912428709, 0.0026934805268068623, 0.07723288650849057, 0.003068641724988895]
Timestep: 101, Trans probs: [0.35021585472966005, 0.013705432589802665, 0.4691638744635882, 0.01836037337599947, 0.061103296370521094, 0.002391231288107605, 0.08185654327334689, 0.0032033939089740125]
Timestep: 102, Trans probs: [0.3395345485029632, 0.013195085130507395, 0.4821276520008188, 0.018736577588265448, 0.058236057791142076, 0.0022631857158788124, 0.08269324558700182, 0.003213647683422476]
Timestep: 103, Trans probs: [0.375426854957036, 0.014397075576418684, 0.44878189019204917, 0.01721013482416536, 0.06325023738101082, 0.0024255549004480424, 0.07560876562811229, 0.0028994865407596737]
Timestep: 104, Trans probs: [0.357431106020572, 0.013598225173795683, 0.46910645613619334, 0.01784683849159486, 0.0591637005211877, 0.0022508430526911646, 0.07764873682202701, 0.0029540937819383635]
Timestep: 105, Trans probs: [0.3471647043984538, 0.012941449094156449, 0.48197260662781766, 0.017966757203211742, 0.05649381995359382, 0.002105951111391642, 0.07843099634387116, 0.0029237152675037326]
Timestep: 106, Trans probs: [0.33728165951671973, 0.012463112313414595, 0.49408861187004494, 0.018257387227455287, 0.053955169470319475, 0.0019937322947279176, 0.07903968103395095, 0.002920646273367152]
Timestep: 107, Trans probs: [0.32777044776091824, 0.012056197927646574, 0.5055905006475524, 0.018596853950027196, 0.051587349279832447, 0.0018975087526315242, 0.07957420788739131, 0.0029269337940004323]
Timestep: 108, Trans probs: [0.31876320377709416, 0.011511860088362448, 0.5169346816617212, 0.018668653281177543, 0.0493753295502004, 0.001783147737453941, 0.08007141338943187, 0.0028917105145584822]
Timestep: 109, Trans probs: [0.3100225555937606, 0.010983639010754428, 0.5279844277472752, 0.018705704643228654, 0.04727128782657729, 0.001674751567885741, 0.08050544517379121, 0.0028521884367267644]
Timestep: 110, Trans probs: [0.30151337629942543, 0.010503224619470237, 0.5388279397446875, 0.018770082282401252, 0.045207307028083135, 0.00157479746333303, 0.08078898656607954, 0.0028142859965198624]
Timestep: 111, Trans probs: [0.29300510641118027, 0.010149712260378084, 0.5492384555707414, 0.01902564892010621, 0.04323398436717445, 0.001497627487012837, 0.08104216029830393, 0.0028073046851030403]
Timestep: 112, Trans probs: [0.28475676274536776, 0.00978212885108493, 0.5595061396670097, 0.019220478201917062, 0.04132592305737081, 0.001419651987681543, 0.081199503235965, 0.002789412253603162]
Timestep: 113, Trans probs: [0.27655602198862733, 0.009378311553666254, 0.5698125745204126, 0.01932295602396556, 0.039482769128096236, 0.001338903080909911, 0.08134980451447464, 0.0027586591898474803]
Timestep: 114, Trans probs: [0.2682616833473775, 0.009030017470561593, 0.5800151669602078, 0.01952402231092828, 0.03768292510514339, 0.001268453503293188, 0.08147517686342895, 0.002742554439059257]
Timestep: 115, Trans probs: [0.2600812375724978, 0.00873943564835275, 0.589836802880776, 0.019820117859788898, 0.03597780748485523, 0.0012089520036795028, 0.08159387097507051, 0.002741775574979155]
Timestep: 116, Trans probs: [0.2520859280585479, 0.008412976152061062, 0.5995647776614987, 0.02000954283695862, 0.034351519395761615, 0.00114642858365535, 0.08170214516722642, 0.0027266821442903607]
Timestep: 117, Trans probs: [0.24424882798932496, 0.007997215228433, 0.6095327664407298, 0.019957372005165758, 0.032760138035498945, 0.001072635135815308, 0.08175424107513253, 0.002676804089899697]
Timestep: 118, Trans probs: [0.3978049740313434, 0.012796882216060994, 0.49792565087339546, 0.016017637592636795, 0.03246603686087572, 0.0010443912893311046, 0.04063718050432795, 0.0013072466320285915]
Timestep: 119, Trans probs: [0.2652991929702397, 0.0083794878819973, 0.577657131456895, 0.018245328524370445, 0.0397892921778486, 0.0012567467239711259, 0.08663640520284062, 0.002736415061837174]
Timestep: 120, Trans probs: [0.2561880018878118, 0.00806022510306368, 0.5884564949969345, 0.01851410596157513, 0.03786900614403877, 0.0011914403161000474, 0.08698402134498481, 0.0027367042454911664]
Timestep: 121, Trans probs: [0.3667885890962733, 0.01139577511374235, 0.47985817286468635, 0.014908740312589042, 0.0533821565082892, 0.001658533195249945, 0.06983822519876925, 0.002169807710400647]
Timestep: 122, Trans probs: [0.2825396511217291, 0.008613841322682789, 0.5661761914805927, 0.017261123720980005, 0.04051388277282679, 0.0012351546276262212, 0.08118505052067075, 0.0024751044328916207]
Timestep: 123, Trans probs: [0.2722187442237303, 0.008211170193369581, 0.5782477849580898, 0.01744218969847096, 0.03849072330308582, 0.0011610290864018415, 0.08176209744451486, 0.0024662610923368382]
Timestep: 124, Trans probs: [0.26212403186750677, 0.0077846691003338, 0.5902793263007782, 0.017530362246000287, 0.03651848832904756, 0.0010845413358731306, 0.08223629300532337, 0.0024422878151367806]
Timestep: 125, Trans probs: [0.3611908200600745, 0.010536582199916907, 0.4931038906190317, 0.014384722390624733, 0.04961928096987599, 0.0014474831684617958, 0.06774109179157771, 0.0019761288004367327]
Timestep: 126, Trans probs: [0.29183052310887436, 0.00851977954258823, 0.5639869933097965, 0.016465189441798086, 0.039492932427620926, 0.0011529673941890431, 0.07632340846173666, 0.0022282063133962004]
Timestep: 127, Trans probs: [0.35388970047654467, 0.010320609835637486, 0.5034623661001797, 0.014682650103831497, 0.047184209139673854, 0.001376049690844195, 0.06712677295789342, 0.0019576416953953043]
Timestep: 128, Trans probs: [0.3193984415084808, 0.009219829948273273, 0.5395736395324447, 0.015575458595116373, 0.04200711893748997, 0.0012125872981451715, 0.0709644478674512, 0.002048476312598511]
Timestep: 129, Trans probs: [0.30585397241914225, 0.008795336281854678, 0.5546105821483429, 0.015948743568336164, 0.0396622827632811, 0.001140554467381613, 0.07192034015020295, 0.002068188201458257]
Timestep: 130, Trans probs: [0.293051691225305, 0.008398928799053872, 0.5688484365134979, 0.016303326883231533, 0.03748169860669732, 0.001074234093476761, 0.07275646682379153, 0.0020852170549459136]
Timestep: 131, Trans probs: [0.2808855172675283, 0.008021891156295799, 0.5825021474467772, 0.01663584819389621, 0.03541082972322532, 0.0010113081819141426, 0.0734352007797003, 0.0020972572506627618]
Timestep: 132, Trans probs: [0.26943075282095214, 0.007702952532785713, 0.5952734462460045, 0.017018707227930675, 0.03349584881404099, 9.576372806685036E-4, 0.07400487564877103, 0.0021157794288464847]
Timestep: 133, Trans probs: [0.3643128142593597, 0.010223165593662582, 0.5394642102116245, 0.015138177239413833, 0.027784667751237627, 7.796795727958702E-4, 0.04114275770092189, 0.0011545276709839336]
Timestep: 134, Trans probs: [0.3513474075093624, 0.009761194782932692, 0.49049539580466917, 0.01362702839483299, 0.05472611129861498, 0.0015204103422450878, 0.07639989665086466, 0.0021225552164779934]
Timestep: 135, Trans probs: [0.3683120998483212, 0.010194807911718, 0.4861337495218511, 0.01345608845818399, 0.05113154532531137, 0.0014153113162329572, 0.06748833355753624, 0.001868064060845081]
Timestep: 136, Trans probs: [0.38030954330803574, 0.010417011119529593, 0.47583290903578784, 0.013033479679075888, 0.05206039129983403, 0.0014259796647232172, 0.0651365390998802, 0.0017841467931335737]
Timestep: 137, Trans probs: [0.2975260871080799, 0.008080334105657755, 0.5601552510129567, 0.015212923422002535, 0.0401977117138368, 0.0010917057528899046, 0.07568062187108714, 0.0020553650134893546]
Timestep: 138, Trans probs: [0.2841952267856909, 0.007704286237623016, 0.5748818319750919, 0.01558454811658437, 0.037887969089440775, 0.0010271099980415357, 0.07664134731009506, 0.0020776804874323837]
Timestep: 139, Trans probs: [0.2715713695498972, 0.0072376836824183275, 0.5892479528831307, 0.015704123378503066, 0.035719096716028936, 9.519542648431673E-4, 0.077502295818733, 0.002065523706445564]
Timestep: 140, Trans probs: [0.25947520707536265, 0.006838025163508805, 0.6029587873331372, 0.01588994727787321, 0.033663469000818194, 8.871431329149531E-4, 0.07822591096445174, 0.0020615100519332445]
Timestep: 141, Trans probs: [0.2477042488784261, 0.006501103814803823, 0.6160762540337211, 0.01616918443443586, 0.031729478687991274, 8.327537209160984E-4, 0.0789157976136879, 0.002071178816017944]
Timestep: 142, Trans probs: [0.37566882499526144, 0.009746643823102669, 0.4896284235620116, 0.012703300174525723, 0.047502127440083856, 0.0012324320949548293, 0.06191195602835398, 0.0016062918817061063]
Timestep: 143, Trans probs: [0.28280596629600596, 0.007254454714198927, 0.5840258083089724, 0.01498125670328441, 0.035286834016861446, 9.051673935154559E-4, 0.07287124111728155, 0.0018692714498797893]
Timestep: 144, Trans probs: [0.26931897843802177, 0.006802295373806607, 0.5991256009348769, 0.01513235096614735, 0.033157731103803455, 8.374778569317612E-4, 0.0737625164346707, 0.0018630488917414439]
Timestep: 145, Trans probs: [0.2567140955865577, 0.006406101299624407, 0.6131706802379653, 0.015301199112534008, 0.03121364898259721, 7.789124195013863E-4, 0.07455490254883525, 0.0018604598123846566]
Timestep: 146, Trans probs: [0.2448808035454248, 0.006062293694071093, 0.6263386305886051, 0.01550570185819437, 0.02940711248344472, 7.280054213647529E-4, 0.07521541213429249, 0.0018620402746028105]
Timestep: 147, Trans probs: [0.2529798650506035, 0.12648993252530175, 0.34304047582492975, 0.17152023791246487, 0.029985718169800078, 0.014992859084900039, 0.04066060762133339, 0.020330303810666694]
Timestep: 148, Trans probs: [0.19555777414281852, 0.19586332925466893, 0.25169633744060094, 0.25208960793509344, 0.022891996120738577, 0.022927764406943572, 0.029463577224428834, 0.02950961347470723]
Timestep: 149, Trans probs: [0.3864424754833991, 0.016522991833395374, 0.4731938691948367, 0.020232192195070747, 0.04466654675485383, 0.0019097926187674648, 0.054693615281452994, 0.002338516638223786]
Timestep: 150, Trans probs: [0.27800228103615715, 0.011786408966366879, 0.5830036677674335, 0.02471749379748845, 0.03174616412089956, 0.0013459359831427423, 0.06657546136329784, 0.0028225869652138886]
Timestep: 151, Trans probs: [0.26421442499031633, 0.011035876443023838, 0.5984744219880018, 0.024997460966076183, 0.029774562463474704, 0.0012436428953644199, 0.0674426237739547, 0.002816986479788092]
Timestep: 152, Trans probs: [0.25153288299097354, 0.010369682872205997, 0.6126900340369834, 0.025258730693086415, 0.027994272706117262, 0.001154090577536558, 0.06818914367457513, 0.0028111624485217335]
Timestep: 153, Trans probs: [0.38092505032379376, 0.015452665974021552, 0.48499200594656816, 0.019674262592057384, 0.041834611506632764, 0.001697069481819203, 0.053263633188079314, 0.0021607009870277024]
Timestep: 154, Trans probs: [0.3792613975667536, 0.015229492533455697, 0.46022852508112294, 0.018480781148238614, 0.05507359131775357, 0.002211516524343061, 0.06683105073626444, 0.002683645092068183]
Timestep: 155, Trans probs: [0.3963422958635253, 0.015831597368685422, 0.4593008434241031, 0.01834642958896279, 0.04907562730855026, 0.001960289326355824, 0.05687123794162399, 0.0022716791781932947]
Timestep: 156, Trans probs: [0.28723581387817576, 0.011340915990813149, 0.5699200631913728, 0.022502122805875397, 0.035139229192356514, 0.0013874002718249582, 0.06972163899553885, 0.0027528156740425397]
Timestep: 157, Trans probs: [0.2721584527288679, 0.01060460420551709, 0.5867035051015025, 0.02286079449382122, 0.032839988411949884, 0.0012796041266792395, 0.07079455411211638, 0.002758496819545683]
Timestep: 158, Trans probs: [0.25797679313178246, 0.00989512500622744, 0.6025280317011115, 0.02311095552844183, 0.03074580844145596, 0.0011793061470855538, 0.07180960433842828, 0.002754375705467046]
Timestep: 159, Trans probs: [0.3849417130433633, 0.014518979694391457, 0.46344105476531333, 0.01747976650929219, 0.052302489517162966, 0.001972711082054826, 0.06296828867168065, 0.002374996716741175]
Timestep: 160, Trans probs: [0.37183358850959913, 0.01383906737917738, 0.42823367429085085, 0.015938190781252654, 0.07624262229559074, 0.002837631724834383, 0.08780717851251219, 0.003268046506182542]
Timestep: 161, Trans probs: [0.40466902038370833, 0.0148536739739142, 0.44660454951513134, 0.01639294840873777, 0.05386895293739814, 0.001977299531082299, 0.05945134973921782, 0.0021822055108101928]
Timestep: 162, Trans probs: [0.39305494193475654, 0.014332426594025036, 0.41639658669143653, 0.015183560556142874, 0.07544346180979448, 0.0027509840559834364, 0.07992368657458242, 0.0029143517832787074]
Timestep: 163, Trans probs: [0.2895970108207614, 0.010411467997841537, 0.5517728194353814, 0.019837100650137045, 0.042655051761751, 0.0015335161958512414, 0.0812712054832307, 0.002921827655045668]
Timestep: 164, Trans probs: [0.27359665000763844, 0.009781349163246562, 0.5693978785535375, 0.020356533834710765, 0.03975404730421933, 0.0014212462664434447, 0.08273445672053185, 0.0029578381496719345]
Timestep: 165, Trans probs: [0.3896088803309783, 0.013832307563802358, 0.42837093878714205, 0.015208479261727364, 0.07036680101259682, 0.002498236778022761, 0.07736757073813906, 0.0027467855275912826]
Timestep: 166, Trans probs: [0.40511859466823846, 0.014243790948391217, 0.4282179128663202, 0.015055952779010931, 0.06450993540522601, 0.002268140850850704, 0.06818820528588482, 0.0023974671960775218]
Timestep: 167, Trans probs: [0.4137823735979595, 0.014510387696753928, 0.42110625057418566, 0.014767219067902734, 0.0650402866550309, 0.0022808119327709397, 0.06619148856297577, 0.0023211819124205643]
Timestep: 168, Trans probs: [0.26207687433659776, 0.17489981659384182, 0.25714991454821184, 0.17161175706728032, 0.040643769306698434, 0.027124055929841715, 0.03987967969547489, 0.026614132522053285]
Timestep: 169, Trans probs: [0.30077674323997494, 0.015886278770266247, 0.5229839415793535, 0.027622709784025715, 0.04603204354715407, 0.0024312979397202745, 0.08003949811384055, 0.004227487025664679]
Timestep: 170, Trans probs: [0.28479692675163704, 0.014790819150288103, 0.5410158930835847, 0.028097452887928337, 0.04304533040202305, 0.0022355427233803926, 0.08177127518948762, 0.004246759811670613]
Timestep: 171, Trans probs: [0.2699689966114948, 0.013904571796195553, 0.5576189629468635, 0.028719790059347293, 0.04026448315911486, 0.002073795154072078, 0.08316599174196102, 0.004283408530950795]
Timestep: 172, Trans probs: [0.25616653373003295, 0.013046145206149344, 0.5733107021973675, 0.029197782240316914, 0.037696394569858994, 0.0019198161061310499, 0.08436600256273495, 0.004296623387408422]
Timestep: 173, Trans probs: [0.2433814879182922, 0.012190088179074287, 0.5881283026564503, 0.02945719467537439, 0.03535586109320758, 0.0017708457124643504, 0.08543699338663859, 0.004279226378498254]
Timestep: 174, Trans probs: [0.40353347934408107, 0.02002012346767449, 0.4104205073528414, 0.020361803050951765, 0.06880237017588363, 0.003413426682784206, 0.06997660694860597, 0.0034716829771774156]
Timestep: 175, Trans probs: [0.27606429287085327, 0.01355483163886903, 0.5465742293045183, 0.026836942870526338, 0.043813576922736824, 0.0021512585076048324, 0.08674563374562179, 0.004259234139269744]
Timestep: 176, Trans probs: [0.26169113981757414, 0.012707781609666038, 0.5627670312461319, 0.02732809576656397, 0.04101902954660065, 0.00199189345761577, 0.08821145988599335, 0.004283568669854293]
Timestep: 177, Trans probs: [0.24842014819428107, 0.011946620551957962, 0.5778356323133795, 0.0277883379863774, 0.038442213022132125, 0.0018487008219388954, 0.08941819184407332, 0.004300155265859866]
Timestep: 178, Trans probs: [0.23615479159636207, 0.011176493878300664, 0.5921486250909174, 0.02802460809130897, 0.036068334067568666, 0.0017070054441059009, 0.09043989445674959, 0.004280247374686727]
Timestep: 179, Trans probs: [0.2795351550876344, 0.13987663649750384, 0.2943322365990874, 0.14728095024527765, 0.045118788863564754, 0.022576997254953317, 0.04750713388694082, 0.023772101565037906]
Timestep: 180, Trans probs: [0.2641860886489526, 0.017146445197445695, 0.5411118424318435, 0.035119731698950905, 0.04387961301865816, 0.002847914452109171, 0.0898752026162622, 0.005833161935777716]
Timestep: 181, Trans probs: [0.25068274353815373, 0.016069448381104703, 0.5566379399487261, 0.035682011919616285, 0.04112364938352519, 0.0026361382187068167, 0.09131455621130607, 0.005853512398860968]
Timestep: 182, Trans probs: [0.23833334703889764, 0.015050756736712544, 0.5712012518842843, 0.03607137312770982, 0.0385869849204361, 0.0024367690482939193, 0.09247943842871417, 0.005840078814951554]
Timestep: 183, Trans probs: [0.22618207928588227, 0.01406423035389238, 0.585485174289732, 0.03640606004683409, 0.036168262450411826, 0.0022489791242907655, 0.09362360409540142, 0.005821610353555255]
Timestep: 184, Trans probs: [0.21550539947982347, 0.01326379641620514, 0.598017765234088, 0.036806436917519225, 0.03403958310923542, 0.002095047741463501, 0.09445830809631668, 0.005813663005348623]
Timestep: 185, Trans probs: [0.29641428977184414, 0.11864465482788657, 0.32273965681338984, 0.12918181242668436, 0.045478427802988754, 0.01820348260859419, 0.04951749186197073, 0.01982018388664154]
Timestep: 186, Trans probs: [0.3741735908562615, 0.02976489461336552, 0.39328008415509697, 0.031284784774959724, 0.07745233059505216, 0.006161205691843909, 0.08140729286833033, 0.006475816445089675]
Timestep: 187, Trans probs: [0.24895915234677232, 0.01946217474016192, 0.5428000195242483, 0.04243294022077024, 0.04268016369379894, 0.003336486310776108, 0.09305459738239877, 0.007274465781073495]
Timestep: 188, Trans probs: [0.2352460146582077, 0.018099662881135913, 0.5589305633331892, 0.04300372435636137, 0.03980545880317525, 0.003062603998682784, 0.09457540670739924, 0.007276565261848623]
Timestep: 189, Trans probs: [0.37241042203030816, 0.028180381295427968, 0.4043407287867272, 0.030596554866431407, 0.07330819333889027, 0.0055472476551710285, 0.07959360578333347, 0.006022866243710482]
Timestep: 190, Trans probs: [0.270842380674685, 0.020173330185972446, 0.5162384850007071, 0.038451328727368686, 0.04941375198614358, 0.0036805168085623672, 0.09418496617841803, 0.007015240438142639]
Timestep: 191, Trans probs: [0.25521110237170047, 0.018700208197365776, 0.5343347224768028, 0.03915257002747806, 0.04595897443288749, 0.003367574460693633, 0.09622416744687244, 0.00705068058619942]
Timestep: 192, Trans probs: [0.2406024414066076, 0.017428465766136006, 0.5510885473888979, 0.039919079067222044, 0.04277979847625389, 0.0030988307885271207, 0.09798511129829748, 0.007097725808057845]
Timestep: 193, Trans probs: [0.22721326874886716, 0.016209596099282967, 0.5667580875265824, 0.04043302460016991, 0.03990351383319373, 0.002846752065756925, 0.09953485247680616, 0.007100904649340761]
Timestep: 194, Trans probs: [0.21523817188100272, 0.015145270037953682, 0.5809281971864904, 0.04087710995759277, 0.03733283673375754, 0.0026269313136899923, 0.10076139074248262, 0.00709009214703035]
Timestep: 195, Trans probs: [0.37650527838788034, 0.026107788286630688, 0.42185598534698704, 0.029252516193254106, 0.0645111986529938, 0.00447336282710493, 0.07228168324810916, 0.005012187057039889]
Timestep: 196, Trans probs: [0.258766908807947, 0.017709681718698866, 0.5416677839576869, 0.03707106173410751, 0.04380820601008399, 0.002998178510072118, 0.0917021963046121, 0.006275982956791607]
Timestep: 197, Trans probs: [0.24346106807596044, 0.01641340730709424, 0.5591709412384614, 0.037697610075277416, 0.040709401352468026, 0.002744504453654812, 0.09349960735575007, 0.006303460141333549]
Timestep: 198, Trans probs: [0.36636180446095173, 0.024358087731559563, 0.42322857219092663, 0.028138955989414717, 0.06870205660318465, 0.004567754339296322, 0.07936600641414618, 0.005276762270520317]
Timestep: 199, Trans probs: [0.3585994513777002, 0.023520372112262492, 0.40030531477533293, 0.02625584039757875, 0.08483802376933715, 0.005564486729295277, 0.09470486270803476, 0.006211648130458426]
Timestep: 200, Trans probs: [0.28175447794064173, 0.018265262995712336, 0.5139775237055708, 0.0333195579107886, 0.05077105494303137, 0.0032913289537836424, 0.09261673953248159, 0.006004054017989924]
Timestep: 201, Trans probs: [0.26424084347888344, 0.016915361741295116, 0.5336470402196418, 0.034161383261736664, 0.04700986655720457, 0.0030093337871466264, 0.09493867722753212, 0.00607749372655972]
Timestep: 202, Trans probs: [0.2482832026687187, 0.015691579834645506, 0.55168373946742, 0.03486659326237, 0.04363434123668017, 0.0027577046763050954, 0.09695523613318545, 0.0061276027206751725]
Timestep: 203, Trans probs: [0.23366484216277766, 0.014582551813663264, 0.5683437782472951, 0.03546918962027986, 0.040570238620799434, 0.002531906817065583, 0.09867912728640933, 0.00615836543170963]
Timestep: 204, Trans probs: [0.22020455882190643, 0.0135583002335003, 0.5838726039420589, 0.03594984638244698, 0.03777148223938378, 0.002325642571642086, 0.10015112224673108, 0.006166443562330491]
Timestep: 205, Trans probs: [0.35767963047711593, 0.021751390474796073, 0.41133782662495055, 0.025014479219961347, 0.08076967184136401, 0.004911805205119311, 0.0928865343215645, 0.005648661835128354]
Timestep: 206, Trans probs: [0.3770454149316256, 0.022715259062682305, 0.41941098569212937, 0.02526759063085097, 0.06945848074820599, 0.004184555286481728, 0.07726297342871992, 0.004654740219304291]
Timestep: 207, Trans probs: [0.2601779520070492, 0.015494897224679225, 0.5383085012408052, 0.03205896132840417, 0.04734634485915698, 0.0028197114394112087, 0.09795964548015414, 0.005833986420340016]
Timestep: 208, Trans probs: [0.37313051925850127, 0.02198530785496901, 0.42728728140381844, 0.02517629070611513, 0.0671002362322324, 0.003953628220061936, 0.07683927216192549, 0.004527464162376185]
Timestep: 209, Trans probs: [0.3685951811604047, 0.02146663854919644, 0.40866533951118406, 0.023800287088000634, 0.07952990307177545, 0.004631747158819955, 0.0881756368539579, 0.005135266606660813]
Timestep: 210, Trans probs: [0.2951540440970855, 0.017011407368470097, 0.4975757074979533, 0.02867811987057909, 0.056882283726302434, 0.0032784497446992048, 0.09589312135565528, 0.005526866339255081]
Timestep: 211, Trans probs: [0.3713644361089318, 0.021113005310396248, 0.42355809361363045, 0.024080346447344723, 0.07067510188263584, 0.004018057886736339, 0.08060818029052612, 0.004582778459798574]
Timestep: 212, Trans probs: [0.37854215488787124, 0.021300095848584156, 0.41838748120240793, 0.02354214276108494, 0.07115468847934577, 0.004003785747812291, 0.07864442705841776, 0.004425224014475954]
Timestep: 213, Trans probs: [0.33070741300834, 0.018397018393470632, 0.4682567427666361, 0.026048789868908073, 0.06140013505199197, 0.0034156458835852884, 0.08693795818889682, 0.004836296838170905]
Timestep: 214, Trans probs: [0.3111782540839506, 0.017110900436988992, 0.4898056719247255, 0.026933167648390426, 0.05706783510929696, 0.0031380150505190734, 0.08982680812090946, 0.00493934762521913]
Timestep: 215, Trans probs: [0.375853516738355, 0.02043595153876932, 0.4270576452914992, 0.02322002842802565, 0.06812014830597381, 0.003703836701263993, 0.07740044681478482, 0.004208426181328373]
Timestep: 216, Trans probs: [0.34212976706541737, 0.018425415720989755, 0.46267057955289925, 0.02491714720778276, 0.06125716597882128, 0.003299007738293757, 0.08283958665242432, 0.004461330083371622]
Timestep: 217, Trans probs: [0.36308033149444563, 0.019327317156041822, 0.42381700806357187, 0.022560422640505097, 0.07500710581463675, 0.003992742093930941, 0.08755441816146244, 0.004660654575405386]
Timestep: 218, Trans probs: [0.36492950220434467, 0.01918425149835964, 0.432450267845146, 0.022733801045848955, 0.06987384457021929, 0.0036732503108004915, 0.08280219225148107, 0.00435289027379992]
Timestep: 219, Trans probs: [0.346160268276459, 0.01805528802357737, 0.45304984539626897, 0.023630515103293035, 0.06549622970479548, 0.0034162016850357484, 0.085720573564202, 0.004471078246368383]
Timestep: 220, Trans probs: [0.32928066502260916, 0.016924247169526493, 0.47202088423113986, 0.02426075674184436, 0.06156315768950602, 0.0031642006590402007, 0.08825023518057602, 0.0045358533057577475]
Timestep: 221, Trans probs: [0.31383451658335837, 0.015910695652507197, 0.48951026931265207, 0.024817056449371565, 0.057975372324724085, 0.0029392194155115027, 0.09042835832443881, 0.004584511937436474]
Timestep: 222, Trans probs: [0.2995042061859073, 0.01501590358428862, 0.5057385900809246, 0.025355643595854644, 0.05468113670342831, 0.002741486295215242, 0.09233379835490056, 0.0046292351994807225]
Timestep: 223, Trans probs: [0.286162489427266, 0.014152791387194419, 0.5209998865553837, 0.025767188152186007, 0.051658842302531476, 0.0025549009581059376, 0.09405233730342617, 0.004651563913906198]
Timestep: 224, Trans probs: [0.2737349606186838, 0.013364106781619195, 0.5353275508045624, 0.026135406803447007, 0.04885190109717288, 0.002385015130227239, 0.09553682331036265, 0.0046642354539247945]
Timestep: 225, Trans probs: [0.36879233887450347, 0.017871548516263467, 0.44197604980536226, 0.021418005702691374, 0.06505142666560572, 0.003152369518451787, 0.07796033041144967, 0.0037779305056721076]
Timestep: 226, Trans probs: [0.37589019558163006, 0.017953636172712745, 0.4367928451580302, 0.020862528251573725, 0.06555495586658129, 0.0031311000946052875, 0.07617633027875789, 0.0036384085961088013]
Timestep: 227, Trans probs: [0.3029111345941032, 0.01435678236596717, 0.5114198818079366, 0.02423926723784466, 0.052231932928184815, 0.002475585767451487, 0.08818576114914584, 0.004179654149366143]
Timestep: 228, Trans probs: [0.2892897444888868, 0.013573797828251473, 0.5267788042678739, 0.02471704969000331, 0.04931453112414264, 0.0023138928642520264, 0.08979872336817203, 0.004213456368417767]
Timestep: 229, Trans probs: [0.2765576441107585, 0.01285915500137211, 0.5411764537577878, 0.025163187675901828, 0.04661566900431892, 0.0021674979013746798, 0.09121896638373472, 0.004241426164751472]
Timestep: 230, Trans probs: [0.29311463728856313, 0.09780672613191022, 0.34952741765373524, 0.11663058771233388, 0.04887777083993539, 0.016309573587665934, 0.05828477615580428, 0.01944851063005195]
Timestep: 231, Trans probs: [0.2989133808786601, 0.01880350084565076, 0.5087562545323636, 0.03200391576385389, 0.04927691748182813, 0.0030998229547868584, 0.0838702499676053, 0.00527595757525151]
Timestep: 232, Trans probs: [0.36416654328796294, 0.022635253849468222, 0.4453776597538323, 0.02768303836038664, 0.0593506414932907, 0.0036890177340292247, 0.07258615680207718, 0.004511688718952752]
Timestep: 233, Trans probs: [0.32418339724650175, 0.01994546156479902, 0.48705787622101826, 0.02996635309676946, 0.052269293587843886, 0.0032158808721558774, 0.07853015096609126, 0.004831586444820437]
Timestep: 234, Trans probs: [0.3607000704972059, 0.021965335429877948, 0.45220920063857095, 0.02753791193556235, 0.05754533151071591, 0.003504303471064033, 0.0721445058967461, 0.004393340620256716]
Timestep: 235, Trans probs: [0.347826534665497, 0.02085951999920645, 0.4669678504546288, 0.028004548948263493, 0.05490967781216575, 0.0032929906384927465, 0.07371793598714987, 0.00442094149459584]
Timestep: 236, Trans probs: [0.3334328265449882, 0.01978366196683813, 0.48309891284613693, 0.028663841192029225, 0.052047899630607936, 0.003088172400556774, 0.07541034273084378, 0.004474342687999047]
Timestep: 237, Trans probs: [0.32013004035755943, 0.018733272944880426, 0.4982350126148334, 0.029155565880617674, 0.0494267874832213, 0.0028923418110890203, 0.07692547708958533, 0.004501501818213605]
Timestep: 238, Trans probs: [0.3590305369985141, 0.020689714353614715, 0.4611981541978077, 0.02657728824555801, 0.05483957159842006, 0.003160218852500027, 0.07044500840967327, 0.004059507343911968]
Timestep: 239, Trans probs: [0.3660479936994879, 0.020821956012738077, 0.45597552842543826, 0.025937315759621278, 0.05528631019185396, 0.0031448584304123906, 0.06886857717657414, 0.003917460303874056]
Timestep: 240, Trans probs: [0.34312363300148896, 0.01927700188134124, 0.48064710240039255, 0.027003197116397315, 0.051248258844431425, 0.002879174405789996, 0.07178848889296514, 0.004033143457193249]
Timestep: 241, Trans probs: [0.33001954234092196, 0.01832934335036259, 0.4953953656506336, 0.027514345625655835, 0.048765290875713116, 0.0027084328209809037, 0.0732020259560182, 0.004065653379713925]
Timestep: 242, Trans probs: [0.3177520891563017, 0.017405923964181308, 0.5093652104829107, 0.02790216784162067, 0.04646483102068098, 0.0025452651401976344, 0.07448438339380987, 0.004080129000296994]
Timestep: 243, Trans probs: [0.3060828330699791, 0.016598617820680547, 0.5225316604404371, 0.028336457957684538, 0.04430693739168211, 0.0024027284156808992, 0.07563892862626831, 0.004101836277587376]
Timestep: 244, Trans probs: [0.29495290426636595, 0.01580316515267334, 0.535254056238086, 0.028678165656337767, 0.04225625606600138, 0.002264031252737263, 0.07668286066556836, 0.004108560702230057]
Timestep: 245, Trans probs: [0.2843026879062297, 0.015053404996434457, 0.547511782506959, 0.028989935561620085, 0.04029644718735928, 0.002133637018686305, 0.07760313414808609, 0.0041089706746250355]
Timestep: 246, Trans probs: [0.27401381311216566, 0.014375227817587552, 0.5592660423137796, 0.029340041940185684, 0.0384324083588642, 0.0020162291070745303, 0.07844108541583122, 0.004115151934511563]
Timestep: 247, Trans probs: [0.263952211139145, 0.01364422230591056, 0.5709756117153162, 0.029514881288076007, 0.0366469700908258, 0.0018943558176661452, 0.07927391884620952, 0.004097828796850661]
Timestep: 248, Trans probs: [0.2543948768448179, 0.012956366326750719, 0.5821801577537357, 0.0296505161014864, 0.034959205533409525, 0.001780477181776435, 0.08000379585002723, 0.004074604407996146]
Timestep: 249, Trans probs: [0.24487709597034987, 0.012327115353414722, 0.5932454629280506, 0.029863982278234252, 0.03329318362702342, 0.0016759791822360923, 0.08065691098996695, 0.004060269670724181]
Timestep: 250, Trans probs: [0.2355614200819049, 0.011757396799119902, 0.6040019364758019, 0.03014708619142142, 0.0316762595169674, 0.0015810328878276818, 0.08122094900729486, 0.004053919039661984]
Timestep: 251, Trans probs: [0.22664940837478104, 0.011195712834838658, 0.6143347794019973, 0.030346056598857665, 0.03016956281013918, 0.0014902741815960067, 0.08177480738433647, 0.00403939841345354]
Timestep: 252, Trans probs: [0.2180898081463713, 0.010622289605163584, 0.6244770318033048, 0.03041579952757649, 0.028728425849728876, 0.0013992476854832107, 0.08226080005985142, 0.004006597322520216]
Timestep: 253, Trans probs: [0.20913696290938197, 0.01008746604618328, 0.6348580072739124, 0.030621600808547828, 0.027255044082661464, 0.001314613772459743, 0.08273565195636141, 0.0039906531504919004]
Timestep: 254, Trans probs: [0.20143416990423044, 0.009647098494937405, 0.6437964296432088, 0.030832740892023952, 0.025992493539610365, 0.0012448342077456985, 0.08307366394828263, 0.0039785693699606085]
Timestep: 255, Trans probs: [0.37203686468601865, 0.01758596866885851, 0.4747215907940998, 0.022439816627261907, 0.047497952893012035, 0.002245200921463464, 0.060607713635753756, 0.0028648917735317352]
Timestep: 256, Trans probs: [0.378944089967254, 0.0177245362000471, 0.46914542495656564, 0.02194356710629184, 0.047911261297115114, 0.002240976723832837, 0.059315739805791634, 0.002774403943101948]
Timestep: 257, Trans probs: [0.385788046832514, 0.017834864191024164, 0.4637155910368301, 0.021437430882851684, 0.04827866507198168, 0.0022319080177633094, 0.058030750024876974, 0.0026827439421581536]
Timestep: 258, Trans probs: [0.2458909452659731, 0.011199542231485537, 0.6051276800723506, 0.02756162086847283, 0.030459392717714254, 0.0013873274378544186, 0.07495933464221667, 0.003414156763932433]
Timestep: 259, Trans probs: [0.23314510673337588, 0.01052343848066909, 0.6191810369742173, 0.027947888944744835, 0.028581171448395493, 0.0012900643880405702, 0.07590517177610583, 0.0034261212544510152]
Timestep: 260, Trans probs: [0.3825682396962673, 0.01712745582761293, 0.4710209360727323, 0.02108745431369724, 0.04641414078448638, 0.0020779460069503884, 0.057145444317796175, 0.002558382980457113]
Timestep: 261, Trans probs: [0.3639724259600777, 0.016061432279864576, 0.43531512464316946, 0.01920965407314665, 0.07215322158882492, 0.0031839886751478435, 0.08629606643001765, 0.0038080863497512614]
Timestep: 262, Trans probs: [0.3910938339805252, 0.017166859326355123, 0.4547183690872563, 0.01995962502343943, 0.05185179696062042, 0.002276007512524536, 0.06028723160424706, 0.002646276505031874]
Timestep: 263, Trans probs: [0.2728775564823982, 0.01181990409624372, 0.5744961083793967, 0.024884746815547375, 0.03578011740662257, 0.001549843679892008, 0.07532879754729298, 0.0032629255926065704]
Timestep: 264, Trans probs: [0.25736390492586064, 0.01104141306254984, 0.5913493919831223, 0.025370041315833612, 0.03340178042136149, 0.0014330014722269792, 0.07674783512869038, 0.0032926316903547823]
Timestep: 265, Trans probs: [0.3880188435686191, 0.016507093528347123, 0.4619699841139768, 0.01965312216521224, 0.04985201627037498, 0.002120803947518169, 0.0593531359267661, 0.002525000479185657]
Timestep: 266, Trans probs: [0.2994087728014432, 0.012673731173148208, 0.551725817487833, 0.023354107585763194, 0.03808159310896928, 0.001611963033656186, 0.07017362214439377, 0.002970392664793154]
Timestep: 267, Trans probs: [0.28137658570249924, 0.011850827453805819, 0.5709047372976795, 0.02404497700966682, 0.03542574685251755, 0.0014920374853623123, 0.07187778844468007, 0.00302729975378863]
Timestep: 268, Trans probs: [0.311663337548839, 0.08912767361468092, 0.37979212840440163, 0.1086107500743428, 0.03883765124475887, 0.011106566243330562, 0.04732746027967887, 0.013534432589967324]
Timestep: 269, Trans probs: [0.3145028028179266, 0.018392181878700488, 0.5265792807037538, 0.030794453395906838, 0.03876447050956797, 0.0022669533805593695, 0.06490424509700639, 0.003795612216578483]
Timestep: 270, Trans probs: [0.3534126694579058, 0.0204434960661623, 0.4406155963492107, 0.02548783331529017, 0.06733693740689288, 0.003895169964044528, 0.08395201246570329, 0.004856284974790455]
Timestep: 271, Trans probs: [0.3442414136999179, 0.019636515779104118, 0.48937448401261074, 0.027915321616653176, 0.046423609523628, 0.0026481355951214736, 0.06599592336218027, 0.0037645964107842268]
Timestep: 272, Trans probs: [0.32479068658854804, 0.018298911921266967, 0.5104254322923871, 0.028757690455962538, 0.04333889371331193, 0.002441740578077919, 0.06810932231783719, 0.003837322132608312]
Timestep: 273, Trans probs: [0.3071999226142865, 0.017147006443432176, 0.5294588390273935, 0.029552852901378397, 0.0405636190730307, 0.0022641432709196883, 0.06991136741958763, 0.0039022492499712425]
Timestep: 274, Trans probs: [0.36844618463864176, 0.02031086383931483, 0.46978351642829236, 0.02589715794041326, 0.048141863474860616, 0.0026538552298153682, 0.061382787645940684, 0.0033837708027212483]
Timestep: 275, Trans probs: [0.3750370861009022, 0.020395509603786565, 0.46484030239697727, 0.025279246248233352, 0.048469410375625514, 0.0026358948526492517, 0.060075486427886765, 0.0032670639939391486]
Timestep: 276, Trans probs: [0.38142870219338465, 0.020516014308298643, 0.45988409050085144, 0.024735916638205253, 0.048803509874586044, 0.0026250082941439608, 0.0588418166301083, 0.003164941560421785]
Timestep: 277, Trans probs: [0.3398266962460534, 0.018098931179757534, 0.5029189675507725, 0.026785111008776008, 0.04302067124804279, 0.002291250736997809, 0.06366748641708032, 0.0033908856125198185]
Timestep: 278, Trans probs: [0.3222397863782243, 0.017006155666652558, 0.521866922140954, 0.027541447364258967, 0.04037566733643533, 0.0021308196966791397, 0.06538834164171492, 0.0034508597750808625]
Timestep: 279, Trans probs: [0.3061913434413815, 0.015950167011306297, 0.5394319071315886, 0.028100170675215374, 0.03797009675647501, 0.0019779441766523366, 0.06689373212550495, 0.00348463868187591]
Timestep: 280, Trans probs: [0.37932349508489566, 0.019581604391424447, 0.467705436940059, 0.024144095887940763, 0.046521604483783896, 0.0024015587393338028, 0.05736108528518922, 0.0029611191873731607]
Timestep: 281, Trans probs: [0.33623674151531946, 0.017118176052420202, 0.5123967721798407, 0.026086673679196138, 0.040778595909023004, 0.002076082407874969, 0.062143181686934834, 0.0031637765693908206]
Timestep: 282, Trans probs: [0.3199707496936083, 0.016048802241059344, 0.5302346570600642, 0.026595028328875028, 0.03839966304566714, 0.0019260154215138157, 0.06363341707246081, 0.003191667136751324]
Timestep: 283, Trans probs: [0.3767173323059065, 0.018711218273137528, 0.47484402302974144, 0.023585084620925817, 0.04473381132695864, 0.0022218890296461986, 0.05638599850430459, 0.0028006429093793716]
Timestep: 284, Trans probs: [0.3481566491664986, 0.017107158783080292, 0.5047617116748542, 0.024802165260705958, 0.04092010275718414, 0.00201066587974983, 0.0593264588198326, 0.002915087658094367]
Timestep: 285, Trans probs: [0.3319370899067167, 0.016061570028817442, 0.5224872023198865, 0.025281792979447205, 0.03862450379101922, 0.0018689389987787174, 0.06079708938954318, 0.0029418125857910123]
Timestep: 286, Trans probs: [0.3740971678178655, 0.01785170584790407, 0.4818897309268551, 0.022995506161704298, 0.04303367425415555, 0.0020535426633160932, 0.05543342075560775, 0.0026452515725914304]
Timestep: 287, Trans probs: [0.3582469611013722, 0.016842546029613523, 0.4992555241558786, 0.023471892462905812, 0.040773097024886684, 0.0019168976655107816, 0.056821679279669184, 0.002671402280163262]
Timestep: 288, Trans probs: [0.34238297457465233, 0.015988138063427505, 0.516330385117804, 0.024110899479922038, 0.03854520980243431, 0.0017999321863789986, 0.058128074406918466, 0.0027143863684622677]
Timestep: 289, Trans probs: [0.32773219371752155, 0.015118525058017087, 0.532367356161841, 0.024558494308741446, 0.036505112430728556, 0.0016840074536754136, 0.05929881337165295, 0.002735497497822058]
Timestep: 290, Trans probs: [0.31396614185786154, 0.014375195212213107, 0.5473304203100883, 0.025059968539862983, 0.03460173115357271, 0.0015842684089111398, 0.06032045348480754, 0.002761821032682849]
Timestep: 291, Trans probs: [0.37236805654876365, 0.01692678140649664, 0.4900659962528191, 0.022276991399884375, 0.04062266541621181, 0.0018465895920893023, 0.05346266052505429, 0.0024302588586806507]
Timestep: 292, Trans probs: [0.3548417515278903, 0.0159122555266068, 0.45407433518079027, 0.020362166566813746, 0.0649946614848539, 0.0029145715152153295, 0.08317061782318448, 0.0037296403746452833]
Timestep: 293, Trans probs: [0.33592848449689555, 0.014888149181328707, 0.5183782092224981, 0.0229742116772652, 0.04060159438573945, 0.0017994383391452878, 0.06265316208829073, 0.0027767506088369866]
Timestep: 294, Trans probs: [0.37076597371976344, 0.01634121385596196, 0.4847590487510853, 0.021365367497939648, 0.04431783224071929, 0.0019532730229058683, 0.0579434784270661, 0.0025538124845584606]
Timestep: 295, Trans probs: [0.37716496512803677, 0.016523786619717463, 0.47954065159341935, 0.0210089168799653, 0.04460734835855872, 0.0019542703434769185, 0.056715333807466045, 0.0024847272693593915]
Timestep: 296, Trans probs: [0.3834626033612191, 0.016672018959055925, 0.4744237115159737, 0.020626786142087506, 0.04489863143064055, 0.001952083013795673, 0.05554902923674899, 0.0024151363404786505]
Timestep: 297, Trans probs: [0.369691198124736, 0.01591668783212473, 0.4453388892690833, 0.019173624138082723, 0.0651780255773434, 0.002806175240014194, 0.07851501378069695, 0.0033803860379187835]
Timestep: 298, Trans probs: [0.3566045602931378, 0.015193728563084812, 0.4929454892771391, 0.02100275990390359, 0.04599883128583631, 0.0019598564757602153, 0.06358560410930754, 0.0027091700918306506]
Timestep: 299, Trans probs: [0.3422370129217965, 0.014458140368047646, 0.5086624774528987, 0.021488948364136718, 0.043666277438137675, 0.001844724985064576, 0.06490062741373964, 0.002741791056178444]
Timestep: 300, Trans probs: [0.3289254414047181, 0.013699326533608327, 0.5235191795944819, 0.021803908378881257, 0.04150784385503172, 0.0017287489354660512, 0.06606406688677129, 0.0027514844110414845]
Timestep: 301, Trans probs: [0.3163461061239367, 0.013038210940543868, 0.5374872050999742, 0.022152545652612887, 0.03948914915852269, 0.0016275460535926638, 0.06709395817464227, 0.00276527879617489]
Timestep: 302, Trans probs: [0.30444381592637404, 0.01238350773972149, 0.550928401191046, 0.022409475125721143, 0.03756440449409983, 0.0015279636814932442, 0.06797739427439402, 0.0027650375671504405]
Timestep: 303, Trans probs: [0.29295795937148533, 0.0118503693007233, 0.5635925370011632, 0.022797741057877585, 0.03576557897200536, 0.0014467445089450621, 0.0688058226285895, 0.0027832471592106976]
Timestep: 304, Trans probs: [0.28197849120481466, 0.011260136953185685, 0.5759331112854904, 0.022998511983094924, 0.03408056899577976, 0.001360926050406577, 0.06960860047251761, 0.0027796530547105477]
Timestep: 305, Trans probs: [0.27139457461497585, 0.010721586009345809, 0.5879024293498076, 0.02322539597676059, 0.03243571014878522, 0.0012813898606034318, 0.07026313190383428, 0.0027757821358872486]
Timestep: 306, Trans probs: [0.2611801840830705, 0.0102336749877621, 0.5993777615577462, 0.023485078809514226, 0.030877278945072376, 0.0012098469045026706, 0.07085971855814781, 0.002776456154184107]
Timestep: 307, Trans probs: [0.3863067289225903, 0.015002380341170725, 0.4755491397572532, 0.018468145987134692, 0.04516354948808283, 0.0017539449775240057, 0.05559697903099604, 0.0021591314952482577]
Timestep: 308, Trans probs: [0.2908456656402039, 0.011136181864639964, 0.5723785443004176, 0.021915786679223014, 0.03365884828316688, 0.0012887627361081694, 0.06623995080256943, 0.0025362596936711907]
Timestep: 309, Trans probs: [0.3648002266453248, 0.013753631264101077, 0.4587597262023747, 0.01729607509027652, 0.062061584144325804, 0.0023398344673094744, 0.07804642999144208, 0.002942492194845599]
Timestep: 310, Trans probs: [0.31499864662285426, 0.011759697681018163, 0.54014061400303, 0.02016481783021828, 0.04010394588134281, 0.0014971819226422289, 0.06876781911456364, 0.002567276944330647]
Timestep: 311, Trans probs: [0.37497300422563906, 0.013837976086144416, 0.4815966987718645, 0.017772809044036986, 0.04720808310729151, 0.0017421636164461534, 0.0606317167465702, 0.002237548402007207]
Timestep: 312, Trans probs: [0.38124901925296517, 0.013868358991867434, 0.47673744017986813, 0.017341856979024652, 0.04750766618995463, 0.0017281444313721204, 0.0594065349012501, 0.0021609790736977245]
Timestep: 313, Trans probs: [0.34170028117123125, 0.01230665452216664, 0.5176684919483694, 0.018644313857696524, 0.0420947367801224, 0.001516081230541649, 0.06377261040944142, 0.0022968300804307347]
Timestep: 314, Trans probs: [0.3272361502827501, 0.011631255210210757, 0.5335237738674206, 0.01896352578773709, 0.03988610575377639, 0.0014177085110027474, 0.06503005749286123, 0.002311423094241245]
Timestep: 315, Trans probs: [0.31368794776761444, 0.01101915440678348, 0.5484210196580273, 0.01926480101815801, 0.037825314759834444, 0.0013287185140201073, 0.06613004368545866, 0.0023230001901036923]
Timestep: 316, Trans probs: [0.3008782658367415, 0.01043431031566803, 0.5626407860031969, 0.019512105804924584, 0.035875953129931366, 0.0012441604141363448, 0.0670878450176627, 0.002326573477738564]
Timestep: 317, Trans probs: [0.28864883100430533, 0.009961807098568844, 0.5759732045298355, 0.01987790471039594, 0.034057905043047225, 0.001175401539094233, 0.06795953629524373, 0.0023454097795092355]
Timestep: 318, Trans probs: [0.27718676894442085, 0.009444095439445766, 0.5887748137038697, 0.020060284818559197, 0.03235796019837358, 0.0011024756538812353, 0.06873182316813498, 0.0023417780733146383]
Timestep: 319, Trans probs: [0.2660054995165518, 0.008967647050551994, 0.6011221302787579, 0.0202651866537083, 0.0307562501907181, 0.0010368627596425708, 0.0695033097722873, 0.0023431137777821438]
Timestep: 320, Trans probs: [0.2554070234127283, 0.008494587716205614, 0.6130217093194965, 0.02038850229007936, 0.029228726323913462, 9.721188410321435E-4, 0.07015407616008516, 0.002333255936459554]
Timestep: 321, Trans probs: [0.24506466913409042, 0.008061339587941864, 0.6245223440205774, 0.02054350271377814, 0.027777561226113166, 9.137357692553462E-4, 0.07078828502453474, 0.0023285625237090225]
Timestep: 322, Trans probs: [0.2351352126356564, 0.007631584084192909, 0.63568199979716, 0.020631791290983657, 0.026393304189435703, 8.566250793472835E-4, 0.07135361905318913, 0.0023158638700348645]
Timestep: 323, Trans probs: [0.3654676523861941, 0.011773586500204915, 0.4666698225399784, 0.01503382717139557, 0.06001674974211917, 0.0019334471599234877, 0.07663607372283844, 0.0024688407773459193]
Timestep: 324, Trans probs: [0.35971949347504595, 0.011551301945110998, 0.44739109949011613, 0.014366610015601034, 0.07210185639227353, 0.0023153327220170787, 0.08967467538385003, 0.002879630575985237]
Timestep: 325, Trans probs: [0.38965798609369634, 0.012467475030427385, 0.4722954072340897, 0.0151115373143171, 0.04839012053946858, 0.0015482875780200925, 0.05865254274757627, 0.0018766434624046108]
Timestep: 326, Trans probs: [0.3955933261043028, 0.012595771603973073, 0.46752298259948666, 0.014886026431292113, 0.04859504922559418, 0.0015472762070005894, 0.057430954604953205, 0.001828613223397522]
Timestep: 327, Trans probs: [0.2666210775338326, 0.008367098329999796, 0.5978886531065104, 0.01876293201274947, 0.03240223793593185, 0.0010168465052714697, 0.07266091104403645, 0.0022802435316677996]
Timestep: 328, Trans probs: [0.3923214840785497, 0.012214062238729666, 0.47347191894195373, 0.014740501657283524, 0.04713231320490775, 0.001467360392694638, 0.05688148032401113, 0.0017708791618698285]
Timestep: 329, Trans probs: [0.29883079039599286, 0.009253307279718955, 0.5680740844113381, 0.017590436560226703, 0.0355258554898323, 0.0011000595246115474, 0.0675342651390538, 0.002091201199225742]
Timestep: 330, Trans probs: [0.3889625575651002, 0.011922036076958173, 0.47920409834914784, 0.014688016719420511, 0.045740931896080826, 0.0014019988033616634, 0.05635309003551735, 0.001727270554413363]
Timestep: 331, Trans probs: [0.3291080116988837, 0.010038653644862982, 0.5401310201124623, 0.0164754063742348, 0.03830128300571133, 0.0011682891348145103, 0.0628599436236731, 0.001917392405357259]
Timestep: 332, Trans probs: [0.38552357277275845, 0.011746014169775857, 0.48472747358188656, 0.014768528243870876, 0.044380939176986864, 0.001352184865614225, 0.05580115469393764, 0.0017001324951695935]
Timestep: 333, Trans probs: [0.35739237002736945, 0.010745977458561814, 0.5142291413375212, 0.015461703228094717, 0.04067039423932241, 0.0012228664526137242, 0.0585180425254843, 0.0017595047310323365]
Timestep: 334, Trans probs: [0.3408496980928235, 0.010121979585216032, 0.5320842207864653, 0.01580093997604036, 0.03835384524804299, 0.001138967823024162, 0.05987236009642018, 0.0017779883919675024]
Timestep: 335, Trans probs: [0.3829448501825599, 0.011231909893882838, 0.4912500234301474, 0.014408539495712842, 0.04262729662410619, 0.0012502739088240179, 0.05468322776862793, 0.001603878696138875]
Timestep: 336, Trans probs: [0.3670397995240811, 0.01075959536435572, 0.5081217866325722, 0.014895346028057291, 0.04041253766018405, 0.0011846741237167625, 0.055946223992261006, 0.0016400366747716794]
Timestep: 337, Trans probs: [0.379517889909797, 0.011119068895039627, 0.4966043735891479, 0.014549454427110494, 0.041331264302164335, 0.0012109183453883699, 0.05408252723818164, 0.0015845032931705153]
Timestep: 338, Trans probs: [0.3909582994265788, 0.011437971830141462, 0.48601531326543856, 0.014218983125056903, 0.042173829530282626, 0.0012338478933535254, 0.05242791111181627, 0.0015338438173320632]
Timestep: 339, Trans probs: [0.3743997774395764, 0.010832152177345625, 0.5036465220254678, 0.014571525142135498, 0.04001140974325486, 0.0011576120107042883, 0.053823769598202946, 0.0015572318633127844]
Timestep: 340, Trans probs: [0.34881951738096884, 0.010071850206045342, 0.4654742373551542, 0.013440150449764054, 0.06752939778945538, 0.0019498506968490866, 0.09011306239716314, 0.0026019337246000166]
Timestep: 341, Trans probs: [0.3780120422345178, 0.010778314122387077, 0.4914370852563601, 0.014012419405933126, 0.04470680391900033, 0.0012747318133002861, 0.05812137962380216, 0.0016572236246992337]
Timestep: 342, Trans probs: [0.3839499259084221, 0.01091186806059341, 0.4865613784374267, 0.013828088525679273, 0.04492400330409811, 0.0012767414804109177, 0.05693004086627437, 0.001617953417095191]
Timestep: 343, Trans probs: [0.3927809711209881, 0.011110465428918904, 0.4788153986944237, 0.013544092828238725, 0.04546791523239338, 0.0012861358809536493, 0.055427170765603787, 0.0015678500484799054]
Timestep: 344, Trans probs: [0.3772445519621897, 0.010666844281610906, 0.4953136172597073, 0.014005326779113482, 0.043209967936636166, 0.0012217910026695216, 0.05673371665422051, 0.00160418412385253]
Timestep: 345, Trans probs: [0.36279603692268686, 0.01024030295926058, 0.5107237282690325, 0.014415718954153002, 0.0411293885132373, 0.0011609206166561198, 0.057899625423368316, 0.001634278341605338]
Timestep: 346, Trans probs: [0.3493576605636992, 0.009773843093993564, 0.5253243756319975, 0.014696795291658146, 0.03918331856018819, 0.0010962164301515783, 0.05891942465096568, 0.0016483657773461516]
Timestep: 347, Trans probs: [0.3820113823837239, 0.010592768028888928, 0.4937863091943539, 0.013692167485949418, 0.042406744224877564, 0.0011758937695299735, 0.05481477956255641, 0.0015199553501199046]
Timestep: 348, Trans probs: [0.3702304940596152, 0.010276899524910753, 0.5064939273283505, 0.014059315168924896, 0.04065250230513161, 0.0011284367126138677, 0.055614666751181895, 0.0015437581492713552]
Timestep: 349, Trans probs: [0.3570002753842556, 0.009897246046601254, 0.5205785372794095, 0.014432184581618185, 0.03882743551595357, 0.0010764268521818744, 0.056618246485804054, 0.0015696478541759485]
Timestep: 350, Trans probs: [0.344629032683244, 0.009528744614767418, 0.5339389521767656, 0.014763027582313968, 0.03707923373298958, 0.0010252141150210918, 0.05744741542163295, 0.0015883796732654284]
Timestep: 351, Trans probs: [0.3537365117827366, 0.00963369229648681, 0.4662776691554342, 0.012698648399986159, 0.06620528496889162, 0.0018030407451500514, 0.08726847507340814, 0.0023766775779063723]
Timestep: 352, Trans probs: [0.3604713268265064, 0.009821237513074487, 0.5096171065006905, 0.013884795464128498, 0.04283316924736005, 0.0011670130113247824, 0.060555484305135805, 0.0016498671317794842]
Timestep: 353, Trans probs: [0.34837584603719485, 0.009411558250925642, 0.5228794636954235, 0.014125866034514998, 0.04096107277395394, 0.001106585105763367, 0.06147872766743867, 0.0016608804347851276]
Timestep: 354, Trans probs: [0.33696369356632183, 0.008982358215153387, 0.5355233624297135, 0.01427531442042535, 0.039219032154079556, 0.001045452083965316, 0.062329290577585454, 0.001661496552755657]
Timestep: 355, Trans probs: [0.3261034498139872, 0.008583693284329093, 0.5476647911477436, 0.014415629741175303, 0.03753977604495902, 9.88121786862838E-4, 0.06304506627919067, 0.001659471901752203]
Timestep: 356, Trans probs: [0.3155392453975042, 0.008307823510416468, 0.5592049122872818, 0.014723289686479691, 0.03592871727830128, 9.459661403694878E-4, 0.06367358573383318, 0.0016764599658139448]
Timestep: 357, Trans probs: [0.3736324464365224, 0.009789290995947079, 0.5021586357057485, 0.013156718743072308, 0.042098082337373686, 0.001102983379260414, 0.05657944269557801, 0.0014823997064977194]
Timestep: 358, Trans probs: [0.3572710247017008, 0.009332432762167869, 0.4678647627834456, 0.012221300185509671, 0.06469123664655052, 0.0016898280984568989, 0.08471649810693985, 0.0022129167152288636]
Timestep: 359, Trans probs: [0.38099550784399383, 0.009880000305123472, 0.48631421443115375, 0.012611131858628354, 0.047185141728708906, 0.0012236081661829688, 0.060228545114541725, 0.0015618505516670643]
Timestep: 360, Trans probs: [0.33309294093650577, 0.008536580918856557, 0.5354612376772201, 0.01372292121079203, 0.040826934944321866, 0.00104632188494061, 0.06563105496739159, 0.001682007459971536]
Timestep: 361, Trans probs: [0.3779110647992134, 0.009550542192843948, 0.49197567445936813, 0.012433175089153503, 0.045817585508443635, 0.0011578988400488277, 0.05964667254342656, 0.0015073865675020795]
Timestep: 362, Trans probs: [0.3838326856994336, 0.009630672492997221, 0.4871558277677944, 0.012223133685807188, 0.046067059477972586, 0.0011558597771300543, 0.058467757772962044, 0.001467003325902844]
Timestep: 363, Trans probs: [0.3530801442224675, 0.008853741448417822, 0.5189178065277009, 0.013012241461761628, 0.04192420814760089, 0.0010512800151532581, 0.06161552409091679, 0.0015450540859811494]
Timestep: 364, Trans probs: [0.3804069065366174, 0.009562358184168411, 0.49238923630975145, 0.012377278547569594, 0.04475425860197803, 0.0011249960073419951, 0.057928798967575745, 0.0014561668449973937]
Timestep: 365, Trans probs: [0.3715274630793209, 0.009323548012989015, 0.5022402559131149, 0.012603808884680146, 0.043264884316484675, 0.0010857399957941698, 0.05848656890950584, 0.0014677308881102735]
Timestep: 366, Trans probs: [0.35778047237743993, 0.008949833804966445, 0.4721830572874062, 0.011811600169684683, 0.06277903588809254, 0.0015704097372919697, 0.08285303248167018, 0.0020725582534481327]
Timestep: 367, Trans probs: [0.38471039533831247, 0.009490325523717716, 0.4809437643101643, 0.011864282684359998, 0.04900616900632222, 0.001208921053800303, 0.061264815512962846, 0.0015113265703600959]
Timestep: 368, Trans probs: [0.37283047035772415, 0.009057048436145174, 0.49415478901003923, 0.012004340349979398, 0.04700160843316052, 0.001141794670771992, 0.062296597904500504, 0.0015133508376790103]
Timestep: 369, Trans probs: [0.3614025748166089, 0.008817188408635714, 0.5064945813341243, 0.012357018081130735, 0.045091875463805546, 0.0011001126980483254, 0.06319487512284615, 0.0015417740748003472]
Timestep: 370, Trans probs: [0.35063809886911734, 0.008474801959657354, 0.5183764669943193, 0.012528980485841444, 0.04332917105890322, 0.0010472511258321328, 0.06405699404527833, 0.0015482354610510298]
Timestep: 371, Trans probs: [0.3402918447744925, 0.008264263961460022, 0.5296420279792073, 0.012862787020957894, 0.04160330482727352, 0.0010103700633481774, 0.06475282636866167, 0.0015725750045988787]
Timestep: 372, Trans probs: [0.3303582917186629, 0.00803540576838152, 0.5405136361931463, 0.013147078487298996, 0.039975947104243965, 9.723471879177589E-4, 0.06540639381917203, 0.0015908997211766295]
Timestep: 373, Trans probs: [0.32081481707803977, 0.00775011438278961, 0.5511904224433565, 0.013315434927667336, 0.038411821045091825, 9.27937211448344E-4, 0.06599516837002116, 0.0015942845415855755]
Timestep: 374, Trans probs: [0.35590297817134753, 0.008491356403835248, 0.47881875002799806, 0.011423957956792267, 0.06053459760383598, 0.0014442723847324763, 0.08144101661369597, 0.0019430708377624751]
Timestep: 375, Trans probs: [0.2878049433896283, 0.07202332594631142, 0.37733323877989533, 0.09442782506424847, 0.05828528637442181, 0.014585921037276966, 0.07641625477954474, 0.01912320462867306]
Timestep: 376, Trans probs: [0.33006669830022434, 0.013112052682941997, 0.5207207023056636, 0.020685871422023952, 0.04306485733361336, 0.0017107714321064396, 0.06794009474732003, 0.002698951776106293]
Timestep: 377, Trans probs: [0.3203884004634636, 0.012666464422858705, 0.5315048879104688, 0.021012894797548063, 0.04139829352917457, 0.001636669777669275, 0.0686772533901952, 0.002715135708621766]
Timestep: 378, Trans probs: [0.3111157042656557, 0.012154932804388783, 0.5421781203759012, 0.0211822756962204, 0.039780770858929844, 0.0015541889723580155, 0.06932553797728669, 0.0027084690492592493]
Timestep: 379, Trans probs: [0.3020521745148152, 0.011671433256404597, 0.5524916123070186, 0.021348526916327333, 0.03826385972792246, 0.001478532924532778, 0.06998943671942535, 0.002704423633553612]
Timestep: 380, Trans probs: [0.29322838710561633, 0.01122906759210858, 0.5625119334604992, 0.021541176775359508, 0.036794010689434366, 0.001409012398474263, 0.07058344622420623, 0.002702965754301597]
Timestep: 381, Trans probs: [0.3667240749492707, 0.013976415556026718, 0.49018079474907017, 0.018681540026910273, 0.04552794877183451, 0.0017351397819646227, 0.06085481602308199, 0.0023192701418411157]
Timestep: 382, Trans probs: [0.31337329704248, 0.01176227930917861, 0.5450057549096496, 0.02045646510043276, 0.03849518761206178, 0.0014448938471324948, 0.06694922312431847, 0.002512899054746216]
Timestep: 383, Trans probs: [0.3637846138220786, 0.013589400178471663, 0.4956762873996639, 0.01851629555654492, 0.04424392276039066, 0.0016527592124894004, 0.0602847469095927, 0.002251974160768142]
Timestep: 384, Trans probs: [0.332439885684558, 0.012325000789909932, 0.5281041911095684, 0.019579132507452045, 0.04006339453433365, 0.0014853252890077969, 0.06364352616741543, 0.002359543917754644]
Timestep: 385, Trans probs: [0.32221014986025676, 0.01182033609760494, 0.5396267539005292, 0.019796302509806723, 0.038424325891222286, 0.0014096031628896024, 0.06435177247051052, 0.002360756107180158]
Timestep: 386, Trans probs: [0.3123518518209464, 0.011354216333792693, 0.5506939968105076, 0.020018126151823693, 0.036871648911791614, 0.0013403111775630563, 0.06500680431332301, 0.002363044480252062]
Timestep: 387, Trans probs: [0.33773081731016286, 0.012173601166907081, 0.46902256777893214, 0.01690604879914093, 0.06633411329871348, 0.0023910315484102114, 0.09212128285624764, 0.0033205372414856836]
Timestep: 388, Trans probs: [0.33415500623714167, 0.01185805774906064, 0.4520033745741801, 0.016040107191053535, 0.07632631472403466, 0.0027085688703651074, 0.10324475521875306, 0.0036638154354113146]
Timestep: 389, Trans probs: [0.3280528221327242, 0.011510241632850499, 0.5279543505612174, 0.018524096535940397, 0.04219261006299927, 0.0014803931080016033, 0.06790300385003571, 0.002382482116230889]
Timestep: 390, Trans probs: [0.3325929615781821, 0.011564225814788831, 0.45859043113390446, 0.015945145913399652, 0.0736558487500363, 0.0025610068940834355, 0.10155917693968608, 0.003531202975919103]
Timestep: 391, Trans probs: [0.342397253634402, 0.011842133964991052, 0.5060393305229106, 0.017501850496748825, 0.04767432675279021, 0.0016488618354985965, 0.0704593396618544, 0.0024369031308043554]
Timestep: 392, Trans probs: [0.3319511089082905, 0.011381683837209248, 0.5177506152210821, 0.01775223414179039, 0.04576583041829693, 0.0015691835285065988, 0.07138185780763077, 0.002447486137193588]
Timestep: 393, Trans probs: [0.321865544120779, 0.011008681852523444, 0.5289037052795101, 0.018089953175783442, 0.0439456757418541, 0.001503062293784049, 0.07221347906117175, 0.0024698984745940727]
Timestep: 394, Trans probs: [0.3122129352560528, 0.010634318830410086, 0.5396877961140452, 0.01838236486919177, 0.04220500439990231, 0.0014375492567575176, 0.07295509966903356, 0.0024849316046068833]
Timestep: 395, Trans probs: [0.30298253865411634, 0.010182839697878093, 0.5503372946165203, 0.0184961036888051, 0.040535555330534614, 0.0013623460408935153, 0.07362875747058041, 0.00247456450067169]
Timestep: 396, Trans probs: [0.35531334184279695, 0.011781029347012528, 0.49935646319392807, 0.01655702855681355, 0.04707644057606987, 0.001560900936348595, 0.06616110935745861, 0.0021936861895717353]
Timestep: 397, Trans probs: [0.3225701857317238, 0.010635677355641719, 0.5332971128238556, 0.017583695820565, 0.042292441480899806, 0.0013944523767838448, 0.06992102163711399, 0.0023054127734163108]
Timestep: 398, Trans probs: [0.3126286247475097, 0.010229389778325987, 0.5444149743071859, 0.01781357346226145, 0.04058951013951665, 0.0013281122944636503, 0.07068302570691662, 0.0023127895638201485]
Timestep: 399, Trans probs: [0.3528546016490616, 0.011432977397778607, 0.5054089443288239, 0.016375949215743937, 0.04536858275605012, 0.0014700048654461093, 0.06498338808469145, 0.0021055517024042435]
Timestep: 400, Trans probs: [0.3318097095242407, 0.010585197512075052, 0.5278619615610324, 0.016839540742332296, 0.04223048050564199, 0.0013472118637607204, 0.06718267620720292, 0.002143222083713843]
Timestep: 401, Trans probs: [0.32432987926224216, 0.010267965127834485, 0.47343445284091035, 0.01498846934221333, 0.0697426550343708, 0.0022079838941896656, 0.10180553145759351, 0.0032230630406457363]
Timestep: 402, Trans probs: [0.3461930719558386, 0.01094523081853783, 0.5056441682721898, 0.015986432375783316, 0.04775927502366416, 0.0015099559500333236, 0.06975644763828195, 0.002205417965671013]
Timestep: 403, Trans probs: [0.34292602753431767, 0.01076543268419396, 0.5101465674321487, 0.016014965589667345, 0.04682774970906904, 0.0014700575248544452, 0.06966229990303881, 0.002186899622710168]
Timestep: 404, Trans probs: [0.34930777191644347, 0.010880973522263998, 0.5050147124394139, 0.015731260957232526, 0.047211702736852434, 0.0014706494636585771, 0.06825672486648802, 0.0021262040976470836]
Timestep: 405, Trans probs: [0.36423160223664874, 0.011329136789952572, 0.49114664499791977, 0.015276729122182238, 0.04873683654526944, 0.0015159208716111795, 0.06571899200956423, 0.0020441374268518595]
Timestep: 406, Trans probs: [0.35308900462253745, 0.010972180229317535, 0.503295552078748, 0.015639822916392813, 0.04678685070777115, 0.001453893357219174, 0.06669030626475249, 0.0020723898232614117]
Timestep: 407, Trans probs: [0.34255635777843196, 0.010551543013424283, 0.5149740559631021, 0.015862414399579878, 0.04497522108213811, 0.0013853427881592394, 0.06761244242760964, 0.0020826225475547547]
Timestep: 408, Trans probs: [0.33252311347741303, 0.010178041756262286, 0.5261559691971128, 0.016104857700842582, 0.04322535955467816, 0.0013230644627259852, 0.06839609046283704, 0.0020935033881280376]
Timestep: 409, Trans probs: [0.324475593379736, 0.009906708387859238, 0.47827414633099447, 0.01460240028472164, 0.06775423167907055, 0.0020686345259332693, 0.09986913647060039, 0.003049148941084405]
Timestep: 410, Trans probs: [0.34990221538589394, 0.01059256879967268, 0.501040077509681, 0.015167956243321887, 0.0492093287159428, 0.0014897110595154769, 0.07046496075151554, 0.002133181534456653]
Timestep: 411, Trans probs: [0.34626955655568664, 0.010343393516147813, 0.5060359584950187, 0.015115764446919474, 0.04822063791384346, 0.0014403952761649983, 0.07046931000429665, 0.002104983791922327]
Timestep: 412, Trans probs: [0.3363521030245053, 0.009948653428907602, 0.5172334563569664, 0.015298778728779217, 0.046373746212708136, 0.001371646929279751, 0.07131233258878197, 0.0021092827300713967]
Timestep: 413, Trans probs: [0.3267319129193434, 0.009638801493395681, 0.5279007561014489, 0.015573411702613369, 0.04461981000723699, 0.0013163130821535534, 0.07209222762925555, 0.0021267670645524835]
Timestep: 414, Trans probs: [0.31748553161922327, 0.009319080339044829, 0.5382670456112267, 0.01579962972274107, 0.04293662789418468, 0.0012603090376838862, 0.07279503959515873, 0.0021367361807367435]
Timestep: 415, Trans probs: [0.30854575039366017, 0.009027325773169457, 0.5482685664413102, 0.01604105373073389, 0.04132589543246212, 0.0012090988790505043, 0.0734338081686477, 0.0021485011809659854]
Timestep: 416, Trans probs: [0.3487787453191595, 0.010057257567429034, 0.5094169902937944, 0.01468936381407341, 0.046239958400532376, 0.0013333586916708582, 0.06753685755178238, 0.0019474683615582338]
Timestep: 417, Trans probs: [0.35529517015859036, 0.010257556866878577, 0.5039122020470062, 0.014548208088795492, 0.04661647031714823, 0.0013458418109029398, 0.06611575439848438, 0.0019087963121939273]
Timestep: 418, Trans probs: [0.326475500297068, 0.009409566793837051, 0.5337129107803934, 0.015382493565831616, 0.04243151046092158, 0.001222946688134757, 0.06936583276938331, 0.001999238644430389]
Timestep: 419, Trans probs: [0.33025132929377476, 0.009427646886321944, 0.4779675810605324, 0.013644485813226671, 0.06702388743483761, 0.0019133232409252572, 0.09700262348378262, 0.002769122786598823]
Timestep: 420, Trans probs: [0.33956164552347945, 0.009655552212066865, 0.5128565699030242, 0.014583253006581863, 0.04777529187261655, 0.001358506860842991, 0.07215736123004424, 0.00205181939134373]
Timestep: 421, Trans probs: [0.33010173285912403, 0.009307386163569511, 0.5235939199056645, 0.014762996738156644, 0.045968563149159855, 0.001296107005885522, 0.07291346205071707, 0.002055832127722916]
Timestep: 422, Trans probs: [0.3279359587489432, 0.009238489325993532, 0.4842902647754233, 0.013643244427597397, 0.06475094584941993, 0.001824139458081856, 0.09562309918529398, 0.0026938582292467374]
Timestep: 423, Trans probs: [0.34234933567093295, 0.009585491769587312, 0.5033698413205657, 0.014093929703648098, 0.05142785269293793, 0.0014399363671893936, 0.07561641677723153, 0.002117195697907054]
Timestep: 424, Trans probs: [0.33790275347949866, 0.009343791823499531, 0.5091909785169875, 0.01408030698973105, 0.05026017842184637, 0.0013898100543716597, 0.07573785406460459, 0.0020943266494606694]
Timestep: 425, Trans probs: [0.3582776649123856, 0.009772772348509982, 0.4902906898134018, 0.013373703597493377, 0.052725626882337506, 0.0014382017047575928, 0.07215321106133411, 0.001968129679780198]
Timestep: 426, Trans probs: [0.34855533528172744, 0.00946864976368407, 0.5012006117131091, 0.013615321796235976, 0.05077944292005719, 0.001379444557393967, 0.07301763960494967, 0.001983554362842714]
Timestep: 427, Trans probs: [0.32187675937959875, 0.008657411533825508, 0.49493349534753345, 0.013312060676133091, 0.06186732627560905, 0.0016640247810925115, 0.09513023587168083, 0.0025586861345269006]
Timestep: 428, Trans probs: [0.33818634800002534, 0.009103656199153046, 0.5037072952439083, 0.013559323337633598, 0.05298103084937645, 0.001426199173271798, 0.07891191322829945, 0.002124233968332104]
Timestep: 429, Trans probs: [0.3451004954621072, 0.009167409256317306, 0.4982313605216719, 0.01323524841689327, 0.05352112585266749, 0.0014217599539903924, 0.07726996541838958, 0.0020526351179627404]
Timestep: 430, Trans probs: [0.2953709834798603, 0.06583385430241961, 0.4135839967993077, 0.09218179885619839, 0.045322198143408814, 0.010101652349483443, 0.06346099278624386, 0.014144523283077814]
Timestep: 431, Trans probs: [0.3552081909684272, 0.015462503658449681, 0.4767730925548462, 0.02075432345121498, 0.053924455852782306, 0.00234737575625802, 0.07237932636399569, 0.003150731394026002]
Timestep: 432, Trans probs: [0.3429266617171117, 0.014736470703836328, 0.4905797868155319, 0.021081518188472235, 0.05154822815588371, 0.0022151644618419765, 0.07374322735014673, 0.0031689426071753964]
Timestep: 433, Trans probs: [0.34980773729853215, 0.014850597413683442, 0.48520381628761994, 0.02059864826008954, 0.052057272126294726, 0.002210018556972073, 0.07220648490014787, 0.003065425156660217]
Timestep: 434, Trans probs: [0.3705619379564507, 0.015488044014565537, 0.4661292753212197, 0.019482386055259225, 0.05455937004714475, 0.0022803689158071468, 0.0686301452391655, 0.002868472450387338]
Timestep: 435, Trans probs: [0.3467712364111938, 0.014260665182057083, 0.49156099295248545, 0.02021501785904362, 0.05053409444420814, 0.0020781706366579168, 0.07163393913529267, 0.0029458833790612774]
Timestep: 436, Trans probs: [0.3847254762517485, 0.01559851336976538, 0.45516317928822375, 0.018454376889006467, 0.0554932982203203, 0.0022499496593140146, 0.06565332322994485, 0.002661883091676772]
Timestep: 437, Trans probs: [0.3435973580023467, 0.0137989866098658, 0.4977044187442009, 0.01998797851604948, 0.04904551529886563, 0.001969684554089012, 0.07104294929900191, 0.0028531089755806757]
Timestep: 438, Trans probs: [0.33709421124214345, 0.013405003038645865, 0.47310168604187136, 0.018813522533094443, 0.06305825777590346, 0.002507596122706781, 0.08850038676936241, 0.0035193364762720657]
Timestep: 439, Trans probs: [0.3941497316122206, 0.015439824557911113, 0.4400930811870466, 0.017239539742636863, 0.06050437924557467, 0.002370106905098872, 0.06755696262579661, 0.0026463741237146574]
Timestep: 440, Trans probs: [0.38450018814409614, 0.014999011322581522, 0.4509587284130067, 0.01759150003575234, 0.05844715538154599, 0.002279971694089144, 0.06854939394812906, 0.002674051060798878]
Timestep: 441, Trans probs: [0.3436765888863378, 0.013351571058700405, 0.4930475674943613, 0.01915451865386587, 0.05170379557564346, 0.0020086526780008027, 0.07417563914202982, 0.0028816665110606853]
Timestep: 442, Trans probs: [0.3972944178273877, 0.015203943712693504, 0.44103371139966846, 0.016877789927655578, 0.059150798129350514, 0.002263624568997269, 0.06566288087786384, 0.0025128335563830814]
Timestep: 443, Trans probs: [0.3880555852674303, 0.014760184037494493, 0.4515478973705027, 0.01717519427619919, 0.05719775070397474, 0.002175588650114594, 0.06655624875725685, 0.002531550937027132]
Timestep: 444, Trans probs: [0.2947394522070389, 0.05912100465411131, 0.43214557161831824, 0.08668293355228687, 0.042997662653265635, 0.008624787061265078, 0.06304296681835028, 0.012645621435363654]
Timestep: 445, Trans probs: [0.34243931922350185, 0.018599488346190733, 0.4863196087725052, 0.026414302879701153, 0.049469596779788606, 0.002686926229391023, 0.07025488488481162, 0.0038158728841099303]
Timestep: 446, Trans probs: [0.3945410788217965, 0.021247538059213502, 0.4356790092122489, 0.023462972113022656, 0.05639877815732348, 0.0030372887633637884, 0.06227935469163783, 0.003353980181393285]
Timestep: 447, Trans probs: [0.385969945686306, 0.02046870415729439, 0.4459103648573516, 0.023647456080309416, 0.05463679025416755, 0.00289749061634355, 0.06312178279464116, 0.003347465553586354]
Timestep: 448, Trans probs: [0.33995259839654124, 0.01781652787277863, 0.4934882649395712, 0.02586315700675781, 0.04762536803933393, 0.002495991209146075, 0.069134815711644, 0.003623276824226946]
Timestep: 449, Trans probs: [0.39773602196612645, 0.020614976505905668, 0.4371365358218463, 0.02265713668903701, 0.05519165055614357, 0.0028606274430782, 0.06065904418498261, 0.003144006832880249]
Timestep: 450, Trans probs: [0.3894953924649384, 0.019869598508216485, 0.4470544016154795, 0.022805896149927247, 0.05350300334298196, 0.002729385805262156, 0.061409592017910464, 0.00313273009528372]
Timestep: 451, Trans probs: [0.33748170881394035, 0.016955604879268397, 0.5006926315705365, 0.025155574969402447, 0.04589584432876812, 0.002305878457158206, 0.06809172312147951, 0.0034210338594464905]
Timestep: 452, Trans probs: [0.4008762695198882, 0.019964475733038323, 0.4386964719167827, 0.021848000826393675, 0.05394900022006861, 0.0026867729212437293, 0.05903875549512328, 0.002940253367461291]
Timestep: 453, Trans probs: [0.39280301380580707, 0.019336759294448648, 0.4481623031218777, 0.02206196560548224, 0.0523681345925403, 0.0025779588692663715, 0.05974858385580536, 0.002941280854772323]
Timestep: 454, Trans probs: [0.38508723226635416, 0.018709763028674727, 0.45733969172353994, 0.022220205030937353, 0.05084895132179925, 0.0024705358936165478, 0.06038954754514414, 0.0029340731899338323]
Timestep: 455, Trans probs: [0.33539222138337554, 0.01608172417672279, 0.5085487899778784, 0.024384409802641116, 0.04383608217607114, 0.0021018966380198607, 0.06646781030299947, 0.0031870655422915344]
Timestep: 456, Trans probs: [0.3960756492144151, 0.01875869298969436, 0.44931165313036064, 0.02128002409257359, 0.051252123545995044, 0.0024273717724785987, 0.05814085365401051, 0.002753631600472142]
Timestep: 457, Trans probs: [0.3885835326511875, 0.018177339157471065, 0.45824973981880984, 0.021436217028235727, 0.049777257967776226, 0.0023285034603393972, 0.05870144665420763, 0.0027459632619726924]
Timestep: 458, Trans probs: [0.3813930160798928, 0.017583855889955438, 0.46693620907776673, 0.021527764442612767, 0.04837423885100798, 0.0022302601486657177, 0.059224167076464, 0.0027304884336346643]
Timestep: 459, Trans probs: [0.33318567889088163, 0.015246260578966523, 0.5163648495215692, 0.023628365648341584, 0.0418438631598301, 0.0019147354816961375, 0.06484882596350423, 0.002967420755210295]
Timestep: 460, Trans probs: [0.39184555863871856, 0.017773404025906853, 0.4589512853366616, 0.020817198109468978, 0.04873358417720308, 0.002210467012108137, 0.05707948094369371, 0.002589021756239133]
Timestep: 461, Trans probs: [0.3297796210546923, 0.014748483468601014, 0.5224443391977013, 0.023364881296420673, 0.040618891720498526, 0.0018165678374447364, 0.06434936754427108, 0.0028778478803704382]
Timestep: 462, Trans probs: [0.3376119827108199, 0.014908582756707745, 0.5160044665269846, 0.022786203351785942, 0.04116926599592243, 0.0018179905944240445, 0.06292290032765079, 0.0027786077357046086]
Timestep: 463, Trans probs: [0.4027601492358619, 0.017636011477529415, 0.45209936618998897, 0.019796470992072223, 0.04861692260363273, 0.0021288317790788074, 0.05457262824266783, 0.002389619479168023]
Timestep: 464, Trans probs: [0.3955260179818667, 0.017194446739970892, 0.46046500299615845, 0.020017497230740876, 0.04729160970543838, 0.002055877558894066, 0.05505612833213462, 0.002393419454796249]
Timestep: 465, Trans probs: [0.3343794493271771, 0.014392451836878904, 0.5228908859017476, 0.022506412718923587, 0.03957600497350732, 0.0017034412450388275, 0.06188757216595873, 0.002663781830767955]
Timestep: 466, Trans probs: [0.3423607058959215, 0.014605535736023573, 0.5161128259334709, 0.02201801840332408, 0.04012373211941796, 0.0017117285752733255, 0.06048700220125662, 0.0025804511353121214]
Timestep: 467, Trans probs: [0.350233015888535, 0.01480629451988209, 0.5094294314532612, 0.02153641106637881, 0.0406497985060115, 0.001718492722129375, 0.059126932077122184, 0.0024996237666798254]
Timestep: 468, Trans probs: [0.40658388867904355, 0.017003616366859597, 0.45432744903912703, 0.019000284722284055, 0.04672972568177857, 0.0019542690956177674, 0.052217015121472345, 0.0021837512938170343]
Timestep: 469, Trans probs: [0.39953427178025874, 0.01658224438842089, 0.4625115750579359, 0.019196050281019016, 0.04546854481738489, 0.001887123522065269, 0.05263560541471458, 0.002184584738200708]
Timestep: 470, Trans probs: [0.326354829269279, 0.01336867971311778, 0.4862566221461924, 0.01991883819954524, 0.059453454110579375, 0.0024354295219791927, 0.08858344715003533, 0.003628699889271703]
Timestep: 471, Trans probs: [0.4046018838193431, 0.01639172357297521, 0.45022860715248497, 0.018240208877486102, 0.050281732581898185, 0.0020370747003757095, 0.05595197484465953, 0.0022667944507772817]
Timestep: 472, Trans probs: [0.32316610161270687, 0.012942573693095902, 0.4932354701000932, 0.019753731557741593, 0.057433250217431224, 0.002300161030701036, 0.08765806818538265, 0.0035106436028472686]
Timestep: 473, Trans probs: [0.3430647630785523, 0.013624598839756967, 0.5045422606459344, 0.020037574938674075, 0.046220104758232, 0.0018356020595395937, 0.06797549224450854, 0.002699603434802134]
Timestep: 474, Trans probs: [0.35110991502341893, 0.01373980699155108, 0.49800908544323946, 0.019488338042440597, 0.04681726909434309, 0.0018320765484075782, 0.06640491870777476, 0.002598590148824503]
Timestep: 475, Trans probs: [0.41062567725002574, 0.015852999862277402, 0.43986665591986956, 0.01698190449856403, 0.05423678798753847, 0.0020939162846683916, 0.058099032480589965, 0.002243025716466408]
Timestep: 476, Trans probs: [0.4038761359769695, 0.015537121958967809, 0.4477248641469079, 0.017223983292514903, 0.05281025246291923, 0.0020316113285956685, 0.05854384798529593, 0.002252182847829076]
Timestep: 477, Trans probs: [0.3974006294931037, 0.015160476092727944, 0.45541798575529546, 0.017373785980279336, 0.05146065471644292, 0.0019631776289330176, 0.0589735042606868, 0.002249786072530734]
Timestep: 478, Trans probs: [0.3910995761395054, 0.014826394514050094, 0.4628792414068374, 0.017547526676464687, 0.050146396312570424, 0.0019010254690812363, 0.059349913169349976, 0.002249926312140832]
Timestep: 479, Trans probs: [0.34846330820095367, 0.013102513638135662, 0.5067253351790824, 0.01905329903814136, 0.04424023079409851, 0.0016634699082856215, 0.06433287307429104, 0.0024189701670118092]
Timestep: 480, Trans probs: [0.4001128786105893, 0.014873842597486026, 0.4563192888179166, 0.016963266215382525, 0.050328096116835905, 0.0018709024874990704, 0.057398005051333814, 0.0021337201029565976]
Timestep: 481, Trans probs: [0.39401631505702517, 0.014460658653103687, 0.4637156444172084, 0.017018670013831193, 0.04909132461395517, 0.0018016839936396327, 0.057775311221211594, 0.0021203920300250922]
Timestep: 482, Trans probs: [0.3881363917995382, 0.014046487430498678, 0.47096651470453577, 0.017044073600807105, 0.04787713329871488, 0.001732652658439817, 0.058094337661040336, 0.0021024088464253097]
Timestep: 483, Trans probs: [0.3823632511543211, 0.0136919044085336, 0.4780019221706318, 0.017116594248264075, 0.04669256947381689, 0.001671996971189813, 0.05837155608492896, 0.0020902054883136295]
Timestep: 484, Trans probs: [0.34585188454976656, 0.012350488846936994, 0.5155027316353886, 0.018408778503308347, 0.0418249478958554, 0.001493583165475429, 0.06234135436008805, 0.0022262310431806326]
Timestep: 485, Trans probs: [0.3910616574513893, 0.013856501431278964, 0.47140931038125206, 0.01670346263703446, 0.046842163661451594, 0.0016597600287616785, 0.05646636955492245, 0.002000774853909499]
Timestep: 486, Trans probs: [0.3853839578848139, 0.013472919318416054, 0.47837443100920124, 0.016723841200744823, 0.04571592239194682, 0.0015982163277739804, 0.05674685703665128, 0.0019838548304519877]
Timestep: 487, Trans probs: [0.37979374324325244, 0.013159755087069075, 0.4851253680646857, 0.016809468675650512, 0.04460975869005316, 0.0015457166140790046, 0.0569817854790933, 0.0019744041461170103]
Timestep: 488, Trans probs: [0.3742553739505329, 0.012914970625943887, 0.4916677480132405, 0.01696668896504416, 0.04353138233466374, 0.0015022002709658467, 0.057188161373512875, 0.0019734744660961892]
Timestep: 489, Trans probs: [0.3688142945875996, 0.012639414947950381, 0.498076708039273, 0.017069290103999057, 0.04253348015394144, 0.001457639556642482, 0.05744065804232849, 0.0019685145682656613]
Timestep: 490, Trans probs: [0.36354061955909084, 0.01233921442069501, 0.5044544195570405, 0.017122079111629523, 0.04153827546219367, 0.0014098828576997312, 0.057639134419408176, 0.0019563746122425686]
Timestep: 491, Trans probs: [0.35825626656457654, 0.01213103549373405, 0.5106147179898781, 0.017290096072727537, 0.04056307085945668, 0.0013735197350475967, 0.057813646042592, 0.001957647241987441]
Timestep: 492, Trans probs: [0.3441255772382566, 0.01160630845582105, 0.5256589652805963, 0.017728877180757496, 0.03861052170625168, 0.0013022153952034483, 0.05897837368537206, 0.0019891610577413626]
Timestep: 493, Trans probs: [0.3671067479341369, 0.012215213100695926, 0.503804400683688, 0.016763729215143044, 0.040839457533302245, 0.00135890358729012, 0.05604663641460404, 0.0018649115311398239]
Timestep: 494, Trans probs: [0.33999065351973623, 0.011143010065524794, 0.5321680151322072, 0.017441519311719264, 0.03746504557810943, 0.0012278966367467636, 0.05864190305155782, 0.001921956704398362]
Timestep: 495, Trans probs: [0.348474357553373, 0.011360016976126375, 0.5246804281305407, 0.017104209940874315, 0.03802409986948411, 0.0012395586953714518, 0.057250987242995884, 0.0018663415912340553]
Timestep: 496, Trans probs: [0.3764396452187982, 0.012094188961181973, 0.4978249717160094, 0.015994036106449477, 0.040736017888140554, 0.001308759861302352, 0.05387160255450624, 0.001730777693611949]
Timestep: 497, Trans probs: [0.34408463396282374, 0.010978877940776094, 0.5311854174936003, 0.0169487948224172, 0.036878055308919494, 0.0011766862799620441, 0.056931008455718926, 0.0018165257357820896]
Timestep: 498, Trans probs: [0.3849536232222853, 0.012267962725676, 0.49111917343254213, 0.015651318366878123, 0.04088376263350062, 0.0013029114309272335, 0.052159009553685624, 0.0016622386345050775]
Timestep: 499, Trans probs: [0.3795006476692851, 0.011971563651048603, 0.4976066933451016, 0.015697285997150746, 0.03994081375043805, 0.0012599556733951414, 0.052370967959949055, 0.0016520719536318733]
