154.0,0.5,1
92.0,0.4444444444444444,0
162.0,0.2705882352941177,1
47.0,0.5212765957446809,0
57.0,0.2898799313893653,0
64.0,0.2718843741478047,0
65.0,0.2189304857273445,0
67.0,0.1870064055535347,0
126.0,0.16213901168066797,1
42.0,0.3054572275753391,0
42.0,0.19157200063995136,0
159.0,0.18188668820880893,1
97.0,0.31371274240865876,0
95.0,0.19531462493327173,0
52.0,0.1941476979027729,0
120.0,0.17714598175468285,1
102.0,0.29738473487987777,0
153.0,0.26686708333430686,1
140.0,0.30322566978593185,1
84.0,0.3237858260501958,0
30.0,0.22082121347630929,0
151.0,0.22006486619196441,1
43.0,0.3385123616250696,0
164.0,0.21736200284649865,1
162.0,0.35898189145747333,1
97.0,0.34740999512320336,0
49.0,0.24529409397388174,0
111.0,0.24746481671668408,1
101.0,0.36522076895984107,0
150.0,0.3336631245740689,1
83.0,0.35745760313313635,0
69.0,0.24833757032577256,0
50.0,0.25877181746586975,0
168.0,0.2440696791539196,1
79.0,0.36093975333481443,0
172.0,0.23291295148055927,1
115.0,0.3764883892536795,1
97.0,0.35338886872330366,0
158.0,0.2550640955285005,1
98.0,0.3930764471945691,0
109.0,0.25230939083697945,1
79.0,0.40399753335089833,0
96.0,0.25468666041341054,0
67.0,0.28211457657314054,0
166.0,0.26449047135145687,1
38.0,0.3822344079918801,0
140.0,0.2468678745225053,1
109.0,0.3966132413441687,1
125.0,0.3632282784281665,1
76.0,0.38468973930219735,0
119.0,0.27268506839077766,1
166.0,0.4149967682366748,1
106.0,0.38774401540684256,1
40.0,0.40512272028111784,0
101.0,0.29105237429042796,0
141.0,0.41129406251495076,1
107.0,0.3933491579444295,1
65.0,0.40724421359248664,0
37.0,0.2938462363415882,0
82.0,0.3057358966983007,0
128.0,0.29476853409942283,1
97.0,0.41204291572501844,0
65.0,0.2805622762555575,0
82.0,0.29576650916312097,0
172.0,0.2852696893907253,1
78.0,0.4004984626639704,0
114.0,0.2719298388919148,1
25.0,0.40899202007126567,0
98.0,0.27308971643350294,0
82.0,0.2916592501047953,0
46.0,0.2811032993676915,0
96.0,0.2760796559754915,0
65.0,0.2703732901628799,0
157.0,0.2650124850086255,1
99.0,0.3748884589555794,0
113.0,0.25344993942456967,1
160.0,0.38271228988021094,1
102.0,0.36495415348789184,0
71.0,0.36500768075381956,0
105.0,0.25914640263385214,1
81.0,0.38508654702274564,0
155.0,0.25881709096064176,1
86.0,0.3903352163944788,0
99.0,0.26044502495284266,0
33.0,0.27785140128550057,0
128.0,0.26933174082419714,1
26.0,0.37948730984682916,0
153.0,0.2554664496708611,1
163.0,0.3872269727427742,1
126.0,0.36536206147411576,1
112.0,0.3761167926237392,1
126.0,0.3803737506712783,1
34.0,0.38567334618216054,0
132.0,0.27854438966611567,1
109.0,0.40541697530937043,1
134.0,0.3899325437499273,1
132.0,0.39789850202274574,1
62.0,0.4022238026621105,0
79.0,0.2928000482820459,0
138.0,0.30022838261953455,1
163.0,0.41206783152099125,1
24.0,0.4023158432136915,0
69.0,0.29445930770444073,0
57.0,0.3013992400603943,0
168.0,0.29567644072619825,1
36.0,0.40823854767641693,0
49.0,0.2868736819161242,0
136.0,0.2954207132245934,1
135.0,0.4060739419863834,1
131.0,0.39683273244659506,1
159.0,0.40257528155426775,1
108.0,0.4065392356099233,1
135.0,0.4106126127433844,1
121.0,0.41460587894345224,1
68.0,0.41853805459315585,0
112.0,0.3072787661152,1
161.0,0.42825602390340567,1
116.0,0.4230577102465509,1
60.0,0.42742014003715734,0
95.0,0.31508767763541,0
58.0,0.3169230308703355,0
147.0,0.3122886355298742,1
103.0,0.42622257427888594,0
102.0,0.41655650248978743,0
37.0,0.41294144645686887,0
158.0,0.30194547308493574,1
82.0,0.4197058145703716,0
50.0,0.30278991477451744,0
68.0,0.30522990187282667,0
107.0,0.3010709362540753,1
33.0,0.41314300266571563,0
63.0,0.2974638419591412,0
167.0,0.3000311343214418,1
161.0,0.4114515921306329,1
66.0,0.4078662499600732,0
25.0,0.2988140102777782,0
55.0,0.3009242197228018,0
48.0,0.2970955653730096,0
133.0,0.2936341475238353,1
47.0,0.4042656863635637,0
80.0,0.2907536629313642,0
62.0,0.2927857651020731,0
140.0,0.2892456746209051,1
62.0,0.39907386694598146,0
30.0,0.28631711750600924,0
139.0,0.28854424143124635,1
70.0,0.3978654929104083,0
57.0,0.28473978729706706,0
146.0,0.28768986398225843,1
29.0,0.396705496089787,0
52.0,0.2832182814927374,0
94.0,0.2868697542292205,0
132.0,0.28351592361788275,1
110.0,0.392118640128524,1
74.0,0.3882148918515721,0
162.0,0.2823161299065996,1
134.0,0.3971590839082461,1
140.0,0.39242508299162204,1
161.0,0.3958277602678332,1
96.0,0.3987040126677816,0
44.0,0.29097415687282735,0
158.0,0.29263540228835744,1
32.0,0.4022219626019774,0
162.0,0.2892564817227963,1
88.0,0.4047819852744306,0
148.0,0.2901377385873495,1
25.0,0.4070602299324605,0
141.0,0.29097867402000815,1
117.0,0.4092830005661917,1
28.0,0.4023629912286426,0
36.0,0.2948697801372581,0
135.0,0.29943742028010273,1
119.0,0.4094382764594877,1
151.0,0.40336832384578586,1
137.0,0.4066607788594036,1
41.0,0.4092330115322118,0
141.0,0.3002191854110782,1
59.0,0.4178214169437312,0
43.0,0.3005428573011087,0
80.0,0.30532748353662403,0
48.0,0.3021093601597818,0
47.0,0.2994323620397626,0
108.0,0.29677005446397653,1
65.0,0.40672322625355956,0
132.0,0.2923902203864587,1
83.0,0.40906985591571243,0
132.0,0.293110034790375,1
162.0,0.41105465389579593,1
140.0,0.4042205202618816,1
133.0,0.4073419183068042,1
84.0,0.4097073899103815,0
163.0,0.30077745709283427,1
75.0,0.41820674365529104,0
117.0,0.3010346851126503,1
74.0,0.4200745588583572,0
24.0,0.3016357075001501,0
129.0,0.30762321486742333,1
167.0,0.4181809655557427,1
31.0,0.4113842842397703,0
163.0,0.30292189552283766,1
140.0,0.4222516390746961,1
102.0,0.4143431036844671,0
151.0,0.41321643428900007,1
108.0,0.41588806720568333,1
90.0,0.41808693757022075,0
157.0,0.3081818564137612,1
43.0,0.428885465949387,0
92.0,0.3079540239763268,0
38.0,0.31556313184425683,0
42.0,0.3122797103457709,0
106.0,0.30991905907788153,1
127.0,0.4212487458521796,1
107.0,0.41385779307712767,1
57.0,0.4167820696763285,0
142.0,0.30705878564971295,1
33.0,0.426630296281747,0
121.0,0.30696358960049835,1
156.0,0.42825978028666634,1
157.0,0.4192907672824715,1
31.0,0.4223285265431857,0
174.0,0.3119332474160623,1
32.0,0.4327420217293611,0
107.0,0.311679979741452,1
157.0,0.43429570150177027,1
123.0,0.42449928553146304,1
166.0,0.4276015379752125,1
105.0,0.42949653826204764,1
146.0,0.4314795784463924,1
159.0,0.43343841281484835,1
84.0,0.4353824597755954,0
57.0,0.3235801769557388,0
126.0,0.32823567822115873,1
93.0,0.4410927676459138,0
172.0,0.32154195431361077,1
68.0,0.4429726200208088,0
172.0,0.32184761278893437,1
66.0,0.4443211692914672,0
166.0,0.32216533156588884,1
131.0,0.44564379086581585,1
174.0,0.4360120412712776,1
107.0,0.4388981656650592,1
107.0,0.4406503043609586,1
126.0,0.44248380780196656,1
100.0,0.44429611458981216,0
25.0,0.44252826586043503,0
36.0,0.3296293045543181,0
64.0,0.3344201609840615,0
97.0,0.33168933470579365,0
50.0,0.32944313210879606,0
43.0,0.32719811752786476,0
46.0,0.3249811722662531,0
87.0,0.3227904546940458,0
52.0,0.3206256399490583,0
75.0,0.31848633529423065,0
156.0,0.31637215736179447,1
25.0,0.42803250535040943,0
158.0,0.31334453733425294,1
45.0,0.42952007971336315,0
31.0,0.31377124089207964,0
105.0,0.3168112247231972,1
154.0,0.4282329947205139,1
55.0,0.42439500610275277,0
57.0,0.3143013695776486,0
51.0,0.3170434095681271,0
91.0,0.3148337171119549,0
169.0,0.3128506404998279,1
134.0,0.42394572752832926,1
164.0,0.42093570014076476,1
35.0,0.42279751554688116,0
88.0,0.3126989849824836,0
43.0,0.3143698573451604,0
132.0,0.3123083866975071,1
170.0,0.42328317816439465,1
153.0,0.42112305253569765,1
33.0,0.4228804324103033,0
121.0,0.31280307202938584,1
99.0,0.4270880029777083,0
146.0,0.3131567687095301,1
102.0,0.42834676790010906,0
57.0,0.4222657964027339,0
28.0,0.3121336917297827,0
122.0,0.3141006055584835,1
146.0,0.4250763522246758,1
68.0,0.4222484984022194,0
108.0,0.3124346794815954,1
100.0,0.42761924577793,0
152.0,0.4212709600736716,1
83.0,0.42343918629650495,0
114.0,0.3133291949998732,1
42.0,0.4300102608438965,0
91.0,0.3134483355514705,0
35.0,0.31760001780933617,0
103.0,0.31548668438277555,0
32.0,0.42241519890532586,0
136.0,0.30748322416021184,1
138.0,0.42286725310082207,1
74.0,0.418770720893627,0
156.0,0.3095249621451748,1
114.0,0.42516123285108476,1
99.0,0.42076258125600086,0
165.0,0.31130584270596107,1
92.0,0.4274285878080487,0
89.0,0.3114271161277827,0
47.0,0.3154480652099174,0
76.0,0.31344134096434495,0
174.0,0.3117401903622008,1
110.0,0.42236101020669037,1
127.0,0.41826352513906173,1
81.0,0.4199997347234968,0
132.0,0.31041051839366157,1
121.0,0.42588659177435273,1
164.0,0.4216708917013835,1
150.0,0.4233788522801977,1
139.0,0.42480592242617266,1
71.0,0.42623621960073593,0
55.0,0.315922145637705,0
64.0,0.31792027331538925,0
25.0,0.31610734698643095,0
145.0,0.31443096060341735,1
63.0,0.42532398607293803,0
144.0,0.3119627001941744,1
55.0,0.4265146981546726,0
117.0,0.3123262697589245,1
63.0,0.4275966487800648,0
49.0,0.3126790054053304,0
84.0,0.3157627489117779,0
79.0,0.31395196855393637,0
172.0,0.31234826298527896,1
119.0,0.4229078149028183,1
53.0,0.41974386407912223,0
85.0,0.3104215062186613,0
132.0,0.3127204163749535,1
82.0,0.42315594391335615,0
114.0,0.30932035171431155,1
83.0,0.42437135047258523,0
172.0,0.3096678472537353,1
44.0,0.4254179808589092,0
80.0,0.3100088176612428,0
93.0,0.31395190320897454,0
41.0,0.3121546380661689,0
48.0,0.31063505407129927,0
156.0,0.30911732340730275,1
144.0,0.4191575961435857,1
44.0,0.41540088184022234,0
136.0,0.3067071548113403,1
80.0,0.4213582108220518,0
135.0,0.306861320408109,1
168.0,0.4223937913259079,1
25.0,0.417522050428809,0
51.0,0.30865769165271734,0
62.0,0.3122159613798948,0
172.0,0.31050860516960077,1
58.0,0.42069305131964246,0
31.0,0.30629440218899073,0
142.0,0.3101350382017639,1
93.0,0.41997028707410383,0
130.0,0.3054376437320262,1
74.0,0.42124137121546434,0
75.0,0.30575686134370794,0
88.0,0.3104428561999076,0
106.0,0.3087004103556673,1
90.0,0.41859670427772555,0
53.0,0.3037636812609652,0
131.0,0.3084324725700885,1
154.0,0.417900279416187,1
67.0,0.41254017464971665,0
159.0,0.30441453525950435,1
122.0,0.42013245737677046,1
165.0,0.4141764326560097,1
146.0,0.4158471509230996,1
81.0,0.41705761148385384,0
89.0,0.30803570120780127,0
124.0,0.31193304423680124,1
155.0,0.4219063317546798,1
115.0,0.4170403311085233,1
80.0,0.41857708241932295,0
66.0,0.30936281186997283,0
46.0,0.31293816117099027,0
91.0,0.311338428505708,0
155.0,0.30997737764890465,1
147.0,0.419940336273936,1
131.0,0.4159694119437831,1
167.0,0.41739190569649065,1
94.0,0.41856920192954056,0
32.0,0.3093895700862406,0
77.0,0.31191992650007627,0
149.0,0.31043295132750476,1
116.0,0.4204331659832087,1
112.0,0.4173862210743962,1
108.0,0.4187044081460488,1
52.0,0.41986091294270766,0
174.0,0.31053775430565844,1
144.0,0.42404977442192227,1
114.0,0.421274359046754,1
100.0,0.4225460542488709,0
74.0,0.4215077701148743,0
150.0,0.31176145202291633,1
106.0,0.4250906214598838,1
117.0,0.422658069585991,1
107.0,0.42389016266517726,1
74.0,0.4250109234532016,0
78.0,0.31508734497324775,0
84.0,0.31623611948594593,0
145.0,0.3148496281659263,1
37.0,0.42536402071660734,0
67.0,0.3131073582679501,0
79.0,0.3143437588440743,0
30.0,0.31298039501069214,0
78.0,0.311681586589693,0
77.0,0.3103913188193127,0
25.0,0.3091105633950165,0
112.0,0.3078392117016928,1
106.0,0.4173797509459358,1
104.0,0.4168169706613399,0
46.0,0.41586611087470216,0
69.0,0.30687372757778447,0
34.0,0.3068340900760915,0
61.0,0.3055802753615337,0
82.0,0.30434693298634574,0
73.0,0.3031223972040326,0
107.0,0.30190667195995396,1
54.0,0.4105725543586353,0
31.0,0.30202970500888443,0
46.0,0.301495790857894,0
164.0,0.30029825050277514,1
167.0,0.4087135699427761,1
58.0,0.4091999822598595,0
124.0,0.3013059681164829,1
113.0,0.4103989967538448,1
37.0,0.4106721384973597,0
157.0,0.3025936306753995,1
147.0,0.41206348719871727,1
163.0,0.41212466627221206,1
61.0,0.4131803465719115,0
117.0,0.304782841070769,1
164.0,0.4144798753758838,1
164.0,0.41460317885603176,1
96.0,0.4156448697138248,0
108.0,0.3069419913878596,1
75.0,0.4168631006448309,0
31.0,0.3072652183029,0
49.0,0.30702978321182633,0
96.0,0.3058478337362854,0
33.0,0.3046805978322775,0
68.0,0.3035212844753327,0
57.0,0.3023698583946324,0
88.0,0.3012262493917118,0
104.0,0.30009038807002153,0
172.0,0.40558650706932425,1
174.0,0.4074289683049143,1
118.0,0.4084447682187146,1
26.0,0.4094538926950561,0
154.0,0.3015690631445933,1
79.0,0.40944397733908977,0
58.0,0.3019139441832987,0
141.0,0.3006443129442611,1
103.0,0.4090036473943177,0
73.0,0.4082850710303075,0
85.0,0.30037214196192535,0
170.0,0.29917400751075374,1
97.0,0.4073032030974486,0
88.0,0.29978534096519693,0
157.0,0.29881889666740846,1
159.0,0.406885540880695,1
69.0,0.4076956346347624,0
107.0,0.3000625325686088,1
122.0,0.40844083724487995,1
121.0,0.4090585480969053,1
155.0,0.41003256224257506,1
100.0,0.4110024234437304,0
104.0,0.41015920644664006,0
141.0,0.4091053648360765,1
30.0,0.41031752727158416,0
75.0,0.30235425180882475,0
140.0,0.30133237926404444,1
38.0,0.4097336104475102,0
74.0,0.30177043248123125,0
91.0,0.300971660832962,0
147.0,0.29991162138353894,1
108.0,0.4080918646991585,1
116.0,0.408893453946996,1
138.0,0.4098406249383449,1
150.0,0.41078432692176464,1
138.0,0.4117244443238895,1
75.0,0.4126609997896768,0
46.0,0.3044132671833358,0
40.0,0.3025973444111564,0
127.0,0.30153642004787756,1
137.0,0.40993152722619564,1
122.0,0.41187932064019134,1
144.0,0.41281534075807197,1
142.0,0.41373611030769414,1
115.0,0.41465328892391284,1
148.0,0.41556705983531966,1
86.0,0.41647744706108664,0
102.0,0.3077615446079766,0
38.0,0.41223201912386725,0
104.0,0.3059285823046384,0
67.0,0.40984644479381965,0
91.0,0.3041465181146135,0
