76.0,0.5,0
54.0,0.33333333333333326,0
21.0,0.24137931034482757,0
77.0,0.21538792353078615,0
76.0,0.1835795667643749,0
153.0,0.17843314504742858,1
83.0,0.42548989994604536,0
35.0,0.2623132412327912,0
130.0,0.22793191322679154,1
109.0,0.4259155259251896,1
144.0,0.46901799034471664,1
24.0,0.5163272627117294,0
72.0,0.2717914104202488,0
123.0,0.2567552972130647,1
86.0,0.4255086434118233,0
87.0,0.26758920571630224,0
104.0,0.2555545504755951,0
39.0,0.3167333731326852,0
77.0,0.19629774491216792,0
87.0,0.18113313038426493,0
66.0,0.16808517345703164,0
153.0,0.15682138348249025,1
120.0,0.34935132325750085,1
67.0,0.39478657809952405,0
64.0,0.26083374729062553,0
37.0,0.22644513303201302,0
148.0,0.1994809924653755,1
62.0,0.4320270347318833,0
113.0,0.2761204668012221,1
83.0,0.4676468706382678,0
45.0,0.30395669868096403,0
52.0,0.2788978815942231,0
55.0,0.24146534218489618,0
88.0,0.2133696080410213,0
81.0,0.19083075045844225,0
156.0,0.17750692395340775,1
147.0,0.36749748226987305,1
49.0,0.4587822591114639,0
88.0,0.28231333591851493,0
58.0,0.2436985868290648,0
57.0,0.21566938050258266,0
131.0,0.18536460405639799,1
73.0,0.433878931949367,0
124.0,0.27631269534481995,1
67.0,0.47046889665257174,0
158.0,0.2921550397215268,1
143.0,0.4967648996174976,1
147.0,0.5313337921369241,1
49.0,0.576987068591492,0
92.0,0.39552904667537614,0
147.0,0.3508728784110807,1
49.0,0.5111532877069556,0
84.0,0.3449384352100227,0
146.0,0.3124810307629281,1
78.0,0.46873132313650634,0
107.0,0.3122007049493506,1
121.0,0.4872137360241833,1
117.0,0.48721203628789944,1
25.0,0.519984837913035,0
108.0,0.3717047382409455,1
21.0,0.5366337457925348,0
97.0,0.36268391863375293,0
113.0,0.33200549042662925,1
73.0,0.4939356210276996,0
117.0,0.3308320130036076,1
119.0,0.5158938779216706,1
128.0,0.5108006223407668,1
131.0,0.5440333482853241,1
154.0,0.5671962151353345,1
87.0,0.5893155576738506,0
87.0,0.43161812543762385,0
152.0,0.3195502720100598,1
45.0,0.5082612543998072,0
151.0,0.36604777150129925,1
72.0,0.5415721000626005,0
83.0,0.37767490823726124,0
131.0,0.3204379908532117,1
43.0,0.48799593648798073,0
56.0,0.33876813190328137,0
146.0,0.2713371178029462,1
53.0,0.46832303369252104,0
36.0,0.3183098719206567,0
141.0,0.2763612856749471,1
43.0,0.4502549728138034,0
22.0,0.30102487419629886,0
120.0,0.27701455412738485,1
51.0,0.4315456256564134,0
126.0,0.2828244683476683,1
153.0,0.45676098821573785,1
97.0,0.4704080605025417,0
104.0,0.32526730964209444,0
125.0,0.4184448035401329,1
34.0,0.4342380643610994,0
81.0,0.30127843882835814,0
148.0,0.2959663350154172,1
100.0,0.4326044018036524,0
113.0,0.38527462995444023,1
109.0,0.41960239700075636,1
69.0,0.4785818622173952,0
72.0,0.32640758162300254,0
129.0,0.3246159128761176,1
68.0,0.46334719241855,0
131.0,0.30465106430898775,1
103.0,0.4820981387493955,0
65.0,0.4199106632575424,0
129.0,0.28889483308592706,1
153.0,0.4608809809656532,1
50.0,0.4897172213762142,0
157.0,0.3333507731159647,1
33.0,0.5053024365370855,0
73.0,0.3222713742995511,0
93.0,0.21956804847193967,0
152.0,0.18130538877921762,1
39.0,0.43186526441759154,0
103.0,0.26512269197415433,0
107.0,0.33055142339582205,1
118.0,0.38739920699502506,1
68.0,0.4737312235849936,0
118.0,0.313324846349024,1
34.0,0.48413252607673274,0
115.0,0.31266030704772074,1
94.0,0.4981936439819605,0
87.0,0.31170209212107663,0
34.0,0.31057969259497653,0
60.0,0.27147574070773256,0
100.0,0.24626618992341087,0
104.0,0.31420145655565884,0
67.0,0.27983907433657346,0
108.0,0.16539690145650937,1
138.0,0.4796892740313124,1
107.0,0.48390079941941333,1
123.0,0.5264485773519055,1
35.0,0.5608987126408291,0
90.0,0.38779008363459944,0
139.0,0.30572548554734924,1
106.0,0.48775198245093293,1
94.0,0.5174507494402037,0
25.0,0.35383375628699837,0
144.0,0.30608816856597115,1
82.0,0.4689907941331664,0
43.0,0.32352494995669584,0
93.0,0.29455869893292697,0
86.0,0.2612209090798841,0
102.0,0.23325060753826554,0
85.0,0.2985528399023855,0
49.0,0.20014935055991384,0
81.0,0.1766872896690424,0
148.0,0.16351818821627895,1
104.0,0.41863193728865555,0
82.0,0.3870745782654176,0
52.0,0.24368389017824543,0
97.0,0.21072632399624996,0
109.0,0.18568897995226025,1
23.0,0.3757868152973654,0
117.0,0.2529119314824838,1
144.0,0.42575888941668455,1
130.0,0.43093138891220095,1
91.0,0.45841705127455523,0
66.0,0.3245791861933792,0
108.0,0.29251402980678565,1
60.0,0.4457709505916493,0
138.0,0.30755604589884367,1
50.0,0.4682084497143748,0
136.0,0.3146104289294308,1
105.0,0.4849409178813481,1
114.0,0.4897590231043586,1
76.0,0.520731065303408,0
148.0,0.3731645621929125,1
154.0,0.5330317840668491,1
114.0,0.5310014713518721,1
24.0,0.5545947035235761,0
63.0,0.40853656763842994,0
149.0,0.3816106212810015,1
139.0,0.5256218485300899,1
79.0,0.5330104968117344,0
57.0,0.38192522286301195,0
77.0,0.3546046368695785,0
102.0,0.3229706149671769,0
67.0,0.3776527877435016,0
27.0,0.24858567275167287,0
47.0,0.2095807003655658,0
68.0,0.1866715058684268,0
93.0,0.19555531925318198,0
108.0,0.20144103840469305,1
143.0,0.4653387049277827,1
68.0,0.4796239684205231,0
47.0,0.34383370089832677,0
52.0,0.28124425421165805,0
29.0,0.2350217018543482,0
62.0,0.20401287339491853,0
100.0,0.18539510848700047,0
46.0,0.30467250957521835,0
127.0,0.23307736361661785,1
74.0,0.45712256274582636,0
117.0,0.32323339269683526,1
52.0,0.509114256675266,0
101.0,0.3440303425031121,0
99.0,0.3963013011895216,0
129.0,0.24876940311953824,1
81.0,0.5250269800196538,0
126.0,0.32599514120357215,1
27.0,0.5362920594889135,0
141.0,0.3272432698463816,1
127.0,0.5195238201812884,1
88.0,0.5039766718974101,0
50.0,0.36502249927313246,0
60.0,0.28483707099539096,0
88.0,0.23617939269370888,0
122.0,0.20273250088854702,1
41.0,0.42988564643246374,0
33.0,0.2764880130610528,0
25.0,0.2436270880305175,0
120.0,0.20797555571916732,1
118.0,0.38235974452204347,1
64.0,0.4037982886595607,0
78.0,0.2769266448384666,0
152.0,0.2475764196219077,1
45.0,0.406012684973732,0
88.0,0.2707842162046172,0
122.0,0.2528153175849427,1
47.0,0.3980061587295227,0
49.0,0.2625047739435551,0
39.0,0.2543508779040271,0
98.0,0.23195798981347754,0
112.0,0.21310570884237193,1
132.0,0.35312565209434155,1
142.0,0.3723527674320855,1
77.0,0.4094588752598465,0
41.0,0.27968631779999936,0
140.0,0.2503588021869921,1
86.0,0.40862335403933553,0
90.0,0.27855877264638296,0
63.0,0.2557169044841845,0
119.0,0.23040322780459696,1
28.0,0.45977525930720453,0
79.0,0.295264982520309,0
31.0,0.26539836267525435,0
26.0,0.22769023614562092,0
129.0,0.19957287414468217,1
41.0,0.3706713502298697,0
48.0,0.24452951273681578,0
46.0,0.22255579263353548,0
116.0,0.19664904293309957,1
48.0,0.3979440879055189,0
120.0,0.2564475162036636,1
24.0,0.4407094200845626,0
76.0,0.27484371041969097,0
37.0,0.2696754485400131,0
58.0,0.23637774544098689,0
23.0,0.21147489381086673,0
117.0,0.18911062640715182,1
83.0,0.34747443787565313,0
125.0,0.22869496679202236,1
96.0,0.39443094742668383,0
84.0,0.25380579932862124,0
27.0,0.24892911651775299,0
76.0,0.22338061230294062,0
109.0,0.20425791913797217,1
70.0,0.34269879242525564,0
79.0,0.2274418401484024,0
75.0,0.2198333235137667,0
54.0,0.20127142100907983,0
72.0,0.1859551065350821,0
123.0,0.17862881102762485,1
62.0,0.3718458801154612,0
41.0,0.24591395045599898,0
97.0,0.2211468115212396,0
69.0,0.19270610583417414,0
83.0,0.17134242256874674,0
93.0,0.1582354902427602,0
152.0,0.1462568067881427,1
21.0,0.3485117231666732,0
108.0,0.2247252917436858,1
39.0,0.4059084289395884,0
148.0,0.28195301855791893,1
28.0,0.45635981513785323,0
104.0,0.278872972958514,0
80.0,0.35844423011173815,0
148.0,0.21175601849757897,1
79.0,0.39039467318811943,0
73.0,0.27102959807303706,0
52.0,0.2506831982569603,0
93.0,0.22354133213099703,0
140.0,0.20031586352026587,1
24.0,0.4111066692058849,0
47.0,0.2514509798615722,0
155.0,0.2324415312233692,1
106.0,0.39322590123478285,1
45.0,0.45073456155015057,0
111.0,0.2987636417657039,1
84.0,0.4644355804642798,0
100.0,0.29973075153474854,0
91.0,0.39271360447646764,0
150.0,0.2488352088579286,1
63.0,0.40250169687693116,0
68.0,0.26479893111598235,0
107.0,0.25879949312918354,1
49.0,0.394907102559894,0
25.0,0.26780190848561514,0
140.0,0.2636231778064972,1
33.0,0.396623463727548,0
93.0,0.25690001571965576,0
55.0,0.2609502458102406,0
50.0,0.2196631990554039,0
52.0,0.19040358010408234,0
34.0,0.16995491174503388,0
30.0,0.15298003276721026,0
140.0,0.14085068034340661,1
149.0,0.3780306165928046,1
54.0,0.4139715215695839,0
156.0,0.2749023525877841,1
144.0,0.4559197844000699,1
54.0,0.4767611266154294,0
124.0,0.32956463996751756,1
106.0,0.5050493927913995,1
119.0,0.5147897928929654,1
70.0,0.5463367729630745,0
35.0,0.3866996532506165,0
29.0,0.34567596544198753,0
22.0,0.3060492958400656,0
29.0,0.27258187896684805,0
77.0,0.24370390604560188,0
53.0,0.21828752179882963,0
72.0,0.1971414050744039,0
100.0,0.22208281687568354,0
80.0,0.28271814549182217,0
34.0,0.18638514549348276,0
105.0,0.16935175618607987,1
117.0,0.42982644219909605,1
98.0,0.4586388639923575,0
53.0,0.324467030005429,0
81.0,0.2693234815660895,0
68.0,0.22907207675358918,0
108.0,0.1996344134193932,1
83.0,0.42692906021893584,0
76.0,0.30478531092833816,0
65.0,0.2601900962062388,0
146.0,0.2248887901869577,1
39.0,0.44915834171411695,0
38.0,0.3087834155365715,0
56.0,0.2689263755527084,0
147.0,0.23243529205317542,1
58.0,0.5282155804068396,0
132.0,0.33164854167042135,1
69.0,0.5486561877879794,0
70.0,0.34272710675717544,0
28.0,0.30006807230775806,0
30.0,0.2512650496702347,0
141.0,0.21624898205665236,1
52.0,0.38660457676349946,0
103.0,0.2563722121560663,0
53.0,0.3297965706875068,0
129.0,0.205585925012292,1
137.0,0.37068787071746123,1
33.0,0.38127336791013744,0
134.0,0.2640110065912425,1
29.0,0.42229296400121996,0
64.0,0.27979463252746223,0
67.0,0.2693703944281197,0
60.0,0.2442705798953234,0
125.0,0.20367139338024892,1
151.0,0.44196058165862045,1
40.0,0.5021745100964651,0
86.0,0.32830735747411316,0
44.0,0.2789205018732852,0
73.0,0.23529519759238623,0
101.0,0.20214217815948016,0
33.0,0.26366655866427624,0
131.0,0.17687794003377372,1
43.0,0.4671427480997976,0
37.0,0.29753340504295,0
57.0,0.25487184825717313,0
68.0,0.21380834770233548,0
153.0,0.1863171293467356,1
83.0,0.428478020682833,0
90.0,0.2701996193195298,0
61.0,0.23975184451700268,0
45.0,0.20035161394429016,0
131.0,0.16861255520136262,1
145.0,0.46543878365557567,1
41.0,0.448498840550761,0
98.0,0.3141139420348298,0
73.0,0.2649464224075032,0
43.0,0.2225126495461943,0
153.0,0.19303673158554885,1
126.0,0.41622585836243176,1
149.0,0.44274661537980015,1
149.0,0.47583120240431515,1
139.0,0.5053298924522841,1
82.0,0.5289719228796868,0
78.0,0.3245807449114708,0
127.0,0.2770118388307386,1
104.0,0.44199030309640924,0
101.0,0.4001326374787709,0
40.0,0.36580502512085344,0
75.0,0.24029112175590944,0
82.0,0.2151960321493155,0
52.0,0.1950554438378087,0
93.0,0.17587955810609013,0
125.0,0.1765723149951333,1
104.0,0.41046990139706724,0
83.0,0.36663228699668626,0
78.0,0.22748197767050424,0
25.0,0.19959294642967396,0
59.0,0.17007428189862828,0
114.0,0.15788149044248245,1
63.0,0.5584132784109122,0
31.0,0.29430227257985264,0
55.0,0.2518984375323454,0
138.0,0.20222922902237694,1
138.0,0.4547755193113353,1
83.0,0.444055084600691,0
68.0,0.30993790662606724,0
56.0,0.26314903700786807,0
89.0,0.22183866229592242,0
151.0,0.191545439928068,1
106.0,0.3764008662484867,1
118.0,0.3992806728370894,1
44.0,0.4284696882608522,0
78.0,0.2966577681373953,0
74.0,0.2541643381885422,0
97.0,0.22094278576243784,0
76.0,0.19534061695420768,0
95.0,0.17828665728598045,0
25.0,0.16702069639481054,0
65.0,0.16041240340400784,0
151.0,0.1922313953146968,1
55.0,0.5545679777272239,0
131.0,0.3495257880043089,1
118.0,0.5602806243882515,1
82.0,0.5359422032881788,0
82.0,0.3976846364350753,0
23.0,0.3182393270016673,0
126.0,0.26725067717903783,1
88.0,0.44150692604838665,0
133.0,0.299543857934092,1
74.0,0.4732350085573547,0
30.0,0.30994571022352874,0
108.0,0.29003541946129446,1
129.0,0.4429337160375479,1
36.0,0.4505458722409724,0
66.0,0.31822778433300525,0
101.0,0.29957884170627763,0
155.0,0.37337326662014236,1
34.0,0.402089204743168,0
80.0,0.2798248279932657,0
111.0,0.26912224466393536,1
78.0,0.4037886389379066,0
151.0,0.27343684836583715,1
88.0,0.4247058303885408,0
51.0,0.28295577479471545,0
32.0,0.28431413514454845,0
29.0,0.2632441328024729,0
48.0,0.24753392008063022,0
89.0,0.2327987895865061,0
48.0,0.21883440736453388,0
105.0,0.20363100465747133,1
117.0,0.3547043380936854,1
105.0,0.418221744895707,1
52.0,0.46525076929348097,0
146.0,0.30496470277034105,1
60.0,0.44431492924803834,0
23.0,0.3026528886049035,0
82.0,0.2820090110621706,0
48.0,0.25827204114771585,0
104.0,0.23700075099228243,0
48.0,0.3079256322174332,0
113.0,0.21114895099716352,1
84.0,0.39911876745297803,0
27.0,0.26809284701950914,0
128.0,0.2374352311826013,1
80.0,0.40638115206674685,0
24.0,0.2670201683746433,0
54.0,0.24809827304241927,0
92.0,0.22046320907470668,0
75.0,0.1982361363021315,0
143.0,0.1807643980860264,1
127.0,0.44384047623127737,1
26.0,0.44235500747865675,0
70.0,0.30820461899725426,0
71.0,0.2648660833959269,0
33.0,0.22289434745159842,0
55.0,0.19162125324223664,0
93.0,0.1749817406708465,0
135.0,0.1689342567044273,1
133.0,0.5395046265681417,1
67.0,0.48939788169984794,0
40.0,0.35735559415462,0
42.0,0.2885902283391633,0
63.0,0.23792139243912055,0
56.0,0.2014127573769217,0
64.0,0.17884298723006223,0
97.0,0.1684265914432037,0
34.0,0.16387891878620983,0
149.0,0.15030527358734141,1
22.0,0.4043774971791378,0
30.0,0.2712470957991194,0
126.0,0.2311205907992729,1
144.0,0.4475642037478446,1
27.0,0.4478400288756399,0
