2795.5359151594043,0.5,0
462.0,0.7982356320302784,1
979.0,0.9085997712714827,1
1570.0,0.9149699233172651,1
1872.0,0.9152943339219961,1
946.0,0.9139358362597083,1
2538.0,0.9139465798251287,1
1488.0,0.8311634509712088,1
930.0,0.9105852127049273,1
1710.0,0.9151241554817419,1
1469.0,0.915456265878038,1
1926.0,0.9153341705517659,1
1140.0,0.9139949156716974,1
1490.0,0.9144124790230316,1
525.0,0.9152367244186574,1
2052.0,0.9140774014349203,1
1788.0,0.8311849530794986,1
817.0,0.9103879909857572,1
2528.0,0.9137334866518105,1
688.0,0.8311338336903302,1
720.0,0.9105833520803215,1
646.0,0.9151240101450183,1
1881.0,0.9154562538900068,1
2124.0,0.9154829732158093,1
555.0,0.8315447662214438,1
1605.0,0.9110631607919324,1
730.0,0.9150845618068238,1
2249.0,0.9145194947382298,1
1938.0,0.8312834999809852,1
1476.0,0.91046669792956,1
1960.0,0.9142069714197218,1
2664.0,0.9152212167196105,1
2574.0,0.8289064748752276,1
330.0,0.8222387524270279,1
2224.0,0.9100645861279314,1
1276.0,0.8307152012005202,1
1050.0,0.9103594709775418,1
638.0,0.9137313678023606,1
2114.0,0.9153136671045347,1
1200.0,0.8314194483112907,1
1480.0,0.9106021998018518,1
798.0,0.9149729654658313,1
1312.0,0.9140571948191873,1
1386.0,0.9153401308281058,1
1872.0,0.9154726341036332,1
1661.0,0.9153899014954888,1
1464.0,0.9144055928985244,1
2970.0,0.9139124318299847,0
1984.0,0.8295177915666498,1
1770.0,0.9102748577041185,1
672.0,0.9136316360038187,1
2000.0,0.9143852594045214,1
1554.0,0.8313609492013049,1
918.0,0.910930145768929,1
768.0,0.9142580339818185,1
2641.0,0.9153755949357477,1
2574.0,0.8314298992097339,1
546.0,0.8225748123062313,1
715.0,0.9100860590197049,1
1278.0,0.9150865647688528,1
1440.0,0.9154532036204568,1
1183.0,0.9153883047963736,1
792.0,0.9145413559551864,1
726.0,0.9153974613520468,1
1551.0,0.9154779375259587,1
1079.0,0.9153359800911685,1
1615.0,0.9140855675159476,1
2088.0,0.915342519837209,1
546.0,0.8314238510881973,1
2941.0,0.9106024820524591,0
2560.0,0.8307894648853471,1
2628.0,0.8225027836829841,1
351.0,0.8216321878164475,1
1131.0,0.9100297820761692,1
2140.0,0.9150822630000036,1
1800.0,0.8314859240204843,1
1458.0,0.9110595694758844,1
1420.0,0.9151806288850347,1
975.0,0.9154614957970363,1
360.0,0.9154834270639026,1
464.0,0.9154852280117548,1
1170.0,0.9154853783637691,1
1674.0,0.9153366122756237,1
1460.0,0.9140856191962946,1
1584.0,0.9153425242542073,1
585.0,0.9154728360655514,1
1500.0,0.91548432315116,1
928.0,0.9153365222749519,1
451.0,0.9140856118269353,1
2076.0,0.9153425236240117,1
1708.0,0.8314238516746699,1
2166.0,0.9104757750899248,1
400.0,0.8292490390913003,1
2368.0,0.9109177947137997,1
728.0,0.8308702307326103,1
1644.0,0.9105688154737605,1
1512.0,0.9149703706353534,1
741.0,0.9139662808932102,1
2430.0,0.914410264910999,1
765.0,0.831265828980045,1
2688.0,0.9105923167008605,1
400.0,0.8307880022903131,1
832.0,0.9105629920455883,1
374.0,0.9151224673617115,1
2448.0,0.9154561279435063,1
1254.0,0.8314423485509926,1
2304.0,0.910603683648937,1
1178.0,0.830789638804354,1
1920.0,0.9105630958674973,1
2934.0,0.9149698952015707,0
1843.0,0.8288713754536424,1
2980.0,0.9104146986283088,0
864.0,0.8307610850454613,1
2160.0,0.9105612638820885,1
957.0,0.8307836125586773,1
1890.0,0.9105627147761137,1
2774.0,0.9149698650231695,0
684.0,0.8288713710356651,1
825.0,0.9104146983412491,1
2822.0,0.9151099932041822,0
1776.0,0.8313913963433665,1
2860.0,0.9104019774338757,0
528.0,0.8282833504702244,1
2366.0,0.9103777798682999,1
1624.0,0.8307558113187392,1
814.0,0.9103620072590662,1
2299.0,0.9137315588962477,1
1010.0,0.8311335415254031,1
1965.0,0.9104564946581208,1
1820.0,0.914066340650843,1
1793.0,0.9138860149775019,1
2375.0,0.9142666311054369,1
2480.0,0.8287524898554076,1
552.0,0.8222205454928657,1
1012.0,0.9100634564930207,1
896.0,0.915084783780435,1
540.0,0.9154530562568393,1
1392.0,0.915482706741474,1
1963.0,0.9154851671451544,1
1360.0,0.9153365943479915,1
2016.0,0.9139951144230698,1
1440.0,0.8296216759745575,1
384.0,0.9109390628053147,1
1300.0,0.915171274564672,1
2952.0,0.9153661778863691,0
533.0,0.8297615578083058,1
2415.0,0.9104905660362834,1
1500.0,0.830773280494326,1
1196.0,0.9105620584442047,1
576.0,0.9151223941340119,1
1644.0,0.9154561218950463,1
2329.0,0.9153341584182433,1
1220.0,0.8290239752060965,1
1644.0,0.9108870282061704,1
2624.0,0.9150702570795473,1
2091.0,0.829722686977083,1
2584.0,0.8224967786460317,1
920.0,0.8224903579231954,1
300.0,0.9101044267518831,1
1880.0,0.9150888721436164,1
2240.0,0.9154534184202321,1
2880.0,0.8314419374195021,0
2520.0,0.8225762093878703,1
2329.0,0.8216402855706451,1
3000.0,0.8215392929774249,0
874.0,0.821528288466413,1
2394.0,0.910023519983367,1
1122.0,0.8307095587639571,1
555.0,0.9104310482674519,1
3060.0,0.9142044245706702,0
2512.0,0.831237751034019,1
1853.0,0.8225525164860792,1
1392.0,0.9098803739278489,1
1296.0,0.9136963831271151,1
1400.0,0.9153107821286067,1
240.0,0.9153756972561553,1
1392.0,0.9145403721024888,1
2240.0,0.9153973790501801,1
1480.0,0.8314331615224273,1
2304.0,0.9104046559029978,1
1270.0,0.8283873318615741,1
2790.0,0.9106584961689552,0
1300.0,0.8283566617762375,1
330.0,0.9101824296376525,1
1159.0,0.913717022072106,1
1452.0,0.915312440803248,1
1988.0,0.9153213903752107,1
2160.0,0.9139380226052477,1
2793.0,0.8286706885770979,0
1980.0,0.8222098130078298,1
540.0,0.91006276802521,1
1536.0,0.9150847293662414,1
1512.0,0.9154530517495945,1
1484.0,0.9153338999292547,1
826.0,0.9139948934502259,1
2560.0,0.9144124772810233,1
1188.0,0.8312661670197256,1
1023.0,0.9104655628974501,1
1884.0,0.9142068885034998,1
3078.0,0.9152212098445451,0
480.0,0.8289064738543839,1
744.0,0.9104169523591925,1
1243.0,0.9151101712899714,1
798.0,0.9153059975586,1
960.0,0.914083149021224,1
1173.0,0.9153423140344897,1
517.0,0.9154728182690757,1
1510.0,0.9154843216507617,1
1520.0,0.915336522147348,1
663.0,0.914085611816497,1
880.0,0.9153425236231194,1
450.0,0.9154728360120473,1
3020.0,0.9154843231466472,0
500.0,0.8314466224173889,1
611.0,0.9106039571222236,1
860.0,0.9151256522147462,1
1781.0,0.9154563902252196,1
1794.0,0.9153341810838743,1
1605.0,0.9139390954248083,1
732.0,0.9138555345977888,1
2318.0,0.9144010210076075,1
1836.0,0.8312643818791345,1
990.0,0.9104654468651485,1
893.0,0.914206880052711,1
3024.0,0.9153708474663214,0
1440.0,0.831429146130888,1
770.0,0.9106028366653637,1
2064.0,0.9151255639299741,1
900.0,0.8313937853978646,1
448.0,0.9106005990221885,1
1680.0,0.9151253885977554,1
1950.0,0.9153617931477969,1
1590.0,0.9144034294984759,1
2669.0,0.9138561268363029,1
1625.0,0.8286581968285641,1
700.0,0.9101995744085655,1
1365.0,0.9137182528815129,1
1956.0,0.9152172890766707,1
1590.0,0.9143916654410186,1
768.0,0.9138551459249555,1
1040.0,0.9139398302760641,1
1360.0,0.9153294696786085,1
1440.0,0.9153772376421173,1
1582.0,0.9145404899636866,1
858.0,0.9153026685809662,1
1995.0,0.914534714548218,1
1581.0,0.915247547242594,1
1872.0,0.9140782996309641,1
2193.0,0.915191881127775,1
1482.0,0.8289010910337521,1
1610.0,0.9102887588265876,1
490.0,0.9140533653280537,1
3116.0,0.9139760542071949,0
1173.0,0.8311691450309545,1
572.0,0.9105855973549896,1
1190.0,0.9151241864875044,1
1224.0,0.9154562684621661,1
748.0,0.9154829744354097,1
1802.0,0.9154851895988136,1
1098.0,0.9153909768441804,1
1027.0,0.9145415611649091,1
384.0,0.9153974784256854,1
560.0,0.9154779389603971,1
2430.0,0.9154847653371403,1
2384.0,0.8314466909978724,1
448.0,0.8225767599571208,1
2224.0,0.9100861790160047,1
1862.0,0.8307183100244501,1
308.0,0.9103596705674031,1
610.0,0.9137313830428994,1
450.0,0.9153136683819879,1
1550.0,0.9154704261023586,1
1752.0,0.9153353290246724,1
896.0,0.913995009880982,1
1836.0,0.914412486385408,1
400.0,0.9152914105324558,1
1717.0,0.9145338356021941,1
468.0,0.9153021110652618,1
580.0,0.9145346716097011,1
456.0,0.9153969047094636,1
968.0,0.9154778907600322,1
1332.0,0.9154847612833521,1
2669.0,0.9153909405987241,1
1632.0,0.8297649696689274,1
1344.0,0.9102913956033419,1
996.0,0.9135753833050488,1
2088.0,0.9139179928988616,1
1710.0,0.8311590200063145,1
918.0,0.9103862814864075,1
2686.0,0.9137333545132628,1
1197.0,0.8311338133669887,1
1128.0,0.9105833507714219,1
2040.0,0.9151240100416385,1
1485.0,0.8313935496315901,1
1160.0,0.9106005839259783,1
3400.0,0.9150286994375174,0
1474.0,0.8297160222105399,1
1666.0,0.9102882631987318,1
396.0,0.913632692552761,1
2445.0,0.9143853414457533,1
1540.0,0.8312620663342672,1
522.0,0.9105920756098644,1
696.0,0.9151247155817641,1
1370.0,0.91545631274628,1
324.0,0.915334174530404,1
1836.0,0.9140854206940595,1
2916.0,0.9152474420068273,0
432.0,0.8297439068918171,1
2140.0,0.9104894227842598,1
1440.0,0.8307731149909211,1
544.0,0.910562047926884,1
1196.0,0.9151223933081747,1
1976.0,0.9154561218268075,1
1050.0,0.9153885493835158,1
1691.0,0.9145413747586582,1
1776.0,0.9153974629170853,1
2496.0,0.9153834970769594,1
2016.0,0.8297639222243675,1
1260.0,0.8223724421078653,1
2703.0,0.9098691380184759,0
1998.0,0.8282121415852935,1
1513.0,0.9102451153656277,1
858.0,0.9141902436673385,1
2108.0,0.9153694669130643,1
884.0,0.8314289342995148,1
496.0,0.9106028230683344,1
1026.0,0.9151255628578716,1
480.0,0.9154563828335696,1
2574.0,0.915482984024129,1
858.0,0.831446418707663,1
671.0,0.9106039440765371,1
1728.0,0.9151256511871834,1
1150.0,0.9154563901402277,1
1131.0,0.9153341810766852,1
2340.0,0.9140854212286448,1
1380.0,0.831186205484945,1
1040.0,0.9104598826354181,1
832.0,0.9142064596217454,1
1133.0,0.9153708125466195,1
2144.0,0.9153812760608739,1
3306.0,0.8298545775162961,0
793.0,0.8232202661010085,1
2941.0,0.9101470098901171,0
636.0,0.830728385461889,1
2862.0,0.9105592805019143,0
2170.0,0.8307833341704906,1
1764.0,0.8225020822349738,1
770.0,0.9100816227247494,1
924.0,0.9150862221701688,1
2272.0,0.915453175462449,1
810.0,0.8314418991117857,1
648.0,0.9106036548607216,1
590.0,0.9151256284143771,1
2844.0,0.9154563882568476,0
1504.0,0.8314423883135138,1
1704.0,0.9106036861979312,1
1001.0,0.9150289444569446,1
979.0,0.9145147722138416,1
2538.0,0.9153952785346416,1
1157.0,0.8314328404846175,1
270.0,0.9106030729777045,1
1547.0,0.9151255825342198,1
2646.0,0.915456384460826,1
1180.0,0.8314423877328241,1
629.0,0.9106036861606931,1
432.0,0.9151256308800672,1
434.0,0.9154563884607991,1
1540.0,0.915482984495253,1
1560.0,0.9153364096682639,1
3060.0,0.9139392790479938,0
2822.0,0.8286708807134093,0
608.0,0.8222098358914371,1
3192.0,0.9100627694503204,0
1224.0,0.8307149414428141,1
720.0,0.9105584060001085,1
970.0,0.9151221092488833,1
800.0,0.915456098407585,1
1716.0,0.9154829602447974,1
1530.0,0.9153364076111153,1
646.0,0.9140856024803836,1
476.0,0.9153425228259167,1
1824.0,0.9154728359444897,1
1340.0,0.9153355334413459,1
558.0,0.9140855306267236,1
660.0,0.9153425166736757,1
726.0,0.9154728354227003,1
572.0,0.9154843230969335,1
275.0,0.9154853018952451,1
559.0,0.915485384540053,1
1632.0,0.9154853914997216,1
1566.0,0.9153909939074554,1
910.0,0.9145415624799175,1
2560.0,0.915397478535228,1
2262.0,0.8314331768150067,1
2028.0,0.8225751908794012,1
520.0,0.8216401720548084,1
1288.0,0.9100302670769896,1
2412.0,0.9150823003873502,1
924.0,0.831387338455807,1
544.0,0.9106001879853818,1
1794.0,0.9151253562843332,1
2048.0,0.915307286502623,1
884.0,0.8290200439353959,1
1485.0,0.9108867836064058,1
1648.0,0.9150146261125838,1
1296.0,0.9139704497337875,1
650.0,0.9144106055793456,1
1500.0,0.9153860407577668,1
312.0,0.9153825183173528,1
3154.0,0.9145409089937588,0
2214.0,0.8312866777634501,1
1720.0,0.8226865702655431,1
1131.0,0.9105620524675213,1
1800.0,0.9151438176221267,1
2240.0,0.9153639537415076,1
1261.0,0.8297612486782969,1
1596.0,0.9104905463347679,1
646.0,0.9150199275724288,1
2128.0,0.9145140881420151,1
950.0,0.8312826537100799,1
702.0,0.9105934109035553,1
3078.0,0.915124821356471,0
754.0,0.8313936731968813,1
2445.0,0.9106005918450928,1
864.0,0.8307891956441287,1
1944.0,0.9105630677798214,1
1740.0,0.9150257667661744,1
638.0,0.9143783280402205,1
1300.0,0.9140011543831849,1
600.0,0.9152401677566857,1
290.0,0.914529457488891,1
1243.0,0.9153964571840855,1
1595.0,0.9153834117068534,1
1575.0,0.9144050872029406,1
2376.0,0.9139123905129044,1
1628.0,0.8295177856493013,1
882.0,0.9102748573185283,1
1824.0,0.9137247824604187,1
1960.0,0.9151627876009698,1
2145.0,0.9139243695243969,1
2720.0,0.8286685820358455,0
1469.0,0.82220956158643,1
1608.0,0.9098581880511998,1
2964.0,0.9135435999885122,0
510.0,0.8286135444794877,1
1785.0,0.9103972476743509,1
476.0,0.9150117928152368,1
2108.0,0.9145134523916801,1
1946.0,0.8312825564242933,1
1190.0,0.9103948594033985,1
1121.0,0.9137340333801766,1
598.0,0.9153138894467775,1
702.0,0.9154704447091243,1
830.0,0.9154841223803207,1
460.0,0.9154852850211167,1
1068.0,0.9154853831209185,1
3006.0,0.9154853913803572,0
1400.0,0.8314467871744762,1
874.0,0.9104055400890865,1
836.0,0.913734852104536,1
1121.0,0.9153139581516233,1
592.0,0.9154704505026844,1
1957.0,0.9154841228682034,1
1695.0,0.9153908862434373,1
980.0,0.9144056700007448,1
1584.0,0.9140033402621538,1
1608.0,0.9151853781352852,1
1875.0,0.9139262181076527,1
2556.0,0.9138544362659344,1
765.0,0.829508553249341,1
1430.0,0.9104738243237694,1
1284.0,0.9150185820608067,1
2329.0,0.9144283047536483,1
1476.0,0.8296188448453573,1
336.0,0.9102819348164737,1
494.0,0.9137253455202645,1
2093.0,0.9153131605108205,1
1620.0,0.8314193702207833,1
1148.0,0.9104037467058678,1
1540.0,0.9137347140137139,1
1170.0,0.9151636304084878,1
1236.0,0.9140709393609792,1
2610.0,0.915191230628856,1
1240.0,0.8289009923659411,1
1580.0,0.9102162058973948,1
1463.0,0.9137195625152242,1
728.0,0.9151623226534737,1
1053.0,0.9140708314567689,1
1392.0,0.9153412461391577,1
3020.0,0.9154727273659891,0
1872.0,0.8314448174628499,1
2740.0,0.9104054118434828,0
2304.0,0.828283828937129,1
1590.0,0.8221679306713868,1
1584.0,0.9099296853194853,1
532.0,0.9141695233817244,1
2790.0,0.9153678364408744,0
1218.0,0.8314286883457955,1
1139.0,0.9106028073442355,1
1287.0,0.9151255616202489,1
