2152.4117977764486,0.5,1
1428.3451409231516,0.3611111111111111,1
1260.8779698449644,0.6120794734275963,1
753.7179764117526,0.6897213203605564,1
391.2579225974974,0.7234195953107906,1
1410.4072598755265,0.6957699528052668,1
1013.2555708362707,0.7002621682450879,1
1565.9751708775684,0.72028178206526,1
1724.737982319156,0.7102278645562567,1
1514.2815128129168,0.6815026835399663,1
948.3146285888909,0.6920930648637098,1
2945.5275433596767,0.6705877321551057,0
1482.13311553087,0.32959099003987447,1
2244.4336401693504,0.6450285644331704,1
2653.572673596874,0.4811754455178201,1
1677.5089054176492,0.5345804933294,1
1215.1675742273317,0.7384163391119115,1
2308.2641455699177,0.7709376064756774,1
1398.4350282452058,0.5751099251113976,1
989.3355799360979,0.754387756109417,1
1114.0727388085566,0.7470187087024184,1
1186.0571361779448,0.7746685651599081,1
857.4806931998748,0.7151094594705825,1
1835.203935284695,0.7586693441977534,1
2318.384848764363,0.7514395973986814,1
362.50923428299023,0.6096975233067702,1
1620.3484925735718,0.7683542015064405,1
767.0131636049391,0.7890947432934952,1
2065.75910591119,0.7918218224344261,1
1866.1447622273545,0.5817597904316771,1
1654.498879630566,0.7521275724467313,1
1385.26112192419,0.7313701341151285,1
1204.667846089937,0.7366752169899324,1
1404.2662120402474,0.7653175039807286,1
1728.4063984214292,0.7737192194792266,1
692.7722094620282,0.7767863278829069,1
1934.9007654986817,0.7388421220615181,1
728.6384540751993,0.7660606052495141,1
1263.807934249145,0.749293760568681,1
1437.1083284029276,0.7641780669459342,1
447.8996782756209,0.7628320783361644,1
1218.8758263246732,0.7516663880226226,1
1717.036487868702,0.7509951162511773,1
1300.0763887620028,0.7421494916488494,1
1038.5718769998698,0.766834121796072,1
1280.1571960488786,0.7191420895984609,1
1636.0433674609878,0.7607333414647923,1
1924.9021398826258,0.7740191103214846,1
1404.7349005808564,0.7828128394443576,1
1246.7206381404462,0.7826250443198374,1
2459.1703214847776,0.7169795464877364,1
1831.0335291098866,0.5907976461921802,1
2446.634790130812,0.7319384939748421,1
1395.1202816351108,0.5679606765774072,1
1495.1629794706075,0.7528969894001051,1
1522.0030730318676,0.7732076948488356,1
1950.0132101346996,0.7674276568480651,1
1348.1637926993947,0.7675628619661478,1
2981.5920833906744,0.7659932468998627,0
1316.3966997742004,0.38675788348549994,1
2183.0416659495977,0.6654282259682842,1
821.6390152811302,0.4869844592143494,1
1881.635877476084,0.7249356346999192,1
2490.851644946133,0.7417853976765512,1
541.183894991247,0.5991070115634554,1
2016.8592003671636,0.7699942616829184,1
2723.581707493635,0.6276361287595661,0
2268.107684503499,0.4682156629951775,1
1256.3845846423492,0.49298027911954556,1
1344.1488394648782,0.7133464814523506,1
1719.0529810150258,0.7354827854985138,1
852.3272067649284,0.7518600263530861,1
1599.0203414536754,0.7746562425628948,1
1632.3192182577463,0.7775734516658783,1
1368.112432118898,0.7863922012279773,1
925.9834886379981,0.7600676280626376,1
442.37491779965484,0.7244534029624516,1
1788.5417357660751,0.7654156613731092,1
1537.463034716246,0.7841355776677541,1
1652.0526425130672,0.7948842123427335,1
632.5278965138185,0.7925874596452462,1
1470.2845808449315,0.8000456737553886,1
1741.5891150564983,0.7233865225564519,1
1738.7673274960257,0.7591489395695509,1
765.650895590364,0.7564610092915893,1
2255.837015969364,0.7399536637769019,1
2222.525021508018,0.5910359330864813,1
1761.4682399594765,0.5701034913554389,1
768.1402308307247,0.7677926358424327,1
1498.601947821735,0.7595969994416206,1
900.7058274764632,0.7814413843569161,1
1758.8881715657262,0.7406169717680756,1
1728.2772433612474,0.7755858416107899,1
2155.205421936727,0.7654295100458713,1
540.2450933470292,0.6231156983309543,1
2550.2906962886213,0.7815680667817007,1
1035.41319387981,0.6354945850399956,1
1218.0883853557334,0.7778681765934669,1
857.6943776620515,0.7867994960130708,1
1709.0074612307353,0.7277530458602026,1
567.6724664861164,0.7720785491548594,1
1899.7930017009044,0.7775955351627065,1
1213.7893569320918,0.786237728614507,1
2091.378557337976,0.7739971067498569,1
1075.1015756230274,0.6179450624853382,1
1196.0527376423486,0.7373891421999705,1
2497.3644277488424,0.7681069470358456,1
336.80978698206917,0.6018056588143991,1
1535.002079352504,0.749380238806062,1
2330.3779606758812,0.7723283405721644,1
1387.8408052945301,0.6303859741058436,1
2239.2280808026935,0.7637932296539356,1
2335.951888790664,0.5803432675835484,1
1450.6774411876493,0.5813467958739525,1
2046.213254386004,0.7483923473166625,1
1055.3879663661055,0.6012812387234526,1
2109.0944857545983,0.7352550114440366,1
1138.5058815358288,0.6061595460218552,1
761.9933315074746,0.7270969006500523,1
2173.810007695573,0.752116258187514,1
1720.9699697819237,0.6039869786036915,1
379.4427914254288,0.7737034294564393,1
993.3871259408681,0.7237395914583835,1
2551.376088319055,0.7663344925218047,1
2654.514039064943,0.6143350870096376,1
1698.93707556609,0.5532319837218804,1
541.5569845777837,0.7541562682624057,1
1198.313276073078,0.7821527337106706,1
1894.9347550702043,0.7936557464520178,1
1541.9039703305027,0.7993470673692373,1
1881.3525034443746,0.8011489088063943,1
971.8436743261949,0.797184552111865,1
1813.1105471552557,0.7626999558638841,1
3024.342074723744,0.7858804089923425,0
957.1226557173239,0.44484688392978,1
1782.7690687339625,0.6811659782239227,1
1295.5256593575325,0.7021281997707063,1
412.2742018161795,0.7366516989271229,1
2832.1798842653075,0.7590343617416402,0
927.246377895867,0.4663099794341157,1
2226.950244502248,0.6935575545483414,1
2106.3922354247024,0.5248604543186655,1
2084.929937101291,0.5647292534358173,1
1721.4546800429043,0.5870292348986041,1
2354.871304255888,0.7551409162449467,1
2729.6441544075997,0.6096040444308507,0
983.6139658226763,0.4545750316078625,1
1759.158126723207,0.6930275604200375,1
1698.1677667539234,0.7008751296305311,1
1155.9262985728653,0.7385464992809461,1
337.228437490805,0.7537492582476921,1
361.1736522363135,0.7804388254798234,1
343.41082482308343,0.7950952137686456,1
682.6347785429492,0.7813421626017898,1
2240.513638061252,0.7771938432233751,1
1393.1881908560947,0.5560667952547528,1
1939.0356950253206,0.781852361808341,1
1189.8914557229184,0.7786995018744508,1
1775.0819098620923,0.7923539332733108,1
1899.7480125558054,0.7932918586896495,1
1382.6850037741272,0.7986145601124879,1
358.9875686810813,0.7853228896802078,1
2300.351704906108,0.7631801574147199,1
1096.5544946265177,0.5799881299793705,1
1123.0538796694736,0.7841257582331489,1
1913.1125189260333,0.7796524119789777,1
2266.2373687390295,0.7703586956187569,1
2414.2503219162872,0.585571008313878,1
1894.5015684745074,0.6252533435634925,1
236.20601751335832,0.7863295860473756,1
1426.0821646161353,0.7535904424496882,1
699.4711146605882,0.7834710042768018,1
1395.0257949251604,0.796708641408543,1
1566.552256140127,0.7526774284115865,1
2620.88091977834,0.7868875080148756,1
2571.598665900083,0.5520795413325319,1
1818.1035103784172,0.6047543138026225,1
1338.0301056572546,0.7828339182498338,1
1536.8520753093733,0.7778977344678798,1
1789.3121962334053,0.7863631584745658,1
1646.0914987339752,0.7947905532083706,1
1741.8279417355618,0.7847767098159056,1
1085.1045804341436,0.7754732822467605,1
572.1626582338904,0.7975395075663912,1
399.4769556872411,0.7999484571661444,1
861.2902042904964,0.7898215563894908,1
802.5334771155045,0.7492614886459663,1
691.2060269626714,0.7733031336758378,1
1056.5534592457022,0.7935622339293512,1
1959.6213416037701,0.7761140902731308,1
510.2191196137151,0.7647732014055072,1
1015.7539726214686,0.7794776704236012,1
1611.8383825638743,0.7753552689913362,1
1870.6868650834574,0.7760569643433166,1
1305.569157917138,0.7894346689181294,1
1007.1537054848952,0.7691594878945814,1
2509.293613364809,0.7874830421438497,1
1092.6127696324975,0.6479630551303553,1
583.8309477030258,0.7907496576954742,1
2483.1432186690195,0.7438286193680839,1
1297.536716032574,0.6159384465360205,1
1239.5996592322958,0.7900468900326332,1
1539.1818639878027,0.8031617810996214,1
1722.7399878264357,0.789371667955985,1
483.55287235879547,0.7933416416566021,1
2184.5003430576508,0.7704233588851004,1
1497.9452056358487,0.60276213778873,1
402.39094522643114,0.7901838271627787,1
1924.0331218006347,0.7929733636558188,1
414.3033648377286,0.8036240668912338,1
663.1304037172847,0.7934834155791608,1
905.6529069986818,0.7492443423272774,1
576.078419268255,0.7878999825903643,1
703.3792401003798,0.7305380762476127,1
904.7633659929744,0.7664285606143747,1
751.6447561367968,0.7870375563301786,1
1295.6869903146303,0.7947420602636831,1
1367.845406837366,0.7538140051981288,1
642.6874341210627,0.7700466669861995,1
600.0183567115829,0.7575965660123667,1
1347.6028342250816,0.7849627888257806,1
2299.2739268990304,0.7804637479599483,1
1687.496558561887,0.6377500312960813,1
489.8044480268698,0.7938265762430219,1
625.0409236360633,0.80480688322889,1
277.4544019608895,0.7747141382424352,1
2633.3239690249115,0.7836995629421893,1
2737.458984479898,0.6028074636587603,0
1700.6392798263475,0.4415272115307408,1
2146.155271213131,0.6805301690525882,1
2032.5566942359828,0.5007884308529081,1
994.3839557643452,0.576030372980586,1
1924.5433476688445,0.7655759469739587,1
816.9538524593361,0.7781063907381668,1
1624.839610393156,0.7888771581614245,1
2357.3133341183993,0.7448904114327545,1
1541.2130204544974,0.604090023010831,1
807.7822227838129,0.7888599219600063,1
1693.3726002970366,0.7728345715047916,1
352.04637126435415,0.7707097036459487,1
2699.973817661039,0.7407631702258427,1
276.3254728778022,0.5796959166408148,1
1709.944324781896,0.7852572687077999,1
1547.1910183279751,0.7574290047140683,1
1355.58253450324,0.7897790610652367,1
1090.898439277934,0.7318574194120078,1
660.0831566963368,0.780906426482183,1
2114.1950222915157,0.7626757068670678,1
1093.3721382860153,0.5974710868791049,1
1289.897694468108,0.7947093099363104,1
767.7000612654804,0.7713789066807348,1
1001.4442952751248,0.7813384858384684,1
1255.327542397585,0.7745631710686534,1
1639.4332206971806,0.7716209844578841,1
1570.2982030059352,0.7616677038560791,1
2482.1555873894,0.7838497818970426,1
2646.544207491004,0.6435160973526062,1
370.5030946398417,0.6251940270105459,1
2260.7413679395813,0.7941938420419187,1
865.2312535936186,0.6552070736371903,1
600.1801884063808,0.7659954847872815,1
1794.4376715200556,0.7897980295876883,1
825.3309262876379,0.8006129754210516,1
2098.0497506759466,0.7873131393995438,1
1346.5756630801748,0.6491784261256189,1
509.63898771742265,0.805676653959647,1
1732.701665602614,0.8019020652755791,1
1874.2579693094713,0.8062560180611901,1
2541.136007548831,0.794611222722949,1
3148.1278801188378,0.6427105513076368,0
971.1424995475556,0.45596528434651795,1
1724.7589259070583,0.6933172233729363,1
977.0115557682601,0.7001895732278484,1
1389.7612487173988,0.7407879271270326,1
1981.0785969821388,0.7675332422559618,1
1255.1145737801355,0.7679625185012684,1
1107.2067841834696,0.7902447018804377,1
3216.689470077522,0.7934439624238693,0
2548.869190818957,0.4241710012280893,1
913.9992268978343,0.4918616288428902,1
1333.7741514188267,0.7093739598003652,1
1547.1475000848081,0.7284891241883872,1
2774.200329720998,0.7553951972362287,0
1143.0008149389312,0.3393763337824751,1
609.8070815606854,0.6591454969242185,1
1977.5557688453061,0.6642618118403371,1
1149.8674107582472,0.7179925834895996,1
1682.2331133034604,0.7366444271599353,1
1316.4587361464587,0.7723904035782075,1
1124.871963724968,0.7657568751949277,1
2826.303175778315,0.7830205162463766,0
519.235368795873,0.38805240894045423,1
1160.7147238051757,0.6868513525896974,1
928.3557226052317,0.6822071491058566,1
1748.38046988354,0.7282110987073998,1
297.9365331056734,0.7345666061701464,1
466.6138182608231,0.7753914010691377,1
2382.470253381285,0.7627252990246945,1
2071.699825052563,0.5648832927703652,1
1922.8232684308448,0.6196545637657267,1
1812.2146174068664,0.7921743783007011,1
1933.4927603318488,0.7624209977238185,1
1789.0894673616428,0.7901273481752151,1
2656.1345483638715,0.7981405894658349,1
2118.8190018108394,0.6490391208421993,1
925.4338837056475,0.6248414623254291,1
437.2884262709963,0.7967467716852871,1
1649.5886665344785,0.7654429928504871,1
1559.2329954517065,0.775369623190534,1
2552.024130331062,0.7969382621084253,1
1621.8618111356652,0.6443030861888974,1
1006.9045059630806,0.7896019636779402,1
3376.992896584431,0.8001184516192422,0
362.010447716244,0.3301816049443334,1
1213.1087555961535,0.690300356426272,1
915.7801955362929,0.66262688582187,1
822.8492468578246,0.7224711339405787,1
2987.9878573691235,0.7526000084408974,0
2781.62985682615,0.3247317133719666,0
1582.616372150074,0.3537510915538231,1
2517.53486394123,0.591360502328741,1
2045.5837375993233,0.4603287535695178,1
835.1847064882131,0.5135904580395901,1
625.2280640579293,0.7232583305850296,1
1667.5334466575246,0.7609773127027188,1
1368.2201076121116,0.7555331187557757,1
1532.658573198999,0.7406244997609306,1
1613.9566594241458,0.7626620762623266,1
899.7727161827167,0.7139554883757615,1
1120.3286610584285,0.7518388687306904,1
1597.0600704443161,0.7455832845847548,1
957.1557267927302,0.7697985123095081,1
688.2581038767153,0.7685013233712032,1
1038.57399143295,0.7524443354712974,1
2212.0350156981517,0.7122318086928434,1
1642.8539007858199,0.5759647949897162,1
986.4453378444949,0.7452395550587321,1
1899.1221483419476,0.7417186410279651,1
1183.2838326505407,0.7361697571338642,1
2080.485850991503,0.7641517707482586,1
2510.3083855306104,0.6141342540618244,1
1199.2931528662755,0.5829841911364274,1
1253.8238151200947,0.7534121259711186,1
330.63851217369233,0.708290026678988,1
535.0313202949611,0.7493766415819855,1
1378.877493273528,0.7733468662964388,1
2334.5152495518296,0.7711675479767013,1
1323.9214569174333,0.5505724563035251,1
1488.4232257531862,0.7295700785769779,1
1467.6741432759304,0.7177744814096404,1
1738.4587609823593,0.7473505733397982,1
1320.3581835613004,0.7628197874299991,1
2827.246615173949,0.7613438219464643,0
902.8997988810984,0.2785358369356305,1
872.1927016864329,0.6416240445754384,1
458.1399470392645,0.6486841047513021,1
2245.931191804482,0.7069360186545826,1
2208.153784936544,0.5552480176219919,1
1976.1151217077927,0.5788063285118069,1
1798.0962460297676,0.7372863495306102,1
1990.6698323393898,0.7592563264002015,1
566.3610617142393,0.7758553105264838,1
868.5091400643292,0.7820786741558841,1
2392.6614215013788,0.7761185219026334,1
1604.1518465301392,0.6151974713811276,1
1347.1617629791963,0.7624830525207617,1
854.6596156058904,0.7791073898858005,1
1224.6644516521196,0.7910677264474921,1
1884.3387552173067,0.7806141418087542,1
1133.7394816615206,0.7806651259028513,1
1692.1615607673316,0.774378226409985,1
1073.947427471202,0.7760989026202405,1
1850.8685075327317,0.7773861889430284,1
752.8306755874688,0.7176134736959769,1
486.8593585564994,0.7659628778961924,1
460.68701570647124,0.7517877022990683,1
2606.194528785046,0.7454898661912078,1
463.88211632083,0.5950752594657354,1
2191.3168084911576,0.7679659799069359,1
905.3784557023406,0.6133281925291969,1
1483.1052780978666,0.7773425757540777,1
1512.7852525301994,0.7728318407904446,1
2504.192884534549,0.7238173750801259,1
692.7008120126819,0.6011634916702786,1
618.1985425902741,0.7693598764669518,1
896.4509573278538,0.7699601430645491,1
1099.3523079006081,0.7875262524146469,1
1801.0113436691372,0.7907012348281104,1
2667.23520203213,0.7985335463677818,1
584.5312326130629,0.6138900532965135,1
1993.3801826034728,0.7755393486409263,1
693.7701126823943,0.7941877891791154,1
1808.3356309314984,0.7855291301508855,1
1195.2932325177503,0.7671523717202184,1
1477.3683610259702,0.7530225175072991,1
1619.7647310346829,0.7772173916818795,1
895.9561630796845,0.7530193849225326,1
1268.6839842995212,0.7638531388310293,1
978.9288775874519,0.7800938361797898,1
993.7036375978597,0.7813147758572601,1
2002.379044562737,0.7779662080559656,1
413.4510026972171,0.6254287100893897,1
954.2898248817039,0.7818995968208472,1
1704.848776726751,0.7801818719693057,1
492.923087259683,0.7698347917326044,1
1849.4287290749858,0.786034564912795,1
1096.4502955922608,0.7887426146866432,1
2255.3949241740806,0.7940883915467437,1
1954.6567889931669,0.5529148759179486,1
1916.010599744308,0.7611993584578483,1
541.1357802012818,0.7726375158626053,1
649.3609402236572,0.7320005358503976,1
900.488787768282,0.7526354890935797,1
2288.75523838755,0.7391031145382582,1
2926.8003662786678,0.5867927187683563,0
911.161592966502,0.44453183082564673,1
1703.2755217891704,0.674151843393145,1
625.7936986053661,0.6907661366721096,1
2779.155045548714,0.7294968703149771,0
2337.831166235361,0.4449096386088075,1
2615.5117512531,0.5185197873071234,1
2435.7738309133997,0.5426276400897925,1
1745.6888680561174,0.5717904786519604,1
592.763966472876,0.7627822637734946,1
2134.2227432493405,0.7742536138607263,1
1718.5741502623448,0.6259233931420034,1
1359.2976552548723,0.7920933946927842,1
675.0703879343653,0.7354984807225535,1
370.9049197214378,0.782020612482841,1
800.1765787457473,0.7920463148362945,1
1172.6194217206953,0.8017607468560077,1
1490.4480675424488,0.7863767552798977,1
1151.4220901933918,0.7694352339954444,1
579.5802471896595,0.751987553447661,1
1705.4580649168897,0.7594252257440811,1
1692.4355911801324,0.7788047356068966,1
1111.008421542526,0.7843603637370236,1
1590.3877431594067,0.7943925410375563,1
1639.9597802677845,0.8053054904286756,1
1850.7158069031975,0.8111466765204212,1
545.3435993758163,0.8015375554203398,1
3241.278906294529,0.7925091786219087,0
2041.8078707123059,0.39372374116005027,1
2657.7399665550993,0.48417561166781176,1
1598.5301963997936,0.5173711775879382,1
1133.5109069936036,0.7313670028720112,1
1216.7186042973037,0.7491691319007154,1
2365.1261082215638,0.7735139804684047,1
1795.1626122410075,0.5577805037019921,1
1015.4438415116185,0.7690840569481412,1
2186.602843377909,0.7924688118588302,1
622.0562544313977,0.5516710214433751,1
2337.2706722563807,0.7633930839577339,1
649.9714254863803,0.6046861925387265,1
2951.763190922081,0.7842034767101204,0
1229.8170087552735,0.3486130692971592,1
2897.761085995149,0.6862916672267416,0
307.7501642175264,0.3264723603743258,1
814.7776490878401,0.6221384562353308,1
2362.5447990878392,0.6260508175378791,1
1362.9005607177023,0.493059215993973,1
1745.5330100484678,0.7211059404412232,1
1331.1397704868182,0.748138422335862,1
1275.4107951646533,0.7632150261557952,1
470.3457974359748,0.7587630633864066,1
3301.2271654495707,0.7724437463871362,0
2413.0482434559653,0.3062264242869914,1
360.17773171425813,0.4730902340351206,1
1713.5264005370914,0.7298519769191231,1
1450.7305225608902,0.7540627096496001,1
678.1765608074058,0.7498501365672352,1
2217.8105562251194,0.7752505108234616,1
1403.0356195596275,0.5827141483953961,1
510.81310249783945,0.7814342709937953,1
2545.9593031400636,0.7928775496624874,1
1069.2930293166326,0.6444394460546773,1
2506.4204986088116,0.7886819604740121,1
1683.6775699194616,0.6457603169224682,1
1297.8264701955125,0.783210744903396,1
2448.543552213501,0.7422008263947866,1
2288.6573175010626,0.6202866762719437,1
863.3554749782927,0.6211791226141417,1
1111.882048864779,0.7617754485181856,1
500.01046621644673,0.778155810456793,1
2800.2230512637934,0.7931438764591388,0
1203.0909405436003,0.3052359747911754,1
2165.2900937401064,0.6799411169591094,1
743.7277704983231,0.5255357793803778,1
1522.3068808573473,0.7674141247019319,1
790.215978376129,0.7506598612327801,1
1694.7953684720883,0.785356068493223,1
1438.2135387248688,0.7720698679447242,1
2615.0440894931635,0.7412251209395448,1
1977.339027709595,0.6247268847481843,1
568.3926903654207,0.7976991445306423,1
684.2149870186364,0.8001531108067239,1
388.6270217913942,0.7751237349766176,1
2274.566967871558,0.7838712143493123,1
2201.749976912479,0.6380207713106674,1
1433.9820267027153,0.6412552538726942,1
