Timestep: 0, Trans probs: [0.2222222222222222, 0.1111111111111111, 0.1111111111111111, 0.05555555555555555, 0.2222222222222222, 0.1111111111111111, 0.1111111111111111, 0.05555555555555555]
Timestep: 1, Trans probs: [0.24407545130033884, 0.08925788203299448, 0.24407545130033884, 0.08925788203299448, 0.12203772565016942, 0.04462894101649724, 0.12203772565016942, 0.04462894101649724]
Timestep: 2, Trans probs: [0.17478266541838397, 0.055514697676544475, 0.34956533083676794, 0.11102939535308895, 0.0781984703177623, 0.024837499920642582, 0.1563969406355246, 0.049674999841285164]
Timestep: 3, Trans probs: [0.13074296199290616, 0.05458317859853936, 0.37066037727457957, 0.1547450146745038, 0.0532125205020972, 0.022215410037918534, 0.1508591561977066, 0.06298138072174886]
Timestep: 4, Trans probs: [0.14293234030672797, 0.05541977854054392, 0.3978021510132759, 0.15424155978134535, 0.04754358541228714, 0.018434281345411963, 0.13232093243072013, 0.05130537116968769]
Timestep: 5, Trans probs: [0.13399356992362527, 0.04462532477868207, 0.4405723744052796, 0.14672857292747013, 0.04095106862706557, 0.013638376368049055, 0.13464757711689826, 0.04484313585293016]
Timestep: 6, Trans probs: [0.15762544938571246, 0.0588776731844779, 0.40930891349570914, 0.15288874058225843, 0.04479562699255433, 0.016732464817324454, 0.11632163134275843, 0.043449500199204745]
Timestep: 7, Trans probs: [0.12129696071281963, 0.05507562847814212, 0.38644891061445324, 0.17546949652906582, 0.04299728276982256, 0.01952317978524654, 0.13698820636668566, 0.06220033474376445]
Timestep: 8, Trans probs: [0.11882469728541628, 0.047991555283166724, 0.40006613183368267, 0.16158085247800832, 0.044292247084071014, 0.0178889900257441, 0.14912579931580275, 0.06022972669410829]
Timestep: 9, Trans probs: [0.12560583568849493, 0.06025154780346097, 0.3896586662898802, 0.18691438682214054, 0.039138158856068875, 0.018774085107829755, 0.12141571844415634, 0.05824160098796842]
Timestep: 10, Trans probs: [0.17483177387367477, 0.17483177387367477, 0.19720232629513604, 0.19720232629513604, 0.06013563071953954, 0.06013563071953954, 0.06783026911164969, 0.06783026911164969]
Timestep: 11, Trans probs: [0.20880604548965775, 0.25719460351658235, 0.118510839612336, 0.14597445363727143, 0.07703935332093965, 0.09489239588867353, 0.04372478020857004, 0.053857528325969316]
Timestep: 12, Trans probs: [0.14764115259229685, 0.09991881511397772, 0.24994912007373296, 0.16915757888665892, 0.07382057629614854, 0.04995940755698886, 0.12497456003686648, 0.08457878944332946]
Timestep: 13, Trans probs: [0.15179645941620162, 0.07341783576364883, 0.1559836333945905, 0.07544300323225435, 0.18062327968957761, 0.08736020809933101, 0.18560561656038582, 0.0897699638440103]
Timestep: 14, Trans probs: [0.23617777840319412, 0.0919973521087587, 0.17660135488395867, 0.06879079453617078, 0.17559218593500983, 0.06839769713403002, 0.1312986266227803, 0.05114421037609776]
Timestep: 15, Trans probs: [0.3515416929725148, 0.11486289105498967, 0.13805746629155663, 0.04510895870099486, 0.18964885908560625, 0.061965953613235376, 0.07447890675229335, 0.024335271528809148]
Timestep: 16, Trans probs: [0.24137076000888671, 0.09529569367329371, 0.2601232481340731, 0.10269937158326113, 0.10369647433092305, 0.04094044967367373, 0.11175282259548806, 0.044121180000400516]
Timestep: 17, Trans probs: [0.30080135567025224, 0.1021362541414254, 0.2463325931074371, 0.0836415390378697, 0.10961826029478529, 0.03722057191883972, 0.08976871214616966, 0.03048071368322087]
Timestep: 18, Trans probs: [0.3642680392791258, 0.14394356484393103, 0.16292486417871596, 0.06438112385047107, 0.13098597390255545, 0.05176020401186044, 0.05858562845541856, 0.02315060147792176]
Timestep: 19, Trans probs: [0.27221592406659023, 0.08677012042025835, 0.28953756641950024, 0.09229147629975855, 0.09523869283817475, 0.03035778628518032, 0.10129892087647997, 0.03228951279405765]
Timestep: 20, Trans probs: [0.2408762035960126, 0.11842715643176562, 0.25645988077323933, 0.12608889531380482, 0.0838195030949637, 0.04120998777325651, 0.08924227237597661, 0.04387610064098074]
Timestep: 21, Trans probs: [0.33079978414789063, 0.11773500833467675, 0.2300075005613441, 0.08186200926757978, 0.10423166312603878, 0.037097109233284985, 0.07247303494083936, 0.025793890388345495]
Timestep: 22, Trans probs: [0.2234303276119849, 0.08564135059592866, 0.2927961851748745, 0.11222944089872422, 0.08945466197187715, 0.03428817452963745, 0.1172266274297338, 0.044933231787239306]
Timestep: 23, Trans probs: [0.270053791508587, 0.08683871799429656, 0.2813832581462301, 0.09048183054930325, 0.10051358532040923, 0.032321230675841646, 0.10473039451666624, 0.03367719128866598]
Timestep: 24, Trans probs: [0.3869681735007755, 0.1172964547886723, 0.1991390630351589, 0.060362344253397024, 0.11968982839364666, 0.03627996694878368, 0.06159400672547037, 0.0186701623540956]
Timestep: 25, Trans probs: [0.2673903317728178, 0.07684769824646534, 0.3328725728821232, 0.095667225010603, 0.07862157762071058, 0.022595758165971286, 0.09787551648985224, 0.028129319811456718]
Timestep: 26, Trans probs: [0.4257823804489824, 0.12167219104939928, 0.1809050075387474, 0.051695677533290685, 0.12005379828657464, 0.03430674765340695, 0.05100806017662431, 0.014576137312974434]
Timestep: 27, Trans probs: [0.30573507831291796, 0.11729079793376605, 0.25861878972443786, 0.09921532188857285, 0.08580128296348105, 0.032916409193410934, 0.07257860000646822, 0.027843719976945194]
Timestep: 28, Trans probs: [0.2547997708259469, 0.08891299415442423, 0.31458037840105235, 0.10977358125245631, 0.076941942040737, 0.026849076122487027, 0.09499390507152719, 0.033148352131369074]
Timestep: 29, Trans probs: [0.20223474750456155, 0.08913854713297872, 0.3016542020845662, 0.13295943274916044, 0.07633052591137751, 0.0336440313328594, 0.11385493429101513, 0.050183578993480984]
Timestep: 30, Trans probs: [0.15994738100546557, 0.06763955747226094, 0.1850435749196104, 0.07825239426846206, 0.16588873695193604, 0.07015207555463403, 0.1919171463234911, 0.08115913350413978]
Timestep: 31, Trans probs: [0.23972475281300498, 0.08186025904706717, 0.20323373304319536, 0.06939945015605387, 0.16370407990571215, 0.05590102077859517, 0.13878496435281143, 0.04739173990355994]
Timestep: 32, Trans probs: [0.2105340458076247, 0.06842359694076391, 0.29008809090880855, 0.0942786737105546, 0.10685823385095133, 0.03472894227046006, 0.14723652384486155, 0.04785189266597531]
Timestep: 33, Trans probs: [0.3238973925237747, 0.10330417757290462, 0.21046010744862634, 0.06712436967299647, 0.13567100245531874, 0.04327105327996575, 0.08815549125580989, 0.02811640579060349]
Timestep: 34, Trans probs: [0.2723086347957029, 0.11463364269040476, 0.24736579825301983, 0.10413346808498228, 0.09645262609641776, 0.04060361833470012, 0.08761779025421097, 0.036884421490561356]
Timestep: 35, Trans probs: [0.20595058694457205, 0.06999908206186257, 0.36126875644764816, 0.12278907141824222, 0.06503435437788184, 0.022104064749098214, 0.1140801814699186, 0.0387739025307763]
Timestep: 36, Trans probs: [0.21692396405065598, 0.08466317934601805, 0.15743094015845283, 0.06144366750616277, 0.19986740170930556, 0.07800617949424009, 0.14505226794940618, 0.05661239978575844]
Timestep: 37, Trans probs: [0.23120358267776703, 0.08021020780528729, 0.22043587006407828, 0.07647462353652915, 0.1488627548448856, 0.05164414998368455, 0.1419298546515277, 0.04923895643624031]
Timestep: 38, Trans probs: [0.22732256360416236, 0.08028518907889343, 0.2670095171217008, 0.09430172363051464, 0.11251315018942343, 0.039737100416258046, 0.13215618117976086, 0.046674574779286604]
Timestep: 39, Trans probs: [0.2074038073051004, 0.07948989853187613, 0.28995748200332844, 0.11112954541426127, 0.09406365723268482, 0.03605098028872785, 0.13150414909737634, 0.05040048012664461]
Timestep: 40, Trans probs: [0.19946001439271835, 0.07650260854888397, 0.3273053802678479, 0.12553751918053052, 0.07422069776575534, 0.02846724444839855, 0.12179300086750824, 0.04671353452835718]
Timestep: 41, Trans probs: [0.17170476436449814, 0.07018207812388556, 0.3576320637186139, 0.14617743152557364, 0.058556208736963655, 0.02393408494765005, 0.12196270646097544, 0.04985066212183971]
Timestep: 42, Trans probs: [0.1661565525142856, 0.056234400275574074, 0.2026469053678007, 0.0685842780114225, 0.1704502167926953, 0.05768755774681053, 0.20788351966643445, 0.07035656962497681]
Timestep: 43, Trans probs: [0.1629823939115484, 0.07806153599217758, 0.2378347776418378, 0.11391259883663032, 0.11195820011677855, 0.05362314823267587, 0.163376871519051, 0.0782504737493005]
Timestep: 44, Trans probs: [0.142361257044718, 0.049942224344236896, 0.34601665641018564, 0.1213872498741145, 0.07343329021178137, 0.025761375884312706, 0.17848354303515301, 0.06261440319549778]
Timestep: 45, Trans probs: [0.28288200638285405, 0.0914554872212349, 0.23079131641804326, 0.07461461603491254, 0.13327796742337192, 0.043088641806590174, 0.10873578685500115, 0.035154177857992]
Timestep: 46, Trans probs: [0.378096483299065, 0.11495222086802458, 0.20488045997847906, 0.06228956080599133, 0.11925575348404871, 0.03625718386657885, 0.06462153103277073, 0.01964680666504188]
Timestep: 47, Trans probs: [0.18424559648542424, 0.05645352968047264, 0.20006296613607563, 0.0613000300260627, 0.1827320907200699, 0.05598978593692674, 0.1984195268438655, 0.060796474171102656]
Timestep: 48, Trans probs: [0.172336074693457, 0.08375208715433385, 0.2290683655749976, 0.1113229122345004, 0.11658599576797211, 0.05665859858942651, 0.15496560164206247, 0.07531036434325009]
Timestep: 49, Trans probs: [0.23296442788907204, 0.0822018682202299, 0.2556713900912069, 0.09021405588138821, 0.11945038786404992, 0.04214825898970035, 0.13109317585033783, 0.04625643521401485]
Timestep: 50, Trans probs: [0.28344860198164373, 0.1199730844856252, 0.20807912983705074, 0.08807203439744805, 0.12172521472280072, 0.05152168459421507, 0.08935827018257385, 0.037821979798642776]
Timestep: 51, Trans probs: [0.33761958065531394, 0.13704246550726967, 0.1858273800346817, 0.07542880738516293, 0.12115364339131929, 0.049177224743032974, 0.06668352614314119, 0.02706737214007823]
Timestep: 52, Trans probs: [0.27439184952089213, 0.0941044437071911, 0.2856174872010432, 0.09795434810848297, 0.09045787500399224, 0.03102310808811826, 0.09415859472975763, 0.03229229364052245]
Timestep: 53, Trans probs: [0.2778710659461174, 0.08996936471432845, 0.3019869352179823, 0.0977776243851795, 0.08412640602275567, 0.027238529782854976, 0.09142756709560373, 0.029602506835177872]
Timestep: 54, Trans probs: [0.3141813860545833, 0.10767549110608152, 0.23719829961881223, 0.08129203235657599, 0.11018893935154171, 0.037763689020947344, 0.0831896166071575, 0.02851054588430047]
Timestep: 55, Trans probs: [0.33153368139498846, 0.11315427496031473, 0.19133015315925297, 0.06530203708922017, 0.14119433447690477, 0.04819040550876542, 0.081484130140309, 0.027810983270244498]
Timestep: 56, Trans probs: [0.2925447098575335, 0.1010544765897808, 0.25137628621303704, 0.08683356141600458, 0.10721082230362018, 0.03703411194114038, 0.09212355391985856, 0.0318224777590249]
Timestep: 57, Trans probs: [0.17438476625835045, 0.08719238312917534, 0.32726051844780935, 0.16363025922390467, 0.05736566454057131, 0.028682832270285653, 0.10765571741993536, 0.05382785870996768]
Timestep: 58, Trans probs: [0.14560267999512366, 0.1547243367560484, 0.10620009072845159, 0.1128532702965505, 0.1347365207628049, 0.14317743885305348, 0.09827450105949286, 0.10443116154847458]
Timestep: 59, Trans probs: [0.19080760100919347, 0.1323453931768603, 0.17095000296448556, 0.11857203400838413, 0.12062601600677295, 0.08366698931980923, 0.10807230783724574, 0.07495965567724858]
Timestep: 60, Trans probs: [0.21601411065769824, 0.1110601497995534, 0.2291185080380518, 0.11779756307160195, 0.10448620001516347, 0.05371988427209074, 0.11082480762553168, 0.05697877652030876]
Timestep: 61, Trans probs: [0.1382240453262306, 0.0596439450774941, 0.36161443954332234, 0.15603733576489223, 0.05495586660631853, 0.023713563597543858, 0.14377263272506913, 0.06203817135912933]
Timestep: 62, Trans probs: [0.25977304394563333, 0.09375218854094561, 0.29027539258416396, 0.10476049755202091, 0.08725679248970816, 0.0314910089850791, 0.09750241715181907, 0.035188658750629875]
Timestep: 63, Trans probs: [0.28278129174555794, 0.09398664708066869, 0.25678436595397264, 0.08534617488226538, 0.11057228980371549, 0.036750375933758975, 0.10040705010596589, 0.03337180449409512]
Timestep: 64, Trans probs: [0.27106032186723866, 0.08384223733055628, 0.2852399819040445, 0.0882281777510608, 0.10108577743522554, 0.03126705407890363, 0.10637375890264875, 0.032902690730321864]
Timestep: 65, Trans probs: [0.19819333722847135, 0.08532270309813832, 0.3189365792207005, 0.13730295597482123, 0.06972399085463676, 0.030016343907916583, 0.11220120435813892, 0.04830288535717628]
Timestep: 66, Trans probs: [0.09822696042479931, 0.07856119133808037, 0.09889505271142976, 0.07909552657287217, 0.17864127272679917, 0.14287595937891856, 0.17985630428093127, 0.1438477325661695]
Timestep: 67, Trans probs: [0.17994400496396082, 0.1037044616622602, 0.16528851509652073, 0.0952582803771211, 0.15071672932765842, 0.08686033903464455, 0.13844164686543584, 0.07978602267239843]
Timestep: 68, Trans probs: [0.21520310523942748, 0.09736833994739287, 0.2251359179922215, 0.10186242699911942, 0.12127793020703971, 0.054872027628864214, 0.12687557699960217, 0.05740467498633272]
Timestep: 69, Trans probs: [0.22466440532568174, 0.09028602378436902, 0.26376259463058455, 0.1059984373480173, 0.10345103905212674, 0.04157393316862158, 0.12145455101382592, 0.04880901567677328]
Timestep: 70, Trans probs: [0.23609477575847782, 0.08009371034829486, 0.30770781660238883, 0.10438799696300773, 0.08808463585969634, 0.02988217459711499, 0.11480275617928563, 0.03894613369173394]
Timestep: 71, Trans probs: [0.23095257714306233, 0.07718186063073221, 0.33175845654235014, 0.11087009841010416, 0.07667123940176128, 0.025622701366205577, 0.11013660189364738, 0.03680646461213684]
Timestep: 72, Trans probs: [0.24046799770173033, 0.07509578191435366, 0.3265176918864341, 0.10196825197295416, 0.0827200771200694, 0.025832663517464608, 0.11232084481950405, 0.035076691067489806]
Timestep: 73, Trans probs: [0.2688067752898081, 0.10246688402845253, 0.26277250657353424, 0.10016667149816813, 0.0973088271632672, 0.037093307254377386, 0.09512440450154099, 0.03626062369085148]
Timestep: 74, Trans probs: [0.21149244389392885, 0.1026049595811848, 0.2569054286819633, 0.1246369404068175, 0.09253336405324866, 0.044892299241463283, 0.11240270868214426, 0.05453185545924921]
Timestep: 75, Trans probs: [0.21296530767796149, 0.07707609349965303, 0.2917129887217334, 0.10557633935278884, 0.09687869989272056, 0.03506219774700363, 0.13270130894707188, 0.04802706416106711]
Timestep: 76, Trans probs: [0.22792665951344382, 0.0720922815072216, 0.28503762597201115, 0.09015624945142629, 0.10963603770220157, 0.03467743576041517, 0.1371072430681158, 0.043366467025164473]
Timestep: 77, Trans probs: [0.26371430818553354, 0.07714449063181034, 0.3086012934242658, 0.0902753049439537, 0.09278385208755201, 0.027142110935883163, 0.10857665236335869, 0.031761987427642864]
Timestep: 78, Trans probs: [0.2551135132295088, 0.07644893274909303, 0.3363378058913984, 0.10078911923586356, 0.07676763775153506, 0.02300467702192656, 0.10120929510146551, 0.03032901901920918]
Timestep: 79, Trans probs: [0.24386805105627501, 0.06869101486412688, 0.35893058633957836, 0.10110100988895954, 0.07178170113974912, 0.020218958074278443, 0.10564995277957538, 0.029758725857457407]
Timestep: 80, Trans probs: [0.18881605593402354, 0.09165468579907257, 0.30810774117106693, 0.1495610003588022, 0.0669839117080773, 0.03251518707361348, 0.10930353157249156, 0.05305788638285238]
Timestep: 81, Trans probs: [0.21839550838790273, 0.0829647594136145, 0.33340892836891345, 0.12665641217926318, 0.06842897714687055, 0.025995010922231533, 0.10446566464817793, 0.03968473893302603]
Timestep: 82, Trans probs: [0.23064401335006077, 0.08986644571019113, 0.3152417039306685, 0.12282847085597727, 0.07340278544629639, 0.028600124223795136, 0.10032612085286388, 0.039090335630146945]
Timestep: 83, Trans probs: [0.19379675057044737, 0.08479457850222663, 0.31463259639364893, 0.1376655610361355, 0.07135516931531705, 0.031221016287617705, 0.11584643252119727, 0.050687895373409425]
Timestep: 84, Trans probs: [0.17623544155390972, 0.06668320905898342, 0.345599732311592, 0.13076654160629214, 0.06877934402480405, 0.026024432634583216, 0.13487708643591984, 0.0510342123739156]
Timestep: 85, Trans probs: [0.1667354473616239, 0.0707873228742425, 0.30181203025284425, 0.12813391495872167, 0.08306719282631977, 0.03526607144370809, 0.15036201666188936, 0.06383600362065042]
Timestep: 86, Trans probs: [0.16987810435990625, 0.05717875387316756, 0.21913156016780633, 0.07375682458836877, 0.15684496244468588, 0.05279196832141913, 0.20231966594205042, 0.06809816030259574]
Timestep: 87, Trans probs: [0.17060452599247936, 0.06506455095161132, 0.2734953148221674, 0.10430467622563733, 0.10749348235687269, 0.04099548425862506, 0.1723222970052973, 0.0657196683873095]
Timestep: 88, Trans probs: [0.1802103803079909, 0.058102011380493195, 0.37923757821029463, 0.12227079287789581, 0.06337616034495103, 0.020433242432101015, 0.1333697954824235, 0.04300003896384986]
Timestep: 89, Trans probs: [0.17206801554349063, 0.07490700160570005, 0.17694783460663246, 0.0770313511731878, 0.17141251528633855, 0.07462164026960316, 0.17627374447593158, 0.07673789703911582]
Timestep: 90, Trans probs: [0.12775184566183462, 0.042857012191543045, 0.30300300291770343, 0.10164865582053668, 0.09432466050750288, 0.03164316808411384, 0.22372009762286038, 0.07505155719390505]
Timestep: 91, Trans probs: [0.2588795237649567, 0.09477237146805474, 0.20335300238868706, 0.07444484600884324, 0.15109692547155754, 0.05531458703343706, 0.11868846558230631, 0.043450278282157466]
Timestep: 92, Trans probs: [0.13989671630665987, 0.044396035605973425, 0.37237111769107406, 0.11817147561498591, 0.06740824674521417, 0.021391916848689508, 0.17942439854763184, 0.05694009263977144]
Timestep: 93, Trans probs: [0.3341640865157922, 0.10052933048348912, 0.21105219336215156, 0.06349256713068804, 0.13699510530521564, 0.0412133642470211, 0.08652371281429815, 0.026029640141344196]
Timestep: 94, Trans probs: [0.17190352266098569, 0.051173234904567926, 0.4091362779644068, 0.12179405364218811, 0.056083090634288145, 0.0166951388009802, 0.13347967862243673, 0.03973500277014639]
Timestep: 95, Trans probs: [0.2943367150445929, 0.09249738014765461, 0.1546832476275101, 0.04861029707458657, 0.20443117031880179, 0.06424393121375739, 0.10743504199404436, 0.03376221657905234]
Timestep: 96, Trans probs: [0.2779291314690941, 0.08652489913387328, 0.22074689398875327, 0.06872292456545397, 0.14708844791313777, 0.04579157662304085, 0.11682588955977177, 0.036370236746874895]
Timestep: 97, Trans probs: [0.23012556952076377, 0.10888465703043829, 0.24550866835071666, 0.1161632199630707, 0.09830520477565938, 0.046513425381610546, 0.10487656789585485, 0.04962268708188586]
Timestep: 98, Trans probs: [0.23271500615247842, 0.07995269801144686, 0.31037623775862616, 0.10663436800970638, 0.08621321603091539, 0.02961983131160447, 0.11498413479711143, 0.03950450792811085]
Timestep: 99, Trans probs: [0.20492876304667015, 0.06841300786876801, 0.32941909135157266, 0.10997260976793732, 0.08259633727108467, 0.027573795828608305, 0.13277204218820302, 0.044324352677155954]
Timestep: 100, Trans probs: [0.14848411310328768, 0.04642755570571407, 0.4261590534002387, 0.1332501018305633, 0.04836066218486283, 0.015121263080792346, 0.13879824304283458, 0.043399007651706546]
Timestep: 101, Trans probs: [0.3662948121910778, 0.12622734465356025, 0.20729576164296848, 0.07143533754575687, 0.10863973016012152, 0.03743788938740933, 0.0614820490454588, 0.021187075373646964]
Timestep: 102, Trans probs: [0.3738628554674382, 0.12261481490829948, 0.1479531230771338, 0.04852379565369161, 0.16565713811463087, 0.054330134783697845, 0.06555743793652805, 0.021500700058580215]
Timestep: 103, Trans probs: [0.22624606129628086, 0.10159815170097658, 0.26715897971774843, 0.1199705241016195, 0.0901936286878866, 0.04050238893614762, 0.10650367869053083, 0.047826586868809716]
Timestep: 104, Trans probs: [0.22175255240454694, 0.07884176990740928, 0.31710512108299865, 0.11274336516892464, 0.08183391570037385, 0.029095181463800402, 0.11702211977033757, 0.04160597450160877]
Timestep: 105, Trans probs: [0.21949217813535363, 0.0786444541454636, 0.30130421689099884, 0.10795785922952794, 0.09078853842318484, 0.03252970154842058, 0.12462844783200955, 0.04465460379504099]
Timestep: 106, Trans probs: [0.2525424162524349, 0.10227517854936807, 0.2799970125042179, 0.11339380082011244, 0.08498709225030998, 0.03441825798325973, 0.09422627804321458, 0.0381599635970825]
Timestep: 107, Trans probs: [0.2448958436161044, 0.0845392708330471, 0.3247171968216361, 0.11209400143713565, 0.07470875291453294, 0.025789835396886118, 0.09905932443049466, 0.03419577455016294]
Timestep: 108, Trans probs: [0.19329748025979052, 0.05899834158221202, 0.3956340953122609, 0.12075561184466081, 0.058167485539066074, 0.01775390541149274, 0.11905504658885416, 0.03633803346166294]
Timestep: 109, Trans probs: [0.15874452495134092, 0.05678981302645704, 0.10369510785074713, 0.03709624497857357, 0.28675948738009194, 0.10258632653233139, 0.18731704907755573, 0.06701144620290232]
Timestep: 110, Trans probs: [0.2610839219474269, 0.10513206603658866, 0.11592084062823402, 0.04667846790810198, 0.23263084701894138, 0.09367471343512171, 0.10328772120990257, 0.041591421815682796]
Timestep: 111, Trans probs: [0.40599850038256974, 0.15908285383037024, 0.14747943780593709, 0.057787035728849995, 0.12103420582962435, 0.04742497042803292, 0.04396581912056592, 0.01722717687404976]
Timestep: 112, Trans probs: [0.1446804695873449, 0.05901060193617523, 0.15428415010724894, 0.06292764042726283, 0.19905791432366093, 0.08118944718594064, 0.2122710910542546, 0.08657868537811192]
Timestep: 113, Trans probs: [0.17047999605629427, 0.06096535306425299, 0.2146257033702441, 0.07675229989042144, 0.15559571437216807, 0.055642584944989866, 0.19588714459786147, 0.07005120370376781]
Timestep: 114, Trans probs: [0.16625789055714324, 0.07612269026049848, 0.24178922099044955, 0.11070539819857238, 0.11322575669404637, 0.05184144450196225, 0.16466447045229524, 0.07539312834503255]
Timestep: 115, Trans probs: [0.31461108778932634, 0.1089839443292655, 0.2647083984819323, 0.09169723027359464, 0.08873611891272053, 0.030738942837433964, 0.07466105562248232, 0.025863221753244472]
Timestep: 116, Trans probs: [0.15550890177138227, 0.07613463940302298, 0.1864959878296101, 0.09130541481407903, 0.1497427326955392, 0.07331161642282363, 0.17958083772860284, 0.08791986933494007]
Timestep: 117, Trans probs: [0.17096889463580306, 0.06852501386881144, 0.23570488181410956, 0.09447145534668534, 0.12915015833685314, 0.05176389781336721, 0.1780518197295914, 0.07136387845477898]
Timestep: 118, Trans probs: [0.178440346742695, 0.06289788962894353, 0.2794241960769779, 0.09849337644388727, 0.10971253641204402, 0.03867223490720265, 0.1718016011855602, 0.0605578186026895]
Timestep: 119, Trans probs: [0.17886253672410402, 0.05761307959850901, 0.32067922841490293, 0.10329339083876736, 0.09195738085510645, 0.02962022120399509, 0.164868633084174, 0.05310552928044119]
Timestep: 120, Trans probs: [0.15070920492440315, 0.07329461222565758, 0.3157415455843844, 0.1535550144979237, 0.06667017329839409, 0.03242379588807684, 0.13967656170817733, 0.06792909187298302]
Timestep: 121, Trans probs: [0.15848355067847378, 0.05693437244112783, 0.35091724448528544, 0.1260651531847162, 0.07040650890113688, 0.025293163756718952, 0.15589540991254106, 0.056004596639999814]
Timestep: 122, Trans probs: [0.24047434173949342, 0.08027578810518185, 0.30274967800289465, 0.10106470746305415, 0.0914137602280739, 0.030515986000354163, 0.11508706614556051, 0.03841867231538733]
Timestep: 123, Trans probs: [0.18907549389480505, 0.0897115808195548, 0.16735561331499518, 0.07940604210647968, 0.17069227463531042, 0.08098920423679513, 0.15108415015230492, 0.07168564083975476]
Timestep: 124, Trans probs: [0.18174671644984117, 0.06986922056944268, 0.12388268247188226, 0.04762444480668766, 0.24778958583478722, 0.09525820089453799, 0.16889899956064372, 0.06493014941217737]
Timestep: 125, Trans probs: [0.18462840550393586, 0.05905556544888575, 0.19631691308711846, 0.06279427197508018, 0.18257562042033212, 0.05839895801339191, 0.19413416970186087, 0.06209609584939484]
Timestep: 126, Trans probs: [0.18359983775274866, 0.0541944580245785, 0.27552823779348057, 0.08132961172761885, 0.12515182354094595, 0.036941945758814855, 0.18781531519278938, 0.055438770209023346]
Timestep: 127, Trans probs: [0.17407787148717044, 0.04934834923979293, 0.3387670810372817, 0.09603515991522853, 0.09038634059355573, 0.025623111450132782, 0.17589781232347576, 0.04986427395336213]
Timestep: 128, Trans probs: [0.16411942070185903, 0.04599122883249464, 0.37678221456779554, 0.1055857800136952, 0.07288344154728144, 0.02042414617335289, 0.16732440557046224, 0.04688936259305906]
Timestep: 129, Trans probs: [0.2570113221117197, 0.07446853532858982, 0.30112234275427036, 0.0872496185591255, 0.10002232761453761, 0.02898127668622003, 0.11718922486197836, 0.0339553520835584]
Timestep: 130, Trans probs: [0.30341560017007474, 0.11373738785546748, 0.23935326612707708, 0.08972318908028673, 0.10318266919809803, 0.038678720738051044, 0.08139696464661327, 0.030512202184331566]
Timestep: 131, Trans probs: [0.25570803145820215, 0.07965369602060501, 0.32399946908360827, 0.10092665089184606, 0.08062252060101038, 0.025114118284616984, 0.10215421753453792, 0.03182129612557323]
Timestep: 132, Trans probs: [0.14139431078583362, 0.06060482232377133, 0.22464039348319312, 0.09628598957147731, 0.12899660802604368, 0.055290884522426094, 0.2049435272460127, 0.08784346404124213]
Timestep: 133, Trans probs: [0.14781983300112292, 0.11831436266234427, 0.12611523385374224, 0.10094209425405498, 0.15190111895440941, 0.12158100649898154, 0.1295972587077333, 0.10372909206761133]
Timestep: 134, Trans probs: [0.12594252338859754, 0.0717809765927639, 0.25250091057068463, 0.1439129649276728, 0.08603290281129265, 0.049034477130891214, 0.17248650983324143, 0.0983087347448557]
Timestep: 135, Trans probs: [0.28248548976076526, 0.12561219596626844, 0.17799529898322727, 0.07914877467119046, 0.14215034492198705, 0.06320967847989375, 0.08956953210724598, 0.039828685109421946]
Timestep: 136, Trans probs: [0.2513731719386876, 0.09495532037454119, 0.23257188428749798, 0.08785320092955902, 0.12563743649298523, 0.04745909414763371, 0.11624046876948123, 0.043909423059614094]
Timestep: 137, Trans probs: [0.12649334618822763, 0.05548430775510324, 0.28572565088566465, 0.125329042396246, 0.08680588914030292, 0.0380760317688883, 0.19607884464068523, 0.08600688722488202]
Timestep: 138, Trans probs: [0.16046071013738678, 0.11652955909904014, 0.11295970267305169, 0.08203344193839775, 0.17951036814525898, 0.13036377587861328, 0.12637011138151474, 0.09177233074673675]
Timestep: 139, Trans probs: [0.11757976438278313, 0.06545019354793975, 0.2973274464702327, 0.1655058506091114, 0.06447079116546593, 0.03588734662055861, 0.1630292066816769, 0.09074940052223175]
Timestep: 140, Trans probs: [0.18126079497728065, 0.081776569608026, 0.17773309623059305, 0.08018503348930378, 0.16667832258405255, 0.07519762588844557, 0.16343442800798907, 0.07373412921430927]
Timestep: 141, Trans probs: [0.19521714330946288, 0.07450683721356274, 0.12868403153872912, 0.04911372037978341, 0.24100109852746293, 0.09198080307839988, 0.15886408559218523, 0.06063228036041386]
Timestep: 142, Trans probs: [0.17151554247453282, 0.06686244982740498, 0.0969814701822989, 0.03780659519655349, 0.28810702754293865, 0.11231367954232396, 0.16290677041770177, 0.06350646481624546]
Timestep: 143, Trans probs: [0.1629213021467657, 0.05612303405432341, 0.22146203940823575, 0.07628911269228443, 0.15233164768487537, 0.05247511613225329, 0.207067319731578, 0.07133042814968399]
Timestep: 144, Trans probs: [0.1190405795993395, 0.04986583452748117, 0.09936098009066598, 0.041622093981445896, 0.2650982315981601, 0.1110490607059769, 0.22127261309169305, 0.09269060640523755]
Timestep: 145, Trans probs: [0.2027342501051311, 0.18258197753748456, 0.09567709604122263, 0.08616656234055903, 0.1547209492148189, 0.1393413143534911, 0.07301800810637026, 0.0657598423009223]
Timestep: 146, Trans probs: [0.15750689633610115, 0.09911891975809846, 0.192661937435618, 0.12124194915485632, 0.11856443806584085, 0.07461247282617249, 0.14502764564661522, 0.0912657407766976]
Timestep: 147, Trans probs: [0.182028239583377, 0.08815264316143807, 0.15978946552984868, 0.07738284877142754, 0.1767518777849194, 0.08559740645819541, 0.15515772798380983, 0.07513979072698397]
Timestep: 148, Trans probs: [0.22248509859805007, 0.09532890512975692, 0.09047450055506874, 0.03876589998352312, 0.27518385729366207, 0.11790891161021778, 0.11190467229646449, 0.04794815453325689]
Timestep: 149, Trans probs: [0.19806085529145706, 0.06947106516309551, 0.2074757718843414, 0.07277340515939057, 0.16350849457475894, 0.05735161177915346, 0.17128094833087407, 0.06007784781692903]
Timestep: 150, Trans probs: [0.18862876699119996, 0.05905493891256745, 0.2819935146800862, 0.08828510120065407, 0.11661438512605404, 0.03650904101105118, 0.17433449228604297, 0.054579759792344036]
Timestep: 151, Trans probs: [0.16863390299759526, 0.058679316217688134, 0.3281414441946116, 0.11418294438870395, 0.08319469956845676, 0.02894914958875536, 0.16188695381212628, 0.05633158923206274]
Timestep: 152, Trans probs: [0.1523796516600688, 0.05469701813486601, 0.3640183092201421, 0.1306651895047939, 0.06475956269782628, 0.023245590449247757, 0.1547035070777498, 0.05553117125530532]
Timestep: 153, Trans probs: [0.1712190884807858, 0.08321593882317829, 0.20251281702289423, 0.09842532361207992, 0.13707648351489046, 0.06662194249183634, 0.16212996500859206, 0.078798441045743]
Timestep: 154, Trans probs: [0.193172568589054, 0.06738100695532477, 0.22858758606953933, 0.07973420780886847, 0.14639665689008377, 0.05106498416517918, 0.17323607928176138, 0.0604269102401892]
Timestep: 155, Trans probs: [0.17674871793539285, 0.06274214477085507, 0.2630695107194445, 0.09338424356996279, 0.11983709372348066, 0.04253969347639348, 0.17836330571517797, 0.06331529008929268]
Timestep: 156, Trans probs: [0.1988200159380709, 0.06359796961351581, 0.16663782479715178, 0.053303623721731704, 0.21336227364688692, 0.06824970479980245, 0.17882618611883846, 0.05720240136400202]
Timestep: 157, Trans probs: [0.1488699152741126, 0.04733028115068791, 0.2684064742688051, 0.08533459474613227, 0.12183156619241245, 0.03873396629734132, 0.2196574175255031, 0.0698357845450053]
Timestep: 158, Trans probs: [0.211642616187347, 0.0645425494323509, 0.27378903915810515, 0.0834947276320539, 0.1224584033878535, 0.037344924649158756, 0.15841690678552722, 0.0483108327676035]
Timestep: 159, Trans probs: [0.2009913686409908, 0.06790975512106139, 0.20286520773715602, 0.06854287660790567, 0.1710018634290893, 0.057777081420133734, 0.17259611088049545, 0.05831573616316774]
Timestep: 160, Trans probs: [0.21022718466924226, 0.08336840607991651, 0.13633306668801418, 0.054064703780574444, 0.2241324605546136, 0.08888272949384043, 0.1453506868762796, 0.05764076185751904]
Timestep: 161, Trans probs: [0.16907858739375858, 0.07299217509462352, 0.20738523254627017, 0.08952936879466358, 0.14461933232805016, 0.062432977410516594, 0.1773844596636732, 0.07657786676844433]
Timestep: 162, Trans probs: [0.2850565298779875, 0.09708538532209306, 0.15035122602768053, 0.051207059591984704, 0.20330466903483707, 0.06924209783749267, 0.10723173491104795, 0.03652129739687664]
Timestep: 163, Trans probs: [0.2536113340077289, 0.08938561287670474, 0.21024536256232024, 0.07410122524944121, 0.15065095607954487, 0.05309710661125762, 0.12489057322784647, 0.044017829385156027]
Timestep: 164, Trans probs: [0.23146157017400457, 0.08732757626805714, 0.2539044229489506, 0.09579498593741827, 0.11478455226003885, 0.04330678623819822, 0.12591423052703385, 0.04750587564629858]
Timestep: 165, Trans probs: [0.19952774910830137, 0.08348349990674002, 0.2910774271240387, 0.12178838516829038, 0.08720069791571901, 0.036485248236640955, 0.127211151863147, 0.05322584067712251]
Timestep: 166, Trans probs: [0.25484266928256, 0.08580464864108531, 0.2901874251016698, 0.0977051061386524, 0.09495654839235997, 0.031971542653804086, 0.10812630534790407, 0.03640575444196433]
Timestep: 167, Trans probs: [0.22923148744861824, 0.07647159001775598, 0.21538656994704922, 0.07185292760451768, 0.1573683235730177, 0.05249804926888509, 0.14786373290147212, 0.04932731923868391]
Timestep: 168, Trans probs: [0.20119789593807968, 0.08517369145742046, 0.1740811219354207, 0.07369426851686503, 0.17547351526929483, 0.07428371444349273, 0.15182378655407008, 0.06427200588535663]
Timestep: 169, Trans probs: [0.21938061341762852, 0.07515787518406941, 0.23718495403979808, 0.08125748621792257, 0.13851080389911063, 0.04745258730440732, 0.14975196825749268, 0.05130371167957053]
Timestep: 170, Trans probs: [0.22242626846460892, 0.06877323107154633, 0.28849931593662687, 0.08920272886765462, 0.11009840627497477, 0.034041946518392464, 0.1428037934336744, 0.04415430943252155]
Timestep: 171, Trans probs: [0.19467206715790303, 0.0826910219149133, 0.2953853862962182, 0.12547110537308606, 0.08414003225499339, 0.03574023409057288, 0.12766975916713344, 0.0542303937451797]
Timestep: 172, Trans probs: [0.1900488892271129, 0.06337819932345214, 0.33716633552640546, 0.11243946389296709, 0.08027827822005151, 0.026771494109043805, 0.14242194732050317, 0.04749539238046392]
Timestep: 173, Trans probs: [0.20147507121834357, 0.09949330781647693, 0.22456354324548597, 0.11089495885209857, 0.11509714970962166, 0.05683778184373162, 0.12828695679297286, 0.06335123052126869]
Timestep: 174, Trans probs: [0.1930935543044171, 0.07583611409136398, 0.1829341954054047, 0.07184609845704609, 0.17560967500174268, 0.06896944539113932, 0.16637020700961583, 0.06534071033927018]
Timestep: 175, Trans probs: [0.20140817030533564, 0.06947418447993879, 0.25359681216736724, 0.08747625126294746, 0.12771412244701072, 0.044053994880772995, 0.16080725162347945, 0.05546921283314783]
Timestep: 176, Trans probs: [0.23608464904054374, 0.08429798860109536, 0.2590918103999978, 0.09251308193268147, 0.11523831233876386, 0.04114777466227504, 0.12646863357118665, 0.04515774945345614]
Timestep: 177, Trans probs: [0.27068327765153216, 0.09070449700381367, 0.26542716832697594, 0.08894320330064415, 0.10749373515262386, 0.03602056714649333, 0.1054064291743268, 0.03532112224359015]
Timestep: 178, Trans probs: [0.2448220760335128, 0.076883612734956, 0.30559306514214235, 0.09596805670278075, 0.09367275387010578, 0.02941687224063986, 0.11692468440449232, 0.036718878871370174]
Timestep: 179, Trans probs: [0.2413057774136098, 0.08185951781687582, 0.25815924508831445, 0.08757681456866008, 0.11944364497948509, 0.040519540348805914, 0.12778592186645815, 0.04334953791779062]
Timestep: 180, Trans probs: [0.19848313661383296, 0.07213082225217832, 0.15967574677446156, 0.05802781588937175, 0.20798013341589552, 0.07558212899765697, 0.16731589234226557, 0.06080432371433744]
Timestep: 181, Trans probs: [0.22601209402461966, 0.06934126999997879, 0.22365223976092471, 0.06861725878117363, 0.15860890767945662, 0.04866174590907014, 0.1569528285715546, 0.04815365527322191]
Timestep: 182, Trans probs: [0.23148467561148248, 0.06989550964841887, 0.2716681906683303, 0.08202869840894506, 0.12188546155246027, 0.03680263685463327, 0.1430436063262614, 0.043191220929468255]
Timestep: 183, Trans probs: [0.22326004511563927, 0.0729346148706554, 0.30460587838002434, 0.0995086801826885, 0.09554204859122171, 0.031211686418610628, 0.13035323726769862, 0.04258380917346136]
Timestep: 184, Trans probs: [0.19761942607803012, 0.08602509189829288, 0.30957346441963185, 0.13475945282553564, 0.07384424369616212, 0.03214490587384871, 0.11567799179541234, 0.05035542341308631]
Timestep: 185, Trans probs: [0.19656318855782481, 0.07282630159326878, 0.34996596196886887, 0.12966174837068034, 0.06586494851174629, 0.02440284287172349, 0.11726758318820377, 0.04344742493768372]
Timestep: 186, Trans probs: [0.1936183739681398, 0.06131376953737133, 0.3880084890508184, 0.12287192888067676, 0.0592089936122839, 0.018749907431206102, 0.11865398762982161, 0.037574549889682084]
Timestep: 187, Trans probs: [0.17483718079751553, 0.06320248922699283, 0.39005294288207426, 0.14100156962043328, 0.052491519340421115, 0.018975338486289513, 0.11710593537192024, 0.04233302427435325]
Timestep: 188, Trans probs: [0.1573793844205037, 0.06181970808834728, 0.39732817437302465, 0.15607324838294545, 0.046321469139708395, 0.01819539268744965, 0.11694558874611355, 0.0459370341619075]
Timestep: 189, Trans probs: [0.1524842707616644, 0.05385640291068593, 0.3976961919677901, 0.1404635785952, 0.05232993981718564, 0.01848257731114675, 0.13648239052621353, 0.04820464811011376]
Timestep: 190, Trans probs: [0.1330658186000635, 0.04841926476985222, 0.378597551682583, 0.13776201348321354, 0.05761532924462596, 0.020964751961450923, 0.16392656522079144, 0.05964870503741944]
Timestep: 191, Trans probs: [0.11910826742572785, 0.043131234200840876, 0.3789732590471967, 0.13723299603877742, 0.05645221953622985, 0.020442358491132514, 0.17961710031113803, 0.06504256494895672]
Timestep: 192, Trans probs: [0.2421276518972361, 0.07922627331675014, 0.29315643231720695, 0.09592333403201644, 0.09868902779100926, 0.03229190812313038, 0.11948789437872621, 0.03909747814392441]
Timestep: 193, Trans probs: [0.1720099782873063, 0.06537199248946457, 0.1808524713243909, 0.06873256141787246, 0.18121719530821004, 0.06887117392028863, 0.19053300247049196, 0.07241162478197527]
Timestep: 194, Trans probs: [0.22150480779194867, 0.07356515549624569, 0.2227152808702092, 0.07396717223400379, 0.15281526536016962, 0.050752301363047654, 0.1536503658101764, 0.05102965107419902]
Timestep: 195, Trans probs: [0.26073480089898515, 0.0777104147061078, 0.3081070989788834, 0.09182943877453846, 0.09238172684975467, 0.02753380937262047, 0.10916634741583636, 0.032536363003273734]
Timestep: 196, Trans probs: [0.21296424137260708, 0.06823268254758658, 0.14492065125447467, 0.046431855075309274, 0.2377065831799682, 0.07616000566598642, 0.16175763884062072, 0.05182634206344704]
Timestep: 197, Trans probs: [0.19236546507375238, 0.08674676657447206, 0.1976010317653691, 0.08910773340138474, 0.1476103685495716, 0.06656455814265927, 0.1516278460558335, 0.06837623043695741]
Timestep: 198, Trans probs: [0.22095499483983078, 0.0786982751183315, 0.29045651246374565, 0.10345286172124281, 0.0976247278509805, 0.034771323890360556, 0.1283326407822237, 0.045708663333284535]
Timestep: 199, Trans probs: [0.16855045828087892, 0.05419588363864953, 0.1945826356167611, 0.062566296084548, 0.18267295971437653, 0.0587368469334573, 0.21088632045072395, 0.06780859928060466]
Timestep: 200, Trans probs: [0.2401619003329921, 0.07057014827924982, 0.1842014938040177, 0.054126515125776174, 0.19724362030917444, 0.0579588665523326, 0.1512836526271909, 0.04445380296926622]
Timestep: 201, Trans probs: [0.22373854467721666, 0.07335219224848877, 0.22992923686421946, 0.07538179713443888, 0.1476722902110971, 0.04841403718329475, 0.15175828127073118, 0.04975362041051329]
Timestep: 202, Trans probs: [0.21433992867021331, 0.06809988139868962, 0.2758028321878287, 0.08762781754169717, 0.11752217373513146, 0.037339034974638675, 0.1512221664069432, 0.04804616508485793]
Timestep: 203, Trans probs: [0.1923193574030927, 0.07240544609131624, 0.300066927411367, 0.11297084198827118, 0.09143687980234755, 0.03442465782272093, 0.142664700760547, 0.0537111887203375]
Timestep: 204, Trans probs: [0.22913161958565084, 0.0875162993445767, 0.2924511733689777, 0.11170105845066435, 0.0887534687391483, 0.033899184896833266, 0.11328011437386225, 0.04326708124028671]
Timestep: 205, Trans probs: [0.25007309221569474, 0.0801889130120447, 0.2964595301134197, 0.09506327634542949, 0.09639179339384178, 0.03090917566159744, 0.11427165363189246, 0.036642565626079905]
Timestep: 206, Trans probs: [0.22897135783011266, 0.0729627080427368, 0.329473228369268, 0.10498806137683384, 0.0819640060107671, 0.02611818306555999, 0.11794027832285507, 0.037582176981866576]
Timestep: 207, Trans probs: [0.24530666660098543, 0.07185328023227704, 0.34399236171267433, 0.10075951015268625, 0.07665535128709428, 0.022453276601301718, 0.10749343135485884, 0.03148612205812219]
Timestep: 208, Trans probs: [0.2672192302223099, 0.08492015139371654, 0.2970746169438056, 0.0944079564375307, 0.09212899561545138, 0.029277863905626925, 0.10242221736477682, 0.032548968116781984]
Timestep: 209, Trans probs: [0.2282877174499101, 0.09928094138008091, 0.30426744667137734, 0.1323240640113545, 0.07045556512065472, 0.030640697225329187, 0.09390489835597154, 0.04083866978532156]
Timestep: 210, Trans probs: [0.1982165362109365, 0.06556127602408676, 0.3115543904903793, 0.10304843269846678, 0.09397419840088764, 0.03108251449791484, 0.14770752563980663, 0.0488551260375215]
Timestep: 211, Trans probs: [0.16957869022427197, 0.08333495037010348, 0.31070559112246166, 0.15268802336933, 0.06716146425576712, 0.033004720599833615, 0.12305462687935907, 0.060471933178873075]
Timestep: 212, Trans probs: [0.17120964481333928, 0.06698326322401411, 0.34930836740110044, 0.13666177711826882, 0.06521451989496536, 0.025514224720895096, 0.13305312034373257, 0.052055082483684276]
Timestep: 213, Trans probs: [0.15198759051083519, 0.05064828950364667, 0.4030179245002721, 0.13430154690026083, 0.05341343837582632, 0.01779947481996024, 0.14163375445519713, 0.04719798093400145]
Timestep: 214, Trans probs: [0.15706366906357874, 0.04934653372430797, 0.42778569420037765, 0.13440244527262568, 0.047287108745236325, 0.014856745167956374, 0.12879330249900856, 0.04046450132690865]
Timestep: 215, Trans probs: [0.13240518937258614, 0.05584694043396542, 0.3950457891458147, 0.16662563423426535, 0.044153059544866896, 0.018623237488379327, 0.13173562406244685, 0.055564525717675305]
Timestep: 216, Trans probs: [0.11767651295876103, 0.0446485087131251, 0.39658069185474576, 0.15046958845508115, 0.04821101178310632, 0.01829209351589936, 0.1624755520641738, 0.06164604065510758]
Timestep: 217, Trans probs: [0.12894026277586165, 0.053326529821148244, 0.3711266701088763, 0.15348888713983144, 0.053466700425304485, 0.022112515775035, 0.15389233791965562, 0.06364609603428736]
Timestep: 218, Trans probs: [0.15534631235781104, 0.05260362266177092, 0.39308037724650524, 0.13310552099103, 0.05625800569950404, 0.01905017800940201, 0.14235238524723928, 0.04820359778673755]
Timestep: 219, Trans probs: [0.21409655522940274, 0.07500419080952589, 0.328453750222697, 0.11506681052112623, 0.07813703564115312, 0.027373654490798236, 0.11987302813033157, 0.041994974954965014]
Timestep: 220, Trans probs: [0.14538139481952855, 0.04584705965862541, 0.19288844831271876, 0.0608287477791141, 0.18135827469581833, 0.05719262530041207, 0.2406216850386776, 0.07588176439510522]
Timestep: 221, Trans probs: [0.24004293797597823, 0.07457482090594969, 0.28028455287098225, 0.08707679763171965, 0.1119369609282216, 0.03477577338606725, 0.13070245393614915, 0.040605702364932245]
Timestep: 222, Trans probs: [0.1394607533953703, 0.04046487479658795, 0.13021130615945997, 0.03778112531706461, 0.2613829209118987, 0.07584088649428987, 0.24404723702606226, 0.07081089589926641]
Timestep: 223, Trans probs: [0.17545512685590486, 0.06400935803595209, 0.2515857581767561, 0.09178325626875505, 0.1255830376548557, 0.045815073999483875, 0.18007398420728263, 0.06569440480100978]
Timestep: 224, Trans probs: [0.17019226145123645, 0.05820089708382511, 0.3298844660596721, 0.11281107434013762, 0.08341394846015038, 0.028525190207168694, 0.16168165118124297, 0.05529051121656665]
Timestep: 225, Trans probs: [0.22923330622680277, 0.08737333430680295, 0.2952872367021184, 0.11255009524392401, 0.08719324287150261, 0.0332341075740908, 0.11231811018399146, 0.042810566890767]
Timestep: 226, Trans probs: [0.266065709417394, 0.09091363021956991, 0.2930757747418426, 0.10014286572116973, 0.08859494880236869, 0.030272553469506646, 0.09758879983190584, 0.03334571779624264]
Timestep: 227, Trans probs: [0.1713105862781467, 0.1884074026584142, 0.18648341859052006, 0.20509448539540553, 0.0567095425312375, 0.062369161453394106, 0.06173225827830067, 0.0678931448145812]
Timestep: 228, Trans probs: [0.1938466196892336, 0.13743817018381146, 0.24013111266775317, 0.17025409461443217, 0.06751843543333708, 0.04787089005992634, 0.08363972016734406, 0.05930095718416205]
Timestep: 229, Trans probs: [0.1652761866705369, 0.08632220109731358, 0.17958066937013561, 0.09379329815650005, 0.14955217524925277, 0.07810969750978672, 0.16249576105332705, 0.0848700108931473]
Timestep: 230, Trans probs: [0.24294969789718854, 0.10293103679043136, 0.19110858031687517, 0.08096739564536418, 0.15020032978306175, 0.063635706504882, 0.11815026746859575, 0.05005698559360117]
Timestep: 231, Trans probs: [0.24004327739220924, 0.08706683926852604, 0.25877452916991384, 0.09386090951096404, 0.1130936802618544, 0.041020558411874665, 0.12191869807724925, 0.044221507907408426]
Timestep: 232, Trans probs: [0.22774752596197162, 0.07604335024575347, 0.3114043283383701, 0.1039757876967336, 0.08893310829402243, 0.029694160118231495, 0.12160024456190072, 0.04060149478301645]
Timestep: 233, Trans probs: [0.23653199371328876, 0.10737237583870328, 0.2860991929348606, 0.12987312874125428, 0.07474481796388951, 0.03392999213519634, 0.0904082012746778, 0.04104029739812933]
Timestep: 234, Trans probs: [0.19756092327403796, 0.07652440015655307, 0.21235643599313267, 0.08225538033762302, 0.14983122882460667, 0.05803650195852788, 0.1610522224049875, 0.06238290705053131]
Timestep: 235, Trans probs: [0.23540757158226183, 0.07933815072744359, 0.23967403511289792, 0.08077605403867359, 0.13519873175702402, 0.04556530313023386, 0.1376490372189621, 0.046391116432503064]
Timestep: 236, Trans probs: [0.21751642529058202, 0.0816737695217325, 0.2748233704546276, 0.10319156628154103, 0.1036808237515413, 0.038930410388982234, 0.13099660587399564, 0.04918702843699772]
Timestep: 237, Trans probs: [0.20428564476335498, 0.07812647299882894, 0.3088287871812493, 0.11810768167742064, 0.08370484202469511, 0.03201186303564811, 0.12654078006132002, 0.048393928257483065]
Timestep: 238, Trans probs: [0.18248413990767373, 0.0857583124839715, 0.32483331312917096, 0.15265522136131535, 0.06222091207176984, 0.029240680440438434, 0.1107571596327089, 0.05205026097295117]
Timestep: 239, Trans probs: [0.2205611405383718, 0.09766489520568035, 0.26179143458564735, 0.11592174832857216, 0.09636472687229118, 0.04267048551042917, 0.11437853481249241, 0.05064703414651556]
Timestep: 240, Trans probs: [0.16553609200795208, 0.057970470633955835, 0.1950776337426761, 0.0683158705817348, 0.174443512101248, 0.06108983468731234, 0.20557467045216096, 0.0719919157929599]
Timestep: 241, Trans probs: [0.18094682834865156, 0.0756807131295578, 0.23527807767177633, 0.0984046687330854, 0.12558150439911447, 0.052524257515556, 0.16328871423610977, 0.06829523596614871]
Timestep: 242, Trans probs: [0.24916514135053947, 0.08267497324275672, 0.2894821987840225, 0.09605249317380735, 0.09816395227686811, 0.03257157916995979, 0.11404772189404858, 0.037841940107997414]
Timestep: 243, Trans probs: [0.17067747802262015, 0.08415921149136461, 0.15516618597258208, 0.07651076177633859, 0.18013998103739856, 0.08882506900041966, 0.16376872990261748, 0.08075258279665888]
Timestep: 244, Trans probs: [0.19377077611511329, 0.06911138083917467, 0.22061344154964088, 0.07868523769611428, 0.15090617414322502, 0.053823049488120375, 0.17181089479173364, 0.06127904537687789]
Timestep: 245, Trans probs: [0.18618090369407037, 0.07521410033504058, 0.25498742086281695, 0.103010830200197, 0.1144050361162993, 0.046217800507750574, 0.15668548446272063, 0.06329842382110445]
Timestep: 246, Trans probs: [0.21452583131833577, 0.08574894521885006, 0.2759491063202028, 0.11030067873704706, 0.09795509554042807, 0.03915400802684349, 0.12600170761618146, 0.05036462722211128]
Timestep: 247, Trans probs: [0.17950805707828155, 0.05704466923696859, 0.19093983778162396, 0.06067749864655509, 0.188208177033819, 0.05980942238099677, 0.20019401567218242, 0.06361832216957257]
Timestep: 248, Trans probs: [0.17997882526653175, 0.06820375109571218, 0.22977280771435704, 0.08707339523249537, 0.138551543198249, 0.052504704107419406, 0.1768840142537518, 0.06703095913148345]
Timestep: 249, Trans probs: [0.18442503625104306, 0.0652435882538648, 0.2753480712072475, 0.09740920511403665, 0.11187535228716215, 0.039577866263471574, 0.16703080608843962, 0.05909007453473473]
Timestep: 250, Trans probs: [0.1787837819354148, 0.06639141941826886, 0.307473365149324, 0.1141803407702253, 0.08932664337066476, 0.03317147999134686, 0.15362446938611987, 0.05704849997863556]
Timestep: 251, Trans probs: [0.1710979387343884, 0.06498306761687356, 0.3357670802900465, 0.12752447541685616, 0.07354697302890549, 0.02793317065480905, 0.14433050789946814, 0.054816786358652766]
Timestep: 252, Trans probs: [0.21819516049376683, 0.08899761026560205, 0.309209947282011, 0.1261207916627367, 0.07566107118395339, 0.030860696040505526, 0.10722124074222551, 0.04373348232919894]
Timestep: 253, Trans probs: [0.1824073972146623, 0.06337370222323832, 0.2171432366567372, 0.07544195591738909, 0.1564091296019672, 0.05434113832963675, 0.18619411911494682, 0.0646893209414224]
Timestep: 254, Trans probs: [0.27239970434792, 0.0845306955928851, 0.28196813712838736, 0.0874999582820752, 0.10260066540944639, 0.0318388951122942, 0.10620466186954398, 0.03295728225744777]
Timestep: 255, Trans probs: [0.17512844047666326, 0.06087547557624153, 0.16038690843774453, 0.0557512492018786, 0.21220211482077747, 0.07376246041384941, 0.1943398860140657, 0.06755346505877961]
Timestep: 256, Trans probs: [0.16251321171720218, 0.051946126579976624, 0.23995947880085244, 0.07670124372131187, 0.14346885091944148, 0.045858739799652985, 0.21183945801707535, 0.06771289044448695]
Timestep: 257, Trans probs: [0.22421302197125847, 0.06522173072809986, 0.23270407112033284, 0.06769170734378001, 0.15591823628861273, 0.045355337229787344, 0.161822930832774, 0.047072964485354744]
Timestep: 258, Trans probs: [0.29514950622079344, 0.12081391232199507, 0.15627963156599448, 0.06397013482246372, 0.16876654143654832, 0.06908141707934547, 0.08936072180530992, 0.03657813474754958]
Timestep: 259, Trans probs: [0.2060105360514355, 0.06832611514489426, 0.29962478692767136, 0.09937451784880129, 0.0999445139114046, 0.03314791804583308, 0.1453607871677865, 0.0482108249021735]
Timestep: 260, Trans probs: [0.24693264749135177, 0.07522280830691933, 0.2863712061603801, 0.08723693105982677, 0.10797618931637377, 0.0328926623238091, 0.12522147996738453, 0.03814607537395478]
Timestep: 261, Trans probs: [0.3425706799074749, 0.11561922591649583, 0.20482122221663088, 0.06912813195324692, 0.12533303544628605, 0.042300492686584215, 0.07493596799107877, 0.025291243882202382]
Timestep: 262, Trans probs: [0.24829239731302702, 0.07466158792196965, 0.3184311943404123, 0.09575234228123151, 0.08854081216415284, 0.026624245057904002, 0.11355223466531023, 0.034145186255992464]
Timestep: 263, Trans probs: [0.20431994040125967, 0.0584160563127885, 0.232111184884193, 0.0663617071363412, 0.15975116485504107, 0.045673628447026035, 0.18148024166565893, 0.051886076297691784]
Timestep: 264, Trans probs: [0.32503441791304183, 0.09813536275461683, 0.16125756479836412, 0.048687365848890975, 0.18835503916967067, 0.056868716286288465, 0.093447565119481, 0.028213968109646104]
Timestep: 265, Trans probs: [0.25257102127708797, 0.07362532491139573, 0.27742870368962946, 0.08087142517623906, 0.1164170312282703, 0.033935966628563685, 0.12787463065931712, 0.03727589642949674]
Timestep: 266, Trans probs: [0.20674949104110654, 0.06604687888662075, 0.3404819376698189, 0.10876819665732285, 0.07958870161376408, 0.025424900974399707, 0.1310693206818663, 0.04187057247510091]
Timestep: 267, Trans probs: [0.23597526711210642, 0.07359438397974156, 0.29493345476076044, 0.09198186820071862, 0.10283357428874015, 0.03207104560080634, 0.12852644135780045, 0.04008396469932603]
Timestep: 268, Trans probs: [0.28190035653003914, 0.09114690079009623, 0.29595211067961485, 0.09569025737596036, 0.08674640834732485, 0.028047734216640707, 0.09107041566132561, 0.02944581639899822]
Timestep: 269, Trans probs: [0.09805275345596423, 0.09452609753898282, 0.10011368792581296, 0.09651290653569132, 0.15387782614055265, 0.14834331408531937, 0.1571121271148832, 0.1514612872027933]
Timestep: 270, Trans probs: [0.21311443791669224, 0.13858988165141398, 0.2556191903270609, 0.16623103381248136, 0.06238577037532339, 0.04056992392241461, 0.0748283423082949, 0.048661419686318735]
Timestep: 271, Trans probs: [0.11702679816912069, 0.0574867489262957, 0.08751848650446013, 0.04299146297090477, 0.2666380653079275, 0.13097987601436945, 0.1994052668731794, 0.0979532952337423]
Timestep: 272, Trans probs: [0.17026716159649474, 0.06772545210544563, 0.17856437365251351, 0.07102575048617693, 0.17893954401937864, 0.07117497822025241, 0.18765936602154829, 0.07464337389818981]
Timestep: 273, Trans probs: [0.1784128093969009, 0.07020115496456784, 0.23931602522437456, 0.09416510747782986, 0.1280883281266557, 0.05039968039496587, 0.17181271719517668, 0.0676041772195286]
Timestep: 274, Trans probs: [0.18413458857484932, 0.061350100474670426, 0.3048648321837761, 0.10157509368787264, 0.09831308153976219, 0.0327560263235775, 0.16277333518414996, 0.05423294203134197]
Timestep: 275, Trans probs: [0.17735920658336593, 0.0575733672271298, 0.3531248462670356, 0.11462943955829893, 0.07504227802000762, 0.02435981031509346, 0.1494103035293384, 0.04850074849973022]
Timestep: 276, Trans probs: [0.23864629722959158, 0.0750726976577517, 0.3229937439174975, 0.1016064861007903, 0.08458285511991466, 0.026607842581935524, 0.11447792554740267, 0.03601215184511613]
Timestep: 277, Trans probs: [0.18275952749093857, 0.1720419038918388, 0.21207746600250682, 0.19964054145104426, 0.05566825167718037, 0.05240368114514309, 0.06459844755875488, 0.06081018078259323]
Timestep: 278, Trans probs: [0.15254170595803965, 0.09837924424543637, 0.18200662744840845, 0.1173821568572238, 0.12465074838607824, 0.08039143356783802, 0.14872825880753512, 0.09591982472944025]
Timestep: 279, Trans probs: [0.1663668776487043, 0.08169119805889802, 0.25506843264847895, 0.125246359999964, 0.09839133523205677, 0.0483131388129648, 0.15085048188994032, 0.07407217570899276]
Timestep: 280, Trans probs: [0.16755517679377177, 0.0676137397675171, 0.3148109387267598, 0.12703603251385856, 0.07993558348628521, 0.03225650107282884, 0.15018692084913324, 0.06060510678984551]
Timestep: 281, Trans probs: [0.21030457730518254, 0.0830193761881856, 0.29737866297893917, 0.11739255230932066, 0.0866958635635775, 0.0342238699859572, 0.12259124514883236, 0.04839385252000501]
Timestep: 282, Trans probs: [0.13508936900366042, 0.20420250048030608, 0.15955668994839245, 0.24118755825219496, 0.047454922788923874, 0.07173335670355768, 0.0560499353709473, 0.0847256674520172]
Timestep: 283, Trans probs: [0.17131493641604398, 0.13372816122334444, 0.2576258390694047, 0.20110231170214682, 0.05298643231506799, 0.0413611230375803, 0.07968175087379713, 0.062199445362614535]
Timestep: 284, Trans probs: [0.17059625315064741, 0.09196938301725543, 0.31266965837827565, 0.16856194106369163, 0.05876229375329274, 0.03167907736166214, 0.10769982326130706, 0.05806157001386801]
Timestep: 285, Trans probs: [0.161553764760113, 0.07490798751952203, 0.3500461223439429, 0.16230665130417984, 0.05419227002727704, 0.02512744839394851, 0.11742093421488484, 0.054444821436131906]
Timestep: 286, Trans probs: [0.1910365896058518, 0.06791250640091484, 0.3245448070913567, 0.11537397801358304, 0.08231491898253146, 0.029262522293900473, 0.13984168978856187, 0.049712987823299915]
Timestep: 287, Trans probs: [0.23618480274161816, 0.08856876121602295, 0.2944004534990241, 0.11039949719529227, 0.08755402929497762, 0.032832560876539074, 0.10913465062486118, 0.04092524455166474]
Timestep: 288, Trans probs: [0.23378741578713863, 0.07689391780549869, 0.3372569484839368, 0.11092559447112815, 0.07428814692208816, 0.02443376451258979, 0.10716656264459272, 0.03524764937302703]
Timestep: 289, Trans probs: [0.199405144125761, 0.07827103056398843, 0.3045629857506961, 0.11954786257328358, 0.0847339715698281, 0.03326000092739495, 0.1294190853950365, 0.05079991909401128]
Timestep: 290, Trans probs: [0.12029088968940994, 0.13229050939469217, 0.13079917612113665, 0.14384705011450732, 0.10786652072029215, 0.11862674729204226, 0.11728944791826432, 0.1289896587496552]
Timestep: 291, Trans probs: [0.1554391553186019, 0.11038427019031213, 0.2071152275522127, 0.14708175164610812, 0.09526090896718258, 0.06764901605683013, 0.12693059735900078, 0.09013907290975164]
Timestep: 292, Trans probs: [0.17252062752246733, 0.09023342963483792, 0.27337811080637575, 0.14298489913584125, 0.08151602665748874, 0.04263531127344283, 0.1291712051369875, 0.06756038983255885]
Timestep: 293, Trans probs: [0.17137082010349142, 0.08381659022329759, 0.3135566878908664, 0.15335896977590374, 0.06595100790045767, 0.03225630011379928, 0.12067036609758612, 0.05901925789459779]
Timestep: 294, Trans probs: [0.24785081388924712, 0.09000016346582154, 0.2895590826985172, 0.10514536695257756, 0.09048647057013319, 0.03285765745516704, 0.10571350968660619, 0.038386935281930254]
Timestep: 295, Trans probs: [0.22075689800536824, 0.0876093909939891, 0.3117257044246795, 0.12371119257688729, 0.07603787534357782, 0.03017632523159347, 0.10737132324561079, 0.042611290178293494]
Timestep: 296, Trans probs: [0.15190796236195156, 0.07067127417562417, 0.32553790461040705, 0.15144814105572288, 0.06523826576907457, 0.030350425976507573, 0.13980523475312423, 0.06504079129758804]
Timestep: 297, Trans probs: [0.25767280915023727, 0.08935117824452872, 0.27802885831228535, 0.09640988569228302, 0.09948050998304685, 0.03449607589044928, 0.10733943059853103, 0.03722125212863864]
Timestep: 298, Trans probs: [0.31287950364372547, 0.09754273210381535, 0.2458290458297332, 0.07663920608877858, 0.11403216857638324, 0.03555045677689706, 0.08959493628878926, 0.027931950691877927]
Timestep: 299, Trans probs: [0.14489054689576494, 0.0574634144833656, 0.1625530035154142, 0.0644683232733056, 0.19255445957867554, 0.07636686421889201, 0.21602724549945065, 0.08567614253513135]
Timestep: 300, Trans probs: [0.2462007972434939, 0.0796480137519489, 0.2621633651780745, 0.08481203777057336, 0.11972063088149378, 0.038730623790021866, 0.12748278569582874, 0.041241745688564965]
Timestep: 301, Trans probs: [0.13977124911910754, 0.04257482480292877, 0.11633759260205648, 0.03543684881006008, 0.27855460249560926, 0.08484873301227998, 0.23185291729736596, 0.07062323186059194]
Timestep: 302, Trans probs: [0.33923534499719005, 0.10025672256788072, 0.23096733234295758, 0.06825947856684335, 0.11998582137879485, 0.035460294404619806, 0.08169197429315157, 0.02414303144856201]
Timestep: 303, Trans probs: [0.13494555538606012, 0.04523156456933919, 0.07648441416778229, 0.025636336877349966, 0.34307985411412706, 0.11499481053234913, 0.1944507292560881, 0.06517673509690411]
Timestep: 304, Trans probs: [0.24250511074316816, 0.07227055567139173, 0.22600872451774318, 0.06735435825424128, 0.15626097852107734, 0.04656837009688391, 0.1456313408786091, 0.04340056131688538]
Timestep: 305, Trans probs: [0.2378444900425687, 0.09231777708228943, 0.2620689202995295, 0.101720330624763, 0.10489485680863717, 0.04071424991264369, 0.11557838427912823, 0.04486099095044023]
Timestep: 306, Trans probs: [0.2339996446412739, 0.08483182748120181, 0.2977031435007968, 0.10792623958376941, 0.08899868295559776, 0.032264668308012244, 0.11322746974222914, 0.04104832378711889]
Timestep: 307, Trans probs: [0.21054084950592683, 0.06459348196499953, 0.3451826172861089, 0.10590128811878834, 0.0793731719481052, 0.024351519255128743, 0.13013265264029455, 0.03992441928064791]
Timestep: 308, Trans probs: [0.3186725825171038, 0.09667879544534289, 0.24482014479185368, 0.0742734643572937, 0.11522320016142053, 0.03495638096937908, 0.088520199397404, 0.026855232360202368]
Timestep: 309, Trans probs: [0.3521806278948196, 0.11300054496123157, 0.1852164760028486, 0.059428489435175536, 0.14396992066234546, 0.046194135066761906, 0.0757156959906754, 0.024294109986141895]
Timestep: 310, Trans probs: [0.2792837927396156, 0.08372511372332202, 0.3018267379155129, 0.09048315231194252, 0.09047238698656529, 0.02712227163261419, 0.09777504511707916, 0.029311499573348502]
Timestep: 311, Trans probs: [0.27538991404681257, 0.09560216987779804, 0.29100395673567764, 0.10102261661705778, 0.08553168520932772, 0.0296924988252348, 0.09038115614486093, 0.03137600254323037]
Timestep: 312, Trans probs: [0.10306237390921194, 0.1566811624952713, 0.09687338855545051, 0.14727232216768718, 0.1014714090534341, 0.15426248908772897, 0.0953779625255048, 0.1449988922057111]
Timestep: 313, Trans probs: [0.158783973841937, 0.1322590512018952, 0.16997088530955481, 0.1415771848950322, 0.10471805115310216, 0.08722486126344114, 0.11209582070355681, 0.09337017163148062]
Timestep: 314, Trans probs: [0.1923371525316456, 0.11124954643169567, 0.23109610720189697, 0.13366807592782431, 0.09544155425977328, 0.055204257120261065, 0.11467452525119015, 0.06632878127571275]
Timestep: 315, Trans probs: [0.20986151304522943, 0.09423990535439668, 0.2799746592875848, 0.12572474585754556, 0.08580102506958669, 0.038529601566940935, 0.11446649941576377, 0.051402050402952135]
Timestep: 316, Trans probs: [0.2362730301052051, 0.07297856715798853, 0.354770217018662, 0.10957925285345645, 0.06914670125599544, 0.021357609792015213, 0.10382560463964555, 0.03206901717703165]
Timestep: 317, Trans probs: [0.12759513596818242, 0.10204694370328361, 0.1218492650915263, 0.09745156036498238, 0.15661725387192527, 0.12525800429270784, 0.14956445745475652, 0.11961737925263569]
Timestep: 318, Trans probs: [0.11839293654068818, 0.2107889187734417, 0.08445422940815477, 0.15036383269935294, 0.09152364834451751, 0.16295035363120153, 0.06528733402015705, 0.11623874658248633]
Timestep: 319, Trans probs: [0.23535678623503964, 0.17253712359279066, 0.13353329615033974, 0.0978915933982693, 0.132780028237795, 0.09733938208962482, 0.07533479326073603, 0.055226997035404846]
Timestep: 320, Trans probs: [0.3126137710266984, 0.15513385853788536, 0.14722182487902244, 0.07305848900853781, 0.14174825598368035, 0.07034224314413265, 0.06675469494129864, 0.03312686247874436]
Timestep: 321, Trans probs: [0.2221609421996856, 0.08733708962194651, 0.2600843154522897, 0.10224572754783438, 0.10852029981096943, 0.0426620766753507, 0.12704495943145658, 0.04994458926046716]
Timestep: 322, Trans probs: [0.23228638074631985, 0.07674299732527376, 0.30034259077311287, 0.09922747328668759, 0.09552418039048598, 0.031559370362793764, 0.12351124386964853, 0.040805763245677695]
Timestep: 323, Trans probs: [0.309966301890266, 0.11001319705385593, 0.2258836994751302, 0.08017061141829837, 0.11696464497517092, 0.04151307563924538, 0.08523638393485801, 0.03025208561317526]
Timestep: 324, Trans probs: [0.12137592239661475, 0.04789975848359305, 0.12683685255623725, 0.05005485836317989, 0.22925191047238008, 0.0904719068387123, 0.23956638345293405, 0.09454240743634862]
Timestep: 325, Trans probs: [0.18445597647729756, 0.06099614698198106, 0.22481623058698125, 0.07434252934876422, 0.15423717509438273, 0.05100335365550174, 0.18798534470565703, 0.06216324314943457]
Timestep: 326, Trans probs: [0.21838646542795528, 0.10367116435285299, 0.21617901284242397, 0.10262325518253279, 0.12238453019165978, 0.05809767889636859, 0.12114746613152566, 0.057510426974680805]
Timestep: 327, Trans probs: [0.25679013772859566, 0.0906932937272675, 0.25967491394994124, 0.09171214071062192, 0.11064580760021658, 0.03907795220306747, 0.11188880079917679, 0.03951695328111293]
Timestep: 328, Trans probs: [0.24514320737550543, 0.09313538021765727, 0.28854500839485114, 0.10962469388595744, 0.08772905364564093, 0.03333022707378687, 0.10326119492219364, 0.03923123448440725]
Timestep: 329, Trans probs: [0.24682432226751058, 0.07736065959956927, 0.3325171741541262, 0.10421885365441572, 0.0775514265013807, 0.024306476168633347, 0.10447585130574005, 0.032745236348623974]
Timestep: 330, Trans probs: [0.2316540909923795, 0.07493850379549358, 0.3531137535224421, 0.11422986853037272, 0.06766526627716751, 0.021889247852313595, 0.10314316512118987, 0.03336610390864098]
Timestep: 331, Trans probs: [0.19990947527620392, 0.07296043081438384, 0.34468387355290386, 0.12579835885439883, 0.06902023504946461, 0.025190132069334684, 0.11900467417820892, 0.04343282020510128]
Timestep: 332, Trans probs: [0.17422768863909008, 0.08343992639725997, 0.34135412212139354, 0.1634789685135039, 0.054267429258162664, 0.025989383997680363, 0.10632300077502589, 0.05091948029788377]
Timestep: 333, Trans probs: [0.25405565963908, 0.09199335850800282, 0.3159816745503598, 0.11441672076963606, 0.0731470011369314, 0.02648647272386892, 0.09097656765615816, 0.03294254501596286]
Timestep: 334, Trans probs: [0.23851809731031598, 0.0791480773456102, 0.3481917851480941, 0.11554138093829043, 0.06672671782317195, 0.02214209941653221, 0.09740852060250997, 0.032323321415475156]
Timestep: 335, Trans probs: [0.1947890450445355, 0.0758445230453295, 0.3311456385334512, 0.12893734864488096, 0.0717836001763484, 0.027950200775444013, 0.12203369091517449, 0.04751595286483602]
Timestep: 336, Trans probs: [0.20192837209927844, 0.08170529442733468, 0.3032456987184624, 0.12270083119093955, 0.08264604685082386, 0.0334406677031097, 0.12411360505236506, 0.05021948395768627]
Timestep: 337, Trans probs: [0.13466224967885676, 0.04383205612810418, 0.17845805541337298, 0.058087426283503184, 0.1897939921883444, 0.06177723109643439, 0.25152013170615256, 0.08186885750523157]
Timestep: 338, Trans probs: [0.20313008843018104, 0.060970132683681316, 0.3586914368550297, 0.1076623589669156, 0.07495735269622206, 0.022498684339799277, 0.1323612899951966, 0.03972865603297451]
Timestep: 339, Trans probs: [0.17113496167955838, 0.054225926284223354, 0.2287185682571986, 0.07247190229528301, 0.15387599672303515, 0.04875724032847564, 0.20565229520746048, 0.06516310922476533]
Timestep: 340, Trans probs: [0.11928998651209778, 0.03665844225648938, 0.12858611572116455, 0.03951519181094488, 0.2488324747924367, 0.07646753240090945, 0.26822369868906903, 0.08242655781688821]
Timestep: 341, Trans probs: [0.12930789554181643, 0.06355881888811477, 0.2061311620019039, 0.10131982380487214, 0.12914367529135434, 0.06347809956998537, 0.2058693766645882, 0.10119114823736489]
Timestep: 342, Trans probs: [0.22853168420124817, 0.08198137367957346, 0.20769616633522636, 0.07450702988364903, 0.15703507328269345, 0.05633333105903475, 0.1427179903521169, 0.05119735120645802]
Timestep: 343, Trans probs: [0.2434424417658468, 0.07436211695253168, 0.25952555988692205, 0.07927487867972097, 0.12731690787731842, 0.038890321362756206, 0.13572814814153847, 0.04145962533336534]
Timestep: 344, Trans probs: [0.2387217167773474, 0.07585395864055652, 0.29207881026578814, 0.09280820485363732, 0.10257127855591426, 0.03259208096490876, 0.12549715799838376, 0.039876791943463864]
Timestep: 345, Trans probs: [0.14946480569836057, 0.06455666629585868, 0.2816609330861255, 0.12165466499529665, 0.09264734492957258, 0.040016134245583986, 0.17459051646899992, 0.07540893428020198]
Timestep: 346, Trans probs: [0.16668329229930703, 0.06326132470321533, 0.17551862799936524, 0.06661460044473136, 0.1864010430640966, 0.07074480439900012, 0.1962815521876805, 0.07449475490260388]
Timestep: 347, Trans probs: [0.12540711296079546, 0.05749385632347952, 0.26704335728240897, 0.12242808285152187, 0.09369344272159126, 0.042954480069813394, 0.19951190095208227, 0.09146776683830722]
Timestep: 348, Trans probs: [0.21474430773317785, 0.07879898612076898, 0.2545464822485472, 0.09340412760423963, 0.12001227606648779, 0.044037701282565796, 0.1422561697762117, 0.052199949168001074]
Timestep: 349, Trans probs: [0.28220413925021565, 0.09371872124381424, 0.23499907175226473, 0.07804213133308521, 0.12740233250693012, 0.04230973974283969, 0.1060913917058326, 0.03523247246501766]
Timestep: 350, Trans probs: [0.2684122655850268, 0.09127312548540693, 0.24808192859022474, 0.08435982964312225, 0.11939547444514834, 0.04060022405335876, 0.1103521089125281, 0.03752504328518414]
Timestep: 351, Trans probs: [0.20457632582545843, 0.11666306565453231, 0.232137343806821, 0.13238019635033293, 0.09374559610839985, 0.05345999147012006, 0.10637522981401999, 0.06066225097031535]
Timestep: 352, Trans probs: [0.1364246220920848, 0.2727301241922686, 0.11232835312299426, 0.22455862605848959, 0.04643997841923332, 0.09283940748770907, 0.03823742528954038, 0.07644146333767994]
Timestep: 353, Trans probs: [0.2159697983581614, 0.1788017982864463, 0.20359646661265682, 0.16855789389004536, 0.06563469858896476, 0.05433908920095212, 0.06187435845885705, 0.0512258966039163]
Timestep: 354, Trans probs: [0.222582027180351, 0.12274330555108025, 0.2362428693412532, 0.1302766043743588, 0.09010133464861492, 0.049686561801209825, 0.0956312515368461, 0.05273604556628606]
Timestep: 355, Trans probs: [0.19385295214916284, 0.08812817987802286, 0.27856036478150065, 0.1266373179370628, 0.08824676918885153, 0.04011817752842542, 0.12680772690590944, 0.05764851163106441]
Timestep: 356, Trans probs: [0.2563903818982702, 0.09821241897522479, 0.27385770835310097, 0.10490342029694963, 0.09321827974512806, 0.03570801946116215, 0.09956904107950584, 0.038140730190658424]
Timestep: 357, Trans probs: [0.27937174187026165, 0.12194560058801128, 0.23279828834160848, 0.10161631558592638, 0.1003477242242049, 0.04380172245138364, 0.0836189740665298, 0.036499632872073785]
Timestep: 358, Trans probs: [0.32504330163580053, 0.12158499896976808, 0.2220944990902782, 0.08307619110188257, 0.10731069938633311, 0.04014040962748869, 0.07332289546436871, 0.027427004724080044]
Timestep: 359, Trans probs: [0.3645226664167431, 0.12085894920554589, 0.2104559695798084, 0.06977751915259689, 0.11159472513339407, 0.03699967782273481, 0.06442884967567526, 0.021361643013501585]
Timestep: 360, Trans probs: [0.33528951208408453, 0.10665247313627524, 0.23002305494120381, 0.07316819287114591, 0.11468305284829475, 0.03647961171544614, 0.07867751663980686, 0.025026585763742892]
Timestep: 361, Trans probs: [0.2681485556530926, 0.08956779860472647, 0.27965974407138827, 0.09341280087758912, 0.09878169731618894, 0.03299536389260212, 0.10302223751718405, 0.03441180206722854]
Timestep: 362, Trans probs: [0.27904615394081045, 0.0916621612324461, 0.23120257664857427, 0.07594631769271337, 0.13261304216134928, 0.043561245623536304, 0.10987600657421523, 0.03609249612635522]
Timestep: 363, Trans probs: [0.17042017627380712, 0.059571798333169806, 0.1315968154126208, 0.04600076775212737, 0.24769695411954026, 0.08658454251826488, 0.19126919747557727, 0.06685974811489241]
Timestep: 364, Trans probs: [0.20531971853696243, 0.06644332941519492, 0.21472271406289162, 0.06948622433863816, 0.1639789576131453, 0.05306508296176669, 0.1714886766784642, 0.05549529639293661]
Timestep: 365, Trans probs: [0.21389821207367707, 0.06341311953975985, 0.281615690855407, 0.08348891416789767, 0.11906085677119693, 0.035297257839338764, 0.1567540238340475, 0.04647192491867539]
Timestep: 366, Trans probs: [0.19759646026973657, 0.06401999977588262, 0.3145068430289825, 0.10189822222899811, 0.09383449419923576, 0.030401780929702176, 0.14935282999268862, 0.04838936957477364]
Timestep: 367, Trans probs: [0.2675991476925022, 0.08625968582340177, 0.28359921581468567, 0.09141725400429351, 0.09954067233999689, 0.03208660115974988, 0.10549232634226617, 0.034005096823104056]
Timestep: 368, Trans probs: [0.29032156544801746, 0.0982078679389757, 0.2648723307545254, 0.08959908589390243, 0.10042033671020618, 0.03396946124482519, 0.09161761234836367, 0.03099173966118408]
Timestep: 369, Trans probs: [0.23504842692810335, 0.07827770509519281, 0.30370776487694695, 0.10114318638443671, 0.09223635059929652, 0.030717286414671537, 0.11917925274814703, 0.03969002695320518]
Timestep: 370, Trans probs: [0.18857002691228336, 0.062224170164299514, 0.12792857487637932, 0.042213757628019044, 0.25940731328195993, 0.08559899506738089, 0.17598559242985343, 0.05807156963982458]
Timestep: 371, Trans probs: [0.16441512565789793, 0.08206188117049017, 0.2517558554980437, 0.12565485696761466, 0.09911807202058837, 0.04947121145609081, 0.1517716506739248, 0.07575134655534951]
Timestep: 372, Trans probs: [0.3386229722129608, 0.11949457417497697, 0.18226355951095055, 0.06431786446455093, 0.14189847943371955, 0.05007368007314434, 0.07637674958010789, 0.02695212054958899]
Timestep: 373, Trans probs: [0.29404291286852074, 0.11686533583921474, 0.23365491294240348, 0.09286454009420804, 0.10469843109371106, 0.04161167222920452, 0.08319636941341921, 0.03306582551931827]
Timestep: 374, Trans probs: [0.2484872874777272, 0.10306432000446707, 0.25925330778839506, 0.10752970965774147, 0.09743406846765706, 0.04041243362515219, 0.10165552048124478, 0.04216335249761525]
Timestep: 375, Trans probs: [0.19433560737334457, 0.07076684200322618, 0.3464424571926475, 0.12615618394760672, 0.06909847164800441, 0.025162041541798463, 0.12318197693952097, 0.044856419353851255]
Timestep: 376, Trans probs: [0.20453916288960938, 0.06712035960455981, 0.17107827971627224, 0.05614003446999045, 0.2054593334369208, 0.06742231731847889, 0.17184791811732789, 0.05639259444684053]
Timestep: 377, Trans probs: [0.22001957839974076, 0.07278843822327453, 0.22947238269794848, 0.07591568201994571, 0.14778553644913517, 0.04889145987989057, 0.1541349157376511, 0.050992006592413604]
Timestep: 378, Trans probs: [0.2272101613017997, 0.06859578599633197, 0.28367857953082964, 0.08564385950764296, 0.11439330348674799, 0.03453586107430956, 0.1428234091954, 0.04311903990693838]
Timestep: 379, Trans probs: [0.17370220217885673, 0.05937493848264819, 0.35569744574569456, 0.12158460684245934, 0.07082507899030295, 0.024209449594357526, 0.14503155040975196, 0.04957472775592867]
Timestep: 380, Trans probs: [0.2436236225287404, 0.11694641213631603, 0.24990442484725134, 0.11996137960483669, 0.0899082354140474, 0.04315856337757115, 0.09222613811814646, 0.04427122397309067]
Timestep: 381, Trans probs: [0.16854318068416244, 0.05881434737907429, 0.39485192777498257, 0.13778640197240075, 0.05322537101518242, 0.01857337358628125, 0.12469291410410824, 0.04351248348380805]
Timestep: 382, Trans probs: [0.27243741645179953, 0.0884680484469804, 0.23750107278022578, 0.07712324058339548, 0.13085704253202718, 0.042492941421649916, 0.11407643042196679, 0.03704380736195493]
Timestep: 383, Trans probs: [0.2717328590511214, 0.0946484405281914, 0.2781157327581651, 0.09687168671405817, 0.0947957684296288, 0.03301872170287643, 0.09702247527679243, 0.033794315539166335]
Timestep: 384, Trans probs: [0.2713000410120815, 0.08235862192025258, 0.31879294154979465, 0.09677605372265873, 0.08139143870568848, 0.024708019589310338, 0.0956395585682966, 0.029033324931917077]
Timestep: 385, Trans probs: [0.22216540746875843, 0.06638294080878976, 0.29506366280426227, 0.08816491228732111, 0.1085476607243891, 0.03243400049943871, 0.14416497476852488, 0.043076440638515845]
Timestep: 386, Trans probs: [0.1565196353867367, 0.04394786080968942, 0.421850506720698, 0.11844793342413576, 0.054774685407504624, 0.01537973331100365, 0.14762830706530444, 0.04145133787492755]
Timestep: 387, Trans probs: [0.23605579703046928, 0.07883006344892204, 0.33951940553542764, 0.11338139803041315, 0.07139392576982499, 0.02384176863733829, 0.10268599009700517, 0.03429165145059944]
Timestep: 388, Trans probs: [0.2505881850180774, 0.07708297675164744, 0.28401667733823766, 0.0873658545983091, 0.10787953680955313, 0.033184628506205856, 0.12227067926297902, 0.03761146171499041]
Timestep: 389, Trans probs: [0.2017609032100714, 0.05816480708497887, 0.3698209961482561, 0.10661414850300034, 0.07223642005174596, 0.020824735466437826, 0.13240694503585584, 0.03817104449965369]
Timestep: 390, Trans probs: [0.2732982176679242, 0.08537682720232606, 0.26661969967277155, 0.0832904957154058, 0.11239739401070711, 0.03511231419044177, 0.10965076790785831, 0.03425428363256506]
Timestep: 391, Trans probs: [0.2636967731976936, 0.09427691769549758, 0.29351332872618696, 0.10493693798105334, 0.0849129853221272, 0.03035810575691641, 0.09451421294143239, 0.03379073837909251]
Timestep: 392, Trans probs: [0.2359186063548081, 0.09296514685136364, 0.29517457138750863, 0.11631531653996993, 0.08272942924188423, 0.03260002954932054, 0.10350868121389581, 0.04078821886124919]
Timestep: 393, Trans probs: [0.17153710907249556, 0.056109830134497614, 0.38457978134130266, 0.1257961400941126, 0.06089079827333097, 0.019917394937713676, 0.1365148918054709, 0.04465405434107598]
Timestep: 394, Trans probs: [0.2444040135938782, 0.09647612357324258, 0.25713164231150576, 0.10150023206843514, 0.10498814774063127, 0.04144305719946935, 0.1104555299842575, 0.04360125352858008]
Timestep: 395, Trans probs: [0.2438106876870452, 0.0884641841194062, 0.29369922448470315, 0.10656572325447776, 0.08901857453418406, 0.032299468256893685, 0.1072335530220186, 0.03890858464127127]
Timestep: 396, Trans probs: [0.23367096514745306, 0.07507567332986045, 0.32336898213347015, 0.10389456838312068, 0.08381236408046384, 0.026927905496250362, 0.11598496563660379, 0.03726457579277756]
Timestep: 397, Trans probs: [0.21416232360544754, 0.06866966629483902, 0.3390929369471126, 0.10872780249617543, 0.07894863732650302, 0.025314333951806878, 0.12500296433249658, 0.04008133504561891]
Timestep: 398, Trans probs: [0.20207496449066217, 0.06653069141416733, 0.3633459301948181, 0.11962716915138717, 0.06679235390921348, 0.02199055928556194, 0.12009765792717036, 0.03954067362701931]
Timestep: 399, Trans probs: [0.16196543028474522, 0.05023857586149721, 0.41199915180119223, 0.12779424971271894, 0.05341487373611843, 0.016568271276201006, 0.13587394936165773, 0.04214549796586927]
Timestep: 400, Trans probs: [0.24831177041582786, 0.07219383652727179, 0.3357410734765797, 0.09761291675166578, 0.08107552046373487, 0.023571789854828662, 0.10962179612985305, 0.03187129638023827]
Timestep: 401, Trans probs: [0.22459239542287798, 0.07271084658712011, 0.3546042444825053, 0.11480163774540092, 0.06833798498197108, 0.022124136183423338, 0.10789741784605487, 0.03493133675064643]
Timestep: 402, Trans probs: [0.1590962523581101, 0.05567282360682948, 0.4177558332865763, 0.14618601301139977, 0.045210953062587135, 0.015820746105851016, 0.11871517455878393, 0.04154220400986231]
Timestep: 403, Trans probs: [0.2348491853367016, 0.07215805214464709, 0.29355636110799044, 0.09019599187390878, 0.10513767634292184, 0.03230383755022541, 0.13141980304648937, 0.04037909259711559]
Timestep: 404, Trans probs: [0.14127904055110943, 0.04284735833233361, 0.43360977141738544, 0.13150594157383722, 0.04728355932414001, 0.014340241848235506, 0.14512140845777938, 0.044012678495179605]
Timestep: 405, Trans probs: [0.2906215373464826, 0.08454420773847802, 0.2974800346350096, 0.08653940129787248, 0.09218564147232032, 0.026817565189082612, 0.09436116837184687, 0.02745044394890742]
Timestep: 406, Trans probs: [0.23133178418327752, 0.10625823271351131, 0.2779920693733693, 0.12769082339581664, 0.07990219350499522, 0.03670168326306255, 0.0960186953917536, 0.044104518174213986]
Timestep: 407, Trans probs: [0.2347768846677492, 0.08074308086354304, 0.32463983003374886, 0.11164821479353497, 0.07750614694795811, 0.026655456729894545, 0.10717231556830635, 0.036858070395265]
Timestep: 408, Trans probs: [0.1495844780233268, 0.050895151012917576, 0.3797437067694596, 0.12920533973600365, 0.06126755429564689, 0.020845889020535965, 0.1555373156384572, 0.05292056550365224]
Timestep: 409, Trans probs: [0.13035103305336188, 0.0593257988565988, 0.15135712529154938, 0.06888616192925441, 0.1876402705444494, 0.08539946855013192, 0.2178785336278082, 0.09916160814684602]
Timestep: 410, Trans probs: [0.17708160134154902, 0.06953782848505666, 0.23404786108902223, 0.09190779786496169, 0.13219067545044133, 0.05190969839417074, 0.17471575031341038, 0.06860878706138797]
Timestep: 411, Trans probs: [0.18485157561469634, 0.08017506425013839, 0.27471142887871214, 0.11914968204819025, 0.09569936100929426, 0.041507368233691964, 0.14222063359871526, 0.06168488636656145]
Timestep: 412, Trans probs: [0.12719880058053207, 0.04847669773693417, 0.38882541628649525, 0.1481851408325535, 0.05127922576814363, 0.019543010754825993, 0.1567519993517868, 0.05973970868872861]
Timestep: 413, Trans probs: [0.2823810706232247, 0.12657212403662177, 0.22180845162884621, 0.09942156104860489, 0.10434525748963594, 0.04677084354295666, 0.08196250530358978, 0.03673818632652001]
Timestep: 414, Trans probs: [0.10108154355764958, 0.0961354273954326, 0.12732354514187016, 0.1210933568968932, 0.12574489330860567, 0.11959195156256619, 0.15838980130340766, 0.15063948083357484]
Timestep: 415, Trans probs: [0.14173779373390713, 0.09131786204637572, 0.20034601277799202, 0.12907756692437816, 0.11024980828358696, 0.07103099687286518, 0.15583782502373378, 0.100402134337161]
Timestep: 416, Trans probs: [0.1667509481588932, 0.08156800873245539, 0.2623568335238848, 0.1283346495127817, 0.09420088883719371, 0.04607937171041201, 0.14821053303344325, 0.07249876649093603]
Timestep: 417, Trans probs: [0.236871702353317, 0.09401713714562353, 0.30751606636411666, 0.12205670790811951, 0.07461239896595329, 0.029614530045816514, 0.09686472129868896, 0.03844673591836461]
Timestep: 418, Trans probs: [0.1526536573414762, 0.13084994845205367, 0.1299584716951574, 0.11139634397477827, 0.1381936475675909, 0.11845527958868932, 0.11764824733736474, 0.10084440404288952]
Timestep: 419, Trans probs: [0.2896067026975835, 0.18519504165947012, 0.1835320381330857, 0.11736338672864517, 0.08374350945963044, 0.053551532401103843, 0.05307065350484224, 0.0339371354156389]
Timestep: 420, Trans probs: [0.1981328201804853, 0.10081821495089542, 0.0999077576610239, 0.050837220092843305, 0.2424599680661035, 0.12337371039895621, 0.12225956159096614, 0.06221074705872624]
Timestep: 421, Trans probs: [0.15852362258955896, 0.06763594121200557, 0.2057215339878963, 0.08777347723673208, 0.14653213984949714, 0.0625196360935467, 0.19015977616419275, 0.08113387286657048]
Timestep: 422, Trans probs: [0.1700233153154227, 0.06291172605857635, 0.2491156373751918, 0.09217732701177418, 0.12606693735365146, 0.04664706492237893, 0.18471140497720026, 0.06834658698580436]
Timestep: 423, Trans probs: [0.22639355329250457, 0.0767546685432937, 0.30705346555147894, 0.10410096325942376, 0.0905499063006202, 0.030699319585972107, 0.12281119374032834, 0.041636929726378454]
Timestep: 424, Trans probs: [0.21072813012342126, 0.06747070575676452, 0.17393393932467419, 0.05568998137276071, 0.20423580639566122, 0.06539200053759514, 0.16857520795511768, 0.05397422853400525]
Timestep: 425, Trans probs: [0.16924182527715467, 0.0809083038272551, 0.207906465931705, 0.09939244915201173, 0.1343587047473248, 0.0642319644551861, 0.16505401915532522, 0.07890626745403741]
Timestep: 426, Trans probs: [0.18747444732109284, 0.0655356899230687, 0.2601349910935505, 0.09093573208538841, 0.12287216288235751, 0.042952584108933024, 0.17049442979449256, 0.05959996279111654]
Timestep: 427, Trans probs: [0.1759981760784286, 0.056838585100645794, 0.31179332622028266, 0.10069360888312667, 0.09673034310086284, 0.031239050089377197, 0.1713647044183418, 0.05534220610893446]
Timestep: 428, Trans probs: [0.16054341179885298, 0.048054458110979796, 0.3613782016530161, 0.10816908310952031, 0.07619559708843451, 0.022807152828637167, 0.1715139073049959, 0.05133818810556313]
Timestep: 429, Trans probs: [0.14374458862721307, 0.0484793030221512, 0.38456271771603284, 0.12969763036803517, 0.05972008976596695, 0.020141198746498612, 0.15977032764834007, 0.053884144105762234]
Timestep: 430, Trans probs: [0.23488822853814043, 0.0896822893046605, 0.2861524655890967, 0.1092554035760725, 0.0913552153994902, 0.03488018496259514, 0.11129344494478298, 0.042492767685161546]
Timestep: 431, Trans probs: [0.26634154994574, 0.11524936036234863, 0.2479213098868348, 0.10727868930129103, 0.09514709834370856, 0.04117135395014352, 0.08856670413650947, 0.03832393407342395]
Timestep: 432, Trans probs: [0.22224893753804448, 0.09178980517047307, 0.3123560613102592, 0.12900445027584045, 0.07196493184891681, 0.029721838703447984, 0.10114191281990263, 0.04177206233311526]
Timestep: 433, Trans probs: [0.2136287448668162, 0.07642280502815159, 0.3443617171233074, 0.12319076434812658, 0.0683506744896503, 0.024451532837127084, 0.11017878538988864, 0.039414975916932216]
Timestep: 434, Trans probs: [0.20908451872497916, 0.07162817117039805, 0.2075668832429231, 0.0711082596305773, 0.16468928627547147, 0.0564192531288585, 0.16349389263327216, 0.05600973519352019]
Timestep: 435, Trans probs: [0.2507201107614051, 0.07950776526193436, 0.23456881695926218, 0.07438590538241577, 0.14153104157398214, 0.04488198731473067, 0.13241366591694909, 0.041990706829320774]
Timestep: 436, Trans probs: [0.23406859205780756, 0.06810504553240654, 0.29630534582787776, 0.08621357052517017, 0.10779081726359706, 0.03136302249342181, 0.13645143547696387, 0.03970217082275512]
Timestep: 437, Trans probs: [0.2207724434772577, 0.061366106929130734, 0.3531170220643426, 0.0981527250103969, 0.08025011685577242, 0.022306394649991117, 0.1283569717220845, 0.03567821929102421]
Timestep: 438, Trans probs: [0.23848706476098014, 0.07169767581051838, 0.3171429240348467, 0.0953444186829986, 0.09152023768727922, 0.02751423159314984, 0.12170469630123439, 0.036588751128992826]
Timestep: 439, Trans probs: [0.18715972906081813, 0.06027864702495358, 0.21776275575983928, 0.07013498232498003, 0.16245189643317484, 0.052320980441511525, 0.18901487421049123, 0.06087613474423139]
Timestep: 440, Trans probs: [0.1998078234523422, 0.06665094880573177, 0.33530599142627926, 0.11184978687352848, 0.08018621996526838, 0.02674814003519241, 0.13456390004965468, 0.044887189392002806]
Timestep: 441, Trans probs: [0.13575184788425143, 0.1480607526869678, 0.08031611651826241, 0.08759854727522785, 0.16476543011349615, 0.17970505727625036, 0.09748168949022738, 0.10632055875531651]
Timestep: 442, Trans probs: [0.14707565638597964, 0.10370301922165867, 0.06072849444185504, 0.042819650655704526, 0.26800908400500395, 0.1889731575782349, 0.11066269271408859, 0.0780282449974748]
Timestep: 443, Trans probs: [0.21507669949252578, 0.1118824810971645, 0.07460135662561163, 0.038807480736786554, 0.27332547942303265, 0.14218338321666316, 0.09480548852300262, 0.04931763088521313]
Timestep: 444, Trans probs: [0.19312667408134787, 0.08182240295544253, 0.177221059446923, 0.0750836362052643, 0.17316122006952353, 0.07336359512315034, 0.15889992939513148, 0.06732148272321697]
Timestep: 445, Trans probs: [0.20601672653066003, 0.0728243482419563, 0.23261018121729413, 0.08222480342668573, 0.14100202765847147, 0.049842461522143985, 0.1592031276196489, 0.05627632378313947]
Timestep: 446, Trans probs: [0.1713779996689024, 0.07981285265849997, 0.16845011062826162, 0.07844929854389616, 0.1726921677600863, 0.08042487698153326, 0.16974182695574674, 0.07905086680307369]
Timestep: 447, Trans probs: [0.223576531306745, 0.07985104607364808, 0.14898615885391925, 0.05321086504673427, 0.21860237126305318, 0.07807450950916593, 0.14567149521680656, 0.05202702272992779]
Timestep: 448, Trans probs: [0.22476297787601263, 0.06869485379360504, 0.20910725764986224, 0.0639099580686416, 0.1720117413500856, 0.05257236549582399, 0.1600303744735735, 0.04891047129239529]
Timestep: 449, Trans probs: [0.19368125066645367, 0.09264450063746972, 0.19997913718078203, 0.09565699951995688, 0.13912619713827618, 0.06654891485424633, 0.14365013013505282, 0.06871286986776244]
Timestep: 450, Trans probs: [0.20206755347991096, 0.0764266675048837, 0.1598478199756938, 0.06045817835804803, 0.20303963303251021, 0.07679433069214643, 0.16061679448273364, 0.06074902247407336]
Timestep: 451, Trans probs: [0.16963066218739642, 0.061569436250994286, 0.23482890232304562, 0.08523390137743596, 0.13808215782867583, 0.05011853696851305, 0.19115460103246992, 0.06938180203146872]
Timestep: 452, Trans probs: [0.2690281764407805, 0.083398191058545, 0.18478686222192287, 0.05728355388114992, 0.18350274359310745, 0.056885479701097044, 0.1260421738953003, 0.0390728192080969]
Timestep: 453, Trans probs: [0.15870995815787867, 0.0620679594809165, 0.29547790136972135, 0.11555488151208795, 0.09248863348848559, 0.03617026191953341, 0.17219050172356448, 0.06733990234781202]
Timestep: 454, Trans probs: [0.17536093696960992, 0.23982067705825785, 0.10543023604482774, 0.14418462302732954, 0.0884204518694148, 0.12092232739834742, 0.05316000970842359, 0.072700737923789]
Timestep: 455, Trans probs: [0.15219882881097813, 0.049627178138856885, 0.37099641130464434, 0.12097008325575354, 0.067173430877149, 0.021903110860850512, 0.1637404307584613, 0.053390525993306404]
Timestep: 456, Trans probs: [0.14921067232903112, 0.3057167287184123, 0.07867308877033595, 0.16119275492575313, 0.06554483005658708, 0.13429435519945285, 0.034559285559060945, 0.07080828444136658]
Timestep: 457, Trans probs: [0.21698647246926234, 0.21203784643797866, 0.15317249348297904, 0.14967921862625325, 0.07949334552381848, 0.07768040836466573, 0.05611499099747856, 0.05483522409756405]
Timestep: 458, Trans probs: [0.10915915589465336, 0.07303883858939955, 0.3214360329780648, 0.21507416704613513, 0.042723286421648764, 0.028586326042782554, 0.12580533067160732, 0.08417686235570851]
Timestep: 459, Trans probs: [0.2896889849641392, 0.14688817502602589, 0.1747656572885677, 0.08861575616870423, 0.12417691503814608, 0.06296449425777478, 0.07491434366893417, 0.03798567358770805]
Timestep: 460, Trans probs: [0.1248141305803206, 0.05037991375485847, 0.40888087630044406, 0.16504047408935918, 0.041801228627646, 0.016872627188254965, 0.13693740373978078, 0.055273345719335745]
Timestep: 461, Trans probs: [0.36557848483810973, 0.13258772454668627, 0.19143218311346377, 0.06942847737677593, 0.1160625470509163, 0.04209347556486597, 0.06077520335887631, 0.02204190415030551]
Timestep: 462, Trans probs: [0.3262611566704163, 0.12283675568200658, 0.2346346648115408, 0.08833954151980163, 0.09631744547704753, 0.036263350006850145, 0.0692678581956983, 0.026079227636638825]
Timestep: 463, Trans probs: [0.27388536359521143, 0.09289126119903317, 0.25226372035986466, 0.08555804089487955, 0.11482594914425447, 0.038944495223739405, 0.10576111386438723, 0.03587005571863005]
Timestep: 464, Trans probs: [0.15531436350381925, 0.07034565307240502, 0.3590407454954936, 0.16261828688408833, 0.05251435934331374, 0.023785030697392767, 0.12139762416357555, 0.05498393683991179]
Timestep: 465, Trans probs: [0.11846553063761149, 0.20617513977746021, 0.1161631958196163, 0.2021682003718812, 0.06578124584031574, 0.11448441992253769, 0.0645028110765991, 0.11225945655397826]
Timestep: 466, Trans probs: [0.1789939644053192, 0.0991836871952116, 0.13769734382454532, 0.07630050724268637, 0.1846851773542963, 0.10233728785860864, 0.1420755076850845, 0.07872652443424813]
Timestep: 467, Trans probs: [0.21713535045766988, 0.08952334871256103, 0.2041876910897528, 0.08418512155534147, 0.14777868543134093, 0.06092809282444719, 0.13896672516429717, 0.05729498476458948]
Timestep: 468, Trans probs: [0.22082724886668859, 0.09356452562365862, 0.2452861565045891, 0.10392776703592918, 0.11194151656428201, 0.047429630848015866, 0.1243402002799188, 0.05268295427691782]
Timestep: 469, Trans probs: [0.21706527253899688, 0.07632270888886, 0.2792914803783239, 0.09820217717333846, 0.1064869905236437, 0.03744208128330029, 0.13701366817687474, 0.04817562103666202]
Timestep: 470, Trans probs: [0.21078746483220245, 0.08672480250830968, 0.31111656234098184, 0.12800344862805066, 0.07536272304162597, 0.031006669573431678, 0.1112333285095053, 0.04576500056589245]
Timestep: 471, Trans probs: [0.30389804196904496, 0.09786458123718686, 0.21601883031142494, 0.0695647534640184, 0.13823437817413772, 0.044515750891125846, 0.09826068140658197, 0.03164298254647948]
Timestep: 472, Trans probs: [0.26938411119999206, 0.08299781993016758, 0.29260566015164763, 0.09015242875176292, 0.09705507570169591, 0.029902876084691585, 0.10542145329306157, 0.03248057488698077]
Timestep: 473, Trans probs: [0.22364974743374272, 0.06589545340670724, 0.3106598028865211, 0.09153182063176823, 0.09966649012679588, 0.029365419061365132, 0.1384413464913684, 0.04078991996173128]
Timestep: 474, Trans probs: [0.2959761757262929, 0.09048488296283283, 0.2781656960681464, 0.08503992049778075, 0.09883419199559546, 0.03021527078489497, 0.09288680666382886, 0.02839705530062766]
Timestep: 475, Trans probs: [0.17824692109074336, 0.05204587838840911, 0.35480797678596526, 0.10359950510246885, 0.0805694695992525, 0.02352528049809375, 0.16037691043581043, 0.046828058099256775]
Timestep: 476, Trans probs: [0.21963887097079154, 0.07078255488388208, 0.21479105146968458, 0.06922025833597326, 0.16271898807132704, 0.052439104485016784, 0.15912749135635132, 0.05128168042697354]
Timestep: 477, Trans probs: [0.19765403547568036, 0.0877978339689351, 0.1636792557880354, 0.07270625205932106, 0.18111154184150638, 0.08044966571104964, 0.14998025368871806, 0.06662116146675409]
Timestep: 478, Trans probs: [0.18957740995307987, 0.06329370577599398, 0.27092305406683687, 0.09045235967874087, 0.11905666587185039, 0.03974913246377171, 0.17014261104738052, 0.056805061142345965]
Timestep: 479, Trans probs: [0.24467745291998, 0.07896192903341691, 0.2315630565336937, 0.07472967132265552, 0.14374131334020981, 0.04638797423991394, 0.13603696405206595, 0.04390163855806414]
Timestep: 480, Trans probs: [0.16204607789344905, 0.06329395213389878, 0.11959878750567138, 0.04671436686442825, 0.25170283147072353, 0.09831319075522538, 0.1857703305564537, 0.07256046282014997]
Timestep: 481, Trans probs: [0.21950558724551197, 0.07558456021641292, 0.18800388807514598, 0.06473726421934697, 0.18117540221805234, 0.06238594320319833, 0.15517454688966553, 0.05343280793266606]
Timestep: 482, Trans probs: [0.2463056525421851, 0.07565243789241065, 0.24033691063887355, 0.0738191471356799, 0.1408978914060338, 0.04327659097040395, 0.13748350306438004, 0.04222786635003296]
Timestep: 483, Trans probs: [0.21057249739835546, 0.08048174998714736, 0.2760901283056403, 0.1055228814529297, 0.10246860154315987, 0.039163957652684586, 0.13435073286817337, 0.0513494507919096]
Timestep: 484, Trans probs: [0.09686774501637187, 0.17019183384318887, 0.08447402006870157, 0.14841667249680274, 0.09688701531260792, 0.17022569079995564, 0.08449082483060347, 0.14844619763176795]
Timestep: 485, Trans probs: [0.13451791060579296, 0.08215086220504234, 0.22585834303810123, 0.13793298998790127, 0.0972256825423721, 0.05937628389676783, 0.16324392388252676, 0.09969400384149552]
Timestep: 486, Trans probs: [0.25324852825441396, 0.1052262885953154, 0.19852297074678107, 0.08248748988430121, 0.14277079724446423, 0.05932212604504012, 0.11191884509742803, 0.04650295413225604]
Timestep: 487, Trans probs: [0.25070222528905567, 0.10953105008591188, 0.2251284672047298, 0.09835795190383693, 0.1159717601347959, 0.05066771407086595, 0.10414165477820732, 0.04549917653259669]
Timestep: 488, Trans probs: [0.26291828577118, 0.08944935096110615, 0.2661903107997531, 0.0905625505024612, 0.10784844075826297, 0.03669190600303002, 0.10919061745935674, 0.03714853774484977]
Timestep: 489, Trans probs: [0.243135661606891, 0.09111582510579244, 0.27392448004914477, 0.10265402800806421, 0.0989090796052438, 0.03706647695827305, 0.11143415994158708, 0.041760288725003654]
Timestep: 490, Trans probs: [0.22017919435850927, 0.10227981358959065, 0.27339337334025515, 0.12699938948972717, 0.08441879275232952, 0.039215051228262694, 0.10482161400904995, 0.04869277123227567]
Timestep: 491, Trans probs: [0.16911434223361313, 0.057767288416929484, 0.3465968331616059, 0.11839302900745534, 0.07531593707218191, 0.025726957286862702, 0.15435867195555092, 0.0527269408658008]
Timestep: 492, Trans probs: [0.12122616050880546, 0.03669913741812499, 0.16333502820911855, 0.04944687368040796, 0.20578707411093344, 0.06229850124736443, 0.27726884538704666, 0.08393837943819857]
Timestep: 493, Trans probs: [0.20122292833204727, 0.06104993932952299, 0.22149037839815933, 0.0671989731754995, 0.1639979911919042, 0.049756096362478186, 0.18051609439702093, 0.05476759881336748]
Timestep: 494, Trans probs: [0.21286594490550392, 0.07790539478757731, 0.25818484845394335, 0.09449135960148215, 0.11795502978053715, 0.043169578705097855, 0.14306751369641418, 0.052360330069443975]
Timestep: 495, Trans probs: [0.22450501247023133, 0.07720162677509138, 0.2979618785083872, 0.10246159533235268, 0.09524343341747972, 0.03275182107771209, 0.12640658675905386, 0.04346804565969178]
Timestep: 496, Trans probs: [0.20879996299878004, 0.0662187048869814, 0.3483727370324139, 0.1104827373190396, 0.07571743716775729, 0.024012986183525206, 0.12633091715330222, 0.04006451725820036]
Timestep: 497, Trans probs: [0.26310716516230015, 0.08064425392589918, 0.3158997703822298, 0.09682557022771683, 0.08469884710341277, 0.025960810792914308, 0.10169371987685238, 0.03116986252867447]
Timestep: 498, Trans probs: [0.2688140497922444, 0.08029928416044065, 0.3159598144136213, 0.09438251810308258, 0.08514216076830894, 0.025433397424175885, 0.10007475924684991, 0.029894016091276218]
Timestep: 499, Trans probs: [0.2119374346442927, 0.07071423655776682, 0.3157277971202565, 0.10534453326235763, 0.08922812766002484, 0.0297715169457796, 0.13292507873631246, 0.04435127507320949]
