89.0,0.5,0
150.0,0.33333333333333326,1
58.0,0.5569620253164556,0
94.0,0.31666666666666665,0
50.0,0.2880143112701252,0
94.0,0.23517713780658464,0
143.0,0.19999999999999993,1
95.0,0.35684647302904565,0
83.0,0.2231285118723944,0
154.0,0.21000109661147054,1
143.0,0.35124171510635754,1
100.0,0.3752510178387656,0
65.0,0.35042677861685384,0
74.0,0.23201126094201668,0
78.0,0.21699340418033336,0
36.0,0.19999999999999993,0
54.0,0.18541033434650456,0
137.0,0.1727064414834932,1
174.0,0.2857142857142856,1
70.0,0.3108504398826979,0
56.0,0.209398551795478,0
135.0,0.1944487346380425,1
151.0,0.3077736129500568,1
155.0,0.3300385407632232,1
160.0,0.34922186192292887,1
108.0,0.3669753246705474,1
147.0,0.38355147211004126,1
41.0,0.39908667763037825,0
164.0,0.28216354124602866,1
131.0,0.3863448044969859,1
105.0,0.41545021383855657,1
37.0,0.4316235610036327,0
117.0,0.31141649858792186,1
116.0,0.4180501010308645,1
88.0,0.4449448446291829,0
50.0,0.3256508163165168,0
94.0,0.2972476708596204,0
148.0,0.281891809631344,1
62.0,0.4023502027278419,0
76.0,0.303598860691797,0
72.0,0.2816274963288103,0
55.0,0.2692649122445234,0
129.0,0.2587802545157256,1
138.0,0.37389225743243104,1
74.0,0.39992056174529383,0
163.0,0.2894393331441207,1
67.0,0.39305900796100235,0
116.0,0.2922789417581403,1
92.0,0.4012170460735243,0
88.0,0.2963693398710615,0
82.0,0.28151089886600483,0
40.0,0.27238692417053756,0
164.0,0.2641027542750744,1
99.0,0.37733468325643194,0
41.0,0.27720317671550043,0
62.0,0.2640592360307047,0
36.0,0.25638995923029306,0
58.0,0.24942619756221224,0
69.0,0.2428266489523093,0
171.0,0.23654535983925773,1
155.0,0.3429304099722447,1
52.0,0.36066490349738456,0
135.0,0.25722747172804455,1
29.0,0.35685425218222094,0
105.0,0.26027603918657444,1
38.0,0.3636985957770432,0
64.0,0.2638692774577583,0
84.0,0.25435634327916323,0
153.0,0.24849909763440825,1
138.0,0.3558760822371392,1
54.0,0.3675075447175558,0
170.0,0.26264723179054794,1
75.0,0.3670593693959335,0
173.0,0.2654373326667631,1
113.0,0.3728057538990999,1
168.0,0.3804629252127874,1
33.0,0.3865648876141529,0
142.0,0.2785445568657534,1
48.0,0.3869374791865251,0
167.0,0.28083706088634586,1
168.0,0.39188296806619494,1
78.0,0.3973113274968013,0
171.0,0.28785568841138676,1
95.0,0.40061144124613485,0
34.0,0.2897777586539067,0
121.0,0.28632970867182145,1
134.0,0.39860000639956794,1
136.0,0.4014220113614628,1
66.0,0.4066167820784064,0
131.0,0.29609393422483193,1
131.0,0.4103350788368419,1
114.0,0.4133965914366833,1
26.0,0.41827996144639157,0
85.0,0.3062912936616652,0
101.0,0.3013286187537234,0
92.0,0.4023768142105822,0
82.0,0.2931476087875423,0
132.0,0.28637787983470414,1
136.0,0.3977542829565962,1
150.0,0.40440352685998054,1
141.0,0.4089678131899603,1
42.0,0.41339139246897366,0
70.0,0.30238540820408694,0
106.0,0.29372671023878744,1
115.0,0.4057438147146273,1
61.0,0.41429248338798425,0
115.0,0.303477691772482,1
64.0,0.4125866196226795,0
31.0,0.3047805972386816,0
117.0,0.29817685592996057,1
111.0,0.41063213281865446,1
91.0,0.41693351629262115,0
44.0,0.30580934603754706,0
54.0,0.29933155348489904,0
60.0,0.29494327097561773,0
165.0,0.2907156593644081,1
126.0,0.4018193223241909,1
138.0,0.40930460726498435,1
112.0,0.41325092492587895,1
83.0,0.41699120212916607,0
86.0,0.3060006709320504,0
133.0,0.29696592006665645,1
125.0,0.408465817628362,1
52.0,0.4175079879367255,0
70.0,0.30682338663070136,0
157.0,0.2980479802761307,1
75.0,0.4095538380692481,0
146.0,0.3043700857521013,1
96.0,0.41276320967350977,0
106.0,0.30563237351567096,1
168.0,0.4156162413785061,1
83.0,0.4209882189600032,0
74.0,0.30978713313693357,0
24.0,0.30412162329293585,0
111.0,0.30029210297453707,1
77.0,0.41203208754125514,0
81.0,0.30433792748260063,0
92.0,0.2991337136768522,0
161.0,0.29551233201938765,1
155.0,0.40641057804678643,1
132.0,0.41195376453172694,1
72.0,0.4152024056899757,0
96.0,0.30489733546353515,0
125.0,0.29859161422806096,1
90.0,0.4096901008187115,0
50.0,0.30288128301207157,0
165.0,0.2974878008521598,1
100.0,0.40837162940155824,0
68.0,0.4079738972465288,0
66.0,0.29824967713431116,0
40.0,0.2931858412719234,0
98.0,0.28994890352398045,0
96.0,0.28681187798156976,0
80.0,0.28373665058815467,0
157.0,0.28072073647569357,1
167.0,0.38879225652650273,1
113.0,0.3957133936948092,1
97.0,0.3987972661019402,0
125.0,0.2910009309499864,1
122.0,0.395803394691761,1
169.0,0.4026809194870685,1
39.0,0.40567691914803616,0
113.0,0.2969616141546458,1
170.0,0.40241112525800404,1
107.0,0.40935339794931436,1
79.0,0.41227046227320635,0
115.0,0.30271013731295676,1
105.0,0.40878496329428404,1
68.0,0.4157558591439251,0
122.0,0.30594540502422113,1
80.0,0.41299952939017925,0
173.0,0.30671268696707976,1
161.0,0.4151749188411965,1
107.0,0.42036758647768085,1
131.0,0.4230035679429722,1
72.0,0.4255359357922941,0
169.0,0.31438894442739046,1
115.0,0.42293795395265976,1
117.0,0.42871150006987585,1
159.0,0.43128756750505687,1
101.0,0.4337232039832187,0
148.0,0.43139299060044567,1
135.0,0.4344225638151137,1
26.0,0.4368300501320833,0
93.0,0.32444006343893667,0
165.0,0.317883585856444,1
125.0,0.4305374171712237,1
100.0,0.4368202925121665,0
41.0,0.43471967919745536,0
145.0,0.3221568574373959,1
110.0,0.43096441634157395,1
146.0,0.4369854930744549,1
55.0,0.43939963538217197,0
83.0,0.32682152755590105,0
77.0,0.32000880103081975,0
149.0,0.3169890932789513,1
138.0,0.42949572038754313,1
84.0,0.43654313970592745,0
123.0,0.3245401785610633,1
83.0,0.4331375985099511,0
25.0,0.3250057427590434,0
121.0,0.3190689822457471,1
44.0,0.43162036574585905,0
72.0,0.32327983480920564,0
94.0,0.3179119515612881,0
129.0,0.31515139185293906,1
44.0,0.4272633010252498,0
140.0,0.31934010194787704,1
121.0,0.42907901899320733,1
68.0,0.43359532824643515,0
136.0,0.32188498727350745,1
118.0,0.43230056745169626,1
121.0,0.43629818470821263,1
121.0,0.438395302911892,1
132.0,0.44043299088270066,1
94.0,0.4424524693677045,0
36.0,0.3297444131075322,0
171.0,0.3240139702513316,1
88.0,0.43693884843181824,0
24.0,0.32794850914784945,0
151.0,0.32285014654085764,1
126.0,0.4356275792880363,1
143.0,0.440483127576034,1
68.0,0.442519041542025,0
94.0,0.32987015540531417,0
80.0,0.324337345716738,0
94.0,0.3217297173212831,0
63.0,0.3192443418371507,0
157.0,0.3167955173812362,1
67.0,0.4288068203815231,0
132.0,0.3218435728488921,1
41.0,0.43053186408513794,0
54.0,0.3224322372330721,0
145.0,0.3173519326151122,1
154.0,0.4292799316610084,1
84.0,0.4342619885557954,0
77.0,0.32270253498953627,0
48.0,0.31761539264780997,0
80.0,0.31522265083636,0
24.0,0.31293480857112743,0
170.0,0.31067854866462113,1
96.0,0.4217489926126937,0
152.0,0.3153661257592368,1
47.0,0.4234137576508998,0
89.0,0.3159649043809581,0
84.0,0.3113126582957264,0
81.0,0.3090752859159199,0
98.0,0.30692736672267823,0
142.0,0.30480770360730264,1
100.0,0.4149825221522851,0
69.0,0.417301949999671,0
68.0,0.30755833058289317,0
75.0,0.3021657612981723,0
125.0,0.30002159154004265,1
77.0,0.40945217418959606,0
134.0,0.30455098506153355,1
115.0,0.4111040076807867,1
149.0,0.4160113386122411,1
163.0,0.4178568840399996,1
60.0,0.41958616750910654,0
151.0,0.3098316967220358,1
76.0,0.41642649291532585,0
138.0,0.310275961555245,1
93.0,0.417843617440783,0
69.0,0.31085096323278666,0
60.0,0.3067171018317601,0
164.0,0.30470268832546266,1
26.0,0.41467866490333927,0
160.0,0.30805156284248497,1
111.0,0.416142571144157,1
156.0,0.41978040549172857,1
163.0,0.4214767457463544,1
79.0,0.42311881656700284,0
101.0,0.3129941417850905,0
170.0,0.416541704964892,1
100.0,0.4217099110225156,0
29.0,0.4203187553567413,0
93.0,0.31024747928464425,0
66.0,0.30594166678149215,0
31.0,0.3040120295673211,0
130.0,0.3021612038275213,1
73.0,0.41165384539638533,0
109.0,0.30593461083517837,1
66.0,0.41309820182214957,0
54.0,0.30649177089389773,0
92.0,0.30281401060141344,0
51.0,0.3009839856807353,0
165.0,0.2992099030644332,1
145.0,0.40821223757762765,1
158.0,0.4125196683126671,1
70.0,0.4141555530959268,0
94.0,0.30523582945856637,0
92.0,0.3007173439627789,0
113.0,0.29889955873401397,1
49.0,0.40780806303810474,0
34.0,0.3027039332392685,0
58.0,0.29844066735686237,0
141.0,0.29667504636129616,1
169.0,0.40522038309792585,1
70.0,0.40998706388250394,0
57.0,0.3017394948869296,0
54.0,0.297216786829571,0
147.0,0.2954734057742192,1
29.0,0.40379963984526374,0
136.0,0.29933887737548065,1
32.0,0.4051981796061233,0
169.0,0.29989772293371275,1
80.0,0.4064686427404728,0
148.0,0.3004354415997655,1
76.0,0.4077193734446749,0
83.0,0.30095539881512057,0
68.0,0.29839551430104844,0
109.0,0.2967837158861002,1
24.0,0.4052345786202861,0
44.0,0.29873157498461866,0
98.0,0.2963042558373084,0
72.0,0.2947313057892751,0
91.0,0.2931818030359127,0
153.0,0.29164705770525784,1
161.0,0.399268351316773,1
36.0,0.4024337482791624,0
165.0,0.29520835735153117,1
116.0,0.4015836019035928,1
60.0,0.4044463221198142,0
165.0,0.2969482462234618,1
147.0,0.4038351087332563,1
31.0,0.4064231339871269,0
165.0,0.2986618379382195,1
61.0,0.40605295825458443,0
94.0,0.2991376704358352,0
95.0,0.2970986643869115,0
40.0,0.2955975885973935,0
88.0,0.2941137969004805,0
26.0,0.29264343108711455,0
34.0,0.291186297901786,0
46.0,0.2897422397621153,0
122.0,0.2883111015344949,1
98.0,0.3952901894244404,0
152.0,0.29085956935840485,1
45.0,0.3965200055010923,0
120.0,0.291382132188517,1
154.0,0.39769440311734505,1
155.0,0.3998877022085763,1
95.0,0.4012407118936897,0
171.0,0.294219135968781,1
98.0,0.40082289747088634,0
151.0,0.29469286653479393,1
103.0,0.40195558893570743,0
166.0,0.4012146395083273,1
150.0,0.4028594075000065,1
174.0,0.4041752417312697,1
29.0,0.40548479906585716,0
25.0,0.2979081369824095,0
168.0,0.29634353890562765,1
69.0,0.40447710178930146,0
66.0,0.2971666731797201,0
153.0,0.29590729911198377,1
162.0,0.40395868860470857,1
128.0,0.4050517882969511,1
150.0,0.4063306376059136,1
133.0,0.40760319994876987,1
132.0,0.4088692696426982,1
89.0,0.4101289017089541,0
166.0,0.3019655240039073,1
123.0,0.4096996802845804,1
144.0,0.4118410051435325,1
154.0,0.413092328540069,1
62.0,0.414327391776739,0
170.0,0.30563477199445255,1
85.0,0.41347718141983203,0
125.0,0.3060218688074532,1
131.0,0.41448796341619903,1
36.0,0.4164296122670249,0
53.0,0.30748989098134344,0
71.0,0.30543582731658997,0
137.0,0.3040513886281393,1
27.0,0.4132115080231969,0
113.0,0.30553303480762095,1
128.0,0.4142129560275121,1
66.0,0.41582021183998114,0
125.0,0.30697100873645644,1
172.0,0.41607345112624344,1
122.0,0.4174306994982791,1
51.0,0.418611579478804,0
131.0,0.3094203610515179,1
28.0,0.4187797359347868,0
58.0,0.30978034061940357,0
86.0,0.30845401425873736,0
84.0,0.3071065756673107,0
78.0,0.3057695683580782,0
162.0,0.3044429390106838,1
131.0,0.413590366782968,1
52.0,0.41539380831612227,0
85.0,0.3066315567675949,0
101.0,0.30472626914911094,0
130.0,0.4106993491918917,1
72.0,0.4132668443245369,0
126.0,0.30478930551083544,1
167.0,0.4133500122876081,1
72.0,0.4148328488606701,0
110.0,0.3061541489936608,1
117.0,0.41512216337232055,1
72.0,0.4163694653381196,0
56.0,0.30750202630942175,0
74.0,0.30608250153187233,0
159.0,0.3048040385910989,1
75.0,0.4139393313570837,0
78.0,0.30569263334708385,0
94.0,0.3043501985851244,0
94.0,0.30309518324710394,0
62.0,0.3018496141282235,0
145.0,0.3006132047883497,1
30.0,0.40912013793889485,0
148.0,0.3018282359577388,1
71.0,0.410046176860944,0
151.0,0.30219756386176483,1
29.0,0.41095634914311,0
70.0,0.3025575441708987,0
24.0,0.3018078372777515,0
71.0,0.3006000454351712,0
130.0,0.2994021040969954,1
70.0,0.40769388529696493,0
96.0,0.2998612744681469,0
51.0,0.29900836367081596,0
98.0,0.29783067059091806,0
49.0,0.29666177327454457,0
151.0,0.2955011221382299,1
77.0,0.40318361981711387,0
81.0,0.2962592631925256,0
41.0,0.29514679763610574,0
103.0,0.2940058325581519,0
164.0,0.39856000384380147,1
99.0,0.4004454675257937,0
35.0,0.29373422431141727,0
78.0,0.2925448778057715,0
96.0,0.2914305025764542,0
93.0,0.29032393675434387,0
150.0,0.28922496205503084,1
33.0,0.3958854509982091,0
72.0,0.29034347132304267,0
27.0,0.2889337029160189,0
76.0,0.2878511348262465,0
35.0,0.2867773560317107,0
36.0,0.2857108422039583,0
60.0,0.28465151919350706,0
135.0,0.28359932231126916,1
153.0,0.389312049779006,1
56.0,0.3915889204530978,0
46.0,0.2861632127690959,0
38.0,0.28402119975168194,0
168.0,0.28297003745980887,1
159.0,0.3885605929737645,1
108.0,0.3909993161131577,1
133.0,0.39205000980084814,1
83.0,0.3930743148064021,0
149.0,0.28743092983552976,1
61.0,0.3917447580940565,0
136.0,0.28780044640307295,1
85.0,0.392639192705159,0
166.0,0.28819840309348,1
157.0,0.3935252958211327,1
123.0,0.3954168685506819,1
60.0,0.3964308402617296,0
45.0,0.29032459390344445,0
53.0,0.2882592591602488,0
43.0,0.2872214201867973,0
62.0,0.28620165477747495,0
25.0,0.28518859446970607,0
137.0,0.28418204042255957,1
87.0,0.38991843414967553,0
81.0,0.2863287714507051,0
133.0,0.2839726069584254,1
57.0,0.3896411442291337,0
83.0,0.2858670553960762,0
57.0,0.28373892431101566,0
38.0,0.28274199313584086,0
71.0,0.2817652026955403,0
68.0,0.2807947386576094,0
104.0,0.2798303606611625,0
72.0,0.3822379442603572,0
57.0,0.28001506940542326,0
98.0,0.27701825316615575,0
119.0,0.27603368968732483,1
67.0,0.3803312747735352,0
120.0,0.2787887160850196,1
110.0,0.3812727783809057,1
47.0,0.38434013949717216,0
122.0,0.2800606393575328,1
164.0,0.38285229611825694,1
80.0,0.38576346623876473,0
68.0,0.2812707144902104,0
101.0,0.278603691751765,0
50.0,0.38079649586411185,0
138.0,0.27883561009973934,1
101.0,0.3811573724238043,0
53.0,0.3826627716801526,0
130.0,0.27848976234839934,1
78.0,0.3809468311366652,0
122.0,0.27884716539744614,1
41.0,0.3818008538826924,0
